0.834659	1.15429	1.44227	1.67281	1.83977	1.95756	2.00223	1.99076	1.9329	1.80928	1.6499	1.52533	1.4738	1.48299	1.52106	1.5633	1.59804	1.62279	1.63865	1.64696	1.64875	1.64442	1.63313	1.6135	1.5834	1.53984	1.47995	1.40139	1.30159	1.1781	1.02972	0.858737	0.672748	0.485627	0.316306	0.182446	0.0919622	0.0402265	0.015246	0.00501746	0.00144018	0.000362551	8.05283e-05	1.58769e-05	2.79472e-06	4.41623e-07	6.29901e-08	8.21704e-09	1.17679e-09	6.54938e-10	1.26992e-09	2.61205e-09	4.93042e-09	8.51489e-09	1.35494e-08	2.04561e-08	3.42481e-08	1.00597e-07	5.6887e-07	3.80114e-06	2.39682e-05	0.000135914	0.000683474	0.00301886	0.0115963	0.0383159	0.10761	0.253846	0.498358	0.813988	1.12755	1.38623	1.58868	1.71484	1.72699	1.64339	1.46743	1.20415	0.899447	0.548411	0.197538	-0.139351	-0.438523	-0.693373	-0.894738	-1.04943	-1.15756	-1.22497	-1.26432	-1.27801	-1.26752	-1.23393	-1.17543	-1.0744	-0.929651	-0.738848	-0.492575	-0.203874	0.12962	0.477015	
1.15429	1.42188	1.66067	1.84317	2.00062	2.11343	2.1576	2.14834	2.07119	1.92574	1.7725	1.67454	1.64414	1.65578	1.67987	1.69969	1.71084	1.7157	1.71662	1.71612	1.7159	1.71634	1.71657	1.71422	1.70637	1.68918	1.65709	1.60625	1.53381	1.43753	1.3149	1.1638	0.984548	0.781613	0.56823	0.368682	0.20914	0.102475	0.0431875	0.0156763	0.00492352	0.00134634	0.000322722	6.82745e-05	1.28315e-05	2.15549e-06	3.25711e-07	4.51889e-08	7.61931e-09	5.76908e-09	1.14091e-08	2.27713e-08	4.17441e-08	7.0209e-08	1.08728e-07	1.55727e-07	2.0853e-07	2.76481e-07	4.79889e-07	1.72393e-06	9.80357e-06	5.73588e-05	0.000305232	0.00143762	0.00592082	0.0210931	0.064254	0.165351	0.355535	0.635144	0.950676	1.23313	1.46315	1.64178	1.72941	1.71582	1.62707	1.44477	1.19887	0.91999	0.611568	0.306288	0.0138954	-0.245661	-0.466046	-0.642694	-0.772556	-0.866588	-0.922418	-0.940887	-0.928484	-0.879836	-0.793785	-0.67255	-0.504367	-0.293761	-0.0407438	0.245888	0.55059	0.861348	
1.44227	1.66067	1.84498	2.01895	2.17888	2.27222	2.29686	2.25572	2.13744	1.97827	1.84579	1.77338	1.74777	1.73954	1.72875	1.71012	1.68706	1.66413	1.64424	1.63179	1.62903	1.6355	1.65143	1.67314	1.69623	1.71676	1.72771	1.7205	1.68872	1.62788	1.53626	1.41266	1.25788	1.07305	0.858762	0.625059	0.401091	0.22207	0.105057	0.0424304	0.0146936	0.00439287	0.00114259	0.000260569	5.24889e-05	9.40458e-06	1.51045e-06	2.24943e-07	4.72053e-08	4.72181e-08	9.35122e-08	1.80765e-07	3.215e-07	5.26444e-07	7.9655e-07	1.11753e-06	1.45853e-06	1.77973e-06	2.07378e-06	2.61372e-06	5.49806e-06	2.34575e-05	0.000123801	0.00061608	0.00271997	0.0104651	0.0346678	0.09771	0.231574	0.457335	0.752308	1.0505	1.30378	1.51504	1.67107	1.73153	1.71129	1.62537	1.45979	1.24454	0.996387	0.735705	0.477482	0.238577	0.023947	-0.154673	-0.29634	-0.395404	-0.455222	-0.479625	-0.463898	-0.41054	-0.319315	-0.185891	-0.0146429	0.193904	0.427773	0.684667	0.946225	1.20523	
1.67281	1.84317	2.01895	2.20001	2.33043	2.38371	2.37048	2.28539	2.13998	1.98672	1.87136	1.79722	1.7428	1.68804	1.62749	1.56392	1.50367	1.44934	1.40798	1.38343	1.37786	1.39105	1.42239	1.46972	1.52741	1.58868	1.64982	1.70032	1.73044	1.72929	1.68982	1.60753	1.48172	1.31922	1.12679	0.902033	0.651118	0.408867	0.218777	0.0991313	0.0381417	0.0125497	0.00356177	0.000879715	0.00019069	3.6566e-05	6.26576e-06	1.01715e-06	2.83293e-07	3.55802e-07	6.95786e-07	1.30024e-06	2.24086e-06	3.56868e-06	5.27181e-06	7.24928e-06	9.30723e-06	1.11854e-05	1.26183e-05	1.34731e-05	1.43183e-05	1.95919e-05	5.45047e-05	0.000243789	0.00112269	0.0046457	0.0167346	0.0517253	0.135546	0.297947	0.54605	0.83946	1.11434	1.34571	1.54272	1.68104	1.73164	1.71418	1.6385	1.50561	1.33032	1.128	0.915854	0.708844	0.519583	0.355812	0.222362	0.124078	0.0623132	0.0414334	0.0550456	0.108031	0.199731	0.326265	0.48475	0.669156	0.874348	1.08744	1.29784	1.4936	
1.83977	2.00062	2.17888	2.33043	2.41234	2.42523	2.37291	2.2517	2.08878	1.93484	1.81137	1.70833	1.60813	1.50234	1.39339	1.28626	1.18787	1.10381	1.04405	1.00873	0.999551	1.02036	1.06512	1.13495	1.22607	1.3286	1.43628	1.54131	1.63346	1.70191	1.7343	1.72143	1.65351	1.52631	1.35303	1.14979	0.911988	0.644602	0.390923	0.199896	0.0860182	0.0313397	0.00975725	0.00262181	0.000613877	0.000126406	2.32217e-05	4.21866e-06	1.65329e-06	2.44632e-06	4.67419e-06	8.42826e-06	1.4056e-05	2.1745e-05	3.13305e-05	4.21946e-05	5.32795e-05	6.32361e-05	7.06812e-05	7.45186e-05	7.43503e-05	7.16135e-05	7.53218e-05	0.00013105	0.000447451	0.00185857	0.00718883	0.0242971	0.0703652	0.172509	0.354877	0.611282	0.892871	1.1462	1.36132	1.54537	1.6748	1.73061	1.72428	1.66733	1.56855	1.43767	1.28885	1.13193	0.981132	0.843558	0.731657	0.646736	0.592114	0.571798	0.585573	0.632755	0.712365	0.818704	0.952084	1.10092	1.25892	1.41324	1.5606	1.69799	
1.95756	2.11343	2.27222	2.38371	2.42523	2.40193	2.30846	2.14781	1.96892	1.81046	1.66666	1.52397	1.36992	1.20878	1.04603	0.893911	0.759192	0.652842	0.575227	0.530735	0.519602	0.54449	0.603181	0.692514	0.809991	0.953681	1.10998	1.27268	1.42649	1.5616	1.66383	1.7231	1.73111	1.67638	1.54629	1.36082	1.14421	0.888937	0.605927	0.349804	0.168996	0.0684946	0.023496	0.00689516	0.00174973	0.000388145	7.69874e-05	1.63525e-05	9.30305e-06	1.52141e-05	2.81791e-05	4.89322e-05	7.88485e-05	0.000118337	0.00016611	0.000218897	0.000271656	0.000318296	0.000352769	0.000370283	0.000368358	0.000347661	0.000313676	0.00028555	0.000340232	0.000794778	0.00282394	0.010119	0.0321352	0.0876117	0.202441	0.393897	0.646841	0.912647	1.14898	1.3509	1.52284	1.64988	1.71942	1.73484	1.70571	1.64098	1.55285	1.45258	1.34967	1.25131	1.16539	1.10026	1.05925	1.04177	1.05357	1.09016	1.15046	1.23289	1.32924	1.43269	1.53637	1.63634	1.73184	1.83243	
2.00223	2.1576	2.29686	2.37048	2.37291	2.30846	2.16664	1.98315	1.80976	1.63541	1.44895	1.24524	1.02767	0.81008	0.60243	0.418142	0.260876	0.137632	0.0481979	-0.00101294	-0.0109712	0.0137126	0.0803526	0.182989	0.320073	0.488708	0.682972	0.895664	1.11303	1.3204	1.50004	1.63645	1.71359	1.73176	1.68086	1.54101	1.34263	1.1094	0.83217	0.538012	0.291516	0.131672	0.0498963	0.016034	0.00442074	0.00105976	0.000229692	6.09093e-05	4.95321e-05	8.48535e-05	0.000151424	0.000252695	0.000392767	0.000571024	0.00077993	0.00100463	0.00122436	0.00141535	0.00155486	0.00162521	0.00161724	0.00153207	0.00138144	0.00118826	0.000997152	0.000933504	0.00143883	0.00401315	0.0130298	0.0388384	0.100159	0.219901	0.409337	0.650105	0.899414	1.12301	1.31437	1.47581	1.60154	1.68514	1.7271	1.73165	1.70535	1.65914	1.60298	1.54578	1.49161	1.44778	1.41952	1.40843	1.41579	1.441	1.48179	1.53456	1.59179	1.6504	1.70488	1.75431	1.80568	1.88154	
1.99076	2.14834	2.25572	2.28539	2.2517	2.14781	1.98315	1.81034	1.61881	1.39153	1.14732	0.881198	0.615815	0.356898	0.123078	-0.0828627	-0.25164	-0.38113	-0.468331	-0.518257	-0.529313	-0.501576	-0.438294	-0.335141	-0.188561	-0.00560116	0.213531	0.45761	0.720632	0.985861	1.23782	1.45663	1.62489	1.71148	1.73157	1.66899	1.51078	1.29803	1.04219	0.741778	0.447462	0.224732	0.0940698	0.0331274	0.00993625	0.00258328	0.000625573	0.000224069	0.000243874	0.000420696	0.000719788	0.00115179	0.00172361	0.00242353	0.00321644	0.00404521	0.00483688	0.00551268	0.00599999	0.00624391	0.00621627	0.00592029	0.00539018	0.0046862	0.00388888	0.00310609	0.00254095	0.00276347	0.0055144	0.0154969	0.0430432	0.105385	0.221607	0.399023	0.620868	0.852754	1.06592	1.24995	1.40415	1.52773	1.62012	1.68257	1.71663	1.72653	1.71919	1.70279	1.68317	1.6644	1.65084	1.64587	1.64915	1.66114	1.67919	1.69914	1.71755	1.73072	1.73674	1.74273	1.77088	1.85107	
1.9329	2.07119	2.13744	2.13998	2.08878	1.96892	1.80976	1.61881	1.36903	1.09585	0.793086	0.478205	0.17054	-0.114721	-0.364562	-0.569701	-0.731799	-0.846891	-0.926555	-0.970643	-0.980171	-0.958698	-0.900899	-0.805001	-0.673028	-0.493268	-0.268698	-0.00496171	0.29278	0.602411	0.915634	1.1971	1.44551	1.62821	1.71683	1.72871	1.63739	1.45647	1.22425	0.938624	0.622062	0.345065	0.159037	0.0612855	0.0199976	0.00567136	0.00159748	0.000821092	0.00108625	0.00183716	0.00300098	0.00459358	0.00660479	0.00896586	0.0115452	0.0141592	0.016594	0.0186319	0.0200809	0.0208003	0.020719	0.019845	0.0182645	0.0161305	0.0136438	0.0110309	0.00853844	0.00649686	0.00559893	0.00768337	0.0173358	0.0439639	0.102227	0.207275	0.364418	0.561203	0.772235	0.97364	1.15209	1.30294	1.42582	1.52274	1.59613	1.64796	1.68119	1.70014	1.70998	1.71406	1.71506	1.71523	1.71514	1.71441	1.7113	1.70333	1.68851	1.66548	1.63999	1.6307	1.66861	1.77615	
1.80928	1.92574	1.97827	1.98672	1.93484	1.81046	1.63541	1.39153	1.09585	0.764672	0.401184	0.0534081	-0.278499	-0.561051	-0.800307	-0.982875	-1.1192	-1.21367	-1.2668	-1.29532	-1.30269	-1.28941	-1.24893	-1.17962	-1.0707	-0.914501	-0.711028	-0.453258	-0.149806	0.190482	0.545816	0.900233	1.20759	1.47169	1.64606	1.72837	1.71217	1.58183	1.37689	1.11477	0.798472	0.484144	0.244155	0.102577	0.036393	0.0113966	0.00397422	0.00293544	0.00429449	0.0069974	0.010871	0.015877	0.0218867	0.0286313	0.0357159	0.0426602	0.0489527	0.0541074	0.0577168	0.0594926	0.0592924	0.0571324	0.0531856	0.0477668	0.0413032	0.0342922	0.0272524	0.020692	0.0151489	0.0114366	0.0113271	0.0188499	0.0417716	0.0915716	0.179697	0.310542	0.476498	0.660518	0.844149	1.0137	1.16153	1.28517	1.38559	1.4649	1.52531	1.56925	1.59978	1.61975	1.63112	1.63515	1.63253	1.6228	1.60494	1.57768	1.54038	1.49639	1.45901	1.45509	1.51634	1.64961	
1.6499	1.7725	1.84579	1.87136	1.81137	1.66666	1.44895	1.14732	0.793086	0.401184	0.0151416	-0.354378	-0.677354	-0.947152	-1.14817	-1.2946	-1.37942	-1.42894	-1.45315	-1.46188	-1.46448	-1.45859	-1.44459	-1.41449	-1.35144	-1.24234	-1.07738	-0.844654	-0.557183	-0.208437	0.165364	0.560177	0.936288	1.26714	1.52336	1.67836	1.73563	1.66942	1.50055	1.26501	0.96353	0.630729	0.345115	0.157271	0.0607309	0.0215356	0.0099575	0.00984312	0.0148257	0.0230037	0.0338685	0.0470754	0.0620861	0.0781329	0.0942882	0.109561	0.122991	0.133739	0.14114	0.144747	0.144342	0.139949	0.131834	0.120489	0.106618	0.09109	0.0748804	0.058985	0.0443474	0.0318459	0.0224556	0.0177629	0.0209178	0.0376234	0.0759943	0.144052	0.245431	0.37635	0.52653	0.683121	0.834486	0.972256	1.09194	1.19219	1.27335	1.33657	1.3834	1.41566	1.43484	1.4419	1.43727	1.42069	1.39159	1.34958	1.29647	1.24072	1.2031	1.21726	1.31231	1.47734	
1.52533	1.67454	1.77338	1.79722	1.70833	1.52397	1.24524	0.881198	0.478205	0.0534081	-0.354378	-0.72119	-1.01703	-1.24115	-1.38383	-1.46182	-1.49044	-1.48443	-1.46928	-1.45448	-1.44733	-1.45821	-1.47723	-1.49063	-1.48187	-1.43933	-1.33378	-1.16179	-0.906613	-0.58227	-0.194536	0.222851	0.642659	1.03105	1.36131	1.5894	1.71556	1.7181	1.59507	1.38879	1.10963	0.774396	0.455484	0.224055	0.0948052	0.0397179	0.0251298	0.0297478	0.0440555	0.0645767	0.0898218	0.118556	0.149347	0.180591	0.21065	0.237985	0.261272	0.279456	0.291768	0.297708	0.297044	0.2898	0.276265	0.256989	0.232799	0.204806	0.174383	0.1431	0.112607	0.0845074	0.0602503	0.0411383	0.0286034	0.02481	0.0332949	0.0589287	0.106551	0.178655	0.273627	0.385816	0.507158	0.629189	0.744696	0.848601	0.937922	1.01123	1.06806	1.10859	1.13327	1.14247	1.13638	1.11499	1.07841	1.02797	0.969024	0.916263	0.89881	0.955385	1.10704	1.32162	
1.4738	1.64414	1.74777	1.7428	1.60813	1.36992	1.02767	0.615815	0.17054	-0.278499	-0.677354	-1.01703	-1.26559	-1.42547	-1.49497	-1.49548	-1.44816	-1.38267	-1.32563	-1.29338	-1.28568	-1.30175	-1.34641	-1.40855	-1.47179	-1.50279	-1.47672	-1.37297	-1.17741	-0.890706	-0.524876	-0.102498	0.351125	0.784793	1.17474	1.47184	1.66231	1.7317	1.66105	1.48731	1.23383	0.907768	0.569125	0.301681	0.142319	0.0738571	0.0614193	0.0785308	0.111289	0.1533	0.201038	0.251728	0.302803	0.35191	0.397011	0.436469	0.469067	0.493954	0.510548	0.518484	0.5176	0.507915	0.489628	0.463146	0.4291	0.388405	0.342359	0.292684	0.241485	0.191148	0.144168	0.102919	0.0694077	0.0452197	0.0317421	0.0305514	0.0435946	0.0727741	0.118997	0.181287	0.256546	0.340029	0.426233	0.509858	0.586476	0.652766	0.706431	0.745998	0.770628	0.779918	0.773767	0.752449	0.717082	0.671151	0.624087	0.596984	0.625701	0.748619	0.971441	1.23938	
1.48299	1.65578	1.73954	1.68804	1.50234	1.20878	0.81008	0.356898	-0.114721	-0.561051	-0.947152	-1.24115	-1.42547	-1.50166	-1.48418	-1.39754	-1.28605	-1.17379	-1.09127	-1.04798	-1.03576	-1.05982	-1.12092	-1.21714	-1.33103	-1.43889	-1.49897	-1.4845	-1.36312	-1.13736	-0.800395	-0.389067	0.0748922	0.541494	0.97912	1.3378	1.58728	1.71756	1.70096	1.56269	1.33651	1.02768	0.683056	0.392089	0.211878	0.138592	0.137827	0.177245	0.236859	0.305997	0.378582	0.450562	0.518968	0.581581	0.636825	0.68369	0.721575	0.750074	0.768884	0.777824	0.776833	0.765917	0.745157	0.714758	0.675043	0.626445	0.56963	0.50571	0.436377	0.363945	0.291345	0.222047	0.159692	0.107559	0.068037	0.0423204	0.0305185	0.0320972	0.0462977	0.0722018	0.108471	0.153056	0.203136	0.255353	0.30623	0.352552	0.391621	0.421339	0.440238	0.447453	0.442725	0.426563	0.4009	0.371028	0.349792	0.363226	0.450378	0.643543	0.929256	1.23431	
1.52106	1.67987	1.72875	1.62749	1.39339	1.04603	0.60243	0.123078	-0.364562	-0.800307	-1.14817	-1.38383	-1.49497	-1.48418	-1.38107	-1.2198	-1.05181	-0.922184	-0.843858	-0.813347	-0.808688	-0.821606	-0.868676	-0.965395	-1.1181	-1.28763	-1.43148	-1.50232	-1.46555	-1.30528	-1.02113	-0.635718	-0.171877	0.316724	0.78906	1.19782	1.50049	1.68516	1.72002	1.61835	1.42094	1.1363	0.800571	0.503716	0.318306	0.252593	0.272272	0.338371	0.424386	0.515924	0.605749	0.69018	0.767185	0.835555	0.894689	0.944307	0.984202	1.01405	1.03366	1.04296	1.04194	1.03058	1.00892	0.977047	0.935182	0.883642	0.822626	0.752457	0.673825	0.588007	0.496946	0.403551	0.311884	0.226865	0.153549	0.0959918	0.0561212	0.033308	0.0250338	0.028164	0.0399348	0.0581981	0.0811399	0.106932	0.133592	0.15906	0.181378	0.198853	0.210188	0.214577	0.211801	0.202504	0.189065	0.177977	0.184593	0.238227	0.378203	0.627679	0.954907	1.27524	
1.5633	1.69969	1.71012	1.56392	1.28626	0.893911	0.418142	-0.0828627	-0.569701	-0.982875	-1.2946	-1.46182	-1.49548	-1.39754	-1.2198	-1.01036	-0.834673	-0.731393	-0.685691	-0.670935	-0.667561	-0.674141	-0.699221	-0.76434	-0.897842	-1.09463	-1.29623	-1.45098	-1.49654	-1.41383	-1.18346	-0.830463	-0.379247	0.116482	0.614077	1.06327	1.41058	1.64291	1.72548	1.66052	1.49445	1.24261	0.932885	0.65055	0.475974	0.425267	0.46406	0.548987	0.650155	0.752391	0.849397	0.938764	1.01932	1.09048	1.15202	1.20365	1.24491	1.27546	1.29541	1.30492	1.30387	1.29228	1.27023	1.23752	1.19415	1.14049	1.077	1.00392	0.921508	0.830335	0.731281	0.625526	0.515251	0.404189	0.297863	0.203124	0.126468	0.0716128	0.0380291	0.0216837	0.0173075	0.0203925	0.0278939	0.0379164	0.0491343	0.0604069	0.0706559	0.0789017	0.0843534	0.0865103	0.0853044	0.0814671	0.0776458	0.081261	0.109693	0.194566	0.373988	0.661485	1.01031	1.33038	
1.59804	1.71084	1.68706	1.50367	1.18787	0.759192	0.260876	-0.25164	-0.731799	-1.1192	-1.37942	-1.49044	-1.44816	-1.28605	-1.05181	-0.834673	-0.685517	-0.646625	-0.662428	-0.649127	-0.638124	-0.659774	-0.656518	-0.648247	-0.735259	-0.914167	-1.14857	-1.36318	-1.48081	-1.4663	-1.29072	-0.979048	-0.546234	-0.0477508	0.465124	0.944343	1.32595	1.59785	1.72514	1.69903	1.5702	1.36227	1.09473	0.841495	0.682994	0.641575	0.687295	0.778295	0.885041	0.992582	1.09464	1.18834	1.27208	1.34537	1.40777	1.45894	1.49862	1.52757	1.54645	1.55537	1.55439	1.54349	1.52261	1.49156	1.44961	1.39614	1.33153	1.25612	1.17028	1.07453	0.970114	0.858175	0.739673	0.615962	0.489505	0.365147	0.250824	0.155796	0.0864706	0.0431423	0.0205907	0.0115733	0.00998902	0.0119868	0.0155255	0.0195467	0.023399	0.0265921	0.0287477	0.0296451	0.0293648	0.0287364	0.0306956	0.0435828	0.0866352	0.193259	0.399784	0.710991	1.06878	1.38124	
1.62279	1.7157	1.66413	1.44934	1.10381	0.652842	0.137632	-0.38113	-0.846891	-1.21367	-1.42894	-1.48443	-1.38267	-1.17379	-0.922184	-0.731393	-0.646625	-0.651615	-0.676578	-0.646148	-0.626302	-0.663303	-0.671605	-0.64029	-0.670086	-0.794372	-1.02149	-1.26706	-1.43855	-1.48344	-1.36053	-1.08363	-0.670498	-0.17457	0.343674	0.848039	1.25837	1.56025	1.72867	1.74708	1.66534	1.51079	1.29114	1.06542	0.914226	0.871287	0.916532	1.01103	1.1236	1.23666	1.34189	1.43541	1.51625	1.58464	1.64057	1.68469	1.71817	1.74273	1.7587	1.76577	1.76498	1.7562	1.73847	1.71219	1.67673	1.63034	1.57194	1.50107	1.41765	1.32139	1.21299	1.09452	0.968147	0.836097	0.700022	0.561098	0.422272	0.291327	0.180093	0.0981607	0.0469844	0.0202218	0.00874572	0.00506877	0.00472066	0.00556092	0.00668536	0.00770281	0.00841947	0.00876955	0.00893509	0.00986073	0.0148177	0.033058	0.0854608	0.206775	0.431477	0.757137	1.11751	1.42072	
1.63865	1.71662	1.64424	1.40798	1.04405	0.575227	0.0481979	-0.468331	-0.926555	-1.2668	-1.45315	-1.46928	-1.32563	-1.09127	-0.843858	-0.685691	-0.662428	-0.676578	-0.677474	-0.618528	-0.589209	-0.647783	-0.680693	-0.670339	-0.663835	-0.729316	-0.941595	-1.18849	-1.40156	-1.48162	-1.40142	-1.14544	-0.757218	-0.263346	0.260064	0.777018	1.21167	1.54232	1.75129	1.82037	1.79287	1.68984	1.50636	1.29475	1.14425	1.10131	1.15024	1.24915	1.3631	1.47291	1.57052	1.65366	1.72339	1.78006	1.82499	1.85943	1.88597	1.90469	1.91605	1.92092	1.92033	1.91423	1.9015	1.88126	1.85322	1.81692	1.76972	1.71054	1.63809	1.55181	1.45006	1.33328	1.20297	1.06209	0.915095	0.765851	0.615618	0.464987	0.320474	0.196086	0.104568	0.0482651	0.0194442	0.00717827	0.00290745	0.00181287	0.00176005	0.00195878	0.00215386	0.00231289	0.00267012	0.00427548	0.0107098	0.0319842	0.0902381	0.221116	0.457508	0.791701	1.15211	1.44759	
1.64696	1.71612	1.63179	1.38343	1.00873	0.530735	-0.00101294	-0.518257	-0.970643	-1.29532	-1.46188	-1.45448	-1.29338	-1.04798	-0.813347	-0.670935	-0.649127	-0.646148	-0.618528	-0.588496	-0.580324	-0.602064	-0.629795	-0.650281	-0.649891	-0.709602	-0.90248	-1.14725	-1.37468	-1.47546	-1.41736	-1.18038	-0.803392	-0.313142	0.213613	0.739642	1.19372	1.55463	1.80789	1.92994	1.95087	1.88175	1.71624	1.51404	1.37137	1.3341	1.38296	1.47553	1.57885	1.67577	1.75959	1.82909	1.88506	1.92761	1.95954	1.98206	1.99788	2.00699	2.01155	2.01469	2.0143	2.01071	2.00558	1.99527	1.97818	1.95399	1.92006	1.87498	1.81623	1.74355	1.65545	1.55078	1.42941	1.29118	1.13841	0.976652	0.813409	0.652035	0.49114	0.335646	0.201644	0.10448	0.0463884	0.0177236	0.00595365	0.00190921	0.000760924	0.000516552	0.000510295	0.000606771	0.00103852	0.00291929	0.0100319	0.0328606	0.0942922	0.230448	0.473203	0.811761	1.17165	1.46239	
1.64875	1.7159	1.62903	1.37786	0.999551	0.519602	-0.0109712	-0.529313	-0.980171	-1.30269	-1.46448	-1.44733	-1.28568	-1.03576	-0.808688	-0.667561	-0.638124	-0.626302	-0.589209	-0.580324	-0.583254	-0.579374	-0.602424	-0.634982	-0.641608	-0.709539	-0.893438	-1.13896	-1.36622	-1.47431	-1.42143	-1.19202	-0.812658	-0.32424	0.206284	0.743082	1.21484	1.60804	1.90636	2.07207	2.12148	2.06681	1.91433	1.72736	1.59301	1.55217	1.59026	1.67031	1.7603	1.84252	1.90923	1.95983	1.99465	2.01683	2.02856	2.03364	2.03325	2.03172	2.02977	2.02919	2.02931	2.03011	2.03205	2.03351	2.03315	2.02679	2.01335	1.98871	1.95099	1.89669	1.82533	1.73484	1.62634	1.49991	1.35578	1.19414	1.01928	0.84241	0.67023	0.499917	0.335639	0.196028	0.0978275	0.0415409	0.0150769	0.0047351	0.00133231	0.000383843	0.000174863	0.000221617	0.00066529	0.0026128	0.0098895	0.0330893	0.0952716	0.232663	0.476887	0.816422	1.17614	1.46573	
1.64442	1.71634	1.6355	1.39105	1.02036	0.54449	0.0137126	-0.501576	-0.958698	-1.28941	-1.45859	-1.45821	-1.30175	-1.05982	-0.821606	-0.674141	-0.659774	-0.663303	-0.647783	-0.602064	-0.579374	-0.622854	-0.657908	-0.663443	-0.657786	-0.71264	-0.914613	-1.15737	-1.38268	-1.47532	-1.41407	-1.1714	-0.789233	-0.292257	0.242218	0.786674	1.28219	1.71048	2.04265	2.22959	2.28797	2.24301	2.10502	1.92511	1.78651	1.7382	1.76804	1.83514	1.90598	1.96411	2.00371	2.02695	2.03486	2.03264	2.02153	2.00767	1.99195	1.97808	1.96795	1.96131	1.96215	1.96979	1.98056	1.99505	2.01057	2.02412	2.03386	2.03424	2.02357	1.99684	1.95209	1.88528	1.79509	1.68208	1.5481	1.397	1.22754	1.04112	0.852192	0.67023	0.491136	0.320447	0.179935	0.0856761	0.0345572	0.0118805	0.0035173	0.000914861	0.000236272	0.000164288	0.000566716	0.00243856	0.00946515	0.0319606	0.0925616	0.227234	0.468161	0.805482	1.16558	1.45778	
1.63313	1.71657	1.65143	1.42239	1.06512	0.603181	0.0803526	-0.438294	-0.900899	-1.24893	-1.44459	-1.47723	-1.34641	-1.12092	-0.868676	-0.699221	-0.656518	-0.671605	-0.680693	-0.629795	-0.602424	-0.657908	-0.681283	-0.661251	-0.664275	-0.748642	-0.969046	-1.21693	-1.41606	-1.48404	-1.38629	-1.12442	-0.725348	-0.221551	0.322285	0.883681	1.40041	1.85454	2.20073	2.38759	2.44867	2.41248	2.27464	2.08743	1.94751	1.897	1.91307	1.95619	1.9991	2.02714	2.03734	2.03055	2.00971	1.97867	1.94261	1.90477	1.87011	1.83994	1.81963	1.81044	1.81147	1.82285	1.84536	1.87672	1.91216	1.95014	1.98541	2.015	2.03304	2.03654	2.02121	1.98487	1.92342	1.83591	1.71961	1.57694	1.41692	1.23858	1.04112	0.842409	0.652033	0.464976	0.291261	0.155443	0.0699692	0.0266268	0.00863563	0.00241345	0.000602954	0.000221828	0.000510934	0.00219116	0.00861817	0.0294485	0.086301	0.214455	0.447336	0.779038	1.13975	1.43806	
1.6135	1.71422	1.67314	1.46972	1.13495	0.692514	0.182989	-0.335141	-0.805001	-1.17962	-1.41449	-1.49063	-1.40855	-1.21714	-0.965395	-0.76434	-0.648247	-0.64029	-0.670339	-0.650281	-0.634982	-0.663443	-0.661251	-0.632078	-0.683146	-0.835419	-1.06569	-1.30632	-1.45564	-1.48209	-1.33679	-1.04345	-0.618532	-0.105361	0.452067	1.02984	1.56354	2.02837	2.36543	2.54145	2.60372	2.56151	2.40778	2.21779	2.07855	2.01485	2.01029	2.02856	2.04218	2.03642	2.01107	1.96725	1.91136	1.84776	1.7824	1.72009	1.66466	1.62157	1.59157	1.57596	1.57775	1.59656	1.62917	1.67483	1.73218	1.79537	1.86096	1.92329	1.97715	2.01731	2.03779	2.03478	2.00423	1.94503	1.85763	1.73837	1.5867	1.41692	1.22754	1.01928	0.813408	0.615614	0.422247	0.250684	0.12577	0.0530736	0.0189412	0.00577298	0.00153025	0.000425636	0.000474653	0.00186368	0.0074234	0.0258141	0.0770607	0.195215	0.415308	0.737444	1.09818	1.40554	
1.5834	1.70637	1.69623	1.52741	1.22607	0.809991	0.320073	-0.188561	-0.673028	-1.0707	-1.35144	-1.48187	-1.47179	-1.33103	-1.1181	-0.897842	-0.735259	-0.670086	-0.663835	-0.649891	-0.641608	-0.657786	-0.664275	-0.683146	-0.791222	-0.981453	-1.20792	-1.40016	-1.49185	-1.44796	-1.25322	-0.92123	-0.468626	0.0583626	0.633962	1.22147	1.76035	2.21561	2.52772	2.68954	2.74202	2.67656	2.50783	2.31414	2.16344	2.08954	2.06685	2.0541	2.02924	1.98368	1.91789	1.83679	1.74437	1.64799	1.55269	1.4648	1.38848	1.3268	1.28572	1.26543	1.26769	1.29232	1.33766	1.40276	1.48158	1.57149	1.66733	1.76325	1.85389	1.93211	1.99323	2.03113	2.03997	2.0164	1.95537	1.86405	1.73837	1.57694	1.397	1.19414	0.976652	0.765849	0.561089	0.365097	0.202859	0.094751	0.0372208	0.0123961	0.00354527	0.000932248	0.000502479	0.00150468	0.00603053	0.0214639	0.0657075	0.170901	0.373582	0.68146	1.0403	1.35864	
1.53984	1.68918	1.71676	1.58868	1.3286	0.953681	0.488708	-0.00560116	-0.493268	-0.914501	-1.24234	-1.43933	-1.50279	-1.43889	-1.28763	-1.09463	-0.914167	-0.794372	-0.729316	-0.709602	-0.709539	-0.71264	-0.748642	-0.835419	-0.981453	-1.17447	-1.35497	-1.47917	-1.4917	-1.37822	-1.12063	-0.748041	-0.272027	0.2716	0.858595	1.44913	1.9775	2.40285	2.68216	2.82367	2.8506	2.75659	2.57214	2.36478	2.21023	2.12679	2.07327	2.02668	1.96259	1.8763	1.76866	1.64553	1.5147	1.38152	1.25545	1.14039	1.04307	0.967828	0.91673	0.892213	0.894901	0.924924	0.981106	1.06091	1.16234	1.27985	1.40753	1.54107	1.67097	1.79145	1.89458	1.97382	2.02367	2.03971	2.02091	1.95537	1.85763	1.71961	1.5481	1.35578	1.13841	0.915094	0.70002	0.489489	0.297774	0.153099	0.066043	0.0240171	0.0074397	0.00202074	0.000684435	0.00118101	0.00460879	0.0168639	0.0532894	0.143312	0.32431	0.61247	0.96579	1.29549	
1.47995	1.65709	1.72771	1.64982	1.43628	1.10998	0.682972	0.213531	-0.268698	-0.711028	-1.07738	-1.33378	-1.47672	-1.49897	-1.43148	-1.29623	-1.14857	-1.02149	-0.941595	-0.90248	-0.893438	-0.914613	-0.969046	-1.06569	-1.20792	-1.35497	-1.46761	-1.50372	-1.43342	-1.2441	-0.937136	-0.524519	-0.0248838	0.529003	1.12181	1.69932	2.19592	2.58019	2.82233	2.93219	2.92365	2.80033	2.59378	2.37702	2.22101	2.11608	2.03924	1.95443	1.84638	1.7136	1.56253	1.39755	1.22903	1.06295	0.905813	0.766615	0.648633	0.556363	0.495017	0.464447	0.467853	0.504899	0.572557	0.670497	0.792768	0.93562	1.09544	1.26299	1.4313	1.59377	1.74191	1.86702	1.9641	2.02099	2.03971	2.0164	1.94503	1.83591	1.68208	1.49991	1.29118	1.06209	0.836096	0.615958	0.404162	0.226721	0.106869	0.0423187	0.014191	0.00409565	0.00115984	0.000967389	0.00331292	0.0124619	0.0409008	0.114522	0.270296	0.532715	0.874871	1.21447	
1.40139	1.60625	1.7205	1.70032	1.54131	1.27268	0.895664	0.45761	-0.00496171	-0.453258	-0.844654	-1.16179	-1.37297	-1.4845	-1.50232	-1.45098	-1.36318	-1.26706	-1.18849	-1.14725	-1.13896	-1.15737	-1.21693	-1.30633	-1.40017	-1.47919	-1.50375	-1.45267	-1.29914	-1.04477	-0.684383	-0.248988	0.264232	0.822289	1.40636	1.95224	2.40459	2.74057	2.93746	3.0061	2.95927	2.80363	2.57429	2.35527	2.19334	2.073	1.96425	1.83511	1.68613	1.50758	1.3129	1.10682	0.898723	0.699417	0.515189	0.350892	0.215544	0.112083	0.0426552	0.00984194	0.0134322	0.0537399	0.1303	0.240046	0.381309	0.550327	0.73874	0.940367	1.1479	1.35368	1.54392	1.71725	1.8553	1.9641	2.02367	2.03997	2.00423	1.92342	1.79509	1.62634	1.42941	1.20297	0.968147	0.739672	0.515244	0.311843	0.159481	0.0684476	0.0247766	0.00765058	0.00211716	0.000943276	0.00226003	0.00861664	0.0295293	0.0866628	0.214897	0.445552	0.76874	1.11409	
1.30159	1.53381	1.68872	1.73044	1.63346	1.42649	1.11303	0.720632	0.29278	-0.149806	-0.557183	-0.906613	-1.17741	-1.36312	-1.46555	-1.49654	-1.48081	-1.43855	-1.40156	-1.37468	-1.36622	-1.38269	-1.41607	-1.45565	-1.4919	-1.49182	-1.43366	-1.2995	-1.07831	-0.770308	-0.384224	0.0741622	0.589167	1.13606	1.69689	2.19408	2.59194	2.87239	3.01729	3.04102	2.95475	2.76487	2.52031	2.3042	2.13583	1.99667	1.85223	1.68573	1.48604	1.26519	1.02521	0.781998	0.539774	0.309462	0.100409	-0.0816382	-0.233746	-0.350355	-0.426558	-0.463843	-0.459683	-0.414359	-0.33018	-0.206207	-0.0478081	0.140689	0.354587	0.586678	0.83133	1.07362	1.31081	1.52722	1.71725	1.86702	1.97382	2.03113	2.03478	1.98487	1.88528	1.73484	1.55078	1.33328	1.09452	0.858174	0.625525	0.403541	0.221989	0.102639	0.0399279	0.0131821	0.0037768	0.00119061	0.00151898	0.00554959	0.0199137	0.0616431	0.161733	0.355561	0.650304	0.99361	
1.1781	1.43753	1.62788	1.72929	1.70191	1.5616	1.3204	0.985861	0.602411	0.190482	-0.208437	-0.58227	-0.890706	-1.13736	-1.30528	-1.41383	-1.4663	-1.48344	-1.48162	-1.47547	-1.47432	-1.47533	-1.48408	-1.48218	-1.44822	-1.37883	-1.24535	-1.04694	-0.772989	-0.430281	-0.0245036	0.428537	0.928789	1.45672	1.97245	2.40782	2.74643	2.96502	3.05508	3.03443	2.90853	2.68827	2.43923	2.22881	2.05487	1.89464	1.71267	1.50198	1.26092	0.995888	0.717378	0.435449	0.163666	-0.0927255	-0.322603	-0.520779	-0.681307	-0.802412	-0.883447	-0.922297	-0.918022	-0.870549	-0.781443	-0.652595	-0.483684	-0.278691	-0.043933	0.217303	0.49163	0.773447	1.0504	1.31081	1.54392	1.74191	1.89458	1.99323	2.03779	2.02121	1.95209	1.82533	1.65545	1.45006	1.21299	0.970114	0.731281	0.496944	0.291332	0.144096	0.0599135	0.0210726	0.0063537	0.00178845	0.00111224	0.00332958	0.0124472	0.0408646	0.114202	0.26825	0.524733	0.854194	
1.02972	1.3149	1.53626	1.68982	1.7343	1.66383	1.50004	1.23782	0.915634	0.545816	0.165364	-0.194536	-0.524876	-0.800395	-1.02113	-1.18346	-1.29072	-1.36053	-1.40142	-1.41737	-1.42145	-1.41412	-1.38646	-1.33726	-1.25438	-1.1232	-0.942238	-0.693293	-0.3973	-0.0380829	0.352891	0.799726	1.27049	1.7579	2.21315	2.58307	2.85626	3.00905	3.04792	2.98562	2.82149	2.58116	2.34086	2.13905	1.95777	1.77153	1.55341	1.30119	1.01547	0.711031	0.396427	0.0844948	-0.214305	-0.489159	-0.734358	-0.941121	-1.10879	-1.23502	-1.31484	-1.35177	-1.34777	-1.3025	-1.21353	-1.07839	-0.902764	-0.688181	-0.436253	-0.156283	0.146359	0.458948	0.773447	1.07362	1.35368	1.59377	1.79145	1.93211	2.01731	2.03654	1.99684	1.89669	1.74355	1.55181	1.32139	1.07453	0.830335	0.588007	0.363942	0.191131	0.0844247	0.0314795	0.0100069	0.0028024	0.00102674	0.00189284	0.00715702	0.0250111	0.0748956	0.1893	0.399465	0.700278	
0.858737	1.1638	1.41266	1.60753	1.72143	1.7231	1.63645	1.45663	1.1971	0.900233	0.560177	0.222851	-0.102498	-0.389067	-0.635718	-0.830463	-0.979048	-1.08363	-1.14545	-1.18041	-1.19211	-1.17167	-1.12521	-1.04545	-0.92582	-0.757498	-0.542088	-0.278345	0.0307821	0.374779	0.752994	1.15812	1.58172	2.02299	2.40465	2.70621	2.90927	3.00101	2.99646	2.89452	2.6995	2.45714	2.23553	2.04145	1.85109	1.63531	1.37997	1.08702	0.765075	0.422312	0.077248	-0.261971	-0.578952	-0.867905	-1.1191	-1.32853	-1.49301	-1.61307	-1.69322	-1.73342	-1.72897	-1.68043	-1.59244	-1.46373	-1.28969	-1.07228	-0.813511	-0.517031	-0.195985	0.146359	0.49163	0.83133	1.1479	1.4313	1.67097	1.85389	1.97715	2.03304	2.02357	1.95099	1.81623	1.63809	1.41765	1.17028	0.921508	0.673825	0.436376	0.241482	0.112589	0.0442619	0.0147893	0.00426939	0.00122777	0.00108977	0.00376767	0.013996	0.0451214	0.123466	0.283268	0.540366	
0.672748	0.984548	1.25788	1.48172	1.65351	1.73111	1.71359	1.62489	1.44551	1.20759	0.936288	0.642659	0.351125	0.0748922	-0.171877	-0.379248	-0.546235	-0.670505	-0.75725	-0.803512	-0.813059	-0.790424	-0.728494	-0.62594	-0.484253	-0.301722	-0.0760213	0.184152	0.475655	0.786325	1.12144	1.47364	1.85888	2.22366	2.53148	2.76725	2.89972	2.94341	2.90175	2.76425	2.55459	2.32943	2.13295	1.94487	1.73909	1.49332	1.20311	0.871277	0.514063	0.142145	-0.229916	-0.586934	-0.919393	-1.21198	-1.46407	-1.66724	-1.82184	-1.93241	-1.99913	-2.02663	-2.02383	-1.98935	-1.91373	-1.79432	-1.63078	-1.41764	-1.15633	-0.855765	-0.517031	-0.156283	0.217303	0.586678	0.940367	1.26299	1.54107	1.76325	1.92329	2.015	2.03424	1.98871	1.87498	1.71054	1.50107	1.25612	1.00392	0.752456	0.50571	0.292683	0.143097	0.0589674	0.0206124	0.00618134	0.00166972	0.000740845	0.00182717	0.00709697	0.0246969	0.0734888	0.184459	0.386423	
0.485627	0.781613	1.07305	1.31922	1.52631	1.67638	1.73176	1.71148	1.62821	1.47169	1.26714	1.03105	0.784793	0.541494	0.316724	0.11648	-0.0477598	-0.17461	-0.2635	-0.31368	-0.325898	-0.296782	-0.232501	-0.128939	0.0129106	0.19253	0.403754	0.64033	0.893244	1.16203	1.44222	1.74379	2.05406	2.34453	2.59448	2.75468	2.82944	2.84133	2.76475	2.60413	2.40499	2.2138	2.04084	1.85234	1.62813	1.35042	1.02789	0.663663	0.275377	-0.123085	-0.513826	-0.884794	-1.2207	-1.51292	-1.75437	-1.94222	-2.08086	-2.17183	-2.22628	-2.252	-2.24921	-2.21796	-2.15693	-2.05694	-1.9085	-1.71083	-1.45825	-1.15633	-0.813511	-0.436253	-0.043933	0.354587	0.73874	1.09544	1.40753	1.66733	1.86096	1.98541	2.03386	2.01335	1.92006	1.76972	1.57194	1.33153	1.077	0.822626	0.56963	0.342359	0.174383	0.0748772	0.0272368	0.00847305	0.00230056	0.00068222	0.00085145	0.0032411	0.0121587	0.0394356	0.108708	0.25173	
0.316306	0.56823	0.858762	1.12679	1.35303	1.54629	1.68086	1.73157	1.71683	1.64606	1.52336	1.36131	1.17474	0.97912	0.789058	0.614067	0.465079	0.343492	0.259402	0.211496	0.200305	0.227334	0.289553	0.388133	0.522124	0.681473	0.864785	1.06104	1.26508	1.47214	1.68589	1.9174	2.16124	2.39815	2.5728	2.6655	2.71201	2.69687	2.59119	2.43401	2.2701	2.11809	1.96277	1.76765	1.52127	1.21554	0.861455	0.469917	0.0569155	-0.361713	-0.767772	-1.14461	-1.48087	-1.76267	-1.98536	-2.15045	-2.2557	-2.31575	-2.34872	-2.36249	-2.3611	-2.34398	-2.3062	-2.23882	-2.1227	-1.94505	-1.71083	-1.41764	-1.07228	-0.688181	-0.278691	0.140689	0.550327	0.93562	1.27985	1.57149	1.79537	1.95014	2.02412	2.02679	1.95399	1.81692	1.63034	1.39614	1.14049	0.883642	0.626445	0.388405	0.204805	0.0910895	0.0342895	0.0110191	0.00306089	0.000788897	0.000435708	0.00133585	0.00534236	0.0188838	0.0572305	0.146925	
0.182446	0.368682	0.625059	0.902033	1.14979	1.36082	1.54101	1.66899	1.72871	1.72837	1.67836	1.5894	1.47184	1.3378	1.19781	1.06323	0.944146	0.847293	0.774534	0.732371	0.724426	0.744686	0.800461	0.883457	0.990251	1.11625	1.25572	1.3978	1.5395	1.67959	1.83045	2.00165	2.18824	2.35354	2.46078	2.5253	2.55409	2.50985	2.39954	2.27933	2.16556	2.04811	1.8991	1.69205	1.42408	1.09202	0.713377	0.296166	-0.135061	-0.569566	-0.983215	-1.36229	-1.69134	-1.95687	-2.15689	-2.28779	-2.35628	-2.37652	-2.36527	-2.34955	-2.35163	-2.36888	-2.37569	-2.34646	-2.26716	-2.1227	-1.9085	-1.63078	-1.28969	-0.902764	-0.483684	-0.0478081	0.381309	0.792768	1.16234	1.48158	1.73218	1.91216	2.01057	2.03315	1.97818	1.85322	1.67673	1.44961	1.19415	0.935182	0.675043	0.4291	0.232799	0.106618	0.0413028	0.0136419	0.00388177	0.000975717	0.000301966	0.000510864	0.00208611	0.00801008	0.0266492	0.0758016	
0.0919622	0.20914	0.401091	0.651118	0.911988	1.14421	1.34263	1.51078	1.63739	1.71217	1.73563	1.71556	1.66231	1.58727	1.50044	1.41038	1.32518	1.25569	1.20353	1.17212	1.1649	1.18144	1.22175	1.28168	1.35787	1.44682	1.5376	1.62555	1.70742	1.78651	1.87438	1.98159	2.10407	2.21513	2.29575	2.34491	2.3497	2.2977	2.22372	2.16296	2.09492	1.99964	1.84968	1.62753	1.33999	0.986566	0.586986	0.15179	-0.296296	-0.73961	-1.1596	-1.53441	-1.85281	-2.1	-2.26576	-2.36014	-2.38695	-2.35482	-2.30121	-2.26713	-2.27109	-2.31134	-2.36454	-2.38693	-2.34646	-2.23882	-2.05694	-1.79432	-1.46373	-1.07839	-0.652595	-0.206207	0.240046	0.670497	1.06091	1.40276	1.67483	1.87672	1.99505	2.03351	1.99527	1.88126	1.71219	1.49156	1.23752	0.977047	0.714758	0.463146	0.256989	0.120489	0.0477668	0.0161303	0.00468532	0.00118638	0.000289337	0.000201636	0.000725498	0.00299766	0.0109092	0.034264	
0.0402265	0.102475	0.22207	0.408867	0.644602	0.888937	1.1094	1.29803	1.45647	1.58183	1.66942	1.7181	1.73169	1.71752	1.68499	1.64218	1.59519	1.55184	1.51917	1.49944	1.49411	1.50585	1.53082	1.56836	1.61385	1.66054	1.70136	1.73305	1.75295	1.76788	1.79404	1.84986	1.93555	2.02433	2.08633	2.11496	2.11715	2.10166	2.0928	2.08992	2.05423	1.96903	1.81082	1.5771	1.27165	0.902685	0.4867	0.0386538	-0.42151	-0.869993	-1.29438	-1.66107	-1.96968	-2.19425	-2.3261	-2.37979	-2.35278	-2.26211	-2.15936	-2.09729	-2.1047	-2.17807	-2.28296	-2.36454	-2.37569	-2.3062	-2.15693	-1.91373	-1.59244	-1.21353	-0.781443	-0.33018	0.1303	0.572557	0.981106	1.33766	1.62917	1.84536	1.98056	2.03205	2.00558	1.9015	1.73847	1.52261	1.27023	1.00892	0.745157	0.489628	0.276265	0.131834	0.0531856	0.0182645	0.00539011	0.0013816	0.000317147	0.000104087	0.000229223	0.000989178	0.00391671	0.013514	
0.015246	0.0431875	0.105057	0.218777	0.390923	0.605927	0.83217	1.04219	1.22425	1.37689	1.50055	1.59506	1.66102	1.70081	1.71938	1.72305	1.71713	1.70569	1.6945	1.68722	1.68533	1.68973	1.69882	1.71055	1.72049	1.7235	1.71621	1.69549	1.66283	1.63006	1.61858	1.64778	1.71272	1.78048	1.82553	1.86069	1.90573	1.95787	2.01397	2.051	2.03282	1.95088	1.78417	1.54162	1.22386	0.844165	0.416835	-0.0394268	-0.507424	-0.959294	-1.38373	-1.74783	-2.04193	-2.25193	-2.35623	-2.36338	-2.29066	-2.14387	-1.96312	-1.84131	-1.85637	-1.99807	-2.17807	-2.31134	-2.36888	-2.34398	-2.21796	-1.98935	-1.68043	-1.3025	-0.870549	-0.414359	0.0537399	0.504899	0.924924	1.29232	1.59656	1.82285	1.96979	2.03011	2.01071	1.91423	1.7562	1.54349	1.29228	1.03058	0.765917	0.507915	0.2898	0.139949	0.0571324	0.019845	0.00592029	0.00153219	0.000348837	8.02033e-05	7.13008e-05	0.000288949	0.00123405	0.00464957	
0.00501746	0.0156763	0.0424304	0.0991313	0.199896	0.349804	0.538012	0.741778	0.938624	1.11477	1.26501	1.38877	1.4872	1.56218	1.61632	1.65349	1.67792	1.69267	1.70047	1.70404	1.70487	1.70296	1.69795	1.68769	1.66958	1.6409	1.59915	1.54289	1.4767	1.41416	1.37707	1.38357	1.42969	1.49029	1.5538	1.63965	1.7544	1.87201	1.97355	2.0344	2.02485	1.94044	1.77045	1.52244	1.19705	0.814011	0.377842	-0.0793516	-0.5545	-1.0053	-1.4302	-1.79441	-2.07473	-2.28287	-2.3672	-2.34052	-2.24601	-2.05913	-1.80603	-1.62733	-1.64959	-1.85637	-2.1047	-2.27109	-2.35163	-2.3611	-2.24921	-2.02383	-1.72897	-1.34777	-0.918022	-0.459683	0.0134322	0.467853	0.894901	1.26769	1.57775	1.81147	1.96215	2.02931	2.0143	1.92033	1.76498	1.55439	1.30387	1.04194	0.776833	0.5176	0.297044	0.144342	0.0592924	0.020719	0.00621627	0.00161727	0.000368652	7.64623e-05	2.73682e-05	7.58624e-05	0.000342224	0.00139896	
0.00144018	0.00492352	0.0146936	0.0381417	0.0860182	0.168996	0.291516	0.447462	0.622061	0.79847	0.963516	1.10955	1.23345	1.33495	1.41524	1.47651	1.52168	1.55359	1.57423	1.58526	1.58776	1.58185	1.56714	1.54225	1.50545	1.45462	1.38772	1.30505	1.21264	1.1257	1.06889	1.06567	1.11983	1.21306	1.33314	1.48749	1.66498	1.82748	1.95462	2.02751	2.0227	1.93909	1.76915	1.52072	1.19447	0.811326	0.374121	-0.082902	-0.558951	-1.00934	-1.43441	-1.79847	-2.07724	-2.28571	-2.36788	-2.33783	-2.24172	-2.0506	-1.78931	-1.60427	-1.62733	-1.84131	-2.09729	-2.26713	-2.34955	-2.36249	-2.252	-2.02663	-1.73342	-1.35177	-0.922297	-0.463843	0.00984194	0.464447	0.892213	1.26543	1.57596	1.81044	1.96131	2.02919	2.01469	1.92092	1.76577	1.55537	1.30492	1.04296	0.777824	0.518484	0.297708	0.144747	0.0594926	0.0208003	0.00624391	0.00162522	0.000370344	7.49651e-05	1.63447e-05	1.89513e-05	8.39921e-05	0.000369633	
0.000362556	0.00134634	0.00439287	0.0125497	0.0313397	0.0684946	0.131672	0.224732	0.345064	0.484135	0.630679	0.774145	0.906666	1.02345	1.12221	1.20241	1.26476	1.31067	1.34159	1.35863	1.36251	1.35343	1.33096	1.29423	1.24201	1.17305	1.08703	0.9866	0.880503	0.787629	0.737231	0.757509	0.854524	1.00601	1.18879	1.39785	1.61526	1.80264	1.94348	2.0233	2.0229	1.9461	1.77981	1.53631	1.21666	0.835869	0.406419	-0.0504612	-0.520087	-0.971927	-1.39629	-1.76037	-2.05115	-2.26	-2.35946	-2.35807	-2.27927	-2.12268	-1.92473	-1.78931	-1.80603	-1.96312	-2.15936	-2.30121	-2.36527	-2.34872	-2.22628	-1.99913	-1.69322	-1.31484	-0.883447	-0.426558	0.0426552	0.495017	0.91673	1.28572	1.59157	1.81963	1.96795	2.02977	2.01155	1.91605	1.7587	1.54645	1.29541	1.03366	0.768884	0.510548	0.291768	0.14114	0.0577168	0.0200809	0.00599999	0.00155486	0.00035278	7.07642e-05	1.31767e-05	5.4296e-06	1.84603e-05	8.62116e-05	
8.05322e-05	0.000322723	0.00114259	0.00356177	0.00975725	0.023496	0.0498962	0.0940691	0.159032	0.244126	0.344961	0.454771	0.566231	0.672861	0.76972	0.853466	0.92213	0.974845	1.01145	1.03206	1.03681	1.02575	0.998781	0.955755	0.896679	0.822167	0.734312	0.638296	0.545265	0.475913	0.460106	0.525076	0.673656	0.877092	1.10371	1.34383	1.5816	1.78153	1.93052	2.01949	2.02686	1.95773	1.80247	1.56828	1.26031	0.888757	0.470226	0.0199569	-0.441779	-0.891137	-1.31573	-1.6814	-1.98776	-2.20828	-2.33425	-2.37862	-2.34082	-2.23876	-2.12268	-2.0506	-2.05913	-2.14387	-2.26211	-2.35482	-2.37652	-2.31575	-2.17183	-1.93241	-1.61307	-1.23502	-0.802412	-0.350355	0.112083	0.556363	0.967828	1.3268	1.62157	1.83994	1.97808	2.03172	2.00699	1.90469	1.74273	1.52757	1.27546	1.01405	0.750074	0.493954	0.279456	0.133739	0.0541074	0.0186319	0.00551268	0.00141535	0.000318297	6.32498e-05	1.12823e-05	2.39412e-06	3.77065e-06	1.78596e-05	
1.588e-05	6.82748e-05	0.000260569	0.000879714	0.0026218	0.00689512	0.0160336	0.0331249	0.06127	0.102491	0.15685	0.222243	0.294898	0.370219	0.443606	0.511007	0.56917	0.6157	0.649003	0.668119	0.672563	0.662227	0.637361	0.59863	0.54727	0.485368	0.41639	0.346336	0.286105	0.254563	0.278436	0.381858	0.565747	0.799415	1.04794	1.30114	1.54837	1.75687	1.9127	2.0118	2.03118	1.97378	1.8357	1.61501	1.32451	0.967844	0.564379	0.126619	-0.324296	-0.768666	-1.19012	-1.56328	-1.87983	-2.12266	-2.28107	-2.36836	-2.38475	-2.34082	-2.27927	-2.24172	-2.24601	-2.29066	-2.35278	-2.38695	-2.35628	-2.2557	-2.08086	-1.82184	-1.49301	-1.10879	-0.681307	-0.233746	0.215544	0.648633	1.04307	1.38848	1.66466	1.87011	1.99195	2.03325	1.99788	1.88597	1.71817	1.49862	1.24491	0.984202	0.721575	0.469067	0.261272	0.122991	0.0489527	0.016594	0.00483688	0.00122436	0.000271656	5.32816e-05	9.32232e-06	1.55942e-06	8.15899e-07	3.31607e-06	
