1.88399	1.7396	1.50449	1.22816	0.924262	0.596818	0.31384	0.133885	0.0509811	0.027798	0.0352326	0.0602109	0.0980921	0.145956	0.200049	0.255658	0.307834	0.352157	0.385203	0.404673	0.409262	0.398655	0.373558	0.335669	0.287733	0.233609	0.178	0.125842	0.0814165	0.0474402	0.0244884	0.0110347	0.00429292	0.00143276	0.00040946	0.000100375	2.11944e-05	3.87638e-06	6.17938e-07	8.64084e-08	1.06654e-08	1.16896e-09	1.14406e-10	1.00503e-11	7.96293e-13	5.71534e-14	3.73184e-15	2.25989e-16	2.94331e-17	7.30614e-17	2.64642e-16	8.40768e-16	2.31951e-15	5.55051e-15	1.15444e-14	2.10484e-14	3.48464e-14	6.9018e-14	4.1643e-13	5.60716e-12	7.86071e-11	1.00817e-09	1.16526e-08	1.20593e-07	1.11018e-06	9.02457e-06	6.42334e-05	0.00039645	0.00209829	0.00940202	0.0351514	0.107936	0.26809	0.533676	0.859282	1.17061	1.4509	1.69849	1.86291	1.94652	1.96202	1.89892	1.77799	1.61647	1.43508	1.25736	1.09692	0.972599	0.888683	0.853664	0.877361	0.952519	1.06922	1.22307	1.39828	1.58097	1.748	1.87868	1.95491	1.95603	
1.7396	1.52607	1.26801	0.989291	0.681645	0.38965	0.181858	0.0758134	0.0446569	0.0588595	0.102914	0.170091	0.254879	0.350219	0.448002	0.540469	0.621399	0.686524	0.733324	0.76028	0.766575	0.752021	0.717028	0.662678	0.590842	0.504669	0.409226	0.311417	0.219295	0.140473	0.0803053	0.0402269	0.0173977	0.00643547	0.00202834	0.000545168	0.000125454	2.4862e-05	4.27154e-06	6.40667e-07	8.4455e-08	9.84828e-09	1.022e-09	9.49116e-11	7.92841e-12	5.98542e-13	4.10265e-14	2.63774e-15	5.01459e-16	1.43829e-15	5.02931e-15	1.5411e-14	4.11233e-14	9.5544e-14	1.93779e-13	3.45314e-13	5.45605e-13	7.7226e-13	1.03373e-12	2.18823e-12	1.76203e-11	2.25004e-10	2.73961e-09	3.0073e-08	2.94825e-07	2.56333e-06	1.9613e-05	0.000130904	0.000754481	0.003712	0.0153856	0.0529454	0.148993	0.338505	0.618937	0.92986	1.21497	1.47617	1.70245	1.85518	1.9384	1.9605	1.93023	1.85631	1.75746	1.64447	1.53853	1.45101	1.39344	1.37336	1.38672	1.43625	1.5195	1.6223	1.73559	1.83777	1.91868	1.95763	1.94804	1.87617	
1.50449	1.26801	1.01042	0.725511	0.441342	0.221931	0.100231	0.0634393	0.0870005	0.155515	0.259748	0.389375	0.531715	0.674097	0.806138	0.920911	1.015	1.08731	1.13779	1.16619	1.17267	1.1575	1.12032	1.0611	0.980052	0.877435	0.755178	0.617965	0.47417	0.335257	0.21381	0.120249	0.0584722	0.0242474	0.00851835	0.002534	0.000640673	0.000138524	2.58011e-05	4.17136e-06	5.89763e-07	7.34346e-08	8.10577e-09	7.97956e-10	7.04453e-11	5.60543e-12	4.04164e-13	2.79792e-14	8.30018e-15	2.60513e-14	8.77353e-14	2.58989e-13	6.67764e-13	1.50498e-12	2.97461e-12	5.18921e-12	8.05323e-12	1.11808e-11	1.3907e-11	1.56146e-11	1.82777e-11	5.67057e-11	5.69608e-10	6.51424e-09	6.7871e-08	6.30383e-07	5.17796e-06	3.73131e-05	0.000233763	0.00126016	0.00577747	0.022236	0.0708496	0.184411	0.388649	0.665928	0.955828	1.21884	1.4591	1.66702	1.81981	1.91279	1.95473	1.95452	1.92458	1.87704	1.82511	1.77693	1.74321	1.7286	1.73891	1.76884	1.8147	1.86712	1.91593	1.95082	1.95748	1.92514	1.84301	1.70219	
1.22816	0.989291	0.725511	0.459617	0.244768	0.118299	0.0799934	0.114459	0.209727	0.353925	0.529039	0.714368	0.892707	1.05284	1.1891	1.30038	1.38796	1.45356	1.49799	1.52221	1.52755	1.51469	1.48258	1.42985	1.35562	1.25878	1.13753	0.991425	0.822997	0.640212	0.456497	0.290451	0.160589	0.0756019	0.0299684	0.00997534	0.00279716	0.000665097	0.000135191	2.36919e-05	3.60951e-06	4.81827e-07	5.67635e-08	5.94084e-09	5.55695e-10	4.67102e-11	3.55135e-12	2.71717e-13	1.31859e-13	4.32514e-13	1.3999e-12	3.97572e-12	9.89335e-12	2.16077e-11	4.15832e-11	7.09605e-11	1.08139e-10	1.47901e-10	1.81797e-10	2.0062e-10	1.98891e-10	1.83235e-10	2.39526e-10	1.32549e-09	1.3639e-08	1.34495e-07	1.18313e-06	9.18151e-06	6.23345e-05	0.000366854	0.00185245	0.00793467	0.0284779	0.0845917	0.205842	0.40885	0.670267	0.93847	1.18254	1.40149	1.5918	1.74253	1.84914	1.9163	1.94803	1.95582	1.94825	1.93808	1.92856	1.92238	1.92655	1.9363	1.94616	1.95545	1.95118	1.92535	1.86545	1.7675	1.62512	1.44226	
0.924262	0.681645	0.441342	0.244768	0.124981	0.0897657	0.134661	0.25457	0.435968	0.650819	0.868941	1.07099	1.24806	1.39717	1.51851	1.61472	1.68767	1.73964	1.77174	1.78891	1.79299	1.7835	1.76069	1.7212	1.66096	1.57911	1.47295	1.34079	1.18034	0.992585	0.782683	0.562563	0.356167	0.192629	0.0872941	0.032915	0.010346	0.00272967	0.000610032	0.000116599	1.9241e-05	2.76548e-06	3.48998e-07	3.89543e-08	3.87107e-09	3.44548e-10	2.77095e-11	2.45936e-12	1.97993e-12	6.5554e-12	2.03493e-11	5.55205e-11	1.33173e-10	2.81552e-10	5.27044e-10	8.79011e-10	1.31458e-09	1.77089e-09	2.15295e-09	2.36222e-09	2.33802e-09	2.08844e-09	1.69736e-09	1.42421e-09	3.16813e-09	2.54287e-08	2.349e-07	1.95519e-06	1.4331e-05	9.16701e-05	0.000507094	0.00240176	0.00963621	0.0323959	0.0903699	0.207901	0.395316	0.631608	0.876879	1.10378	1.30491	1.47816	1.62005	1.73122	1.81298	1.86808	1.90091	1.91934	1.92923	1.93329	1.93035	1.92199	1.90573	1.87626	1.82614	1.74982	1.64476	1.50909	1.34191	1.1463	
0.596818	0.38965	0.221931	0.118299	0.0897657	0.142109	0.279958	0.491264	0.737849	0.979411	1.19827	1.3902	1.55242	1.68258	1.78127	1.8512	1.89565	1.92033	1.9322	1.93841	1.94056	1.93665	1.92836	1.91216	1.88048	1.82641	1.74547	1.63418	1.49139	1.31657	1.11361	0.884884	0.637226	0.398124	0.20862	0.0902271	0.0321562	0.00950595	0.00235461	0.000494125	8.88046e-05	1.38058e-05	1.8735e-06	2.23745e-07	2.36877e-08	2.23794e-09	1.91285e-10	2.14337e-11	2.76824e-11	9.03071e-11	2.68302e-10	7.02128e-10	1.62107e-09	3.31353e-09	6.02672e-09	9.81432e-09	1.4394e-08	1.90936e-08	2.2961e-08	2.50548e-08	2.48128e-08	2.23013e-08	1.81862e-08	1.34644e-08	9.33222e-09	9.43722e-09	4.34654e-08	3.63112e-07	2.85219e-06	1.97329e-05	0.0001189	0.000618405	0.00275046	0.010362	0.0327757	0.0864768	0.190056	0.350557	0.553327	0.770248	0.9777	1.16363	1.32283	1.45417	1.55989	1.64152	1.70088	1.73957	1.76184	1.77049	1.7648	1.74538	1.71038	1.6552	1.57821	1.47737	1.35143	1.1978	1.01704	0.813228	
0.31384	0.181858	0.100231	0.0799934	0.134661	0.279958	0.510687	0.782325	1.04334	1.27897	1.49018	1.66658	1.80012	1.88836	1.93813	1.95557	1.95284	1.93817	1.92541	1.91446	1.91102	1.91847	1.93026	1.94401	1.95585	1.95122	1.9228	1.85792	1.75234	1.60117	1.40894	1.1878	0.941971	0.671688	0.408299	0.20451	0.0835296	0.0279368	0.00773286	0.0017938	0.000353069	5.96444e-05	8.73723e-06	1.12006e-06	1.26678e-07	1.27356e-08	1.16697e-09	1.87662e-10	3.55744e-10	1.12532e-09	3.19293e-09	8.00013e-09	1.77512e-08	3.50321e-08	6.18344e-08	9.82155e-08	1.41157e-07	1.84318e-07	2.19249e-07	2.37956e-07	2.358e-07	2.13322e-07	1.76029e-07	1.32253e-07	9.02414e-08	5.61654e-08	3.69299e-08	7.36731e-08	5.00311e-07	3.68068e-06	2.40077e-05	0.000136191	0.000666018	0.0027842	0.00987103	0.0294947	0.0740679	0.156817	0.283153	0.444932	0.624439	0.80361	0.969277	1.11349	1.23355	1.32974	1.40326	1.45474	1.48536	1.49657	1.48921	1.46256	1.41534	1.34627	1.25471	1.13952	1.00007	0.838232	0.660898	0.480183	
0.133885	0.0758134	0.0634393	0.114459	0.25457	0.491264	0.782325	1.06401	1.31858	1.55236	1.74057	1.86848	1.93846	1.95871	1.94218	1.89888	1.84436	1.78734	1.74063	1.71009	1.70091	1.71965	1.75757	1.80966	1.86657	1.91842	1.9525	1.95615	1.91668	1.82513	1.67237	1.46249	1.22001	0.955026	0.66302	0.384815	0.181358	0.0691742	0.021554	0.00556142	0.00120506	0.00022216	3.52557e-05	4.86596e-06	5.8941e-07	6.32196e-08	6.3267e-09	1.6986e-09	4.15678e-09	1.26169e-08	3.41086e-08	8.16628e-08	1.73837e-07	3.30723e-07	5.65727e-07	8.75422e-07	1.23189e-06	1.58277e-06	1.86222e-06	2.01037e-06	1.99334e-06	1.81506e-06	1.51589e-06	1.15864e-06	8.07893e-07	5.11745e-07	2.93555e-07	1.58638e-07	1.43668e-07	6.25272e-07	4.21069e-06	2.58343e-05	0.000137857	0.000633718	0.00249145	0.00832758	0.0235839	0.0566396	0.116157	0.206246	0.323302	0.457435	0.596591	0.72972	0.848631	0.948687	1.02782	1.08526	1.12054	1.13365	1.1249	1.09404	1.04098	0.96616	0.87019	0.754797	0.623965	0.48521	0.349148	0.228104	
0.0509811	0.0446569	0.0870005	0.209727	0.435968	0.737849	1.04334	1.31858	1.57382	1.77516	1.89665	1.95611	1.95221	1.90047	1.80852	1.69678	1.5774	1.4706	1.38558	1.33821	1.32768	1.35238	1.41614	1.51123	1.62415	1.7439	1.84853	1.92729	1.96066	1.9399	1.85709	1.70375	1.47536	1.21225	0.924736	0.61191	0.332102	0.144966	0.0510924	0.0147314	0.00352825	0.000712276	0.000122805	1.82926e-05	2.37801e-06	2.72944e-07	3.11549e-08	1.5724e-08	4.37564e-08	1.2652e-07	3.25061e-07	7.4201e-07	1.51239e-06	2.76899e-06	4.58329e-06	6.9005e-06	9.49847e-06	1.20021e-05	1.39653e-05	1.49963e-05	1.4878e-05	1.36356e-05	1.15285e-05	8.96978e-06	6.40111e-06	4.17177e-06	2.46973e-06	1.32069e-06	6.42382e-07	3.55254e-07	7.43748e-07	4.28495e-06	2.46011e-05	0.000123325	0.0005326	0.00196969	0.0062146	0.0167195	0.0385131	0.0766857	0.133939	0.208936	0.296606	0.389718	0.480582	0.562568	0.6308	0.68212	0.714498	0.726768	0.718537	0.690084	0.642407	0.57735	0.497786	0.40822	0.314961	0.225618	0.147795	0.0878751	
0.027798	0.0588595	0.155515	0.353925	0.650819	0.979411	1.27897	1.55236	1.77516	1.90306	1.96315	1.94432	1.85191	1.70706	1.52865	1.33879	1.15829	1.00384	0.888538	0.816498	0.798497	0.839398	0.929623	1.06085	1.22945	1.41484	1.60276	1.77073	1.89601	1.9624	1.94696	1.86263	1.69583	1.44605	1.16386	0.849672	0.523298	0.260367	0.103827	0.0335091	0.00888826	0.00196851	0.000369333	5.94566e-05	8.30618e-06	1.02529e-06	1.47193e-07	1.42613e-07	4.11447e-07	1.12717e-06	2.74446e-06	5.95796e-06	1.16019e-05	2.04022e-05	3.26211e-05	4.77156e-05	6.4178e-05	7.9703e-05	9.1691e-05	9.79309e-05	9.72168e-05	8.96875e-05	7.67877e-05	6.08614e-05	4.45029e-05	2.98904e-05	1.83417e-05	1.02175e-05	5.13263e-06	2.31882e-06	1.01048e-06	9.39472e-07	3.91414e-06	2.07362e-05	9.74546e-05	0.000395027	0.00137396	0.00409432	0.0104755	0.0231633	0.0447547	0.0766614	0.118317	0.167142	0.219084	0.269469	0.31386	0.348627	0.371155	0.379824	0.374011	0.354141	0.321636	0.278904	0.229379	0.17737	0.127581	0.0843355	0.0509768	0.0303149	
0.0352326	0.102914	0.259748	0.529039	0.868941	1.19827	1.49018	1.74057	1.89665	1.96315	1.94103	1.81534	1.63173	1.39317	1.13591	0.874765	0.634028	0.434671	0.285675	0.202408	0.183366	0.227439	0.337965	0.510918	0.727336	0.976988	1.24043	1.49221	1.71165	1.87408	1.96294	1.94462	1.84757	1.64819	1.37675	1.07141	0.730196	0.408933	0.183491	0.0661321	0.0194077	0.00471352	0.00096219	0.000167396	2.51409e-05	3.3791e-06	7.31034e-07	1.20984e-06	3.42721e-06	8.85409e-06	2.03651e-05	4.1927e-05	7.78076e-05	0.000131131	0.000202138	0.000286789	0.000376454	0.000459138	0.000522005	0.000554446	0.000550741	0.000511549	0.000443729	0.000358579	0.00026901	0.00018652	0.000118875	6.9189e-05	3.65087e-05	1.73369e-05	7.36737e-06	2.85175e-06	1.44252e-06	3.29852e-06	1.54823e-05	6.79545e-05	0.00025818	0.000843942	0.00237464	0.00577622	0.0122461	0.0228904	0.038243	0.0579236	0.0805778	0.104085	0.125964	0.143816	0.1557	0.160337	0.157231	0.146713	0.129913	0.108654	0.085267	0.0622586	0.0418924	0.0259004	0.0158395	0.0152286	
0.0602109	0.170091	0.389375	0.714368	1.07099	1.3902	1.66658	1.86848	1.95611	1.94432	1.81534	1.60752	1.32049	0.99723	0.653358	0.333462	0.0437563	-0.1874	-0.351308	-0.449522	-0.472921	-0.418439	-0.291754	-0.102057	0.151454	0.456918	0.791156	1.127	1.44463	1.69728	1.88054	1.96093	1.93275	1.80094	1.5611	1.26743	0.930255	0.575509	0.287398	0.114911	0.0371503	0.00986391	0.00218567	0.000410185	6.6231e-05	1.00553e-05	4.07752e-06	9.27621e-06	2.50666e-05	6.07936e-05	0.000131617	0.000256151	0.000451751	0.00072785	0.00107935	0.00148266	0.00189677	0.00226972	0.00254877	0.00269147	0.00267522	0.00250259	0.00220078	0.00181513	0.00139915	0.00100335	0.000665637	0.000405815	0.000225627	0.00011347	5.12122e-05	2.06045e-05	7.40005e-06	2.69408e-06	2.7633e-06	1.0278e-05	4.17501e-05	0.000148376	0.000455225	0.00120799	0.00278877	0.00565174	0.0101693	0.01645	0.0242142	0.032779	0.041162	0.0482723	0.0531305	0.0550523	0.053765	0.0494507	0.0427182	0.0345013	0.0258883	0.0179143	0.0114191	0.00722072	0.00730067	0.0185318	
0.0980921	0.254879	0.531715	0.892707	1.24806	1.55242	1.80012	1.93846	1.95221	1.85191	1.63173	1.32049	0.941642	0.540201	0.137678	-0.233817	-0.546771	-0.797505	-0.972965	-1.06537	-1.08568	-1.03653	-0.9121	-0.707513	-0.430193	-0.087662	0.294141	0.704944	1.09686	1.45655	1.7315	1.90847	1.95985	1.89909	1.71036	1.43589	1.11056	0.743546	0.407254	0.178829	0.0632237	0.0182482	0.00436911	0.000881376	0.000153395	2.91253e-05	2.45575e-05	6.28295e-05	0.000159433	0.000361268	0.000733201	0.00134406	0.00224557	0.00344923	0.00490878	0.00651563	0.00811122	0.00951221	0.0105423	0.0110638	0.0110045	0.0103728	0.00925549	0.00780045	0.00618801	0.00459903	0.0031838	0.00203895	0.00119832	0.000640622	0.000308747	0.000133031	5.08838e-05	1.72172e-05	5.35347e-06	2.645e-06	6.15918e-06	2.25683e-05	7.47721e-05	0.000214875	0.000536531	0.00117188	0.0022597	0.00388829	0.00603677	0.00854211	0.011109	0.0133648	0.0149443	0.0155772	0.0151531	0.0137458	0.0115977	0.0090624	0.00652294	0.00432705	0.0028496	0.00304273	0.0085002	0.0308421	
0.145956	0.350219	0.674097	1.05284	1.39717	1.68258	1.88836	1.95871	1.90047	1.70706	1.39317	0.99723	0.540201	0.0694489	-0.378598	-0.77396	-1.09688	-1.33267	-1.49014	-1.58077	-1.60188	-1.55195	-1.4361	-1.24958	-0.975463	-0.625363	-0.204725	0.257248	0.726263	1.16493	1.5299	1.80094	1.93854	1.94847	1.82026	1.57552	1.26598	0.900485	0.532463	0.253638	0.0971157	0.0302315	0.00777026	0.00167728	0.000319649	9.3662e-05	0.000144601	0.000369762	0.000872298	0.00183711	0.00347918	0.00598332	0.00943724	0.013778	0.0187697	0.0240237	0.0290542	0.0333497	0.0364457	0.0379946	0.0378192	0.0359397	0.0325704	0.0280874	0.0229703	0.0177316	0.0128431	0.00866637	0.00540314	0.00308315	0.0015942	0.000739733	0.000305364	0.000111349	3.57011e-05	1.01612e-05	3.17747e-06	3.50392e-06	1.0737e-05	3.29289e-05	8.83685e-05	0.000206919	0.000425661	0.000776228	0.00126721	0.00186957	0.00251296	0.00309689	0.00351499	0.00368458	0.00357085	0.00319721	0.00263845	0.00199989	0.00139519	0.000965205	0.00109424	0.003372	0.0136962	0.0492088	
0.200049	0.448002	0.806138	1.1891	1.51851	1.78127	1.93813	1.94218	1.80852	1.52865	1.13591	0.653358	0.137678	-0.378598	-0.846149	-1.24362	-1.54424	-1.74973	-1.87063	-1.9189	-1.92695	-1.9059	-1.8326	-1.67885	-1.43589	-1.09429	-0.667168	-0.173317	0.344465	0.855728	1.30383	1.65816	1.87857	1.95792	1.89261	1.6859	1.39523	1.0388	0.653218	0.333168	0.136637	0.045443	0.0124394	0.00286512	0.000634927	0.000362055	0.000770517	0.00186403	0.00405518	0.00789201	0.0138769	0.0222929	0.0330741	0.0457562	0.0595193	0.0733141	0.0860053	0.096508	0.103905	0.107553	0.107141	0.102706	0.0946246	0.0836023	0.0705993	0.0567202	0.0430944	0.0307369	0.0204045	0.0124826	0.00696047	0.00349856	0.00156876	0.000622008	0.000216604	6.59628e-05	1.7595e-05	4.40473e-06	2.14596e-06	4.53341e-06	1.26258e-05	3.14955e-05	6.88379e-05	0.000132593	0.000226982	0.000348348	0.000483014	0.000608862	0.00070081	0.000738511	0.00071321	0.000630844	0.000510216	0.00037868	0.000277947	0.00033669	0.00114651	0.00522001	0.0212232	0.0720506	
0.255658	0.540469	0.920911	1.30038	1.61472	1.8512	1.95557	1.89888	1.69678	1.33879	0.874765	0.333462	-0.233817	-0.77396	-1.24362	-1.60816	-1.8624	-2.00342	-2.05703	-2.07299	-2.07716	-2.06898	-2.04405	-1.95896	-1.77205	-1.47891	-1.06578	-0.565618	-0.00808934	0.555753	1.07064	1.49714	1.79576	1.94025	1.9331	1.76794	1.49878	1.15498	0.762062	0.410867	0.178404	0.0627439	0.0181437	0.00449503	0.00135791	0.00153789	0.00355764	0.00793609	0.0157991	0.0282375	0.0458617	0.0685363	0.0953313	0.12466	0.154558	0.182989	0.208033	0.228047	0.241781	0.248446	0.247699	0.239576	0.224505	0.20337	0.177506	0.148623	0.118675	0.0897043	0.0636238	0.0419088	0.0253362	0.0138824	0.00681011	0.00295856	0.00112842	0.00037558	0.000108733	2.73893e-05	6.13407e-06	1.65807e-06	1.76371e-06	4.2035e-06	9.66698e-06	1.96027e-05	3.51016e-05	5.59214e-05	7.98491e-05	0.000102813	0.000119898	0.000126971	0.000122228	0.000106956	8.551e-05	6.73323e-05	8.77912e-05	0.000330832	0.00168973	0.00777976	0.0302548	0.0974158	
0.307834	0.621399	1.015	1.38796	1.68767	1.89565	1.95284	1.84436	1.5774	1.15829	0.634028	0.0437563	-0.546771	-1.09688	-1.54424	-1.8624	-2.03923	-2.08724	-2.04664	-1.97851	-1.95648	-2.00454	-2.06971	-2.08197	-1.98552	-1.75258	-1.37906	-0.885379	-0.313096	0.285356	0.853508	1.3426	1.70372	1.90539	1.95068	1.82501	1.57777	1.24783	0.854102	0.480932	0.218559	0.0804451	0.0244452	0.00681507	0.00354455	0.00622183	0.0138729	0.0281162	0.0508315	0.0829361	0.123872	0.171699	0.223541	0.27614	0.326431	0.371757	0.409958	0.439427	0.459171	0.46865	0.467592	0.456028	0.434282	0.40297	0.363199	0.316694	0.265717	0.213015	0.161719	0.11506	0.07577	0.0455419	0.0246277	0.011823	0.00498295	0.00182892	0.000581795	0.000160133	3.81814e-05	7.95386e-06	1.59919e-06	7.12257e-07	1.22028e-06	2.53698e-06	4.73504e-06	7.81588e-06	1.14745e-05	1.50721e-05	1.77927e-05	1.89297e-05	1.81793e-05	1.58625e-05	1.35621e-05	1.9192e-05	8.0146e-05	0.000459425	0.00239596	0.0106716	0.0398459	0.122805	
0.352157	0.686524	1.08731	1.45356	1.73964	1.92033	1.93817	1.78734	1.4706	1.00384	0.434671	-0.1874	-0.797505	-1.33267	-1.74973	-2.00342	-2.08724	-2.04494	-1.89679	-1.73265	-1.68347	-1.79219	-1.96552	-2.07423	-2.07113	-1.92488	-1.59812	-1.13257	-0.558012	0.0625361	0.672023	1.20492	1.61793	1.86728	1.95528	1.8623	1.63405	1.31726	0.926379	0.538814	0.25345	0.0967324	0.031097	0.0110894	0.010799	0.0219541	0.044833	0.0816698	0.133206	0.197612	0.271042	0.348777	0.426186	0.499427	0.565694	0.622822	0.669368	0.704468	0.727791	0.739033	0.737781	0.724083	0.698386	0.660966	0.612222	0.553135	0.485284	0.410959	0.333146	0.255886	0.183892	0.12179	0.0731081	0.0391266	0.0184023	0.00752337	0.00265523	0.000806575	0.000210951	4.76374e-05	9.34345e-06	1.64222e-06	3.67497e-07	3.20052e-07	5.6567e-07	9.60147e-07	1.44676e-06	1.93636e-06	2.31219e-06	2.472e-06	2.38567e-06	2.24286e-06	3.47657e-06	1.6111e-05	0.000103688	0.000612531	0.00312266	0.0135053	0.0488446	0.145525	
0.385203	0.733324	1.13779	1.49799	1.77174	1.9322	1.92541	1.74063	1.38558	0.888538	0.285675	-0.351308	-0.972965	-1.49014	-1.87063	-2.05703	-2.04664	-1.89679	-1.66508	-1.45433	-1.39354	-1.52699	-1.76366	-1.96929	-2.07037	-2.00969	-1.73608	-1.30041	-0.730752	-0.096538	0.536572	1.10004	1.55127	1.83022	1.95228	1.88651	1.67141	1.36409	0.977155	0.581208	0.280149	0.110355	0.0391305	0.0216552	0.0325523	0.0647272	0.118253	0.192216	0.282138	0.381355	0.483304	0.582713	0.675832	0.760445	0.834957	0.898066	0.949107	0.987828	1.01373	1.02616	1.02477	1.00961	0.981106	0.939903	0.886432	0.820965	0.744313	0.657853	0.563262	0.46299	0.361125	0.263213	0.175966	0.105746	0.056048	0.0258046	0.0102156	0.0034601	0.00100209	0.000248798	5.32049e-05	9.86101e-06	1.60446e-06	2.54824e-07	8.7392e-08	1.07515e-07	1.61657e-07	2.19856e-07	2.65482e-07	2.87159e-07	3.00661e-07	5.15482e-07	2.65476e-06	1.91857e-05	0.000128371	0.000748435	0.00374329	0.015854	0.0560669	0.163122	
0.404673	0.76028	1.16619	1.52221	1.78891	1.93841	1.91446	1.71009	1.33821	0.816498	0.202408	-0.449522	-1.06537	-1.58077	-1.9189	-2.07299	-1.97851	-1.73265	-1.45433	-1.19989	-1.12174	-1.29029	-1.56745	-1.83792	-2.04482	-2.04034	-1.80219	-1.39666	-0.823092	-0.192772	0.459619	1.03594	1.50936	1.80877	1.94719	1.89835	1.69222	1.39016	1.00592	0.606073	0.29701	0.121863	0.0530746	0.0490416	0.0862262	0.156033	0.252371	0.366204	0.487693	0.609526	0.727335	0.838449	0.941116	1.03415	1.11558	1.18461	1.24044	1.28294	1.31077	1.32336	1.32197	1.30644	1.27561	1.23036	1.17188	1.10028	1.01642	0.92128	0.816834	0.7042	0.585338	0.463162	0.342517	0.231283	0.139083	0.0728655	0.0327386	0.0125074	0.00405335	0.00111671	0.000262851	5.32038e-05	9.32761e-06	1.42882e-06	1.97127e-07	3.28749e-08	1.84354e-08	2.24555e-08	2.73474e-08	3.22764e-08	6.18161e-08	3.54277e-07	2.8744e-06	2.17746e-05	0.000145033	0.000837286	0.00414165	0.0173332	0.0605213	0.173734	
0.409262	0.766575	1.17267	1.52755	1.79299	1.94056	1.91102	1.70091	1.32768	0.798497	0.183366	-0.472921	-1.08568	-1.60188	-1.92695	-2.07716	-1.95648	-1.68347	-1.39354	-1.12174	-1.03683	-1.22157	-1.51161	-1.79622	-2.03558	-2.04496	-1.81403	-1.41967	-0.84222	-0.217079	0.443226	1.02017	1.50042	1.80582	1.94482	1.89998	1.69706	1.39635	1.01283	0.612918	0.304722	0.135684	0.0835794	0.110425	0.190432	0.305614	0.439326	0.578689	0.717434	0.853256	0.984082	1.10719	1.22016	1.32058	1.40638	1.47782	1.53436	1.57571	1.60217	1.61414	1.61283	1.59812	1.56869	1.52429	1.46469	1.39035	1.30158	1.19845	1.08324	0.958412	0.826335	0.689803	0.550661	0.411682	0.279942	0.167818	0.0864708	0.0377081	0.0138328	0.00427246	0.00111671	0.000248798	4.76326e-05	7.90078e-06	1.14471e-06	1.46653e-07	1.78753e-08	3.68366e-09	2.89212e-09	5.94149e-09	3.78547e-08	3.44528e-07	2.95221e-06	2.24319e-05	0.000149151	0.000859063	0.00423858	0.0176903	0.0615879	0.176254	
0.398655	0.752021	1.1575	1.51469	1.7835	1.93665	1.91847	1.71965	1.35238	0.839398	0.227439	-0.418439	-1.03653	-1.55195	-1.9059	-2.06898	-2.00454	-1.79219	-1.52699	-1.29029	-1.22157	-1.37531	-1.63598	-1.8859	-2.05528	-2.03211	-1.78328	-1.3657	-0.794924	-0.16243	0.482347	1.05609	1.52242	1.81542	1.9493	1.89478	1.6858	1.3825	0.9984	0.603349	0.307936	0.162039	0.146386	0.220342	0.346417	0.494921	0.649089	0.804565	0.960333	1.11231	1.25525	1.38487	1.49953	1.59715	1.67922	1.74522	1.79716	1.83372	1.85787	1.8708	1.86937	1.85398	1.82749	1.78798	1.73312	1.66408	1.57884	1.47796	1.36004	1.22768	1.08247	0.929332	0.773357	0.617952	0.463883	0.315576	0.187178	0.0940849	0.0395169	0.0138328	0.00405335	0.00100209	0.00021095	3.81672e-05	5.98863e-06	8.2172e-07	9.94437e-08	1.08351e-08	1.46997e-09	3.29005e-09	3.26615e-08	3.1609e-07	2.73482e-06	2.08899e-05	0.000139627	0.000808723	0.00401436	0.0168636	0.0591181	0.170421	
0.373558	0.717028	1.12032	1.48258	1.76069	1.92836	1.93026	1.75757	1.41614	0.929623	0.337965	-0.291754	-0.9121	-1.4361	-1.8326	-2.04405	-2.06971	-1.96552	-1.76366	-1.56745	-1.51161	-1.63598	-1.85253	-2.02184	-2.07712	-1.98569	-1.6902	-1.2426	-0.66933	-0.0392429	0.58448	1.13689	1.57536	1.84388	1.95377	1.87827	1.65883	1.34912	0.964043	0.58205	0.316395	0.215016	0.252476	0.374217	0.53089	0.697673	0.870521	1.04668	1.21753	1.37552	1.51756	1.64229	1.7504	1.84051	1.91536	1.97367	2.01842	2.05047	2.0697	2.07911	2.07811	2.06668	2.04507	2.01044	1.96318	1.90168	1.8238	1.73023	1.61873	1.49051	1.34523	1.18419	1.01173	0.835394	0.663334	0.495877	0.334251	0.193995	0.0940849	0.0377081	0.0125074	0.0034601	0.000806575	0.000160129	2.73536e-05	4.05859e-06	5.27561e-07	6.05639e-08	6.38686e-09	2.9798e-09	2.6435e-08	2.59513e-07	2.27141e-06	1.75574e-05	0.000118846	0.000697757	0.00351438	0.0149961	0.0534569	0.15684	
0.335669	0.662678	1.0611	1.42985	1.7212	1.91216	1.94401	1.80966	1.51123	1.06085	0.510918	-0.102057	-0.707513	-1.24958	-1.67885	-1.95896	-2.08197	-2.07423	-1.96929	-1.83792	-1.79622	-1.8859	-2.02184	-2.08958	-2.04965	-1.86778	-1.52168	-1.04516	-0.469586	0.146105	0.740623	1.25672	1.64961	1.88285	1.95508	1.8494	1.61473	1.29583	0.913119	0.557763	0.342885	0.303769	0.395296	0.549026	0.724498	0.913418	1.10772	1.29344	1.46356	1.61808	1.7545	1.87215	1.96922	2.04699	2.10606	2.15106	2.18142	2.2024	2.2146	2.21933	2.21885	2.21278	2.19888	2.17623	2.14328	2.09545	2.03311	1.95131	1.85037	1.72855	1.58865	1.43064	1.25743	1.06923	0.874216	0.686255	0.506607	0.334251	0.187178	0.0864708	0.0327386	0.0102156	0.00265523	0.000581794	0.000108725	1.75166e-05	2.45656e-06	3.02495e-07	3.30911e-08	4.89045e-09	1.917e-08	1.89109e-07	1.68524e-06	1.32774e-05	9.17132e-05	0.000550196	0.00283573	0.0124021	0.0453895	0.136933	
0.287733	0.590842	0.980052	1.35562	1.66096	1.88048	1.95585	1.86657	1.62415	1.22945	0.727336	0.151454	-0.430193	-0.975463	-1.43589	-1.77205	-1.98552	-2.07113	-2.07037	-2.04482	-2.03558	-2.05528	-2.07712	-2.04965	-1.91689	-1.65288	-1.26527	-0.763931	-0.200584	0.387563	0.938494	1.40379	1.7407	1.91993	1.94575	1.80554	1.55151	1.22331	0.851846	0.541703	0.396414	0.423333	0.555024	0.730671	0.930794	1.14021	1.33858	1.52236	1.69101	1.83934	1.96208	2.0615	2.13661	2.19246	2.23059	2.2553	2.27033	2.27747	2.28154	2.28405	2.28375	2.28078	2.27638	2.26806	2.25119	2.22426	2.18271	2.12331	2.04349	1.9395	1.81153	1.65893	1.48642	1.30026	1.09845	0.887506	0.686255	0.495877	0.315576	0.167818	0.0728655	0.0258046	0.00752337	0.00182892	0.000375578	6.59474e-05	1.00097e-05	1.32606e-06	1.54721e-07	1.70315e-08	1.3335e-08	1.21712e-07	1.1114e-06	8.99161e-06	6.38707e-05	0.000394677	0.00209917	0.00949364	0.0360087	0.11283	
0.233609	0.504669	0.877435	1.25878	1.57911	1.82641	1.95122	1.91842	1.7439	1.41484	0.976988	0.456918	-0.087662	-0.625363	-1.09429	-1.47891	-1.75258	-1.92488	-2.00969	-2.04034	-2.04496	-2.03211	-1.98569	-1.86778	-1.65288	-1.33927	-0.914965	-0.416221	0.131277	0.67104	1.16268	1.56299	1.8305	1.95008	1.92087	1.73991	1.46687	1.13467	0.788727	0.543051	0.475841	0.558694	0.719974	0.922297	1.14368	1.35505	1.55386	1.73685	1.8932	2.02066	2.12134	2.1955	2.24567	2.27392	2.28585	2.28547	2.2773	2.26806	2.2584	2.25187	2.25261	2.26013	2.26999	2.27916	2.2864	2.28455	2.26977	2.23749	2.18263	2.10347	1.99737	1.86435	1.70238	1.51483	1.31418	1.09845	0.874216	0.663334	0.463883	0.279942	0.139083	0.056048	0.0184023	0.00498295	0.00112842	0.000216601	3.56734e-05	5.09557e-06	6.37288e-07	7.0904e-08	1.33895e-08	6.91784e-08	6.475e-07	5.41899e-06	3.98892e-05	0.00025592	0.00141636	0.00668185	0.0265092	0.0871275	
0.178	0.409226	0.755178	1.13753	1.47295	1.74547	1.9228	1.9525	1.84853	1.60276	1.24043	0.791156	0.294141	-0.204725	-0.667168	-1.06578	-1.37906	-1.59812	-1.73608	-1.80219	-1.81403	-1.78328	-1.6902	-1.52168	-1.26527	-0.914965	-0.489042	-0.00553086	0.493912	0.981775	1.39588	1.71902	1.90698	1.95791	1.86855	1.64928	1.36196	1.03458	0.731773	0.564845	0.572121	0.699426	0.89135	1.11881	1.34452	1.55686	1.75428	1.9186	2.05515	2.16027	2.23204	2.27345	2.28692	2.28042	2.2575	2.22735	2.19396	2.16296	2.14201	2.13232	2.13335	2.1452	2.16852	2.20071	2.23372	2.26294	2.28319	2.286	2.26773	2.22024	2.14217	2.03007	1.88821	1.71719	1.51483	1.30026	1.06923	0.835394	0.617952	0.411682	0.231283	0.105746	0.0391266	0.011823	0.00295856	0.000622008	0.000111345	1.71732e-05	2.306e-06	2.72288e-07	3.14884e-08	3.63522e-08	3.31158e-07	2.88549e-06	2.21709e-05	0.000148816	0.000863879	0.00428729	0.0179515	0.0624856	
0.125842	0.311417	0.617965	0.991425	1.34079	1.63418	1.85792	1.95615	1.92729	1.77073	1.49221	1.127	0.704944	0.257248	-0.173317	-0.565618	-0.885379	-1.13257	-1.30041	-1.39666	-1.41967	-1.3657	-1.2426	-1.04516	-0.763931	-0.416221	-0.00553086	0.437673	0.877937	1.28222	1.6151	1.85023	1.95211	1.93442	1.78346	1.53222	1.23801	0.928265	0.686789	0.604662	0.677163	0.844515	1.06736	1.30629	1.53123	1.74282	1.92097	2.06865	2.17903	2.24906	2.28272	2.28505	2.25908	2.21124	2.15069	2.0837	2.01916	1.9655	1.92509	1.90361	1.906	1.93175	1.97532	2.03138	2.09724	2.16353	2.22207	2.26651	2.28703	2.27891	2.2375	2.16074	2.04104	1.88821	1.70238	1.48642	1.25743	1.01173	0.773357	0.550661	0.342517	0.175966	0.0731081	0.0246277	0.00681011	0.00156876	0.000305363	5.08773e-05	7.33816e-06	9.25419e-07	1.04145e-07	2.45303e-08	1.48394e-07	1.34779e-06	1.08781e-05	7.69107e-05	0.000471731	0.00248221	0.0110627	0.0411595	
0.0814165	0.219295	0.47417	0.822997	1.18034	1.49139	1.75234	1.91668	1.96066	1.89601	1.71165	1.44463	1.09686	0.726263	0.344465	-0.00808934	-0.313096	-0.558012	-0.730752	-0.823092	-0.84222	-0.794924	-0.66933	-0.469586	-0.200584	0.131277	0.493912	0.877937	1.24107	1.56291	1.79674	1.9372	1.95665	1.86718	1.65982	1.38974	1.09764	0.821613	0.657397	0.659026	0.78841	0.993964	1.23863	1.47833	1.7026	1.90054	2.0597	2.18052	2.25385	2.28878	2.27908	2.23333	2.15917	2.06524	1.95883	1.85345	1.75555	1.67339	1.61742	1.59101	1.59389	1.62619	1.688	1.77422	1.87407	1.98045	2.08549	2.17598	2.2452	2.28323	2.28596	2.24148	2.16074	2.03007	1.86435	1.65893	1.43064	1.18419	0.929332	0.689803	0.463162	0.263213	0.12179	0.0455419	0.0138824	0.00349856	0.000739733	0.00013303	2.05958e-05	2.77442e-06	3.28632e-07	3.96596e-08	6.02549e-08	5.49029e-07	4.67627e-06	3.50166e-05	0.000228298	0.00128221	0.00612803	0.0245751	
0.0474402	0.140473	0.335257	0.640212	0.992585	1.31657	1.60117	1.82513	1.9399	1.9624	1.87408	1.69728	1.45655	1.16493	0.855728	0.555753	0.285356	0.0625361	-0.096538	-0.192772	-0.217079	-0.16243	-0.0392429	0.146105	0.387563	0.67104	0.981774	1.28222	1.5629	1.77355	1.92367	1.96429	1.90601	1.74836	1.50049	1.22439	0.944156	0.721851	0.646792	0.726271	0.905327	1.14284	1.39721	1.63499	1.85255	2.02923	2.16557	2.2506	2.28922	2.27329	2.21773	2.12119	1.99448	1.84821	1.69476	1.54321	1.40626	1.29697	1.21957	1.18038	1.18476	1.23211	1.31647	1.43175	1.57285	1.7257	1.8786	2.02187	2.14203	2.23288	2.27972	2.28596	2.2375	2.14217	1.99737	1.81153	1.58865	1.34523	1.08247	0.826335	0.585338	0.361125	0.183892	0.07577	0.0253362	0.00696047	0.0015942	0.000308747	5.12112e-05	7.35719e-06	9.24632e-07	1.04169e-07	2.91869e-08	1.94808e-07	1.75071e-06	1.39378e-05	9.70136e-05	0.000584458	0.00301252	0.0131092	
0.0244884	0.0803053	0.21381	0.456497	0.782683	1.11361	1.40894	1.67237	1.85709	1.94696	1.96294	1.88054	1.7315	1.5299	1.30383	1.07064	0.853508	0.672023	0.536572	0.459619	0.443226	0.482347	0.58448	0.740623	0.938494	1.16268	1.39588	1.6151	1.79674	1.92366	1.96724	1.91888	1.79711	1.57705	1.31079	1.0377	0.784609	0.639169	0.658122	0.8052	1.02546	1.28502	1.54065	1.77377	1.9761	2.13063	2.23688	2.28387	2.27726	2.21654	2.10308	1.95298	1.76948	1.56881	1.36128	1.16418	0.988805	0.844084	0.741934	0.692889	0.698282	0.758203	0.870053	1.02182	1.20215	1.40278	1.60978	1.80698	1.98661	2.12942	2.23288	2.28323	2.27891	2.22024	2.10347	1.9395	1.72855	1.49051	1.22768	0.958412	0.7042	0.46299	0.255886	0.11506	0.0419088	0.0124826	0.00308315	0.000640622	0.00011347	1.73357e-05	2.30819e-06	2.70706e-07	3.35637e-08	6.19152e-08	5.68663e-07	4.82266e-06	3.5929e-05	0.000232875	0.00129913	0.006161	
0.0110347	0.0402269	0.120249	0.290451	0.562563	0.884884	1.1878	1.46249	1.70375	1.86263	1.94462	1.96093	1.90847	1.80094	1.65816	1.49714	1.3426	1.20492	1.10004	1.03594	1.02017	1.05609	1.13689	1.25672	1.40379	1.56299	1.71902	1.85022	1.93717	1.96422	1.91877	1.81167	1.6168	1.36194	1.09737	0.83366	0.633609	0.585148	0.692396	0.893201	1.14467	1.41552	1.66713	1.89285	2.07558	2.20455	2.27634	2.28425	2.22851	2.11557	1.94915	1.73749	1.49746	1.2366	0.976223	0.728161	0.506979	0.33194	0.213826	0.156853	0.163185	0.232587	0.36264	0.548196	0.776282	1.02751	1.28895	1.54795	1.78257	1.98661	2.14203	2.2452	2.28703	2.26773	2.18263	2.04349	1.85037	1.61873	1.36004	1.08324	0.816834	0.563262	0.333146	0.161719	0.0636238	0.0204045	0.00540314	0.00119832	0.000225627	3.65086e-05	5.13146e-06	6.32526e-07	7.02849e-08	2.23826e-08	1.60375e-07	1.4458e-06	1.15391e-05	8.05525e-05	0.000487015	0.00252144	
0.00429292	0.0173977	0.0584722	0.160589	0.356167	0.637226	0.941971	1.22001	1.47536	1.69583	1.84757	1.93275	1.95985	1.93854	1.87857	1.79576	1.70372	1.61793	1.55127	1.50936	1.50042	1.52242	1.57536	1.64961	1.7407	1.83049	1.90695	1.95204	1.95646	1.90559	1.79632	1.61573	1.37768	1.12386	0.861058	0.626412	0.512701	0.567434	0.746329	0.985552	1.25763	1.53127	1.77712	1.9907	2.15027	2.25319	2.28705	2.25425	2.14994	1.98301	1.7589	1.49033	1.18848	0.870921	0.552866	0.25083	-0.0119059	-0.224214	-0.375769	-0.452284	-0.443664	-0.351117	-0.186178	0.0370532	0.308656	0.615973	0.934557	1.25049	1.54795	1.80698	2.02187	2.17598	2.26651	2.286	2.23749	2.12331	1.95131	1.73023	1.47796	1.19845	0.92128	0.657853	0.410959	0.213015	0.0897043	0.0307369	0.00866637	0.00203895	0.000405815	6.91889e-05	1.02174e-05	1.31967e-06	1.50642e-07	1.88199e-08	4.02751e-08	3.75273e-07	3.20643e-06	2.40952e-05	0.00015779	0.000891331	
0.00143276	0.00643547	0.0242474	0.0756019	0.192629	0.398124	0.671688	0.955026	1.21225	1.44605	1.64819	1.80094	1.89909	1.94847	1.95792	1.94025	1.90539	1.86728	1.83022	1.80877	1.80582	1.81542	1.84388	1.88285	1.91991	1.95003	1.95775	1.93399	1.86616	1.74621	1.57308	1.3557	1.11679	0.861202	0.611511	0.447054	0.440125	0.584055	0.812238	1.07611	1.35969	1.63078	1.8691	2.0682	2.20553	2.27877	2.27692	2.20089	2.04971	1.82926	1.54967	1.22007	0.860546	0.483977	0.108307	-0.241978	-0.553922	-0.81083	-0.989635	-1.07618	-1.06652	-0.961032	-0.765077	-0.495039	-0.174655	0.181525	0.560356	0.934557	1.28895	1.60978	1.8786	2.08549	2.22207	2.28319	2.26977	2.18271	2.03311	1.8238	1.57884	1.30158	1.01642	0.744313	0.485284	0.265717	0.118675	0.0430944	0.0128431	0.0031838	0.000665637	0.000118875	1.83417e-05	2.46963e-06	2.9279e-07	3.14991e-08	1.1107e-08	8.46157e-08	7.711e-07	6.227e-06	4.40803e-05	0.000271044	
0.00040946	0.00202834	0.00851835	0.0299684	0.0872941	0.20862	0.408299	0.66302	0.924736	1.16386	1.37675	1.5611	1.71036	1.82026	1.89261	1.9331	1.95068	1.95528	1.95228	1.94719	1.94482	1.9493	1.95376	1.95505	1.94565	1.92057	1.86769	1.78133	1.65514	1.49138	1.2949	1.07271	0.828451	0.580581	0.389372	0.326385	0.417476	0.623629	0.880739	1.15912	1.44793	1.71458	1.94498	2.12678	2.24185	2.28719	2.24916	2.13353	1.93512	1.66616	1.33145	0.947944	0.529606	0.0947937	-0.332693	-0.739159	-1.10211	-1.39061	-1.58535	-1.6789	-1.6684	-1.55427	-1.34006	-1.03456	-0.660209	-0.248734	0.181525	0.615973	1.02751	1.40278	1.7257	1.98045	2.16353	2.26294	2.28455	2.22426	2.09545	1.90168	1.66408	1.39035	1.10028	0.820965	0.553135	0.316694	0.148623	0.0567202	0.0177316	0.00459903	0.00100335	0.00018652	2.98904e-05	4.17176e-06	5.11682e-07	5.57121e-08	6.89755e-09	1.69621e-08	1.60887e-07	1.39255e-06	1.06252e-05	7.08699e-05	
0.000100375	0.000545168	0.002534	0.00997534	0.032915	0.0902271	0.20451	0.384815	0.61191	0.849672	1.07141	1.26743	1.43589	1.57552	1.6859	1.76794	1.82501	1.8623	1.88651	1.89835	1.89998	1.89477	1.87823	1.84924	1.80502	1.73837	1.64531	1.52327	1.37186	1.1924	0.985923	0.75757	0.526085	0.334464	0.236918	0.269657	0.429727	0.67188	0.944139	1.23103	1.52145	1.78219	2.00391	2.1706	2.26464	2.28251	2.21364	2.05874	1.82053	1.50317	1.12144	0.685706	0.212395	-0.271991	-0.756491	-1.21881	-1.62539	-1.95456	-2.18951	-2.30841	-2.29487	-2.15097	-1.89559	-1.54984	-1.1299	-0.660209	-0.174655	0.308656	0.776282	1.20215	1.57285	1.87407	2.09724	2.23372	2.2864	2.25119	2.14328	1.96318	1.73312	1.46469	1.17188	0.886432	0.612222	0.363199	0.177506	0.0705993	0.0229703	0.00618801	0.00139915	0.00026901	4.45029e-05	6.40111e-06	8.07888e-07	9.02115e-08	9.21322e-09	3.61415e-09	2.92816e-08	2.70406e-07	2.21636e-06	1.59719e-05	
2.11944e-05	0.000125454	0.000640673	0.00279716	0.010346	0.0321562	0.0835296	0.181358	0.332102	0.523298	0.730196	0.930255	1.11056	1.26598	1.39523	1.49878	1.57777	1.63405	1.67141	1.69221	1.69705	1.68574	1.65861	1.61393	1.54905	1.4603	1.3467	1.20689	1.04129	0.852234	0.647772	0.445989	0.275979	0.171185	0.159635	0.257644	0.457318	0.717762	0.997609	1.2896	1.58001	1.83587	2.04925	2.20026	2.2773	2.27049	2.17415	1.98664	1.7123	1.35457	0.931635	0.448207	-0.0681231	-0.603421	-1.14032	-1.64782	-2.11039	-2.51241	-2.81533	-2.97217	-2.95428	-2.765	-2.43831	-2.02191	-1.54984	-1.03456	-0.495039	0.0370532	0.548196	1.02182	1.43175	1.77422	2.03138	2.20071	2.27916	2.26806	2.17623	2.01044	1.78798	1.52429	1.23036	0.939903	0.660966	0.40297	0.20337	0.0836023	0.0280874	0.00780045	0.00181513	0.000358579	6.08614e-05	8.96978e-06	1.15864e-06	1.32252e-07	1.34697e-08	1.64379e-09	4.74339e-09	4.58087e-08	4.0188e-07	3.11602e-06	
3.87638e-06	2.4862e-05	0.000138524	0.000665097	0.00272967	0.00950595	0.0279368	0.0691742	0.144966	0.260367	0.408933	0.575509	0.743546	0.900485	1.0388	1.15498	1.24783	1.31726	1.36409	1.39015	1.39629	1.38221	1.34803	1.29231	1.21354	1.1113	0.986038	0.839641	0.677135	0.507959	0.346994	0.212507	0.121926	0.0900039	0.132732	0.266016	0.485774	0.754947	1.03896	1.33479	1.62408	1.87439	2.08186	2.22102	2.28223	2.25752	2.13739	1.92516	1.62023	1.23291	0.772309	0.256098	-0.300518	-0.881479	-1.45231	-2.0052	-2.54397	-3.03264	-3.40256	-3.59232	-3.57077	-3.34139	-2.94203	-2.43831	-1.89559	-1.34006	-0.765077	-0.186178	0.36264	0.870053	1.31647	1.688	1.97532	2.16852	2.26999	2.27638	2.19888	2.04507	1.82749	1.56869	1.27561	0.981106	0.698386	0.434282	0.224505	0.0946246	0.0325704	0.00925549	0.00220078	0.000443729	7.67877e-05	1.15285e-05	1.51589e-06	1.76029e-07	1.81884e-08	1.73746e-09	7.89027e-10	6.8134e-09	6.36816e-08	5.29107e-07	
6.17938e-07	4.27154e-06	2.58011e-05	0.000135191	0.000610032	0.00235461	0.00773286	0.021554	0.0510924	0.103827	0.183491	0.287398	0.407254	0.532463	0.653218	0.762062	0.854101	0.926376	0.977141	1.00585	1.01249	0.997065	0.959516	0.900034	0.819566	0.720361	0.606005	0.482417	0.358075	0.24345	0.14906	0.0828883	0.0503419	0.0595994	0.12844	0.278123	0.507476	0.780803	1.06747	1.36598	1.65374	1.90005	2.10203	2.23253	2.28435	2.24419	2.11094	1.87697	1.55508	1.14243	0.657197	0.120816	-0.473157	-1.08137	-1.67208	-2.27314	-2.88605	-3.44427	-3.85998	-4.07002	-4.04629	-3.79179	-3.34139	-2.765	-2.15097	-1.55427	-0.961032	-0.351117	0.232587	0.758203	1.23211	1.62619	1.93175	2.1452	2.26013	2.28078	2.21278	2.06668	1.85398	1.59812	1.30644	1.00961	0.724083	0.456028	0.239576	0.102706	0.0359397	0.0103728	0.00250259	0.000511549	8.96875e-05	1.36356e-05	1.81506e-06	2.13322e-07	2.23016e-08	2.09387e-09	2.56135e-10	9.04329e-10	8.86917e-09	7.86594e-08	
8.64084e-08	6.40667e-07	4.17136e-06	2.36919e-05	0.000116599	0.000494125	0.0017938	0.00556142	0.0147314	0.0335091	0.0661321	0.114911	0.178829	0.253638	0.333168	0.410866	0.48093	0.538801	0.581136	0.605721	0.611447	0.59811	0.566231	0.517358	0.454137	0.380391	0.30119	0.222746	0.151628	0.0935267	0.0519254	0.0281356	0.0244778	0.0508994	0.129733	0.285936	0.519326	0.794565	1.08291	1.38221	1.66776	1.91391	2.11369	2.23678	2.28646	2.23501	2.09748	1.84888	1.52128	1.09123	0.595887	0.0473854	-0.569739	-1.18805	-1.79019	-2.42553	-3.08429	-3.67994	-4.11775	-4.33695	-4.31224	-4.04629	-3.57077	-2.95428	-2.29487	-1.6684	-1.06652	-0.443664	0.163185	0.698282	1.18476	1.59389	1.906	2.13335	2.25261	2.28375	2.21885	2.07811	1.86937	1.61283	1.32197	1.02477	0.737781	0.467592	0.247699	0.107141	0.0378192	0.0110045	0.00267522	0.000550741	9.72168e-05	1.4878e-05	1.99334e-06	2.358e-07	2.48129e-08	2.33863e-09	2.07214e-10	1.18681e-10	1.09265e-09	1.02998e-08	
1.06654e-08	8.4455e-08	5.89763e-07	3.60951e-06	1.9241e-05	8.88046e-05	0.000353069	0.00120506	0.00352825	0.00888826	0.0194077	0.0371502	0.0632237	0.0971157	0.136636	0.178402	0.218549	0.253386	0.27982	0.295555	0.299261	0.290638	0.2704	0.240275	0.202898	0.161633	0.12031	0.082687	0.051767	0.02919	0.0151921	0.00988596	0.0167415	0.0482605	0.129319	0.286519	0.520378	0.795831	1.08436	1.38364	1.66882	1.91515	2.11494	2.23718	2.28685	2.23422	2.09641	1.84637	1.51837	1.08659	0.590406	0.0406078	-0.578696	-1.19772	-1.80104	-2.4399	-3.10305	-3.70207	-4.14178	-4.36174	-4.33695	-4.07002	-3.59232	-2.97217	-2.30841	-1.6789	-1.07618	-0.452284	0.156853	0.692889	1.18038	1.59101	1.90361	2.13232	2.25187	2.28405	2.21933	2.07911	1.8708	1.61414	1.32336	1.02616	0.739033	0.46865	0.248446	0.107553	0.0379946	0.0110638	0.00269147	0.000554446	9.79309e-05	1.49963e-05	2.01037e-06	2.37956e-07	2.50548e-08	2.36228e-09	2.01455e-10	2.61246e-11	1.20499e-10	1.19493e-09	
1.16896e-09	9.84828e-09	7.34346e-08	4.81827e-07	2.76548e-06	1.38058e-05	5.96444e-05	0.00022216	0.000712276	0.00196851	0.00471352	0.00986391	0.0182482	0.0302314	0.0454419	0.0627359	0.0803943	0.0964556	0.109062	0.116733	0.118558	0.114319	0.104522	0.0903236	0.0733843	0.0556401	0.039	0.024989	0.0144683	0.00757491	0.00410812	0.0047901	0.0142044	0.0457801	0.12495	0.279148	0.51044	0.784501	1.07163	1.37037	1.65762	1.90377	2.10514	2.2339	2.28489	2.24193	2.10729	1.86959	1.54589	1.12882	0.640662	0.101178	-0.498934	-1.11026	-1.70397	-2.31378	-2.93883	-3.50726	-3.92915	-4.14178	-4.11775	-3.85998	-3.40256	-2.81533	-2.18951	-1.58535	-0.989635	-0.375769	0.213826	0.741934	1.21957	1.61742	1.92509	2.14201	2.2584	2.28154	2.2146	2.0697	1.85787	1.60217	1.31077	1.01373	0.727791	0.459171	0.241781	0.103905	0.0364457	0.0105423	0.00254877	0.000522005	9.1691e-05	1.39653e-05	1.86222e-06	2.19249e-07	2.2961e-08	2.15295e-09	1.81871e-10	1.48878e-11	1.26392e-11	1.23556e-10	
