-0.496563	-0.0258839	0.534964	1.14193	1.72736	2.25229	2.66895	2.9714	3.14294	3.15953	3.05052	2.84049	2.53223	2.17057	1.83776	1.58993	1.43086	1.33755	1.28545	1.25952	1.25307	1.26377	1.28962	1.32872	1.37846	1.43449	1.49146	1.54467	1.58644	1.60853	1.60381	1.56802	1.49942	1.3976	1.26366	1.09795	0.899567	0.676322	0.454199	0.267377	0.136721	0.0606323	0.0233904	0.0078917	0.00234348	0.000616569	0.000144742	3.07328e-05	6.42812e-06	2.27025e-06	2.46307e-06	3.90321e-06	6.10502e-06	9.02775e-06	1.27996e-05	1.86677e-05	3.45675e-05	0.000101559	0.000403021	0.00165063	0.00621693	0.0207509	0.0603825	0.15137	0.323566	0.585583	0.89815	1.18783	1.40685	1.55373	1.61413	1.55493	1.39065	1.14364	0.816209	0.450038	0.0697157	-0.294502	-0.617839	-0.891254	-1.08607	-1.21849	-1.27751	-1.29006	-1.263	-1.22088	-1.1739	-1.12998	-1.10445	-1.0967	-1.09958	-1.12364	-1.16584	-1.21015	-1.25643	-1.28485	-1.2806	-1.22261	-1.08401	-0.850378	
-0.0258839	0.514756	1.11756	1.69523	2.21289	2.64925	2.96966	3.16954	3.21891	3.11724	2.90629	2.60024	2.21538	1.8176	1.48257	1.24203	1.08511	0.987881	0.928648	0.897391	0.890288	0.904972	0.941518	0.997044	1.06973	1.1568	1.25152	1.34875	1.443	1.52545	1.58596	1.61414	1.60275	1.54715	1.44725	1.30983	1.14027	0.935118	0.698746	0.461307	0.264137	0.130316	0.0554687	0.0204776	0.00660286	0.00187365	0.000471936	0.000107672	2.53201e-05	1.14409e-05	1.38575e-05	2.16514e-05	3.29562e-05	4.7361e-05	6.43289e-05	8.33486e-05	0.000106633	0.000152644	0.000315041	0.000986048	0.00357121	0.0123403	0.0379999	0.101688	0.233178	0.453774	0.746866	1.04986	1.29963	1.48156	1.59511	1.60688	1.508	1.32692	1.06242	0.740479	0.394517	0.0303782	-0.300282	-0.598569	-0.842478	-1.03015	-1.1601	-1.23939	-1.27396	-1.28277	-1.27394	-1.26158	-1.25157	-1.2453	-1.25014	-1.25885	-1.27222	-1.28113	-1.27568	-1.2471	-1.16804	-1.03095	-0.803976	-0.477205	
0.534964	1.11756	1.6857	2.18687	2.63037	2.96597	3.16993	3.23442	3.14013	2.92011	2.61147	2.21942	1.78072	1.36989	1.04463	0.814058	0.660832	0.559233	0.493751	0.458086	0.450386	0.468078	0.512546	0.581675	0.672986	0.784761	0.913793	1.05048	1.18991	1.324	1.44461	1.54068	1.60128	1.61681	1.57721	1.47889	1.33502	1.15831	0.943264	0.693167	0.444895	0.245355	0.115889	0.0470717	0.0165617	0.00509072	0.001382	0.000341922	9.33058e-05	5.42613e-05	7.08454e-05	0.000108502	0.000160614	0.000224993	0.000298488	0.000376204	0.000452969	0.000530336	0.000646492	0.000994965	0.00233586	0.00718066	0.0224627	0.0636439	0.156781	0.329871	0.587741	0.88875	1.16446	1.37847	1.53466	1.61456	1.58715	1.47263	1.28267	1.01353	0.713514	0.389627	0.056817	-0.247809	-0.522981	-0.74758	-0.927408	-1.05754	-1.14888	-1.20717	-1.23823	-1.25506	-1.26095	-1.26252	-1.26333	-1.2576	-1.24174	-1.21508	-1.16004	-1.0709	-0.931384	-0.718758	-0.412567	0.0111568	
1.14193	1.69523	2.18687	2.62219	2.96451	3.16283	3.22479	3.14019	2.91554	2.59691	2.19816	1.7322	1.26001	0.853431	0.547002	0.331613	0.184009	0.0795806	0.0118526	-0.0256018	-0.0346838	-0.0139921	0.0328735	0.109712	0.213842	0.341722	0.495173	0.667474	0.850821	1.03606	1.21246	1.36954	1.49545	1.58077	1.61791	1.592	1.49288	1.34071	1.15388	0.924367	0.65978	0.406702	0.213866	0.0959767	0.0370003	0.0123689	0.00363751	0.000989274	0.000325382	0.000239619	0.000326761	0.000488136	0.000701681	0.000957341	0.00124139	0.00153404	0.00181132	0.00205082	0.00224817	0.00247684	0.00310397	0.00547279	0.0136624	0.0378745	0.0982051	0.222919	0.432281	0.710933	1.00085	1.2451	1.43399	1.56962	1.61834	1.56983	1.45439	1.26418	1.00894	0.731634	0.434906	0.141758	-0.134671	-0.381471	-0.592877	-0.76198	-0.89316	-0.987723	-1.05715	-1.1004	-1.12398	-1.13322	-1.12667	-1.10613	-1.06697	-1.00203	-0.909262	-0.771723	-0.575709	-0.291931	0.0942544	0.588253	
1.72736	2.21289	2.63037	2.96451	3.15939	3.21287	3.13449	2.91004	2.57313	2.15949	1.67243	1.15748	0.686	0.31248	0.0395982	-0.152655	-0.291087	-0.387994	-0.451797	-0.486911	-0.496196	-0.476171	-0.431046	-0.357251	-0.253539	-0.1195	0.0406888	0.229814	0.440028	0.666626	0.896345	1.11653	1.31113	1.46485	1.56612	1.61588	1.5949	1.48909	1.32713	1.12648	0.877568	0.600136	0.350995	0.174343	0.0738469	0.0269395	0.00863638	0.00263424	0.00108309	0.000972428	0.0013494	0.00195802	0.00272883	0.0036217	0.00458605	0.00555572	0.00645449	0.00720606	0.00774934	0.00807176	0.00831568	0.00913182	0.0127011	0.0250779	0.0599342	0.140884	0.294777	0.529839	0.812652	1.08124	1.29885	1.4712	1.58875	1.61636	1.56261	1.45257	1.27651	1.04968	0.797266	0.533196	0.275337	0.0335006	-0.182955	-0.370807	-0.52477	-0.645696	-0.734859	-0.796656	-0.835422	-0.847228	-0.838671	-0.805869	-0.747741	-0.661901	-0.537796	-0.363645	-0.116861	0.222692	0.668981	1.1918	
2.25229	2.64925	2.96597	3.16283	3.21287	3.13184	2.90728	2.55019	2.11798	1.61837	1.07722	0.561656	0.130462	-0.193231	-0.427817	-0.593393	-0.711492	-0.791863	-0.846115	-0.87498	-0.881714	-0.868241	-0.827994	-0.765387	-0.675	-0.551433	-0.395328	-0.204815	0.0143526	0.259702	0.520987	0.788475	1.04379	1.27393	1.45201	1.56283	1.61654	1.58719	1.46772	1.29372	1.07341	0.801935	0.518212	0.284419	0.132461	0.0528785	0.0186404	0.00655601	0.00344153	0.00357629	0.00494899	0.00695004	0.00937508	0.0120874	0.0149297	0.0177152	0.0202424	0.0223173	0.0237763	0.0245146	0.0245402	0.0241409	0.0244065	0.0286115	0.0450155	0.0904094	0.190051	0.3661	0.613769	0.888145	1.13337	1.33127	1.49133	1.59553	1.61618	1.56726	1.46723	1.31622	1.12535	0.909123	0.683692	0.461228	0.254596	0.0688193	-0.0890418	-0.220839	-0.321616	-0.392949	-0.436344	-0.453341	-0.441699	-0.4033	-0.335464	-0.234607	-0.0893702	0.112452	0.398899	0.786979	1.26791	1.77957	
2.66895	2.96966	3.16993	3.22479	3.13449	2.90728	2.54035	2.0921	1.5868	1.02468	0.476159	-0.00366831	-0.371389	-0.639379	-0.823442	-0.951023	-1.03662	-1.09513	-1.13026	-1.14813	-1.15229	-1.14288	-1.11905	-1.07627	-1.00756	-0.913727	-0.782216	-0.611476	-0.398346	-0.148473	0.131251	0.428098	0.727775	1.00732	1.26475	1.45559	1.57135	1.61842	1.56667	1.429	1.23806	0.990718	0.69894	0.421523	0.215522	0.0944014	0.0370626	0.0155213	0.0103206	0.0117562	0.015981	0.0216511	0.0282192	0.0352957	0.0424743	0.0493171	0.0553855	0.0602789	0.0636701	0.0653351	0.0651859	0.0633447	0.060378	0.0579978	0.060762	0.0790797	0.131989	0.24434	0.431852	0.679209	0.93777	1.16204	1.34507	1.49445	1.59213	1.61859	1.58298	1.49958	1.37654	1.22299	1.05082	0.870345	0.691483	0.523661	0.37488	0.250094	0.149093	0.0755092	0.031525	0.0134576	0.0257348	0.0658713	0.137027	0.245511	0.399934	0.624736	0.943353	1.36031	1.83303	2.28701	
2.9714	3.16954	3.23442	3.14019	2.91004	2.55019	2.0921	1.57766	0.997286	0.420459	-0.0894639	-0.49189	-0.779562	-0.976274	-1.1043	-1.18356	-1.23199	-1.25342	-1.26526	-1.26981	-1.26823	-1.26568	-1.26165	-1.24702	-1.21715	-1.16022	-1.0698	-0.940257	-0.75957	-0.533759	-0.255797	0.05122	0.38779	0.714071	1.01653	1.28615	1.47559	1.58943	1.61351	1.53008	1.37169	1.15476	0.876219	0.575653	0.322123	0.155409	0.069175	0.0353674	0.0286254	0.0340955	0.0450295	0.0586896	0.0737889	0.0894178	0.104727	0.11889	0.131147	0.140844	0.147472	0.150691	0.150342	0.146482	0.139476	0.130302	0.121424	0.118701	0.134298	0.188314	0.303601	0.489691	0.725379	0.964476	1.17094	1.34137	1.48084	1.57713	1.61723	1.60364	1.54573	1.45286	1.33579	1.20585	1.07072	0.937806	0.813298	0.706108	0.618662	0.553187	0.512323	0.497378	0.507782	0.545734	0.613585	0.719107	0.878556	1.11893	1.45556	1.87216	2.3043	2.68067	
3.14294	3.21891	3.14013	2.91554	2.57313	2.11798	1.5868	0.997286	0.399994	-0.125729	-0.557407	-0.862421	-1.0729	-1.19439	-1.26234	-1.28113	-1.27888	-1.26537	-1.24919	-1.23944	-1.23509	-1.24343	-1.25513	-1.27034	-1.28397	-1.27855	-1.24579	-1.16796	-1.03762	-0.849473	-0.6027	-0.302312	0.0312594	0.397661	0.745636	1.06929	1.33249	1.51241	1.60856	1.59217	1.4755	1.29106	1.03856	0.736023	0.449361	0.240359	0.123686	0.0773032	0.0717484	0.0862093	0.109749	0.137304	0.166315	0.195091	0.222245	0.246586	0.267113	0.283035	0.293769	0.298936	0.298362	0.292079	0.280358	0.263838	0.243914	0.223746	0.210238	0.216589	0.262736	0.368779	0.539923	0.754109	0.971228	1.16173	1.32074	1.45105	1.54728	1.60229	1.61521	1.5899	1.53291	1.4545	1.36479	1.2716	1.18033	1.09701	1.02786	0.975547	0.94197	0.929935	0.939136	0.972492	1.03425	1.13601	1.3006	1.55213	1.89639	2.29354	2.66541	2.95249	
3.15953	3.11724	2.92011	2.59691	2.15949	1.61837	1.02468	0.420459	-0.125729	-0.578386	-0.907568	-1.12312	-1.24186	-1.28731	-1.27807	-1.24274	-1.19039	-1.14467	-1.10235	-1.07816	-1.07683	-1.08765	-1.11557	-1.16191	-1.21259	-1.2582	-1.2898	-1.27946	-1.22201	-1.0894	-0.893217	-0.616975	-0.290807	0.0769957	0.458475	0.826434	1.15312	1.39794	1.55968	1.61406	1.54982	1.40158	1.18228	0.896343	0.596359	0.356716	0.21447	0.158905	0.159144	0.188189	0.229759	0.275602	0.321553	0.365181	0.40482	0.439249	0.467564	0.489112	0.503448	0.510297	0.509536	0.501182	0.485405	0.46258	0.433466	0.399666	0.364715	0.335996	0.326793	0.355821	0.440443	0.584043	0.767794	0.959393	1.13363	1.28216	1.40484	1.50038	1.56655	1.60259	1.60925	1.59014	1.55233	1.50366	1.45078	1.39841	1.35203	1.31585	1.2924	1.28378	1.29185	1.31946	1.37418	1.47241	1.63981	1.89734	2.23462	2.58914	2.88035	3.071	
3.05052	2.90629	2.61147	2.19816	1.67243	1.07722	0.476159	-0.0894639	-0.557407	-0.907568	-1.13477	-1.25842	-1.28932	-1.2595	-1.18344	-1.09303	-1.00392	-0.931422	-0.885656	-0.856989	-0.849069	-0.866305	-0.900785	-0.958363	-1.03674	-1.13145	-1.21747	-1.27988	-1.29155	-1.23729	-1.10057	-0.881786	-0.582506	-0.220172	0.176658	0.573369	0.949879	1.25617	1.47794	1.60031	1.59666	1.4916	1.31195	1.05898	0.768434	0.51646	0.358813	0.298992	0.307748	0.352787	0.412291	0.474701	0.534518	0.589102	0.63708	0.677674	0.710397	0.734936	0.751098	0.758778	0.757928	0.748554	0.730718	0.70456	0.670378	0.628822	0.581387	0.531485	0.486205	0.457872	0.463116	0.516904	0.622905	0.768024	0.92855	1.08338	1.22132	1.33851	1.43383	1.50721	1.55886	1.58924	1.60054	1.59702	1.58395	1.56583	1.54655	1.52987	1.51868	1.51494	1.52133	1.5424	1.58934	1.68343	1.8523	2.11029	2.42742	2.72684	2.93921	3.04898	
2.84049	2.60024	2.21942	1.7322	1.15748	0.561656	-0.00366831	-0.49189	-0.862421	-1.12312	-1.25842	-1.29349	-1.24056	-1.13545	-1.00356	-0.88095	-0.78391	-0.71641	-0.670838	-0.647764	-0.643622	-0.654876	-0.687408	-0.739501	-0.818196	-0.927562	-1.05671	-1.18272	-1.27166	-1.29595	-1.23439	-1.07379	-0.819153	-0.487152	-0.0900959	0.325926	0.737698	1.09764	1.37509	1.56078	1.62296	1.57114	1.44045	1.23579	0.976607	0.731239	0.567422	0.503717	0.516237	0.570161	0.639536	0.710284	0.776184	0.834872	0.885525	0.927824	0.961587	0.986724	1.00321	1.01102	1.01016	1.00062	0.982413	0.955557	0.920114	0.876276	0.824536	0.766082	0.703791	0.643728	0.596311	0.575359	0.593573	0.655866	0.755619	0.877905	1.00691	1.13096	1.24303	1.33951	1.41907	1.48145	1.52715	1.55786	1.57645	1.58629	1.59029	1.59107	1.59096	1.59203	1.59745	1.61421	1.65752	1.75318	1.929	2.18846	2.48351	2.73167	2.87936	2.92168	
2.53223	2.21538	1.78072	1.26001	0.686	0.130462	-0.371389	-0.779562	-1.0729	-1.24186	-1.28932	-1.24056	-1.11439	-0.957363	-0.801351	-0.678975	-0.602696	-0.557029	-0.536715	-0.523526	-0.517059	-0.527077	-0.543559	-0.572507	-0.627085	-0.72386	-0.860873	-1.02324	-1.17146	-1.27346	-1.2881	-1.20556	-1.00557	-0.708353	-0.32791	0.0942128	0.528885	0.933293	1.26364	1.51027	1.64297	1.65653	1.5863	1.44174	1.22784	0.999262	0.830032	0.754601	0.759072	0.810084	0.87945	0.951033	1.01775	1.07708	1.12818	1.17067	1.2044	1.22942	1.24578	1.25351	1.25266	1.24321	1.22512	1.19837	1.16288	1.11867	1.06596	1.00524	0.937488	0.864983	0.79246	0.727922	0.681874	0.664477	0.681498	0.731871	0.808822	0.9031	1.00548	1.10783	1.20363	1.28834	1.35937	1.41595	1.45889	1.49008	1.51171	1.5258	1.53425	1.53928	1.54499	1.56083	1.60595	1.70937	1.89594	2.15595	2.42638	2.62532	2.71447	2.6921	
2.17057	1.8176	1.36989	0.853431	0.31248	-0.193231	-0.639379	-0.976274	-1.19439	-1.28731	-1.2595	-1.13545	-0.957363	-0.770854	-0.628381	-0.545951	-0.520092	-0.508951	-0.49289	-0.490887	-0.491461	-0.489371	-0.501368	-0.513292	-0.526216	-0.57125	-0.677287	-0.843595	-1.03119	-1.19481	-1.28458	-1.27007	-1.13388	-0.885394	-0.532181	-0.112833	0.336096	0.776033	1.15741	1.46736	1.67729	1.76707	1.76434	1.68082	1.51107	1.29662	1.1158	1.01973	1.00753	1.04944	1.11529	1.18611	1.25298	1.31233	1.36281	1.40404	1.43631	1.45999	1.47533	1.48253	1.48172	1.47291	1.45591	1.43053	1.39649	1.3534	1.30099	1.23952	1.16956	1.09213	1.00918	0.92453	0.844055	0.775103	0.725015	0.699165	0.699891	0.726859	0.777695	0.847875	0.930552	1.01752	1.10103	1.1754	1.23757	1.28673	1.32349	1.34905	1.36497	1.37368	1.38042	1.39714	1.44651	1.55933	1.75545	2.01218	2.25611	2.41128	2.45367	2.38233	
1.83776	1.48257	1.04463	0.547002	0.0395982	-0.427817	-0.823442	-1.1043	-1.26234	-1.27807	-1.18344	-1.00356	-0.801351	-0.628381	-0.534375	-0.508339	-0.514497	-0.510797	-0.496167	-0.496611	-0.498358	-0.494004	-0.501314	-0.514593	-0.510523	-0.51291	-0.561234	-0.691486	-0.880521	-1.08339	-1.23215	-1.29004	-1.21732	-1.01703	-0.695467	-0.288024	0.169181	0.641942	1.07529	1.45269	1.74488	1.91346	1.97236	1.93656	1.79884	1.59266	1.39907	1.28271	1.25407	1.28636	1.34707	1.41431	1.47723	1.53146	1.57593	1.61121	1.63836	1.65792	1.67031	1.67611	1.67545	1.66831	1.65454	1.63351	1.60479	1.56773	1.52113	1.46416	1.39671	1.31916	1.23234	1.13817	1.04024	0.943359	0.852888	0.773811	0.710013	0.664699	0.641468	0.643938	0.673158	0.725186	0.791538	0.862247	0.928975	0.986406	1.032	1.0651	1.08632	1.09804	1.10662	1.12647	1.18346	1.30927	1.51814	1.77624	2.00443	2.13564	2.15712	2.06633	
1.58993	1.24203	0.814058	0.331613	-0.152655	-0.593393	-0.951023	-1.18356	-1.28113	-1.24274	-1.09303	-0.88095	-0.678975	-0.545951	-0.508339	-0.528598	-0.52771	-0.500032	-0.468831	-0.472173	-0.479001	-0.465824	-0.480314	-0.512116	-0.533684	-0.519251	-0.512073	-0.58994	-0.752598	-0.970619	-1.16189	-1.27575	-1.25817	-1.10945	-0.823077	-0.426579	0.0389408	0.547958	1.03862	1.48383	1.85164	2.08655	2.19003	2.18577	2.0724	1.87656	1.67609	1.54273	1.49579	1.51223	1.55949	1.6144	1.66497	1.70707	1.74052	1.76672	1.78629	1.79978	1.80809	1.81205	1.81159	1.80674	1.79746	1.78284	1.76201	1.73438	1.69904	1.65399	1.59781	1.52966	1.44927	1.35654	1.25299	1.14203	1.02833	0.917017	0.812261	0.716425	0.631647	0.562919	0.518289	0.504094	0.51968	0.557006	0.604788	0.653	0.694938	0.727126	0.748684	0.761666	0.773365	0.800493	0.871554	1.01828	1.24909	1.52071	1.75103	1.8813	1.90545	1.8168	
1.43086	1.08511	0.660832	0.184009	-0.291087	-0.711492	-1.03662	-1.23199	-1.27888	-1.19039	-1.00392	-0.78391	-0.602696	-0.520092	-0.514497	-0.52771	-0.487677	-0.440952	-0.437703	-0.434173	-0.42866	-0.437166	-0.437065	-0.453999	-0.510037	-0.525505	-0.509965	-0.542828	-0.663754	-0.873306	-1.08417	-1.24168	-1.27531	-1.16705	-0.911049	-0.520283	-0.0427789	0.506324	1.05888	1.56416	1.98617	2.26583	2.40097	2.42339	2.33399	2.14891	1.93948	1.7832	1.70932	1.70126	1.72816	1.76554	1.80039	1.82878	1.85044	1.86624	1.87622	1.88229	1.88604	1.88754	1.8874	1.88551	1.88127	1.87457	1.86355	1.84652	1.82322	1.792	1.75093	1.6981	1.63263	1.55339	1.45918	1.3505	1.22955	1.10064	0.969791	0.842356	0.720371	0.604113	0.498181	0.413654	0.361281	0.343102	0.35137	0.373993	0.400242	0.423248	0.44018	0.452537	0.468361	0.506205	0.596378	0.769674	1.02849	1.32138	1.56429	1.70473	1.73951	1.65667	
1.33755	0.987881	0.559233	0.0795806	-0.387994	-0.791863	-1.09513	-1.25342	-1.26537	-1.14467	-0.931422	-0.71641	-0.557029	-0.508951	-0.510797	-0.500032	-0.440952	-0.398957	-0.425402	-0.41503	-0.397157	-0.426643	-0.413596	-0.404672	-0.471335	-0.505707	-0.51095	-0.515392	-0.610227	-0.797306	-1.02274	-1.20443	-1.27617	-1.19381	-0.96073	-0.56672	-0.061436	0.528562	1.13112	1.67761	2.13218	2.44408	2.60876	2.65454	2.57886	2.3921	2.16463	1.98063	1.87802	1.84489	1.85037	1.86798	1.8847	1.89595	1.90154	1.90175	1.89915	1.89613	1.89395	1.89207	1.89232	1.89446	1.89675	1.89975	1.90196	1.90076	1.89358	1.87948	1.85596	1.82098	1.77239	1.70987	1.63197	1.53784	1.42708	1.3	1.15937	1.01161	0.864689	0.721965	0.582011	0.448409	0.334611	0.254745	0.212275	0.199047	0.202373	0.211725	0.221555	0.232244	0.252122	0.300958	0.409985	0.608379	0.892871	1.20525	1.46013	1.60946	1.65086	1.56806	
1.28545	0.928648	0.493751	0.0118526	-0.451797	-0.846115	-1.13026	-1.26526	-1.24919	-1.10235	-0.885656	-0.670838	-0.536715	-0.49289	-0.496167	-0.468831	-0.437703	-0.425402	-0.442142	-0.424784	-0.407831	-0.43604	-0.435457	-0.42624	-0.450528	-0.481379	-0.49746	-0.499901	-0.580414	-0.749639	-0.976997	-1.16975	-1.26445	-1.20096	-0.967151	-0.556418	-0.0182511	0.60884	1.24175	1.80947	2.28775	2.62873	2.81388	2.8654	2.78613	2.58896	2.34289	2.13355	2.00276	1.94144	1.91934	1.91064	1.90308	1.89137	1.87659	1.85943	1.84429	1.83131	1.82129	1.81662	1.81711	1.82292	1.83381	1.84714	1.86273	1.87963	1.89337	1.90232	1.90285	1.89278	1.86823	1.82732	1.76869	1.69134	1.59591	1.48267	1.35145	1.20242	1.04092	0.877963	0.719239	0.562018	0.409429	0.27746	0.182414	0.127463	0.103171	0.0965368	0.098414	0.106903	0.129703	0.186993	0.310246	0.526955	0.82935	1.15433	1.41581	1.56875	1.61101	1.52372	
1.25952	0.897391	0.458086	-0.0256018	-0.486911	-0.87498	-1.14813	-1.26981	-1.23944	-1.07816	-0.856989	-0.647764	-0.523526	-0.490887	-0.496611	-0.472173	-0.434173	-0.41503	-0.424784	-0.409487	-0.398688	-0.421492	-0.420116	-0.418175	-0.449303	-0.484164	-0.496212	-0.493567	-0.561553	-0.722544	-0.946338	-1.14516	-1.24686	-1.18044	-0.929917	-0.489791	0.0803603	0.730333	1.37759	1.96072	2.4595	2.81415	2.99773	3.04085	2.95297	2.74267	2.47407	2.23425	2.06937	1.97463	1.92107	1.88428	1.85054	1.81591	1.78053	1.74685	1.71642	1.69174	1.67378	1.66635	1.66715	1.67654	1.69622	1.72214	1.75339	1.78736	1.82235	1.85459	1.88146	1.8989	1.90426	1.89315	1.86341	1.81136	1.73605	1.63815	1.52018	1.38427	1.22829	1.05548	0.87987	0.709038	0.539147	0.374504	0.234166	0.134947	0.0778237	0.0515661	0.0437943	0.0490177	0.07291	0.135009	0.266478	0.493547	0.805674	1.13696	1.40101	1.55458	1.59559	1.50385	
1.25307	0.890288	0.450386	-0.0346838	-0.496196	-0.881714	-1.15229	-1.26823	-1.23509	-1.07683	-0.849069	-0.643622	-0.517059	-0.491461	-0.498358	-0.479001	-0.42866	-0.397157	-0.407831	-0.398688	-0.385567	-0.404923	-0.402796	-0.40252	-0.452238	-0.489309	-0.49917	-0.491245	-0.556492	-0.716328	-0.938645	-1.13346	-1.22092	-1.12927	-0.849691	-0.373031	0.222535	0.88092	1.53733	2.13485	2.63812	2.98271	3.15445	3.18645	3.08019	2.84294	2.54281	2.27008	2.07262	1.94647	1.86188	1.79555	1.73314	1.67299	1.61354	1.55965	1.51236	1.47615	1.45195	1.43948	1.44095	1.45587	1.4824	1.52114	1.56999	1.62503	1.68433	1.74266	1.79833	1.84542	1.88126	1.90104	1.90268	1.8828	1.8381	1.76668	1.66657	1.54216	1.40002	1.23647	1.05356	0.8683	0.688177	0.508606	0.337505	0.197038	0.102231	0.0503061	0.0287769	0.0282456	0.0508502	0.114141	0.248341	0.478992	0.794689	1.12873	1.39459	1.54932	1.59081	1.4985	
1.26377	0.904972	0.468078	-0.0139921	-0.476171	-0.868241	-1.14288	-1.26568	-1.24343	-1.08765	-0.866305	-0.654876	-0.527077	-0.489371	-0.494004	-0.465824	-0.437166	-0.426643	-0.43604	-0.421492	-0.404923	-0.432403	-0.433306	-0.427122	-0.447847	-0.478342	-0.494892	-0.492998	-0.566289	-0.727678	-0.945752	-1.12591	-1.18259	-1.05208	-0.725319	-0.218838	0.390474	1.05962	1.72538	2.32156	2.80782	3.1344	3.28944	3.29329	3.1524	2.88211	2.55119	2.24721	2.01751	1.85679	1.73803	1.63858	1.54652	1.45888	1.37701	1.30393	1.24331	1.19496	1.16234	1.14656	1.14832	1.1675	1.20349	1.2546	1.31767	1.39271	1.4752	1.56187	1.64784	1.72926	1.80048	1.85677	1.89289	1.90606	1.89272	1.85223	1.78356	1.68095	1.54943	1.39976	1.22672	1.03433	0.841994	0.654151	0.46715	0.295011	0.161618	0.0775778	0.0360084	0.0254804	0.0437237	0.104805	0.237137	0.466013	0.781	1.11648	1.3857	1.54447	1.59045	1.50365	
1.28962	0.941518	0.512546	0.0328735	-0.431046	-0.827994	-1.11905	-1.26165	-1.25513	-1.11557	-0.900785	-0.687408	-0.543559	-0.501368	-0.501314	-0.480314	-0.437065	-0.413596	-0.435457	-0.420116	-0.402796	-0.433306	-0.425635	-0.415831	-0.456344	-0.491236	-0.502822	-0.506429	-0.587737	-0.758576	-0.967097	-1.11717	-1.13192	-0.944718	-0.570377	-0.0345626	0.588223	1.26571	1.93024	2.50771	2.96966	3.27091	3.3878	3.35126	3.1748	2.86664	2.49894	2.16025	1.89785	1.70407	1.5539	1.42341	1.30307	1.18971	1.08558	0.993574	0.916138	0.856768	0.817123	0.798778	0.800829	0.823412	0.867165	0.930338	1.01093	1.1052	1.21102	1.32398	1.4396	1.55337	1.65944	1.75338	1.82923	1.88217	1.90686	1.89884	1.85819	1.78875	1.68093	1.54197	1.38335	1.19859	0.997978	0.800402	0.605366	0.413837	0.246971	0.127232	0.058876	0.0326872	0.0426234	0.0980573	0.224474	0.447052	0.757943	1.09446	1.3696	1.53634	1.59164	1.51681	
1.32872	0.997044	0.581675	0.109712	-0.357251	-0.765387	-1.07627	-1.24702	-1.27034	-1.16191	-0.958363	-0.739501	-0.572507	-0.513292	-0.514593	-0.512116	-0.453999	-0.404672	-0.42624	-0.418175	-0.40252	-0.427122	-0.415831	-0.413702	-0.485336	-0.515838	-0.511985	-0.522884	-0.623522	-0.807399	-1.00105	-1.10928	-1.05697	-0.808489	-0.38712	0.173914	0.810193	1.49488	2.14288	2.69114	3.12257	3.37785	3.44608	3.37017	3.14386	2.78818	2.3838	2.01571	1.72474	1.50098	1.3182	1.157	1.00735	0.869388	0.743625	0.63487	0.545533	0.477437	0.432464	0.409313	0.411996	0.439825	0.489245	0.561714	0.654855	0.767322	0.895581	1.03427	1.18039	1.32733	1.46981	1.60118	1.71499	1.80744	1.87135	1.90619	1.90127	1.85819	1.78354	1.66647	1.51972	1.34947	1.15195	0.945443	0.743106	0.54142	0.350378	0.19628	0.0961917	0.0482315	0.0451156	0.0911831	0.20784	0.419883	0.723341	1.06034	1.34399	1.52275	1.59225	1.536	
1.37846	1.06973	0.672986	0.213842	-0.253539	-0.675	-1.00756	-1.21715	-1.28397	-1.21259	-1.03674	-0.818196	-0.627085	-0.526216	-0.510523	-0.533684	-0.510037	-0.471335	-0.450529	-0.449303	-0.452239	-0.447849	-0.456349	-0.485344	-0.52539	-0.525777	-0.5061	-0.553577	-0.682754	-0.879142	-1.03633	-1.09078	-0.958806	-0.646183	-0.177433	0.40749	1.05764	1.73865	2.35646	2.8706	3.25634	3.45203	3.47075	3.33861	3.05518	2.65751	2.2159	1.82002	1.50068	1.24877	1.037	0.848366	0.674709	0.514776	0.373131	0.250117	0.149417	0.0721484	0.0213516	-0.00150986	0.00101249	0.0293236	0.0854786	0.167374	0.272906	0.400199	0.545169	0.706658	0.878341	1.0554	1.23229	1.40168	1.55715	1.69082	1.79704	1.86658	1.90619	1.89884	1.85222	1.76664	1.63795	1.48175	1.29633	1.08774	0.877574	0.669618	0.463825	0.281151	0.14785	0.0729118	0.0516578	0.0843428	0.187438	0.384725	0.676968	1.01309	1.30718	1.50176	1.58984	1.55822	
1.43449	1.1568	0.784761	0.341722	-0.1195	-0.551433	-0.913727	-1.16022	-1.27855	-1.2582	-1.13145	-0.927562	-0.72386	-0.57125	-0.51291	-0.519251	-0.525505	-0.505707	-0.48138	-0.484165	-0.489312	-0.478352	-0.491263	-0.515899	-0.525873	-0.513197	-0.522728	-0.618586	-0.782385	-0.965117	-1.07421	-1.0429	-0.831078	-0.455732	0.0578763	0.665267	1.32758	1.98992	2.56835	3.03998	3.36427	3.49469	3.45279	3.25791	2.92223	2.47141	1.9973	1.57893	1.23945	0.963323	0.726887	0.51214	0.317096	0.139032	-0.0183031	-0.150269	-0.257607	-0.337508	-0.389831	-0.416539	-0.413497	-0.381462	-0.324128	-0.238444	-0.125431	0.011511	0.172609	0.353384	0.548398	0.753858	0.962513	1.16578	1.35965	1.53194	1.68241	1.79704	1.87135	1.90686	1.89272	1.83808	1.73597	1.59552	1.42543	1.22335	1.00788	0.794244	0.580272	0.3769	0.212672	0.107662	0.0635989	0.0788262	0.16465	0.342956	0.619564	0.952171	1.25751	1.47117	1.58159	1.57951	
1.49146	1.25152	0.913793	0.495173	0.0406888	-0.395328	-0.782216	-1.0698	-1.24579	-1.2898	-1.21747	-1.05671	-0.860873	-0.677287	-0.561234	-0.512073	-0.509965	-0.51095	-0.497462	-0.496218	-0.499189	-0.494947	-0.502963	-0.512304	-0.506707	-0.523547	-0.595267	-0.735974	-0.909682	-1.05225	-1.08709	-0.967905	-0.668612	-0.230363	0.3214	0.951219	1.61191	2.24122	2.77552	3.19194	3.44286	3.50215	3.39236	3.1345	2.73597	2.24003	1.74339	1.30422	0.949228	0.651091	0.394292	0.161034	-0.050796	-0.239156	-0.404364	-0.542838	-0.652105	-0.735373	-0.789424	-0.813565	-0.81107	-0.781328	-0.72113	-0.632049	-0.517041	-0.373797	-0.203744	-0.0107254	0.201348	0.430188	0.664266	0.903294	1.13058	1.34685	1.53194	1.69082	1.80744	1.88217	1.90606	1.88279	1.81133	1.69119	1.53717	1.34781	1.13245	0.913553	0.694669	0.478064	0.287977	0.152503	0.0821663	0.0762315	0.141379	0.296653	0.552609	0.877512	1.1933	1.42841	1.5643	1.59581	
1.54467	1.34875	1.05048	0.667474	0.229814	-0.204815	-0.611476	-0.940257	-1.16796	-1.27946	-1.27988	-1.18272	-1.02324	-0.843595	-0.691486	-0.58994	-0.542829	-0.515394	-0.49991	-0.493599	-0.49134	-0.493255	-0.507058	-0.524267	-0.556252	-0.622919	-0.740931	-0.899268	-1.04446	-1.11972	-1.06072	-0.840096	-0.465538	0.0276933	0.616664	1.2582	1.90335	2.49162	2.97184	3.31877	3.48921	3.47168	3.29014	2.96665	2.50826	1.97438	1.45404	1.00909	0.640908	0.33098	0.0557652	-0.190297	-0.413292	-0.608535	-0.774917	-0.912602	-1.02016	-1.09684	-1.14664	-1.17235	-1.16957	-1.13874	-1.08362	-1.00081	-0.887809	-0.744294	-0.571098	-0.372015	-0.145674	0.0983338	0.357049	0.620915	0.881521	1.13058	1.35965	1.55715	1.71499	1.82923	1.89289	1.90267	1.8634	1.76864	1.63173	1.45813	1.24895	1.02664	0.804007	0.579739	0.370073	0.206274	0.10796	0.0780106	0.119702	0.248392	0.47837	0.789756	1.11312	1.37081	1.53423	1.60203	
1.58644	1.443	1.18991	0.850821	0.440028	0.0143526	-0.398346	-0.75957	-1.03762	-1.22201	-1.29155	-1.27166	-1.17146	-1.03119	-0.880521	-0.752599	-0.663758	-0.610241	-0.580462	-0.561703	-0.556912	-0.567359	-0.590204	-0.628657	-0.692349	-0.798171	-0.931381	-1.06538	-1.1513	-1.13733	-0.977451	-0.665436	-0.212446	0.327182	0.940839	1.58188	2.19794	2.733	3.14775	3.41544	3.50031	3.40225	3.14933	2.75903	2.24309	1.68018	1.15243	0.703043	0.328111	0.00793889	-0.276601	-0.530413	-0.754531	-0.948841	-1.10959	-1.23902	-1.33818	-1.41038	-1.45482	-1.47371	-1.4718	-1.44805	-1.39788	-1.32076	-1.21588	-1.07947	-0.912951	-0.712799	-0.483643	-0.229597	0.045566	0.331288	0.620915	0.903294	1.16578	1.40168	1.60118	1.75338	1.85677	1.90104	1.89315	1.82731	1.70979	1.55302	1.35502	1.13262	0.90676	0.678209	0.455016	0.266837	0.140749	0.0851642	0.101576	0.20106	0.399957	0.690575	1.01609	1.29589	1.48811	1.5924	
1.60853	1.52545	1.324	1.03606	0.666626	0.259702	-0.148473	-0.533759	-0.849473	-1.0894	-1.23729	-1.29595	-1.27346	-1.19481	-1.08339	-0.970623	-0.873325	-0.797373	-0.749856	-0.723175	-0.717988	-0.731621	-0.767047	-0.823895	-0.908243	-1.01131	-1.11679	-1.19471	-1.19784	-1.08245	-0.821587	-0.418472	0.0855255	0.661888	1.29065	1.91259	2.48559	2.95718	3.29698	3.47808	3.47355	3.29388	2.9706	2.51457	1.95222	1.37095	0.841666	0.398391	0.0227541	-0.302126	-0.590541	-0.845429	-1.06501	-1.24935	-1.39776	-1.5111	-1.59412	-1.64939	-1.6831	-1.70093	-1.69884	-1.67747	-1.64019	-1.58	-1.4911	-1.37108	-1.21534	-1.0243	-0.798041	-0.54028	-0.255826	0.045566	0.357049	0.664266	0.962513	1.23229	1.46981	1.65944	1.80048	1.88126	1.90425	1.86823	1.77236	1.63251	1.44876	1.23032	1.00217	0.77105	0.539252	0.331485	0.179499	0.0980513	0.0885557	0.157565	0.321252	0.58304	0.902388	1.20132	1.42318	1.56256	
1.60381	1.58596	1.44461	1.21246	0.896345	0.520987	0.131251	-0.255797	-0.6027	-0.893217	-1.10057	-1.23439	-1.2881	-1.28458	-1.23216	-1.16191	-1.08426	-1.02303	-0.977875	-0.948716	-0.944443	-0.958496	-0.992432	-1.04679	-1.11156	-1.18686	-1.2392	-1.24108	-1.15389	-0.94021	-0.589319	-0.119049	0.433565	1.03237	1.65076	2.24147	2.75902	3.15529	3.41264	3.50121	3.40521	3.14822	2.75823	2.24039	1.64384	1.05849	0.541526	0.104486	-0.267397	-0.592246	-0.877201	-1.12468	-1.33091	-1.49741	-1.62384	-1.71487	-1.7758	-1.81407	-1.83301	-1.83806	-1.83755	-1.83028	-1.808	-1.76615	-1.69929	-1.60092	-1.46776	-1.29271	-1.07901	-0.826243	-0.54028	-0.229597	0.0983338	0.430188	0.753858	1.0554	1.32733	1.55337	1.72926	1.84542	1.8989	1.89278	1.82097	1.69807	1.5295	1.3185	1.08968	0.85683	0.619958	0.397394	0.222556	0.116327	0.0815539	0.120447	0.246596	0.471828	0.774038	1.08537	1.33672	1.50963	
1.56802	1.61414	1.54068	1.36954	1.11653	0.788475	0.428098	0.05122	-0.302312	-0.616975	-0.881786	-1.07379	-1.20556	-1.27007	-1.29007	-1.27586	-1.24204	-1.20556	-1.17291	-1.15307	-1.15121	-1.16177	-1.18268	-1.21817	-1.25647	-1.27442	-1.26405	-1.18178	-1.00974	-0.702458	-0.279834	0.248806	0.815946	1.41751	2.01486	2.55837	3.00347	3.31802	3.48781	3.47957	3.29656	2.96858	2.51394	1.94533	1.33166	0.754359	0.25592	-0.167109	-0.532638	-0.852817	-1.12929	-1.3621	-1.54802	-1.68697	-1.78437	-1.84216	-1.87217	-1.88328	-1.88448	-1.88521	-1.88492	-1.88424	-1.88239	-1.868	-1.83281	-1.76844	-1.66266	-1.51465	-1.3197	-1.07901	-0.798041	-0.483643	-0.145674	0.201348	0.548398	0.878341	1.18039	1.4396	1.64784	1.79833	1.88146	1.90285	1.85596	1.75092	1.59777	1.39652	1.1688	0.93474	0.695083	0.461959	0.267911	0.139009	0.0806977	0.0914725	0.180191	0.362999	0.635664	0.948001	1.2259	1.43169	
1.49942	1.60275	1.60128	1.49545	1.31113	1.04379	0.727775	0.38779	0.0312594	-0.290807	-0.582507	-0.819154	-1.00558	-1.13391	-1.21743	-1.25859	-1.27666	-1.28006	-1.27448	-1.26987	-1.26818	-1.26975	-1.27736	-1.27847	-1.26947	-1.23503	-1.15575	-1.00537	-0.750813	-0.381707	0.099208	0.645878	1.22352	1.81351	2.36209	2.84495	3.20846	3.43832	3.51462	3.40992	3.14915	2.75751	2.2447	1.63979	1.02822	0.473474	-0.00282821	-0.41334	-0.768683	-1.07929	-1.34052	-1.55213	-1.70951	-1.81562	-1.87443	-1.89565	-1.88877	-1.86702	-1.84322	-1.8275	-1.82922	-1.84745	-1.87193	-1.89204	-1.89371	-1.86583	-1.79878	-1.68182	-1.51465	-1.29271	-1.0243	-0.712799	-0.372015	-0.0107254	0.353384	0.706658	1.03427	1.32398	1.56187	1.74266	1.85459	1.90232	1.87948	1.792	1.65398	1.46411	1.2393	1.00442	0.76327	0.522985	0.313461	0.164648	0.0853347	0.0713275	0.125359	0.263198	0.494726	0.792424	1.08864	1.32659	
1.3976	1.54715	1.61681	1.58077	1.46485	1.27393	1.00732	0.714071	0.39766	0.0769955	-0.220173	-0.487158	-0.708382	-0.885514	-1.01748	-1.11095	-1.17152	-1.20565	-1.22881	-1.23868	-1.23787	-1.23388	-1.2208	-1.19358	-1.1458	-1.06422	-0.927619	-0.718668	-0.407187	0.0113115	0.523284	1.07508	1.64128	2.17965	2.68067	3.0899	3.3618	3.50667	3.4858	3.29435	2.96954	2.51905	1.9579	1.33977	0.747348	0.222117	-0.229339	-0.626	-0.972039	-1.26894	-1.51132	-1.69441	-1.81854	-1.8821	-1.89807	-1.87243	-1.82443	-1.77166	-1.72518	-1.69765	-1.7007	-1.73335	-1.7822	-1.83459	-1.87997	-1.89901	-1.87327	-1.79878	-1.66266	-1.46776	-1.21534	-0.912951	-0.571098	-0.203744	0.172609	0.545169	0.895581	1.21102	1.4752	1.68433	1.82235	1.89337	1.89358	1.82322	1.69904	1.52111	1.30093	1.06574	0.823733	0.578773	0.357227	0.191546	0.0941875	0.0595285	0.0838591	0.178382	0.360749	0.626229	0.925752	1.19221	
1.26366	1.44725	1.57721	1.61791	1.56612	1.45201	1.26475	1.01653	0.745636	0.458474	0.176652	-0.0901223	-0.328024	-0.532626	-0.697011	-0.827843	-0.924088	-0.992264	-1.0345	-1.05725	-1.06407	-1.05026	-1.02056	-0.967106	-0.88316	-0.761089	-0.585803	-0.334569	0.0108826	0.455299	0.965058	1.50052	2.02272	2.51846	2.95599	3.26651	3.45719	3.51655	3.40002	3.13948	2.75977	2.25725	1.66757	1.05958	0.502736	0.00857603	-0.422802	-0.805867	-1.13968	-1.42125	-1.63972	-1.79312	-1.87752	-1.8985	-1.86517	-1.79136	-1.69744	-1.60482	-1.53737	-1.50487	-1.50827	-1.54807	-1.62216	-1.71708	-1.8082	-1.87569	-1.89901	-1.86583	-1.76844	-1.60092	-1.37108	-1.07947	-0.744294	-0.373797	0.011511	0.400199	0.767322	1.1052	1.39271	1.62503	1.78736	1.87963	1.90076	1.84652	1.73438	1.56772	1.35339	1.11862	0.876073	0.628115	0.397502	0.217985	0.105617	0.0546012	0.0555334	0.112417	0.243501	0.461325	0.743051	1.02766	
1.09795	1.30983	1.47889	1.592	1.61588	1.56283	1.45559	1.28615	1.06929	0.826429	0.573346	0.325825	0.0938033	-0.114309	-0.292756	-0.439982	-0.553715	-0.63997	-0.697455	-0.729624	-0.737202	-0.721282	-0.678182	-0.607571	-0.504885	-0.364162	-0.166985	0.10167	0.45939	0.901136	1.39475	1.89562	2.36958	2.80261	3.14638	3.37645	3.4936	3.45691	3.26209	2.95332	2.52374	1.98227	1.39185	0.816689	0.29987	-0.164243	-0.580065	-0.953554	-1.27455	-1.53833	-1.73199	-1.85074	-1.89664	-1.86948	-1.78863	-1.67125	-1.53603	-1.41985	-1.33969	-1.29815	-1.30279	-1.35288	-1.44054	-1.56239	-1.6974	-1.8082	-1.87997	-1.89371	-1.83281	-1.69929	-1.4911	-1.21588	-0.887809	-0.517041	-0.125431	0.272906	0.654855	1.01093	1.31767	1.56999	1.75339	1.86273	1.90196	1.86355	1.76201	1.60479	1.39649	1.16287	0.920068	0.670209	0.432923	0.242404	0.117922	0.0544917	0.0384777	0.0660926	0.150453	0.31206	0.553179	0.835508	
0.89957	1.14027	1.33502	1.49288	1.5949	1.61654	1.57135	1.47559	1.33249	1.1531	0.949796	0.737348	0.527573	0.331725	0.156321	0.00572574	-0.117796	-0.209384	-0.273884	-0.310698	-0.317392	-0.299965	-0.250483	-0.173931	-0.0643884	0.0865569	0.288699	0.557609	0.908458	1.33026	1.78804	2.23264	2.64018	2.99421	3.26341	3.42261	3.44897	3.33044	3.08889	2.73838	2.26467	1.71418	1.15179	0.622855	0.14375	-0.299368	-0.701791	-1.06812	-1.37711	-1.62374	-1.79322	-1.87914	-1.88688	-1.81519	-1.68805	-1.52942	-1.36671	-1.2416	-1.17654	-1.15729	-1.1588	-1.18511	-1.26249	-1.39729	-1.56239	-1.71708	-1.83459	-1.89204	-1.868	-1.76615	-1.58	-1.32076	-1.00081	-0.632049	-0.238444	0.167374	0.561714	0.930338	1.2546	1.52114	1.72214	1.84714	1.89975	1.87457	1.78284	1.63351	1.43053	1.19837	0.955548	0.704525	0.462463	0.263508	0.12958	0.0570651	0.0297195	0.0370944	0.0844568	0.191136	0.375004	0.626842	
0.676326	0.935119	1.15831	1.34071	1.48909	1.58719	1.61842	1.58942	1.5124	1.39787	1.2559	1.09656	0.929536	0.764519	0.61102	0.475579	0.359156	0.268284	0.204754	0.168443	0.160049	0.180531	0.228261	0.30457	0.411803	0.554916	0.741738	0.991665	1.31294	1.69401	2.09695	2.47895	2.82075	3.10653	3.30203	3.3747	3.32514	3.16197	2.88603	2.49503	2.00286	1.47789	0.96423	0.483014	0.0308494	-0.39662	-0.794246	-1.15033	-1.45246	-1.67955	-1.83113	-1.88598	-1.86076	-1.7547	-1.58603	-1.40427	-1.22936	-1.1035	-1.06931	-1.08575	-1.08254	-1.06952	-1.12171	-1.26249	-1.44054	-1.62216	-1.7822	-1.87193	-1.88239	-1.808	-1.64019	-1.39788	-1.08362	-0.72113	-0.324128	0.0854786	0.489245	0.867165	1.20349	1.4824	1.69622	1.83381	1.89675	1.88127	1.79746	1.65454	1.45591	1.22512	0.982411	0.730711	0.485384	0.280302	0.139388	0.0605057	0.0261233	0.0210887	0.0431056	0.104875	0.227793	0.424337	
0.454204	0.698747	0.943264	1.15388	1.32713	1.46772	1.56667	1.6135	1.60852	1.55948	1.47711	1.37209	1.25403	1.13045	1.00954	0.899825	0.805543	0.72848	0.673572	0.64235	0.634439	0.652566	0.693521	0.759847	0.851174	0.971551	1.13279	1.35042	1.63156	1.96531	2.31304	2.63373	2.90684	3.11726	3.23426	3.24281	3.15527	2.96108	2.64826	2.23732	1.76926	1.2971	0.836033	0.393851	-0.0420357	-0.459555	-0.855929	-1.20476	-1.5011	-1.71386	-1.85011	-1.88278	-1.83116	-1.70044	-1.50746	-1.31663	-1.15674	-1.05675	-1.04517	-1.07432	-1.06954	-1.04146	-1.06952	-1.18511	-1.35288	-1.54807	-1.73335	-1.84745	-1.88424	-1.83028	-1.67747	-1.44805	-1.13874	-0.781328	-0.381462	0.0293236	0.439825	0.823412	1.1675	1.45587	1.67654	1.82292	1.89446	1.88551	1.80674	1.66831	1.47291	1.24321	1.00062	0.748553	0.501179	0.292073	0.146492	0.0635061	0.0251076	0.0133498	0.020381	0.0512683	0.122595	0.254606	
0.267382	0.461308	0.693167	0.924367	1.12648	1.29372	1.429	1.53005	1.59203	1.61347	1.59808	1.5533	1.48829	1.41121	1.32876	1.24837	1.17737	1.11884	1.07582	1.05097	1.04513	1.05868	1.09155	1.14343	1.2147	1.30992	1.43989	1.61755	1.85226	2.13186	2.41735	2.66915	2.87197	3.01867	3.0864	3.06211	2.94502	2.71816	2.39127	2.00577	1.593	1.18072	0.765109	0.345553	-0.0782648	-0.493358	-0.88678	-1.23433	-1.52458	-1.73295	-1.85552	-1.88123	-1.80872	-1.66725	-1.46496	-1.26793	-1.13868	-1.07467	-1.07388	-1.10319	-1.09829	-1.06954	-1.08254	-1.1588	-1.30279	-1.50827	-1.7007	-1.82922	-1.88492	-1.83755	-1.69884	-1.4718	-1.16957	-0.81107	-0.413497	0.00101249	0.411996	0.800829	1.14832	1.44095	1.66715	1.81711	1.89232	1.8874	1.81159	1.67545	1.48172	1.25266	1.01016	0.757928	0.509536	0.298363	0.150352	0.065261	0.0249373	0.0100383	0.00944517	0.0223785	0.0581221	0.133964	
0.136726	0.264138	0.444895	0.65978	0.877567	1.07341	1.23804	1.37161	1.47512	1.54829	1.59126	1.60624	1.598	1.57282	1.53651	1.49434	1.45246	1.41607	1.38827	1.37165	1.36791	1.37694	1.39899	1.43281	1.47903	1.54162	1.63014	1.7594	1.9404	2.16173	2.38756	2.58297	2.73793	2.84709	2.88426	2.83053	2.68736	2.45507	2.15901	1.83375	1.48625	1.12443	0.739346	0.333972	-0.0837583	-0.49708	-0.889599	-1.23693	-1.52656	-1.73474	-1.8558	-1.88128	-1.80628	-1.6642	-1.46134	-1.26348	-1.13834	-1.07853	-1.07847	-1.10791	-1.10319	-1.07432	-1.08575	-1.15729	-1.29815	-1.50487	-1.69765	-1.8275	-1.88521	-1.83806	-1.70093	-1.47371	-1.17235	-0.813565	-0.416539	-0.00150987	0.409313	0.798778	1.14656	1.43948	1.66635	1.81662	1.89207	1.88754	1.81205	1.67611	1.48253	1.25351	1.01102	0.758778	0.510297	0.298936	0.150695	0.0653608	0.0246485	0.00866991	0.00479934	0.00886636	0.0242625	0.0615615	
0.060637	0.130317	0.245355	0.406702	0.600134	0.801925	0.990669	1.15452	1.29009	1.39796	1.47976	1.53746	1.57369	1.59226	1.5975	1.59326	1.58328	1.57162	1.56139	1.55479	1.55325	1.55711	1.566	1.57923	1.5975	1.62513	1.67295	1.75799	1.89266	2.06836	2.25222	2.41046	2.53216	2.61064	2.62066	2.55009	2.41444	2.22301	1.99116	1.73303	1.44104	1.11494	0.747661	0.353845	-0.0613219	-0.471235	-0.864935	-1.21268	-1.50775	-1.71908	-1.85229	-1.88242	-1.82597	-1.69183	-1.49612	-1.30372	-1.14992	-1.05777	-1.0489	-1.07847	-1.07388	-1.04517	-1.06931	-1.17654	-1.33969	-1.53737	-1.72518	-1.84322	-1.88448	-1.83301	-1.6831	-1.45482	-1.14664	-0.789424	-0.389831	0.0213516	0.432464	0.817123	1.16234	1.45195	1.67378	1.82129	1.89395	1.88604	1.80809	1.67031	1.47533	1.24578	1.00321	0.751098	0.503448	0.293769	0.147473	0.0636774	0.0238151	0.0079301	0.00299185	0.00334791	0.0089631	0.0247284	
0.0233946	0.0554693	0.115889	0.213865	0.35099	0.518186	0.698809	0.875644	1.03631	1.17449	1.28843	1.37892	1.448	1.49849	1.53377	1.5572	1.57167	1.57978	1.58388	1.58562	1.58597	1.58529	1.58328	1.57977	1.57588	1.57659	1.59352	1.64419	1.74228	1.88177	2.03161	2.1581	2.25115	2.30969	2.31742	2.26946	2.18319	2.05911	1.89622	1.69525	1.44031	1.13763	0.785155	0.398418	-0.00985808	-0.418707	-0.811017	-1.1639	-1.46473	-1.68798	-1.83648	-1.88554	-1.85479	-1.74293	-1.56769	-1.3836	-1.20876	-1.08595	-1.05777	-1.07853	-1.07467	-1.05675	-1.1035	-1.2416	-1.41985	-1.60482	-1.77166	-1.86702	-1.88328	-1.81407	-1.64939	-1.41038	-1.09684	-0.735373	-0.337509	0.0721481	0.477436	0.856767	1.19496	1.47615	1.69174	1.83131	1.89613	1.88229	1.79978	1.65791	1.45999	1.22942	0.986724	0.734936	0.489112	0.283035	0.140844	0.0602807	0.0223271	0.00725429	0.00226122	0.00134768	0.00297299	0.00871862	
0.0078953	0.0204781	0.0470715	0.0959745	0.17433	0.284352	0.421211	0.574359	0.731278	0.88109	1.01636	1.13319	1.23038	1.30853	1.36945	1.41554	1.44926	1.47278	1.4879	1.49599	1.49782	1.49365	1.48332	1.46679	1.4453	1.42377	1.41359	1.43247	1.49617	1.60272	1.72539	1.83349	1.92052	1.99217	2.03669	2.04511	2.026	1.96794	1.85789	1.6965	1.46837	1.18353	0.845972	0.46735	0.0689359	-0.338643	-0.728047	-1.08874	-1.39449	-1.63706	-1.80194	-1.88186	-1.88217	-1.80328	-1.66669	-1.5021	-1.33563	-1.20876	-1.14992	-1.13834	-1.13868	-1.15674	-1.22936	-1.36671	-1.53603	-1.69744	-1.82443	-1.88877	-1.87217	-1.7758	-1.59412	-1.33818	-1.02016	-0.652106	-0.257608	0.149415	0.54553	0.916134	1.24331	1.51235	1.71641	1.84429	1.89915	1.87621	1.78629	1.63836	1.43631	1.2044	0.961587	0.710397	0.467564	0.267113	0.131147	0.0553859	0.0202447	0.00646596	0.00186434	0.000672575	0.000919741	0.00271717	
0.00234635	0.00660318	0.0165608	0.0369944	0.0738151	0.132305	0.214838	0.319454	0.440207	0.568955	0.697479	0.818995	0.928779	1.02412	1.10394	1.16843	1.2185	1.25536	1.28015	1.29383	1.29697	1.28975	1.27212	1.24415	1.20725	1.16646	1.13342	1.12704	1.16656	1.25593	1.37449	1.49421	1.60848	1.72375	1.82623	1.89672	1.93528	1.92733	1.85388	1.71969	1.51527	1.24633	0.925362	0.559509	0.170738	-0.230252	-0.619084	-0.982039	-1.29811	-1.55777	-1.74653	-1.85866	-1.897	-1.85997	-1.7702	-1.6433	-1.5021	-1.3836	-1.30372	-1.26348	-1.26793	-1.31663	-1.40427	-1.52942	-1.67125	-1.79136	-1.87243	-1.89565	-1.84216	-1.71487	-1.5111	-1.23902	-0.912605	-0.542844	-0.150278	0.250105	0.634854	0.993555	1.30391	1.55963	1.74683	1.85941	1.90173	1.86623	1.76671	1.6112	1.40403	1.17067	0.927823	0.677673	0.439248	0.246586	0.11889	0.0493172	0.0177156	0.00555817	0.00154601	0.000428933	0.000291917	0.000757629	
