0.232337	0.279108	0.352133	0.453413	0.576064	0.735071	0.930697	1.13473	1.3419	1.51661	1.63299	1.68801	1.65232	1.51642	1.30914	1.03752	0.702098	0.340424	0.0222716	-0.20232	-0.326251	-0.371862	-0.363531	-0.319572	-0.248962	-0.154213	-0.036623	0.100859	0.259637	0.434797	0.61966	0.806743	0.9884	1.15636	1.30068	1.41192	1.48086	1.49337	1.44057	1.33516	1.19248	1.0079	0.778943	0.534059	0.319638	0.166361	0.075648	0.030502	0.0114339	0.00470056	0.00297111	0.00306118	0.00380596	0.00489203	0.00651469	0.00974879	0.0178732	0.0390074	0.089423	0.1939	0.376222	0.636951	0.933924	1.1967	1.37656	1.46978	1.47406	1.36413	1.14433	0.852052	0.501366	0.119049	-0.246115	-0.577142	-0.841405	-1.0175	-1.10977	-1.11242	-1.04236	-0.920579	-0.779675	-0.644478	-0.542371	-0.472473	-0.432823	-0.40731	-0.392616	-0.386895	-0.381726	-0.380314	-0.380554	-0.380315	-0.375126	-0.359983	-0.321	-0.243589	-0.126581	0.0098331	0.123738	0.194346	
0.279108	0.358007	0.432841	0.518229	0.631122	0.776373	0.931693	1.08453	1.22861	1.32907	1.37779	1.3685	1.27068	1.09117	0.85483	0.560205	0.215192	-0.132212	-0.414696	-0.600292	-0.697061	-0.728508	-0.720178	-0.682034	-0.621745	-0.539739	-0.432351	-0.301329	-0.14639	0.0340576	0.235682	0.452485	0.674552	0.891101	1.08981	1.25777	1.38679	1.4726	1.49632	1.44356	1.33246	1.18145	0.983353	0.739967	0.489306	0.281004	0.140495	0.0623303	0.0261454	0.0125215	0.00907953	0.00967812	0.0117745	0.014454	0.0175298	0.0215148	0.0284918	0.0442158	0.0813702	0.161704	0.311082	0.541619	0.828192	1.1076	1.31957	1.44788	1.49653	1.44417	1.27753	1.02808	0.716765	0.355396	-0.00933673	-0.352966	-0.655988	-0.88808	-1.04297	-1.11055	-1.11152	-1.04614	-0.94641	-0.825589	-0.712569	-0.614445	-0.546354	-0.496744	-0.46411	-0.441529	-0.431246	-0.426851	-0.42509	-0.4278	-0.424175	-0.403836	-0.347826	-0.24225	-0.1054	0.0397719	0.144931	0.218756	
0.352133	0.432841	0.497385	0.585174	0.682344	0.788348	0.891635	0.991898	1.07537	1.11608	1.1145	1.05329	0.907792	0.702295	0.450349	0.14718	-0.191999	-0.505542	-0.740553	-0.883518	-0.954002	-0.97582	-0.971223	-0.946551	-0.904029	-0.842797	-0.760296	-0.648662	-0.510775	-0.342834	-0.147157	0.0745496	0.315585	0.566847	0.814563	1.04415	1.23382	1.37511	1.47046	1.49562	1.43611	1.31702	1.15383	0.937243	0.679725	0.430375	0.237456	0.116904	0.0556313	0.031127	0.0252164	0.0273659	0.0326294	0.0389565	0.0455566	0.0523614	0.0604268	0.0734491	0.100612	0.159662	0.275796	0.469463	0.733178	1.01778	1.25736	1.4188	1.50602	1.50861	1.40112	1.19917	0.932527	0.605501	0.251436	-0.0952367	-0.420893	-0.690264	-0.905002	-1.04538	-1.11035	-1.11717	-1.0667	-0.990969	-0.896393	-0.806497	-0.724148	-0.65932	-0.613606	-0.578333	-0.558688	-0.552404	-0.5483	-0.549361	-0.541422	-0.496296	-0.408895	-0.265036	-0.0950395	0.0581277	0.170581	0.260405	
0.453413	0.518229	0.585174	0.650972	0.709623	0.773986	0.832316	0.886359	0.917609	0.908302	0.864021	0.75625	0.583414	0.372755	0.120968	-0.17786	-0.489206	-0.749969	-0.9286	-1.02835	-1.07433	-1.09281	-1.09387	-1.08898	-1.07258	-1.04119	-0.992686	-0.918452	-0.813143	-0.67203	-0.494613	-0.282677	-0.041816	0.221565	0.495132	0.766125	1.02239	1.22855	1.3785	1.47599	1.49097	1.4187	1.28911	1.10864	0.870893	0.60539	0.369517	0.203571	0.110946	0.0717379	0.0629668	0.0685646	0.0799039	0.0929999	0.106088	0.118439	0.130242	0.143531	0.164391	0.206184	0.29109	0.443736	0.672159	0.946419	1.20428	1.39577	1.51486	1.56365	1.51639	1.36652	1.14573	0.862739	0.531756	0.195467	-0.140648	-0.445403	-0.691615	-0.892631	-1.02317	-1.09978	-1.11879	-1.09819	-1.04711	-0.985104	-0.918938	-0.861763	-0.811822	-0.776729	-0.753435	-0.738811	-0.736556	-0.724558	-0.68961	-0.608492	-0.462332	-0.268812	-0.0666625	0.0949029	0.228827	0.347071	
0.576064	0.631122	0.682344	0.709623	0.734694	0.756752	0.769311	0.77752	0.757361	0.711433	0.638425	0.504974	0.334942	0.133617	-0.108492	-0.386545	-0.64638	-0.843337	-0.962423	-1.02251	-1.05093	-1.06667	-1.07851	-1.09177	-1.10342	-1.11073	-1.10146	-1.07394	-1.01666	-0.924666	-0.78758	-0.606221	-0.379224	-0.118747	0.171644	0.463803	0.754071	1.02786	1.24167	1.39681	1.48656	1.4813	1.39412	1.25157	1.05007	0.796014	0.537924	0.33341	0.207961	0.15166	0.139955	0.151099	0.171609	0.194641	0.217019	0.237279	0.25495	0.270882	0.288724	0.317712	0.375524	0.486727	0.670226	0.916846	1.17829	1.39451	1.54052	1.6234	1.63027	1.53623	1.35993	1.12501	0.827929	0.504806	0.184096	-0.138811	-0.423547	-0.661946	-0.850971	-0.982569	-1.06716	-1.10593	-1.11335	-1.09458	-1.06227	-1.0269	-0.993298	-0.967779	-0.947321	-0.933146	-0.917234	-0.882401	-0.804318	-0.662551	-0.45072	-0.208951	0.0142822	0.19735	0.353938	0.488179	
0.735071	0.776373	0.788348	0.773986	0.756752	0.729419	0.700662	0.667786	0.612603	0.556118	0.460537	0.32397	0.167083	-0.0179331	-0.243104	-0.47887	-0.678371	-0.806398	-0.873474	-0.903439	-0.917328	-0.931363	-0.954191	-0.981568	-1.01716	-1.0561	-1.09161	-1.11338	-1.10812	-1.07192	-0.988569	-0.858983	-0.67137	-0.436152	-0.155426	0.160782	0.471499	0.781445	1.06051	1.27523	1.4298	1.50036	1.47244	1.37395	1.21789	0.998959	0.745513	0.518683	0.364885	0.290539	0.274669	0.291359	0.321806	0.355586	0.387751	0.416114	0.439813	0.459035	0.475786	0.495931	0.532225	0.605829	0.74046	0.944609	1.19131	1.42322	1.59471	1.70253	1.75098	1.71448	1.5839	1.39122	1.1429	0.839646	0.525715	0.215067	-0.0875654	-0.356417	-0.588861	-0.773916	-0.91367	-1.00799	-1.06813	-1.09855	-1.1103	-1.10538	-1.09603	-1.08446	-1.07274	-1.05697	-1.02411	-0.95552	-0.823559	-0.611985	-0.343242	-0.0637649	0.174774	0.37451	0.542479	0.668635	
0.930697	0.931693	0.891635	0.832316	0.769311	0.700662	0.638925	0.568493	0.502741	0.433145	0.32358	0.207897	0.0739998	-0.0894396	-0.289993	-0.475164	-0.608782	-0.679521	-0.707742	-0.717594	-0.7195	-0.734139	-0.758675	-0.795724	-0.847535	-0.906054	-0.975295	-1.04163	-1.09585	-1.11955	-1.10205	-1.02682	-0.8965	-0.695152	-0.449497	-0.145596	0.187275	0.520117	0.845497	1.12121	1.3366	1.48262	1.52992	1.48945	1.38725	1.22054	0.997128	0.768131	0.593584	0.499415	0.474207	0.491316	0.527411	0.568254	0.606897	0.640428	0.667797	0.688926	0.704875	0.719086	0.739878	0.783222	0.871983	1.02551	1.23934	1.47252	1.66892	1.80182	1.87934	1.89521	1.82147	1.66629	1.46122	1.20411	0.903604	0.595164	0.292002	0.00750889	-0.247867	-0.468881	-0.651816	-0.79603	-0.903522	-0.979744	-1.0313	-1.06467	-1.08279	-1.08904	-1.08747	-1.06616	-1.01409	-0.902537	-0.709674	-0.435665	-0.118995	0.177923	0.425276	0.632471	0.798136	0.894998	
1.13473	1.08453	0.991898	0.886359	0.77752	0.667786	0.568493	0.482469	0.418375	0.333504	0.246811	0.157026	0.0438089	-0.113696	-0.2787	-0.414636	-0.49093	-0.52954	-0.53482	-0.532292	-0.536625	-0.544435	-0.563822	-0.599485	-0.6471	-0.712558	-0.796281	-0.887705	-0.985655	-1.06389	-1.1168	-1.11077	-1.04685	-0.905186	-0.68953	-0.417578	-0.0902964	0.258226	0.616406	0.948811	1.22634	1.44653	1.57995	1.61437	1.57539	1.46982	1.29243	1.07679	0.887013	0.768053	0.72346	0.730631	0.763665	0.804676	0.844367	0.878821	0.906691	0.927737	0.942478	0.952769	0.963496	0.985282	1.03644	1.13936	1.30646	1.52082	1.73396	1.89815	2.00269	2.05738	2.0471	1.94899	1.77979	1.56543	1.30686	1.01547	0.714337	0.420074	0.146773	-0.0974767	-0.307376	-0.48357	-0.626054	-0.73918	-0.822729	-0.885183	-0.928165	-0.952391	-0.955729	-0.928793	-0.849826	-0.693636	-0.444127	-0.121247	0.218683	0.515544	0.760922	0.959499	1.09355	1.14214	
1.3419	1.22861	1.07537	0.917609	0.757361	0.612603	0.502741	0.418375	0.341347	0.266834	0.209689	0.134153	0.0245203	-0.121205	-0.252398	-0.349419	-0.399804	-0.415938	-0.41956	-0.416184	-0.41844	-0.42345	-0.433161	-0.455589	-0.48731	-0.536437	-0.605228	-0.704593	-0.820177	-0.943107	-1.04533	-1.11127	-1.11067	-1.04122	-0.884129	-0.648389	-0.338866	0.0135217	0.393552	0.777406	1.12167	1.41724	1.64091	1.76123	1.79061	1.74473	1.61542	1.41903	1.21581	1.06625	0.991996	0.978971	1.00098	1.03667	1.07375	1.10668	1.13344	1.15351	1.16705	1.17495	1.1798	1.18784	1.21159	1.2705	1.38461	1.55859	1.76623	1.95803	2.09706	2.18226	2.22068	2.19455	2.08733	1.91447	1.69673	1.44237	1.16337	0.876042	0.595747	0.334236	0.101261	-0.0987622	-0.265353	-0.402551	-0.511922	-0.594695	-0.654835	-0.691474	-0.696573	-0.658813	-0.551098	-0.351673	-0.0562142	0.296365	0.637479	0.923552	1.15257	1.32225	1.40525	1.40123	
1.51661	1.32907	1.11608	0.908302	0.711433	0.556118	0.433145	0.333504	0.266834	0.225551	0.186779	0.110745	-0.00804328	-0.142911	-0.25601	-0.327021	-0.362147	-0.375277	-0.379842	-0.380694	-0.37983	-0.381616	-0.386192	-0.391258	-0.405547	-0.43027	-0.467337	-0.536305	-0.639381	-0.776639	-0.919617	-1.04255	-1.11278	-1.10818	-1.01093	-0.827258	-0.54942	-0.197628	0.201148	0.631479	1.04513	1.41626	1.72478	1.92847	2.02174	2.02517	1.93635	1.75963	1.54621	1.36599	1.25831	1.22032	1.22753	1.25546	1.28845	1.31889	1.34385	1.36249	1.3748	1.38123	1.38301	1.38341	1.38978	1.41582	1.48079	1.60112	1.7746	1.97011	2.14169	2.26165	2.33263	2.35918	2.32669	2.22323	2.05787	1.84611	1.60061	1.33522	1.06514	0.803218	0.559881	0.343905	0.15994	0.00804579	-0.116264	-0.213121	-0.28355	-0.325537	-0.329163	-0.27561	-0.139364	0.0991967	0.42749	0.790025	1.11752	1.37919	1.57661	1.69772	1.7153	1.64609	
1.63299	1.37779	1.1145	0.864021	0.638425	0.460537	0.32358	0.246811	0.209689	0.186779	0.139112	0.0433583	-0.0814824	-0.205992	-0.298427	-0.351994	-0.377392	-0.38421	-0.387213	-0.387046	-0.387307	-0.389051	-0.389873	-0.390875	-0.395327	-0.399535	-0.408432	-0.43562	-0.500456	-0.615286	-0.764969	-0.924777	-1.04894	-1.11483	-1.0837	-0.946406	-0.702678	-0.356785	0.061108	0.533331	1.01067	1.44883	1.82589	2.09801	2.24468	2.2872	2.23256	2.07834	1.86299	1.65854	1.51884	1.45352	1.44207	1.45836	1.48385	1.50892	1.5297	1.54511	1.55513	1.56004	1.56048	1.55791	1.55604	1.56285	1.59224	1.66199	1.78449	1.95258	2.13421	2.2889	2.3948	2.45421	2.47101	2.43696	2.34425	2.19583	2.00101	1.77166	1.52269	1.26995	1.02674	0.8041	0.610053	0.449034	0.319415	0.218362	0.146077	0.106472	0.111165	0.183196	0.347657	0.616622	0.961514	1.31484	1.61255	1.83497	1.98454	2.03812	1.97857	1.83643	
1.68801	1.3685	1.05329	0.75625	0.504974	0.32397	0.207897	0.157026	0.134153	0.110745	0.0433583	-0.0580566	-0.184962	-0.292208	-0.362691	-0.382567	-0.385207	-0.382744	-0.378524	-0.376296	-0.372228	-0.375227	-0.382881	-0.386088	-0.394749	-0.409236	-0.411331	-0.407415	-0.421287	-0.49173	-0.620675	-0.789768	-0.954055	-1.06657	-1.09253	-1.00344	-0.789085	-0.447076	-0.0109837	0.492744	1.01532	1.50102	1.92617	2.25153	2.44553	2.52442	2.50245	2.37349	2.16219	1.93732	1.76397	1.66528	1.62769	1.62555	1.63814	1.65364	1.66711	1.67711	1.68352	1.68656	1.68657	1.68414	1.68078	1.68034	1.69089	1.72559	1.80002	1.92293	2.08458	2.25489	2.39882	2.49698	2.5488	2.55806	2.52323	2.44149	2.31351	2.14345	1.93929	1.71358	1.48131	1.25749	1.05525	0.883974	0.747621	0.644649	0.574331	0.54121	0.55882	0.650987	0.84168	1.13224	1.48017	1.81112	2.06927	2.24525	2.33653	2.31494	2.17887	1.96506	
1.65232	1.27068	0.907792	0.583414	0.334942	0.167083	0.0739998	0.0438089	0.0245203	-0.00804328	-0.0814824	-0.184962	-0.295793	-0.366437	-0.38259	-0.368677	-0.357797	-0.353215	-0.338473	-0.335034	-0.337105	-0.334975	-0.345765	-0.3567	-0.365712	-0.387117	-0.41491	-0.419907	-0.409814	-0.426563	-0.509698	-0.65817	-0.832858	-0.982783	-1.04998	-0.992376	-0.798198	-0.46184	-0.0183326	0.49871	1.04366	1.55762	2.01732	2.38867	2.62848	2.74139	2.74567	2.63567	2.42538	2.17815	1.96747	1.83023	1.76154	1.73721	1.73413	1.7381	1.74299	1.7468	1.7491	1.75017	1.75017	1.74929	1.74799	1.74758	1.75188	1.76838	1.80885	1.88658	2.00779	2.16252	2.32463	2.4641	2.56184	2.61298	2.61969	2.5848	2.5106	2.3995	2.25428	2.0795	1.88317	1.67734	1.47731	1.29848	1.15231	1.04357	0.973444	0.946821	0.978059	1.09049	1.30388	1.6085	1.94944	2.24979	2.46339	2.58729	2.61217	2.51149	2.29726	2.00627	
1.51642	1.09117	0.702295	0.372755	0.133617	-0.0179331	-0.0894396	-0.113696	-0.121205	-0.142911	-0.205992	-0.292208	-0.366437	-0.383513	-0.353781	-0.328394	-0.320655	-0.316959	-0.30252	-0.303434	-0.306961	-0.299739	-0.309611	-0.319539	-0.322818	-0.340341	-0.379864	-0.417354	-0.413888	-0.406248	-0.440406	-0.551407	-0.712484	-0.865523	-0.950647	-0.912816	-0.735859	-0.411734	0.0214727	0.530986	1.08432	1.62007	2.10787	2.51595	2.79178	2.92743	2.94473	2.84333	2.6303	2.3617	2.11576	1.94123	1.84134	1.79351	1.77281	1.76374	1.75889	1.7555	1.75302	1.75186	1.75203	1.75357	1.75652	1.76075	1.76741	1.77977	1.80407	1.84994	1.9285	2.04442	2.18947	2.34274	2.47957	2.58114	2.63822	2.64956	2.61827	2.5495	2.44901	2.32185	2.17193	2.00349	1.82492	1.65076	1.49834	1.38149	1.30824	1.28619	1.32995	1.46086	1.69208	2.00256	2.32713	2.58954	2.75331	2.81873	2.77158	2.59062	2.29908	1.93443	
1.30914	0.85483	0.450349	0.120968	-0.108492	-0.243104	-0.289993	-0.2787	-0.252398	-0.25601	-0.298427	-0.362691	-0.38259	-0.353781	-0.308278	-0.313155	-0.322092	-0.309403	-0.304931	-0.307573	-0.308154	-0.30625	-0.304905	-0.314356	-0.324187	-0.306126	-0.32959	-0.381449	-0.412842	-0.40386	-0.404999	-0.465849	-0.589761	-0.724434	-0.809296	-0.774905	-0.616205	-0.319738	0.0904707	0.583897	1.14057	1.69384	2.19778	2.62351	2.91854	3.06589	3.08872	2.99167	2.77575	2.48837	2.2098	1.99799	1.86399	1.78832	1.74656	1.72209	1.70547	1.69328	1.68532	1.6814	1.68184	1.68655	1.69515	1.70747	1.72265	1.74152	1.76681	1.80246	1.85582	1.93526	2.04434	2.17699	2.31797	2.4486	2.55182	2.61633	2.63721	2.61462	2.55285	2.45951	2.3432	2.20954	2.06089	1.90289	1.75004	1.62253	1.53875	1.51376	1.56423	1.70863	1.95197	2.26176	2.56483	2.78778	2.90298	2.91236	2.79878	2.54786	2.19264	1.77173	
1.03752	0.560205	0.14718	-0.17786	-0.386545	-0.47887	-0.475164	-0.414636	-0.349419	-0.327021	-0.351994	-0.382567	-0.368677	-0.328394	-0.313155	-0.32795	-0.323684	-0.295839	-0.30684	-0.303336	-0.291694	-0.3097	-0.300279	-0.303821	-0.331448	-0.319592	-0.317951	-0.345668	-0.390528	-0.391065	-0.379118	-0.39212	-0.47088	-0.561481	-0.628398	-0.601435	-0.468211	-0.207484	0.182081	0.663869	1.21402	1.76708	2.27035	2.69961	3.00491	3.15964	3.18354	3.08428	2.85932	2.54982	2.23683	1.98545	1.81513	1.7105	1.64796	1.60746	1.57851	1.55752	1.54417	1.53735	1.53809	1.54618	1.56056	1.58169	1.60793	1.63821	1.67305	1.7145	1.76437	1.82792	1.9104	2.01427	2.13461	2.26109	2.38013	2.47801	2.54444	2.573	2.56065	2.50805	2.42173	2.31291	2.18963	2.05348	1.90897	1.77307	1.672	1.63261	1.67865	1.82766	2.07655	2.38165	2.66328	2.85137	2.92531	2.88715	2.71781	2.41001	2.00408	1.53754	
0.702098	0.215192	-0.191999	-0.489206	-0.64638	-0.678371	-0.608782	-0.49093	-0.399804	-0.362147	-0.377392	-0.385207	-0.357797	-0.320655	-0.322092	-0.323684	-0.303921	-0.279354	-0.293105	-0.284744	-0.27013	-0.294997	-0.283716	-0.286833	-0.315063	-0.323382	-0.32047	-0.329318	-0.372561	-0.374491	-0.349317	-0.318249	-0.337826	-0.383034	-0.43056	-0.418009	-0.308435	-0.0750384	0.294674	0.758824	1.28813	1.82694	2.32292	2.75046	3.05757	3.20928	3.22276	3.11034	2.86946	2.53655	2.19101	1.90346	1.70039	1.56956	1.48639	1.42891	1.38771	1.35843	1.33889	1.32969	1.33066	1.34183	1.36287	1.3924	1.43058	1.47529	1.524	1.57769	1.63618	1.701	1.77474	1.86086	1.96035	2.06936	2.18082	2.28414	2.36892	2.42729	2.45433	2.44634	2.39999	2.31873	2.2152	2.09925	1.97202	1.83948	1.72523	1.66561	1.69616	1.83867	2.08469	2.38071	2.64117	2.79848	2.83666	2.75684	2.53899	2.18255	1.73318	1.22858	
0.340424	-0.132212	-0.505542	-0.749969	-0.843337	-0.806398	-0.679521	-0.52954	-0.415938	-0.375277	-0.38421	-0.382744	-0.353215	-0.316959	-0.309403	-0.295839	-0.279354	-0.280809	-0.281479	-0.277431	-0.274467	-0.279106	-0.281108	-0.279723	-0.283738	-0.302452	-0.309411	-0.324056	-0.355093	-0.351117	-0.301978	-0.230002	-0.19596	-0.2036	-0.23545	-0.233631	-0.144561	0.0708065	0.417678	0.850597	1.35332	1.87788	2.36142	2.77415	3.06765	3.20471	3.20086	3.07145	2.81306	2.4572	2.08086	1.75987	1.52479	1.36718	1.26153	1.18831	1.13543	1.09768	1.07192	1.06066	1.06185	1.07576	1.10355	1.14182	1.19137	1.25074	1.31801	1.38995	1.46624	1.54482	1.62648	1.7111	1.8009	1.89529	1.99253	2.08752	2.17201	2.23765	2.27773	2.29044	2.27465	2.22431	2.14004	2.03582	1.92249	1.80177	1.68555	1.60883	1.61734	1.74228	1.97545	2.25682	2.49582	2.62596	2.63393	2.51975	2.2637	1.87176	1.39454	0.871211	
0.0222717	-0.414696	-0.740553	-0.9286	-0.962423	-0.873474	-0.707742	-0.53482	-0.41956	-0.379842	-0.387213	-0.378524	-0.338473	-0.30252	-0.304931	-0.30684	-0.293105	-0.281479	-0.285176	-0.279766	-0.274004	-0.285937	-0.282179	-0.284737	-0.299696	-0.306745	-0.298693	-0.300677	-0.328817	-0.314685	-0.240214	-0.125442	-0.0477743	-0.0275402	-0.0559828	-0.059457	0.023189	0.216372	0.530928	0.935989	1.41635	1.91751	2.37425	2.76172	3.03516	3.15327	3.12803	2.97573	2.69355	2.31071	1.90364	1.55114	1.28704	1.10624	0.982856	0.896854	0.833174	0.787171	0.757709	0.743423	0.745066	0.762211	0.794126	0.841244	0.901204	0.972656	1.05541	1.14606	1.24348	1.34372	1.44555	1.54658	1.64568	1.74163	1.83287	1.9186	1.99523	2.05817	2.10069	2.11496	2.10233	2.06578	1.99776	1.89863	1.78497	1.66843	1.55457	1.46693	1.45195	1.55069	1.76155	2.02357	2.24322	2.35385	2.34298	2.20958	1.93484	1.53001	1.04925	0.532588	
-0.20232	-0.600292	-0.883518	-1.02835	-1.02251	-0.903439	-0.717594	-0.532292	-0.416184	-0.380694	-0.387046	-0.376296	-0.335034	-0.303434	-0.307573	-0.303336	-0.284744	-0.277431	-0.279766	-0.275426	-0.267719	-0.278332	-0.277501	-0.279278	-0.290933	-0.304203	-0.297516	-0.288299	-0.299809	-0.262868	-0.156355	-0.0051626	0.102079	0.13269	0.10755	0.106039	0.180512	0.346557	0.633536	1.01731	1.46737	1.934	2.36177	2.72229	2.96853	3.05759	3.00201	2.82009	2.51141	2.10233	1.66939	1.29101	1.00511	0.805165	0.666917	0.567441	0.495263	0.443107	0.410064	0.393685	0.395532	0.415095	0.450986	0.504449	0.573586	0.658195	0.754611	0.862041	0.977588	1.09946	1.22325	1.34718	1.46752	1.58227	1.68728	1.77998	1.85755	1.91658	1.95705	1.97476	1.95961	1.91633	1.85075	1.75468	1.6327	1.50555	1.38691	1.29128	1.25557	1.32449	1.50635	1.74592	1.95014	2.05149	2.03636	1.90206	1.62992	1.23394	0.769564	0.276399	
-0.32625	-0.697061	-0.954002	-1.07433	-1.05093	-0.917328	-0.7195	-0.536625	-0.41844	-0.37983	-0.387307	-0.372228	-0.337105	-0.306961	-0.308154	-0.291694	-0.27013	-0.274467	-0.274004	-0.26772	-0.267779	-0.271717	-0.274116	-0.272852	-0.273069	-0.297592	-0.290876	-0.275329	-0.258443	-0.193474	-0.0536738	0.120475	0.237881	0.274331	0.25858	0.25523	0.31158	0.460045	0.730325	1.08359	1.49741	1.9358	2.33153	2.65399	2.86303	2.91717	2.82934	2.61748	2.28131	1.84584	1.38901	0.989	0.684869	0.469544	0.319703	0.213022	0.135523	0.0794442	0.0427047	0.0262306	0.0279058	0.0480239	0.0879669	0.145615	0.220503	0.312616	0.421243	0.543701	0.677241	0.819835	0.967048	1.11575	1.26111	1.39994	1.52816	1.64231	1.73852	1.81255	1.85743	1.87773	1.87124	1.82695	1.75413	1.65781	1.53156	1.38928	1.25661	1.15156	1.10002	1.1414	1.29175	1.50644	1.69735	1.7964	1.78726	1.66463	1.40846	1.03248	0.591672	0.124766	
-0.371861	-0.728508	-0.97582	-1.09281	-1.06667	-0.931363	-0.734139	-0.544435	-0.42345	-0.381616	-0.389051	-0.375227	-0.334975	-0.299739	-0.30625	-0.3097	-0.294997	-0.279107	-0.28594	-0.278338	-0.271727	-0.283797	-0.280601	-0.283312	-0.298759	-0.299947	-0.274238	-0.238849	-0.208145	-0.10915	0.0554077	0.247846	0.363379	0.402383	0.388105	0.377431	0.422373	0.558124	0.807397	1.13096	1.51909	1.923	2.2743	2.55831	2.72844	2.74463	2.61962	2.37367	2.00619	1.54602	1.06965	0.656406	0.341871	0.120211	-0.0348008	-0.145556	-0.227019	-0.284935	-0.321301	-0.339542	-0.337643	-0.315979	-0.276207	-0.215846	-0.13691	-0.0401313	0.0746665	0.205617	0.352114	0.510553	0.678153	0.850756	1.0237	1.19202	1.34915	1.49121	1.61237	1.71102	1.78325	1.81715	1.82165	1.79253	1.72269	1.62542	1.50173	1.35281	1.20504	1.08794	1.0246	1.04443	1.16492	1.35294	1.52936	1.62721	1.62691	1.52001	1.28383	0.92929	0.509581	0.0622734	
-0.363527	-0.720177	-0.971223	-1.09387	-1.07851	-0.954191	-0.758675	-0.563822	-0.433161	-0.386192	-0.389873	-0.382881	-0.345765	-0.309611	-0.304905	-0.30028	-0.283717	-0.281113	-0.282192	-0.277535	-0.274189	-0.280711	-0.280761	-0.28036	-0.283027	-0.28571	-0.257846	-0.21182	-0.148987	-0.0178948	0.173808	0.364572	0.478446	0.511419	0.489372	0.471867	0.5091	0.63873	0.867952	1.16755	1.52733	1.88839	2.20273	2.44541	2.56754	2.54017	2.37542	2.09679	1.70076	1.21988	0.730487	0.310737	-0.00613646	-0.230357	-0.385774	-0.4971	-0.576063	-0.631945	-0.66792	-0.684915	-0.683206	-0.662492	-0.622963	-0.565284	-0.488119	-0.389307	-0.271678	-0.134298	0.0199769	0.190049	0.372889	0.563791	0.759393	0.953379	1.14197	1.31563	1.47294	1.59919	1.69981	1.76752	1.79236	1.78381	1.73328	1.6436	1.52722	1.38323	1.22808	1.09878	1.02506	1.02919	1.12431	1.28559	1.44496	1.53887	1.54531	1.45314	1.23632	0.900787	0.497308	0.0632302	
-0.319563	-0.682032	-0.946551	-1.08898	-1.09177	-0.981568	-0.795724	-0.599485	-0.455589	-0.391258	-0.390875	-0.386088	-0.3567	-0.319539	-0.314357	-0.303823	-0.28684	-0.279746	-0.284801	-0.279437	-0.273204	-0.283964	-0.281213	-0.277507	-0.281429	-0.279527	-0.240221	-0.171482	-0.078018	0.0856481	0.288208	0.473547	0.570636	0.595647	0.566071	0.541151	0.577384	0.699514	0.912539	1.19415	1.522	1.8463	2.11892	2.30927	2.38709	2.31385	2.11175	1.79829	1.37452	0.874427	0.379842	-0.0382619	-0.348023	-0.564513	-0.712623	-0.815846	-0.891535	-0.943934	-0.976319	-0.991145	-0.989373	-0.970991	-0.935721	-0.881482	-0.807172	-0.715006	-0.601414	-0.465722	-0.310143	-0.134187	0.0584309	0.264337	0.479892	0.696836	0.912016	1.11525	1.30288	1.47068	1.60159	1.70287	1.76182	1.77867	1.75536	1.68525	1.58116	1.44957	1.2974	1.15933	1.07481	1.06636	1.14119	1.27801	1.41899	1.50585	1.51578	1.43628	1.23812	0.920421	0.530274	0.10509	
-0.248943	-0.621742	-0.904029	-1.07258	-1.10342	-1.01716	-0.847535	-0.6471	-0.48731	-0.405547	-0.395327	-0.394749	-0.365713	-0.322819	-0.324191	-0.331459	-0.315098	-0.283842	-0.29997	-0.291589	-0.274487	-0.301456	-0.287318	-0.28623	-0.309258	-0.279587	-0.211642	-0.113078	-0.00182392	0.187506	0.392669	0.567041	0.646652	0.654125	0.610764	0.58759	0.626728	0.745115	0.950188	1.21321	1.51037	1.79641	2.0201	2.16718	2.19403	2.07076	1.8313	1.48421	1.03792	0.52654	0.0351499	-0.369753	-0.665053	-0.865769	-1.00257	-1.09553	-1.15905	-1.20327	-1.22997	-1.24244	-1.24073	-1.22555	-1.19682	-1.15074	-1.08738	-1.0039	-0.897896	-0.770011	-0.619422	-0.444443	-0.250601	-0.0360153	0.189393	0.427432	0.663245	0.898938	1.11491	1.31375	1.48383	1.61849	1.71436	1.76286	1.76953	1.72732	1.64135	1.52554	1.38423	1.24306	1.14727	1.12629	1.18461	1.30082	1.42452	1.50303	1.51427	1.44628	1.26757	0.969021	0.592654	0.176021	
-0.154174	-0.539731	-0.842796	-1.04119	-1.11073	-1.0561	-0.906054	-0.712558	-0.536437	-0.43027	-0.399535	-0.409236	-0.387118	-0.340345	-0.306142	-0.319643	-0.323536	-0.302872	-0.307794	-0.306589	-0.302518	-0.309091	-0.300636	-0.299808	-0.298832	-0.237007	-0.16152	-0.0681994	0.0732716	0.281413	0.4905	0.638922	0.693826	0.685103	0.630978	0.616749	0.661674	0.783973	0.985131	1.2284	1.49664	1.74227	1.92002	2.01713	1.98707	1.82245	1.54395	1.17004	0.7006	0.186426	-0.294403	-0.675406	-0.946231	-1.12386	-1.23805	-1.31373	-1.36322	-1.39565	-1.41588	-1.42362	-1.42281	-1.41314	-1.39091	-1.35639	-1.30765	-1.24039	-1.15104	-1.03877	-0.898621	-0.733812	-0.54214	-0.327456	-0.0935006	0.154405	0.409715	0.663207	0.911773	1.14086	1.34487	1.514	1.64638	1.7298	1.76728	1.75666	1.6944	1.5961	1.46976	1.33137	1.22512	1.18989	1.23306	1.33256	1.44206	1.51322	1.52528	1.46869	1.31152	1.03542	0.675471	0.269866	
-0.0365494	-0.432336	-0.760293	-0.992685	-1.10146	-1.09161	-0.975295	-0.796281	-0.605228	-0.467337	-0.408432	-0.411332	-0.414916	-0.379884	-0.329659	-0.318163	-0.321068	-0.310946	-0.30229	-0.305201	-0.305841	-0.300697	-0.299876	-0.298761	-0.279103	-0.215319	-0.143121	-0.0319573	0.150805	0.378533	0.572707	0.685573	0.713117	0.679157	0.633524	0.635986	0.692321	0.82563	1.02088	1.24579	1.48693	1.68805	1.81712	1.86347	1.78126	1.56879	1.25592	0.855943	0.372351	-0.135852	-0.592327	-0.940562	-1.17568	-1.32389	-1.41231	-1.46577	-1.49706	-1.51327	-1.52115	-1.52616	-1.52585	-1.52024	-1.51093	-1.4935	-1.46314	-1.41469	-1.3476	-1.25521	-1.13531	-0.987238	-0.806837	-0.601053	-0.366617	-0.114352	0.154402	0.427409	0.69671	0.952817	1.18982	1.39231	1.55892	1.67877	1.74753	1.76856	1.73404	1.65494	1.54494	1.41403	1.29964	1.24819	1.27527	1.3605	1.45951	1.52605	1.53995	1.49527	1.36221	1.11325	0.773725	0.382327	
0.100989	-0.3013	-0.648656	-0.918451	-1.07394	-1.11338	-1.04163	-0.887705	-0.704593	-0.536306	-0.435622	-0.407422	-0.419932	-0.417441	-0.381723	-0.346462	-0.331411	-0.329079	-0.311654	-0.31018	-0.315147	-0.304977	-0.311615	-0.306632	-0.272831	-0.223187	-0.135027	0.0205103	0.246227	0.465019	0.622539	0.691498	0.695223	0.659079	0.628587	0.65231	0.729444	0.874022	1.06413	1.27338	1.48268	1.63624	1.71897	1.70992	1.57129	1.31824	0.975925	0.552739	0.0626818	-0.43225	-0.852473	-1.15832	-1.35037	-1.46026	-1.51576	-1.53997	-1.54847	-1.54911	-1.54705	-1.54429	-1.545	-1.54787	-1.54941	-1.54882	-1.54058	-1.52082	-1.48217	-1.4175	-1.32517	-1.1986	-1.03891	-0.844373	-0.618731	-0.366617	-0.0935023	0.189382	0.479837	0.759142	1.02267	1.25736	1.45531	1.61045	1.71163	1.76328	1.75849	1.70062	1.60699	1.48647	1.36716	1.29847	1.30696	1.37807	1.46939	1.5348	1.55276	1.5208	1.41403	1.19732	0.884092	0.511673	
0.259856	-0.14634	-0.510765	-0.813141	-1.01666	-1.10812	-1.09585	-0.985655	-0.820178	-0.639382	-0.500463	-0.421315	-0.409915	-0.41422	-0.413829	-0.3932	-0.379124	-0.369727	-0.358481	-0.354598	-0.350933	-0.351164	-0.351458	-0.338766	-0.302413	-0.227297	-0.0941672	0.109349	0.334091	0.518245	0.623102	0.661001	0.651512	0.624061	0.628168	0.682029	0.780822	0.938724	1.12317	1.31339	1.48587	1.591	1.62383	1.5572	1.36728	1.07238	0.703208	0.262803	-0.225602	-0.692128	-1.06617	-1.31826	-1.46122	-1.52792	-1.54825	-1.54277	-1.52561	-1.50537	-1.48902	-1.48286	-1.48375	-1.4917	-1.50922	-1.53015	-1.54826	-1.55657	-1.54908	-1.51809	-1.4576	-1.36234	-1.22791	-1.05613	-0.844373	-0.601053	-0.327456	-0.0360193	0.264315	0.56369	0.850321	1.11406	1.34133	1.52852	1.66173	1.74256	1.76775	1.73344	1.65635	1.54752	1.42652	1.3408	1.3277	1.3825	1.46693	1.53428	1.55925	1.54112	1.46225	1.2825	1.00132	0.65467	
0.435142	0.0341391	-0.342817	-0.672026	-0.924665	-1.07192	-1.11955	-1.06389	-0.943108	-0.776646	-0.615315	-0.491841	-0.426938	-0.407398	-0.407059	-0.399118	-0.39282	-0.388866	-0.38521	-0.382859	-0.380336	-0.376809	-0.371432	-0.343828	-0.287361	-0.187136	-0.0216721	0.183629	0.377593	0.504648	0.573315	0.59554	0.599656	0.606009	0.645755	0.73205	0.857937	1.02592	1.19972	1.36754	1.49826	1.55355	1.53324	1.40604	1.16393	0.835883	0.444647	-0.00925239	-0.485076	-0.914149	-1.22991	-1.42268	-1.51034	-1.52992	-1.50986	-1.47106	-1.42963	-1.39405	-1.36827	-1.35437	-1.35604	-1.37235	-1.40059	-1.43868	-1.48108	-1.52296	-1.55217	-1.55876	-1.53743	-1.47594	-1.3758	-1.22791	-1.03891	-0.806837	-0.542141	-0.250602	0.0584235	0.372852	0.677984	0.966358	1.2207	1.43711	1.60162	1.71014	1.76343	1.75387	1.69405	1.59763	1.47782	1.37644	1.3391	1.37361	1.44925	1.52004	1.5551	1.55208	1.50187	1.36372	1.12069	0.804868	
0.620177	0.235808	-0.14713	-0.494608	-0.787579	-0.988569	-1.10205	-1.1168	-1.04534	-0.919647	-0.765082	-0.621072	-0.510955	-0.444005	-0.414295	-0.400747	-0.394641	-0.387665	-0.386929	-0.385275	-0.381735	-0.379865	-0.363809	-0.329886	-0.263859	-0.144784	0.0218346	0.200613	0.344615	0.435638	0.490453	0.52663	0.56126	0.60542	0.697218	0.817909	0.965681	1.13842	1.29794	1.43788	1.5202	1.52141	1.44338	1.25666	0.967138	0.606873	0.195689	-0.261624	-0.714575	-1.0902	-1.34158	-1.46773	-1.50018	-1.4724	-1.41559	-1.34776	-1.28265	-1.23144	-1.19762	-1.18329	-1.18474	-1.20277	-1.24075	-1.2951	-1.36267	-1.43318	-1.49642	-1.54334	-1.56074	-1.5411	-1.47594	-1.36234	-1.1986	-0.987238	-0.733812	-0.444444	-0.134189	0.190037	0.510493	0.819577	1.09844	1.34013	1.53346	1.66907	1.7488	1.76369	1.72136	1.63765	1.52159	1.40695	1.34377	1.35309	1.4153	1.48846	1.53606	1.54972	1.52757	1.43435	1.23704	0.957298	
0.807481	0.452669	0.0745914	-0.282669	-0.60622	-0.858983	-1.02682	-1.11077	-1.1113	-1.04266	-0.925172	-0.791058	-0.661976	-0.561512	-0.489937	-0.443605	-0.416974	-0.400385	-0.391795	-0.385977	-0.383436	-0.376447	-0.36506	-0.331247	-0.264582	-0.156536	-0.0119115	0.131209	0.248197	0.328121	0.401914	0.474608	0.55632	0.658463	0.792299	0.941062	1.11173	1.27948	1.41715	1.51984	1.54637	1.49205	1.35274	1.10453	0.771772	0.387011	-0.0406109	-0.494791	-0.911218	-1.22516	-1.40353	-1.46385	-1.43907	-1.36682	-1.27522	-1.18533	-1.11141	-1.05803	-1.02378	-1.00748	-1.00919	-1.02901	-1.06754	-1.12511	-1.2027	-1.29727	-1.39379	-1.47907	-1.53987	-1.56074	-1.53743	-1.4576	-1.32517	-1.13531	-0.898621	-0.619422	-0.310143	0.0199731	0.352095	0.677153	0.977221	1.24209	1.46154	1.62194	1.72607	1.76503	1.74023	1.66886	1.55843	1.4337	1.3447	1.32418	1.36612	1.43716	1.49798	1.53037	1.53481	1.48688	1.343	1.10628	
0.989402	0.674809	0.315644	-0.0418034	-0.379222	-0.671371	-0.896505	-1.04687	-1.11077	-1.11314	-1.05018	-0.957837	-0.843207	-0.737828	-0.645188	-0.579051	-0.526628	-0.492464	-0.471271	-0.456325	-0.453164	-0.450243	-0.438587	-0.415865	-0.355969	-0.257275	-0.123482	0.00987587	0.125844	0.232432	0.348323	0.473147	0.609345	0.758877	0.937792	1.11557	1.29236	1.44295	1.55327	1.60836	1.57421	1.46039	1.25588	0.950022	0.578849	0.170219	-0.26787	-0.705972	-1.07359	-1.31543	-1.42139	-1.41655	-1.34285	-1.23359	-1.12001	-1.02031	-0.945355	-0.900894	-0.875422	-0.862572	-0.863958	-0.879549	-0.908162	-0.957673	-1.03916	-1.14405	-1.26273	-1.3816	-1.47907	-1.54334	-1.55876	-1.51809	-1.4175	-1.25521	-1.03877	-0.770011	-0.465722	-0.134299	0.205612	0.543674	0.86192	1.14557	1.3882	1.57197	1.69787	1.75956	1.75246	1.6929	1.58913	1.4577	1.34466	1.29108	1.30492	1.36579	1.43724	1.49034	1.52027	1.51454	1.42916	1.24473	
1.15767	0.891443	0.566928	0.221582	-0.118745	-0.436155	-0.695172	-0.905269	-1.04154	-1.1093	-1.11836	-1.07656	-1.00798	-0.922125	-0.837346	-0.761711	-0.700346	-0.65805	-0.626078	-0.607535	-0.601149	-0.597598	-0.591196	-0.568526	-0.508879	-0.402195	-0.268745	-0.116787	0.0253155	0.182187	0.348884	0.537816	0.723497	0.932889	1.14019	1.32724	1.50205	1.62901	1.70003	1.69486	1.59715	1.4213	1.14692	0.787373	0.38625	-0.0429367	-0.486632	-0.896594	-1.20258	-1.36876	-1.40254	-1.3403	-1.22472	-1.09087	-0.971948	-0.884026	-0.831701	-0.805122	-0.787899	-0.777466	-0.778487	-0.790573	-0.809569	-0.839856	-0.898725	-0.99471	-1.12072	-1.26273	-1.39379	-1.49642	-1.55217	-1.54908	-1.48217	-1.3476	-1.15104	-0.897896	-0.601415	-0.271678	0.0746649	0.421235	0.754575	1.05525	1.31742	1.52193	1.66657	1.74872	1.75932	1.71139	1.61465	1.47957	1.34581	1.25828	1.2369	1.27679	1.35165	1.4257	1.48151	1.51297	1.48589	1.36282	
1.30231	1.09024	0.814668	0.495155	0.171645	-0.15544	-0.449563	-0.689792	-0.885079	-1.01403	-1.09277	-1.11621	-1.10483	-1.06303	-1.01289	-0.955851	-0.903318	-0.860009	-0.829837	-0.811848	-0.80104	-0.797126	-0.789986	-0.75535	-0.68199	-0.556246	-0.388058	-0.200138	-0.00490223	0.206157	0.440524	0.681639	0.920006	1.1633	1.38173	1.58282	1.73624	1.82384	1.84395	1.7724	1.6099	1.36519	1.02206	0.618399	0.188424	-0.257391	-0.695345	-1.06196	-1.29883	-1.38886	-1.36008	-1.24953	-1.10753	-0.96585	-0.857305	-0.797902	-0.771973	-0.767462	-0.760542	-0.746234	-0.748236	-0.762979	-0.767758	-0.774692	-0.806811	-0.875439	-0.99471	-1.14405	-1.29727	-1.43318	-1.52296	-1.55657	-1.52082	-1.41469	-1.24039	-1.0039	-0.715006	-0.389307	-0.0401317	0.312614	0.658185	0.972611	1.25056	1.47461	1.63594	1.73472	1.76155	1.72522	1.63581	1.49967	1.34937	1.22972	1.16846	1.17576	1.24194	1.33295	1.41588	1.48018	1.506	1.44973	
1.41388	1.2583	1.04428	0.766152	0.463799	0.160735	-0.145796	-0.418333	-0.650946	-0.835026	-0.967429	-1.05385	-1.09901	-1.11139	-1.10123	-1.07946	-1.05481	-1.02679	-1.00707	-0.99378	-0.985015	-0.976998	-0.955971	-0.903076	-0.799893	-0.636907	-0.42555	-0.191545	0.0587607	0.327165	0.616898	0.901517	1.18155	1.4432	1.67826	1.85941	1.97195	2.02011	1.97593	1.8318	1.6028	1.28436	0.877866	0.441378	-0.0152305	-0.474091	-0.893361	-1.20122	-1.36577	-1.3846	-1.30438	-1.15927	-1.00555	-0.875034	-0.795284	-0.770874	-0.76638	-0.75649	-0.743862	-0.735078	-0.735926	-0.746227	-0.759216	-0.767305	-0.772779	-0.806811	-0.898725	-1.03916	-1.2027	-1.36267	-1.48108	-1.54826	-1.54058	-1.46314	-1.30765	-1.08738	-0.807172	-0.488119	-0.13691	0.220502	0.573583	0.901192	1.19132	1.43038	1.60721	1.72035	1.76082	1.73504	1.65297	1.51785	1.35558	1.20802	1.106	1.07099	1.11304	1.21067	1.32024	1.41543	1.48539	1.49567	
1.48311	1.38741	1.23398	1.02242	0.754045	0.471357	0.186714	-0.0922757	-0.345121	-0.567031	-0.74658	-0.885464	-0.983857	-1.04987	-1.08638	-1.1037	-1.10711	-1.10551	-1.0995	-1.09255	-1.08741	-1.07062	-1.036	-0.959593	-0.823598	-0.621302	-0.364914	-0.0788099	0.222185	0.54426	0.877479	1.20164	1.50162	1.77073	1.98885	2.13244	2.21335	2.20048	2.07776	1.86744	1.56694	1.17326	0.719735	0.252364	-0.228521	-0.687716	-1.07217	-1.31237	-1.40737	-1.36747	-1.24708	-1.08451	-0.928113	-0.822355	-0.76898	-0.769904	-0.772514	-0.743137	-0.721319	-0.719235	-0.718964	-0.723849	-0.749858	-0.774904	-0.767305	-0.774692	-0.839856	-0.957673	-1.12511	-1.2951	-1.43868	-1.53015	-1.54882	-1.4935	-1.35639	-1.15074	-0.881482	-0.565284	-0.215846	0.145615	0.504448	0.841241	1.14181	1.39235	1.58148	1.70678	1.75863	1.74179	1.66639	1.53361	1.36361	1.19397	1.05442	0.97196	0.974438	1.06182	1.19201	1.31833	1.42374	1.49185	
1.49589	1.47329	1.37528	1.22857	1.02777	0.781055	0.518681	0.253493	-0.000382089	-0.233801	-0.439608	-0.613159	-0.753122	-0.861135	-0.940378	-0.998077	-1.03468	-1.05852	-1.07148	-1.0753	-1.06916	-1.04747	-0.995368	-0.894014	-0.724158	-0.480293	-0.178576	0.149047	0.491985	0.851148	1.21283	1.55167	1.85159	2.10986	2.29832	2.40895	2.43184	2.33776	2.14899	1.87104	1.49047	1.03487	0.548388	0.0501367	-0.450168	-0.892893	-1.223	-1.39626	-1.42848	-1.3468	-1.19824	-1.03078	-0.88177	-0.797689	-0.764011	-0.759003	-0.744556	-0.701874	-0.682097	-0.695914	-0.69263	-0.68232	-0.71098	-0.749858	-0.759216	-0.767758	-0.809569	-0.908162	-1.06754	-1.24075	-1.40059	-1.50922	-1.54941	-1.51093	-1.39091	-1.19682	-0.935721	-0.622963	-0.276207	0.0879666	0.450986	0.794125	1.10355	1.36286	1.56051	1.69497	1.75591	1.74624	1.67631	1.54626	1.37192	1.18649	1.01596	0.886979	0.838901	0.895661	1.03147	1.18753	1.32493	1.43507	
1.44328	1.49707	1.47064	1.37848	1.24142	1.05954	0.842136	0.606078	0.36541	0.133636	-0.0806477	-0.270671	-0.434624	-0.570731	-0.678501	-0.761893	-0.825686	-0.869411	-0.897869	-0.911954	-0.90665	-0.880427	-0.813832	-0.692353	-0.494784	-0.219859	0.109929	0.465636	0.835503	1.21401	1.58736	1.92544	2.21606	2.44856	2.59583	2.64797	2.59521	2.43641	2.18542	1.82598	1.37384	0.879437	0.361967	-0.166032	-0.667627	-1.07566	-1.34097	-1.45557	-1.43793	-1.32937	-1.16294	-0.995798	-0.854978	-0.782291	-0.759446	-0.742358	-0.716997	-0.673581	-0.657743	-0.681147	-0.676336	-0.656032	-0.68232	-0.723849	-0.746227	-0.762979	-0.790573	-0.879549	-1.02901	-1.20277	-1.37235	-1.4917	-1.54787	-1.52024	-1.41314	-1.22555	-0.970992	-0.662493	-0.315981	0.0480225	0.415094	0.76221	1.07576	1.34183	1.54616	1.68651	1.75341	1.74882	1.68291	1.55519	1.37871	1.18307	0.989715	0.820816	0.719272	0.727823	0.845941	1.02103	1.19184	1.33367	
1.33797	1.44434	1.49578	1.47588	1.3962	1.273	1.114	0.928186	0.725356	0.51644	0.311711	0.120564	-0.0515202	-0.202714	-0.33052	-0.432379	-0.51276	-0.571907	-0.610928	-0.630896	-0.628619	-0.596924	-0.522365	-0.385734	-0.169977	0.123979	0.472881	0.847797	1.22936	1.61325	1.98208	2.30342	2.56316	2.74911	2.8396	2.82821	2.71527	2.49321	2.1611	1.72793	1.23446	0.708309	0.156635	-0.386675	-0.866006	-1.21924	-1.42677	-1.49242	-1.44632	-1.31845	-1.14697	-0.976391	-0.841223	-0.769406	-0.745458	-0.733108	-0.714286	-0.687961	-0.675806	-0.682888	-0.681722	-0.676336	-0.69263	-0.718964	-0.735926	-0.748236	-0.778487	-0.863958	-1.00919	-1.18474	-1.35604	-1.48376	-1.54501	-1.52585	-1.42281	-1.24074	-0.989379	-0.683213	-0.337651	0.0278981	0.395525	0.745059	1.06184	1.33065	1.53809	1.68183	1.752	1.75006	1.68628	1.55988	1.38229	1.18063	0.972263	0.773414	0.624201	0.576453	0.652912	0.822916	1.02131	1.19683	
1.1953	1.33324	1.43622	1.49064	1.48518	1.42509	1.3224	1.1885	1.03325	0.864936	0.691219	0.519986	0.359168	0.212916	0.0829165	-0.0270405	-0.115214	-0.182765	-0.228607	-0.251931	-0.250859	-0.216258	-0.136771	0.00796885	0.231772	0.533361	0.888514	1.26305	1.63699	2.00662	2.35068	2.63711	2.85264	2.98902	3.02569	2.95535	2.77523	2.47602	2.07573	1.60108	1.07803	0.516747	-0.0589287	-0.59032	-1.02389	-1.31926	-1.48006	-1.51565	-1.45492	-1.31996	-1.14672	-0.974836	-0.840139	-0.768089	-0.743351	-0.732589	-0.714956	-0.691714	-0.680384	-0.683625	-0.682888	-0.681147	-0.695914	-0.719235	-0.735078	-0.746234	-0.777466	-0.862573	-1.00748	-1.18329	-1.35437	-1.48287	-1.5443	-1.52618	-1.42364	-1.24247	-0.991174	-0.684949	-0.339579	0.0261924	0.393647	0.743388	1.06063	1.32967	1.53733	1.68138	1.75184	1.75014	1.6865	1.55996	1.38133	1.17629	0.959047	0.740555	0.555346	0.455293	0.476133	0.611643	0.813841	1.02095	
1.01063	1.18216	1.31701	1.41793	1.47843	1.49119	1.45678	1.38243	1.27837	1.15461	1.01951	0.879837	0.742703	0.614562	0.498628	0.396957	0.312922	0.247631	0.202214	0.178738	0.180193	0.214033	0.293041	0.435108	0.654296	0.948878	1.2933	1.652	2.00616	2.34938	2.66016	2.9074	3.0777	3.16216	3.13825	2.99992	2.75058	2.39361	1.95692	1.45437	0.896109	0.310277	-0.258446	-0.749907	-1.12685	-1.3766	-1.50647	-1.53206	-1.46655	-1.33631	-1.16121	-0.991739	-0.851396	-0.779721	-0.757208	-0.740002	-0.714787	-0.673707	-0.659292	-0.680384	-0.675806	-0.657743	-0.682097	-0.721319	-0.743863	-0.760542	-0.787901	-0.875425	-1.02379	-1.19763	-1.36829	-1.48905	-1.5471	-1.52122	-1.41597	-1.23008	-0.976453	-0.668074	-0.321468	0.0425314	0.409893	0.757549	1.07178	1.33877	1.54407	1.68525	1.75296	1.74906	1.68349	1.55512	1.37494	1.16784	0.945752	0.716013	0.507931	0.36845	0.33507	0.416586	0.588978	0.803815	
0.781482	0.983959	1.15358	1.2875	1.3886	1.4559	1.48627	1.47902	1.43769	1.36914	1.2814	1.18179	1.07681	0.973221	0.876701	0.790494	0.717401	0.65991	0.619539	0.598377	0.600128	0.631438	0.705224	0.838265	1.04527	1.32458	1.65075	1.98817	2.31551	2.62438	2.8948	3.09524	3.21125	3.23563	3.15014	2.95529	2.66285	2.27598	1.8104	1.27576	0.696733	0.11835	-0.409887	-0.84545	-1.17551	-1.39465	-1.51678	-1.54232	-1.48765	-1.36402	-1.19664	-1.02414	-0.875603	-0.794135	-0.763906	-0.75519	-0.737436	-0.692802	-0.673707	-0.691714	-0.687961	-0.673581	-0.701875	-0.743137	-0.756492	-0.767465	-0.805129	-0.90091	-1.05806	-1.2315	-1.39414	-1.50551	-1.54932	-1.51356	-1.39604	-1.20374	-0.9445	-0.632586	-0.285628	0.0787293	0.442402	0.786506	1.09708	1.35792	1.5571	1.69296	1.75526	1.74663	1.677	1.54505	1.36252	1.15384	0.92913	0.693833	0.473994	0.310731	0.236409	0.262762	0.381823	0.567834	
0.536325	0.740384	0.936528	1.10556	1.24169	1.34614	1.42062	1.46562	1.48178	1.47137	1.43868	1.38909	1.32792	1.26054	1.1926	1.12887	1.07281	1.02743	0.99511	0.978135	0.980185	1.00786	1.07311	1.19243	1.38041	1.63619	1.93527	2.24119	2.53004	2.79402	3.01591	3.16527	3.22888	3.20462	3.0788	2.8515	2.53162	2.11746	1.62618	1.07915	0.515037	-0.0184517	-0.490513	-0.875178	-1.17554	-1.38406	-1.51175	-1.54826	-1.51304	-1.40286	-1.25051	-1.07615	-0.917881	-0.815806	-0.766866	-0.768927	-0.769377	-0.737436	-0.714787	-0.714956	-0.714286	-0.716997	-0.744557	-0.772517	-0.766388	-0.771991	-0.831741	-0.945433	-1.11156	-1.2829	-1.43002	-1.52621	-1.54933	-1.49823	-1.36472	-1.16089	-0.893689	-0.578477	-0.229611	0.132855	0.492627	0.830677	1.13316	1.38574	1.57687	1.70417	1.75791	1.74229	1.66663	1.5294	1.34369	1.13347	0.907155	0.669658	0.445893	0.272356	0.174251	0.158647	0.221841	0.353987	
