1.89071	1.87073	1.77792	1.58488	1.33062	1.04334	0.722249	0.426033	0.230569	0.153814	0.165366	0.227964	0.315948	0.413856	0.511514	0.601623	0.679116	0.740797	0.784798	0.809985	0.815836	0.802268	0.769502	0.718275	0.649985	0.56695	0.473027	0.373873	0.276652	0.188957	0.117186	0.0648657	0.0315545	0.0133335	0.00486079	0.00152544	0.000412698	9.66286e-05	1.96837e-05	3.50926e-06	5.50925e-07	7.66208e-08	9.49446e-09	1.05391e-09	1.05323e-10	9.52013e-12	7.81824e-13	5.92926e-14	7.11007e-15	1.13198e-14	3.48425e-14	9.65334e-14	2.35673e-13	5.07519e-13	9.67856e-13	1.65147e-12	2.66435e-12	5.95605e-12	3.88526e-11	4.33753e-10	4.82276e-09	4.88289e-08	4.44032e-07	3.60097e-06	2.58531e-05	0.000162965	0.00089339	0.00421323	0.0168814	0.0566714	0.157066	0.354683	0.649131	0.977969	1.27531	1.53651	1.74704	1.85934	1.89181	1.84373	1.70669	1.51701	1.2866	1.04146	0.799991	0.578076	0.393583	0.250534	0.161911	0.131262	0.151532	0.22805	0.360408	0.537265	0.754002	0.992104	1.23864	1.47355	1.67297	1.82215	
1.87073	1.78905	1.62125	1.38436	1.12069	0.826442	0.531973	0.317087	0.228092	0.250536	0.344127	0.473118	0.613509	0.750186	0.873865	0.979567	1.06532	1.13079	1.17607	1.20139	1.20717	1.19361	1.1604	1.1071	1.03353	0.939689	0.826387	0.696576	0.55628	0.41492	0.284037	0.174928	0.095043	0.0448393	0.0181832	0.0063115	0.00187629	0.000479537	0.000105962	2.03751e-05	3.43234e-06	5.09898e-07	6.72202e-08	7.91014e-09	8.35392e-10	7.9577e-11	6.87138e-12	5.52516e-13	8.96207e-14	1.7744e-13	5.30379e-13	1.41911e-12	3.35563e-12	7.02496e-12	1.3071e-11	2.1735e-11	3.25044e-11	4.43095e-11	6.12524e-11	1.62875e-10	1.29222e-09	1.3253e-08	1.27145e-07	1.09522e-06	8.38889e-06	5.66876e-05	0.000335013	0.00171435	0.0075102	0.0278055	0.0857868	0.217483	0.448364	0.753113	1.06086	1.33266	1.57676	1.76306	1.86033	1.89107	1.85362	1.75515	1.60989	1.43862	1.2561	1.08571	0.937066	0.822503	0.747685	0.716722	0.737508	0.804706	0.910969	1.0535	1.22029	1.40246	1.57664	1.72974	1.83751	1.88983	
1.77792	1.62125	1.40252	1.15777	0.889545	0.611666	0.395205	0.30415	0.341501	0.466882	0.63415	0.810036	0.975214	1.12009	1.24131	1.33931	1.41576	1.4723	1.50993	1.5305	1.53518	1.52409	1.49685	1.45192	1.38757	1.30276	1.19559	1.06478	0.910851	0.738527	0.55784	0.383962	0.235024	0.125165	0.0571174	0.0221687	0.007312	0.00205693	0.000496512	0.000103586	1.88185e-05	2.99894e-06	4.22145e-07	5.28273e-08	5.91195e-09	5.94891e-10	5.41371e-11	4.67e-12	1.10496e-12	2.5602e-12	7.40154e-12	1.91018e-11	4.37025e-11	8.88642e-11	1.6128e-10	2.62645e-10	3.85737e-10	5.12793e-10	6.19306e-10	6.96998e-10	9.45153e-10	3.72541e-09	3.23347e-08	2.91773e-07	2.38036e-06	1.7231e-05	0.000109697	0.000608636	0.00291302	0.0118883	0.0408423	0.116533	0.272789	0.520691	0.818635	1.1025	1.35408	1.58049	1.75282	1.85214	1.88884	1.87228	1.81174	1.7195	1.60933	1.49526	1.39019	1.3072	1.25256	1.23318	1.24575	1.2936	1.37183	1.4728	1.58666	1.6981	1.79556	1.86291	1.8895	1.86416	
1.58488	1.38436	1.15777	0.910453	0.654048	0.449579	0.366994	0.422644	0.577196	0.774833	0.974763	1.15649	1.31233	1.44087	1.54399	1.62429	1.6839	1.72476	1.75	1.76354	1.76681	1.75935	1.74129	1.71025	1.66227	1.59465	1.50552	1.39244	1.25307	1.08594	0.893594	0.683661	0.472721	0.286702	0.148952	0.0654202	0.0242032	0.00756493	0.0020107	0.000458161	9.02623e-05	1.55026e-05	2.33931e-06	3.12363e-07	3.71498e-08	3.95882e-09	3.80727e-10	3.59961e-11	1.3251e-11	3.38468e-11	9.43267e-11	2.34492e-10	5.18474e-10	1.02295e-09	1.80928e-09	2.88362e-09	4.16102e-09	5.45472e-09	6.50918e-09	7.0803e-09	7.06525e-09	6.97895e-09	1.22005e-08	7.1791e-08	5.93149e-07	4.57428e-06	3.13029e-05	0.000187898	0.000980057	0.00439642	0.0167693	0.0537273	0.142862	0.312376	0.561254	0.843196	1.10613	1.33964	1.54747	1.71273	1.82197	1.87746	1.88894	1.86434	1.8184	1.76038	1.70395	1.65322	1.6182	1.60597	1.6144	1.6444	1.69325	1.74875	1.80758	1.85646	1.88667	1.88277	1.83739	1.73888	
1.33062	1.12069	0.889545	0.654048	0.469049	0.40261	0.478613	0.658847	0.879132	1.09455	1.28782	1.45337	1.58894	1.69419	1.77138	1.82269	1.85276	1.86681	1.87374	1.87631	1.87673	1.87588	1.87165	1.86223	1.84288	1.80478	1.74384	1.65548	1.53833	1.39049	1.21263	1.00705	0.776733	0.536416	0.319877	0.160798	0.0674955	0.0236805	0.0069908	0.00175239	0.000376636	7.00649e-05	1.13812e-05	1.62731e-06	2.063e-07	2.33428e-08	2.38081e-09	2.56635e-10	1.5241e-10	4.08063e-10	1.09311e-09	2.61368e-09	5.57781e-09	1.06662e-08	1.83665e-08	2.86242e-08	4.05589e-08	5.24263e-08	6.19593e-08	6.70428e-08	6.64662e-08	6.04637e-08	5.15053e-08	5.19788e-08	1.54718e-07	1.07731e-06	7.79704e-06	5.04264e-05	0.000285572	0.00140203	0.00590757	0.0211352	0.0635067	0.158742	0.328393	0.565029	0.826778	1.07215	1.28955	1.47992	1.63706	1.75393	1.83159	1.87337	1.88599	1.8792	1.86389	1.84759	1.83438	1.82735	1.83237	1.84457	1.8605	1.87679	1.88586	1.87811	1.84256	1.77256	1.66368	1.51427	
1.04334	0.826442	0.611666	0.449579	0.40261	0.498557	0.701795	0.941353	1.16998	1.37705	1.55599	1.69776	1.79779	1.85798	1.88443	1.88445	1.8691	1.84792	1.83011	1.81687	1.81237	1.82129	1.83681	1.85628	1.87619	1.88672	1.87739	1.83854	1.76266	1.64629	1.48827	1.2961	1.07709	0.830094	0.566268	0.327955	0.157757	0.0627548	0.0207596	0.00576757	0.00136072	0.000275581	4.8394e-05	7.43597e-06	1.0079e-06	1.21418e-07	1.3203e-08	1.73964e-09	1.65158e-09	4.46401e-09	1.1464e-08	2.63218e-08	5.41402e-08	1.00217e-07	1.67817e-07	2.55516e-07	3.55285e-07	4.52679e-07	5.29832e-07	5.70616e-07	5.65931e-07	5.16846e-07	4.34389e-07	3.37359e-07	2.61001e-07	3.68065e-07	1.7825e-06	1.18312e-05	7.21885e-05	0.000385826	0.00178499	0.0070799	0.0238453	0.0675957	0.160265	0.317652	0.531576	0.769342	0.997825	1.20194	1.3785	1.52555	1.64254	1.73151	1.79362	1.83282	1.85421	1.86598	1.87175	1.87301	1.87213	1.86764	1.85724	1.83848	1.8032	1.74606	1.6625	1.55139	1.41038	1.24014	
0.722249	0.531973	0.395205	0.366994	0.478613	0.701795	0.961808	1.2061	1.43058	1.62544	1.76804	1.85419	1.88754	1.88024	1.84135	1.78514	1.7213	1.66286	1.61296	1.58332	1.57608	1.59194	1.631	1.68567	1.74638	1.8094	1.85938	1.88797	1.87972	1.82651	1.71838	1.55236	1.34249	1.10722	0.842439	0.558727	0.309344	0.140601	0.0525307	0.0162885	0.00424326	0.000940175	0.000179216	2.9694e-05	4.31571e-06	5.55011e-07	6.49584e-08	1.16645e-08	1.65723e-08	4.40716e-08	1.08228e-07	2.3819e-07	4.71447e-07	8.43569e-07	1.37202e-06	2.03877e-06	2.77982e-06	3.48983e-06	4.04466e-06	4.33556e-06	4.3022e-06	3.95155e-06	3.35573e-06	2.62979e-06	1.89975e-06	1.29138e-06	1.07856e-06	2.82088e-06	1.60757e-05	9.2008e-05	0.000464033	0.00202491	0.0075757	0.0241069	0.0648412	0.147044	0.282278	0.46492	0.672549	0.879885	1.0704	1.23638	1.37516	1.48806	1.57731	1.64479	1.69231	1.72322	1.74113	1.74792	1.7434	1.72793	1.69991	1.65595	1.59262	1.50782	1.39986	1.2665	1.10619	0.921607	
0.426033	0.317087	0.30415	0.422644	0.658847	0.941353	1.2061	1.44876	1.66064	1.80251	1.87491	1.88778	1.84855	1.7704	1.66328	1.54471	1.42526	1.32219	1.24237	1.1966	1.18756	1.21052	1.27085	1.36084	1.4723	1.59301	1.7087	1.80595	1.87024	1.88926	1.85383	1.75519	1.58171	1.35337	1.09994	0.813806	0.514671	0.267754	0.113535	0.0394989	0.0114163	0.00277876	0.000576967	0.000103384	1.61518e-05	2.22367e-06	2.85734e-07	8.00085e-08	1.51707e-07	3.90347e-07	9.14281e-07	1.92483e-06	3.65961e-06	6.31986e-06	9.96996e-06	1.44421e-05	1.92933e-05	2.38535e-05	2.73692e-05	2.9198e-05	2.89886e-05	2.67817e-05	2.29977e-05	1.83173e-05	1.34931e-05	9.16322e-06	5.75447e-06	3.66892e-06	4.71945e-06	1.98255e-05	0.000104618	0.000497256	0.00204805	0.00724058	0.0218403	0.0560235	0.122357	0.229295	0.374379	0.54417	0.721181	0.890613	1.04257	1.17222	1.27887	1.36344	1.4272	1.47123	1.49738	1.50714	1.50071	1.47794	1.43764	1.37788	1.29758	1.19544	1.07048	0.922915	0.757248	0.584557	
0.230569	0.228092	0.341501	0.577196	0.879132	1.16998	1.43058	1.66064	1.81185	1.87954	1.88546	1.81684	1.69508	1.52991	1.34651	1.15896	0.988451	0.845894	0.742015	0.677547	0.661946	0.698159	0.778485	0.898984	1.05497	1.2326	1.42182	1.5993	1.74981	1.85227	1.89139	1.86071	1.76267	1.57424	1.32848	1.05446	0.744276	0.439646	0.211432	0.0826941	0.0265878	0.00712757	0.00161573	0.000313721	5.27797e-05	7.8064e-06	1.15084e-06	5.61576e-07	1.25137e-06	3.08129e-06	6.86476e-06	1.37938e-05	2.51417e-05	4.18298e-05	6.3907e-05	9.01287e-05	0.000117857	0.000143415	0.000162851	0.000172882	0.000171736	0.000159617	0.000138651	0.000112329	8.46248e-05	5.90594e-05	3.80128e-05	2.24966e-05	1.25802e-05	9.33269e-06	2.29752e-05	0.000106496	0.000475035	0.00184704	0.00617966	0.0177174	0.0435153	0.0919684	0.168987	0.27424	0.400702	0.537595	0.673834	0.800277	0.910991	1.00297	1.07508	1.1269	1.15851	1.17028	1.16244	1.1348	1.08702	1.01895	0.930905	0.823799	0.700226	0.565805	0.430542	0.31037	
0.153814	0.250536	0.466882	0.774833	1.09455	1.37705	1.62544	1.80251	1.87954	1.88555	1.79594	1.63225	1.41945	1.17517	0.922031	0.68022	0.462928	0.286727	0.157247	0.0852695	0.0697906	0.106856	0.203016	0.353953	0.545363	0.774444	1.02308	1.27394	1.50993	1.70311	1.8434	1.89181	1.85876	1.74368	1.53045	1.26757	0.967294	0.636838	0.344607	0.151109	0.0540158	0.0159522	0.00395003	0.000831574	0.000150779	2.41153e-05	4.4727e-06	3.89002e-06	9.20106e-06	2.15173e-05	4.54625e-05	8.69667e-05	0.000151621	0.000242555	0.000358261	0.000491219	0.00062808	0.000751664	0.000844319	0.000891758	0.00088635	0.000828971	0.000728788	0.00060106	0.000463653	0.000333225	0.000222069	0.00013647	7.69065e-05	3.99138e-05	2.17219e-05	2.70674e-05	9.79177e-05	0.00040477	0.00148464	0.00470532	0.0128475	0.0302907	0.0621005	0.112004	0.180448	0.264111	0.356925	0.451659	0.541449	0.620847	0.686065	0.734665	0.765112	0.776599	0.768905	0.742175	0.697091	0.635036	0.558229	0.470182	0.376173	0.283659	0.203066	0.150677	
0.165366	0.344127	0.63415	0.974763	1.28782	1.55599	1.76804	1.87491	1.88546	1.79594	1.60737	1.36422	1.06232	0.747185	0.428169	0.138538	-0.109713	-0.307113	-0.442406	-0.521965	-0.540222	-0.495982	-0.393542	-0.236102	-0.0179925	0.25033	0.552611	0.873855	1.18702	1.46848	1.69035	1.84581	1.89015	1.84563	1.6932	1.45275	1.16738	0.836202	0.501824	0.2448	0.0968721	0.0314352	0.00848796	0.00193515	0.000378167	6.64994e-05	1.81209e-05	2.53565e-05	5.97011e-05	0.000131818	0.000263261	0.000478066	0.000795237	0.00122051	0.00173951	0.00231514	0.00289091	0.00339957	0.0037752	0.00396585	0.00394417	0.00371329	0.00330613	0.00277841	0.00219736	0.00162898	0.00112646	0.000722408	0.000426815	0.000230685	0.000113626	5.31488e-05	3.63959e-05	8.33753e-05	0.00030809	0.00106265	0.00319116	0.00830611	0.0188181	0.0374289	0.0661498	0.105369	0.1535	0.207267	0.262389	0.314411	0.35937	0.39414	0.416485	0.42504	0.419304	0.399618	0.367172	0.324027	0.273139	0.218398	0.164604	0.117857	0.08771	0.0926016	
0.227964	0.473118	0.810036	1.15649	1.45337	1.69776	1.85419	1.88778	1.81684	1.63225	1.36422	1.0204	0.647873	0.265218	-0.089144	-0.409831	-0.666679	-0.865846	-1.00538	-1.07823	-1.09308	-1.05532	-0.958536	-0.795426	-0.570078	-0.286659	0.0470715	0.419926	0.796543	1.16717	1.47923	1.71998	1.85856	1.88728	1.80612	1.60697	1.34018	1.02113	0.667549	0.358045	0.155642	0.0551957	0.0161859	0.00398427	0.000839688	0.000169791	8.02099e-05	0.000149618	0.000338364	0.000701703	0.00131986	0.002268	0.00358952	0.00527242	0.00723572	0.00933177	0.0113644	0.0131181	0.0143916	0.0150316	0.014959	0.0141828	0.0127986	0.0109717	0.00890899	0.00682477	0.00490762	0.00329286	0.00204733	0.00117041	0.00061021	0.000288159	0.00012436	5.86342e-05	7.00673e-05	0.000210645	0.000676555	0.00192336	0.00477178	0.0103822	0.0199961	0.0344956	0.0539921	0.077635	0.103688	0.129828	0.15356	0.172598	0.185136	0.190002	0.186741	0.17566	0.157791	0.13483	0.109012	0.0829944	0.0599841	0.0450702	0.0493909	0.0972601	
0.315948	0.613509	0.975214	1.31233	1.58894	1.79779	1.88754	1.84855	1.69508	1.41945	1.06232	0.647873	0.216208	-0.209401	-0.590962	-0.912493	-1.16527	-1.33915	-1.44891	-1.5107	-1.52394	-1.492	-1.41302	-1.27737	-1.07109	-0.794776	-0.442834	-0.04451	0.390477	0.816976	1.21403	1.54133	1.77191	1.87818	1.86893	1.72558	1.48504	1.18354	0.827946	0.481545	0.227609	0.0875278	0.0277045	0.00733124	0.00167669	0.000432908	0.00037291	0.000777909	0.00165693	0.00321096	0.00566524	0.00917966	0.013781	0.0193218	0.0254773	0.0317827	0.0376946	0.0426628	0.0462032	0.0479622	0.0477634	0.0456267	0.0417665	0.0365668	0.0305307	0.0242129	0.0181467	0.0127732	0.00838365	0.00508906	0.00283152	0.00143094	0.000651441	0.000266601	0.000104174	6.52827e-05	0.000131831	0.000382971	0.00102728	0.00242595	0.00505847	0.00940021	0.0157415	0.0240252	0.0337708	0.044112	0.0539393	0.0621009	0.0676029	0.0697646	0.0683164	0.063439	0.0557382	0.0461665	0.0359247	0.0264855	0.0202612	0.0231548	0.0504825	0.133938	
0.413856	0.750186	1.12009	1.44087	1.69419	1.85798	1.88024	1.7704	1.52991	1.17517	0.747185	0.265218	-0.209401	-0.653512	-1.03106	-1.32919	-1.54109	-1.67653	-1.74956	-1.77566	-1.77916	-1.77014	-1.72784	-1.62959	-1.46749	-1.21964	-0.888791	-0.482209	-0.0216287	0.460338	0.926577	1.32772	1.64222	1.82835	1.88912	1.80768	1.60174	1.32076	0.973641	0.605505	0.307639	0.127086	0.0430881	0.0122094	0.003109	0.00121478	0.00167063	0.00349504	0.0069272	0.0124785	0.0205625	0.0313026	0.0444379	0.0593198	0.0749979	0.0903514	0.104223	0.115544	0.12344	0.127313	0.126877	0.122164	0.113524	0.101614	0.087355	0.071843	0.0562379	0.0416373	0.0289411	0.0187246	0.0111687	0.00607944	0.00298987	0.00131674	0.000516331	0.000183282	7.38403e-05	7.97829e-05	0.000193306	0.000484647	0.0010862	0.00216305	0.00385903	0.00623023	0.00919134	0.0124977	0.0157741	0.0185841	0.0205203	0.0212899	0.0207743	0.0190534	0.0163919	0.0132016	0.0100414	0.00789676	0.00946357	0.0229048	0.0689483	0.185773	
0.511514	0.873865	1.24131	1.54399	1.77138	1.88443	1.84135	1.66328	1.34651	0.922031	0.428169	-0.089144	-0.590962	-1.03106	-1.38645	-1.63215	-1.78098	-1.84134	-1.8451	-1.83763	-1.83531	-1.84169	-1.84801	-1.82454	-1.73202	-1.54818	-1.25504	-0.866838	-0.393649	0.115715	0.632674	1.10044	1.48938	1.75066	1.87644	1.85643	1.69101	1.43284	1.09958	0.721738	0.389569	0.171134	0.0616554	0.0187344	0.00571123	0.00384527	0.00672281	0.0133509	0.0244061	0.04065	0.0622938	0.0887915	0.118883	0.150804	0.18257	0.212212	0.23794	0.258276	0.27214	0.278854	0.278102	0.269919	0.254692	0.233177	0.206535	0.176319	0.144362	0.112652	0.0831501	0.0575424	0.0369581	0.0217856	0.0116515	0.00559324	0.00238783	0.000900658	0.000300856	9.63539e-05	5.25538e-05	8.83398e-05	0.000201394	0.000425993	0.000806261	0.00137242	0.00211932	0.00299319	0.00389297	0.00468778	0.00524671	0.00547131	0.00532091	0.00482364	0.00407384	0.00323538	0.00264363	0.00334343	0.00899848	0.0307488	0.0948084	0.24373	
0.601623	0.979567	1.33931	1.62429	1.82269	1.88445	1.78514	1.54471	1.15896	0.68022	0.138538	-0.409831	-0.912493	-1.32919	-1.63215	-1.80928	-1.86823	-1.84311	-1.77274	-1.69707	-1.6734	-1.72541	-1.8034	-1.86004	-1.85971	-1.75205	-1.52645	-1.17481	-0.718714	-0.193706	0.360377	0.880466	1.32841	1.6568	1.84301	1.87898	1.75494	1.52089	1.20377	0.824461	0.467481	0.216193	0.0822558	0.027318	0.0114137	0.0125588	0.0232844	0.0427166	0.0715002	0.109589	0.155666	0.207333	0.261579	0.315326	0.365803	0.410663	0.44808	0.47677	0.495953	0.505162	0.504135	0.492901	0.471771	0.441262	0.402239	0.356094	0.304763	0.250684	0.196703	0.145923	0.101276	0.0649696	0.0380268	0.0200477	0.00941122	0.00389807	0.00141578	0.00045033	0.000128651	4.26486e-05	3.85275e-05	7.37479e-05	0.000145476	0.000260018	0.000419216	0.000613725	0.000821182	0.00100948	0.00114439	0.00119917	0.00116267	0.00104387	0.000876574	0.000752774	0.00101187	0.00303159	0.0117533	0.0414701	0.123259	0.30172	
0.679116	1.06532	1.41576	1.6839	1.85276	1.8691	1.7213	1.42526	0.988451	0.462928	-0.109713	-0.666679	-1.16527	-1.54109	-1.78098	-1.86823	-1.82292	-1.69863	-1.55225	-1.4438	-1.41684	-1.48009	-1.61026	-1.7525	-1.85419	-1.85074	-1.70211	-1.40827	-0.975692	-0.450716	0.1233	0.679626	1.17865	1.56244	1.79931	1.88397	1.79785	1.58673	1.28588	0.910082	0.536519	0.258909	0.104118	0.0400411	0.0259093	0.0379238	0.067624	0.112924	0.172173	0.242266	0.318944	0.397665	0.474345	0.545821	0.609727	0.664352	0.708636	0.742046	0.764232	0.774849	0.773667	0.760714	0.736261	0.700653	0.654251	0.597667	0.532092	0.459364	0.381994	0.30333	0.227598	0.159339	0.102584	0.0598192	0.0311437	0.0143042	0.00574594	0.00200851	0.000610256	0.000162581	4.15463e-05	1.82652e-05	2.41382e-05	4.30238e-05	7.19596e-05	0.00010896	0.000149756	0.00018772	0.000215394	0.000226766	0.000219507	0.000197474	0.000180424	0.000259798	0.000867077	0.00380996	0.0153682	0.0527883	0.151033	0.35486	
0.740797	1.13079	1.4723	1.72476	1.86681	1.84792	1.66286	1.32219	0.845894	0.286727	-0.307113	-0.865846	-1.33915	-1.67653	-1.84134	-1.84311	-1.69863	-1.4693	-1.26708	-1.13998	-1.10935	-1.18071	-1.33894	-1.56388	-1.77268	-1.8601	-1.79722	-1.56098	-1.16284	-0.651009	-0.0685928	0.515715	1.05021	1.47565	1.75388	1.88011	1.82586	1.63337	1.34658	0.976644	0.593335	0.297234	0.128702	0.0634226	0.0619455	0.0987771	0.161964	0.244428	0.339375	0.44008	0.54079	0.637186	0.726463	0.806919	0.877173	0.936466	0.984373	1.02071	1.04483	1.0562	1.05494	1.04103	1.01442	0.975737	0.925544	0.86401	0.791632	0.709282	0.618421	0.52089	0.419787	0.319719	0.226598	0.146828	0.085429	0.043924	0.0197161	0.00766781	0.00257539	0.000747368	0.000188338	4.24774e-05	1.10039e-05	7.5091e-06	1.10074e-05	1.69416e-05	2.38528e-05	3.04527e-05	3.53457e-05	3.742e-05	3.65554e-05	3.59932e-05	5.59992e-05	0.00020832	0.00103614	0.00477132	0.0189103	0.0631811	0.175359	0.399239	
0.784798	1.17607	1.50993	1.75	1.87374	1.83011	1.61296	1.24237	0.742015	0.157247	-0.442406	-1.00538	-1.44891	-1.74956	-1.8451	-1.77274	-1.55225	-1.26708	-1.0602	-0.963289	-0.945118	-0.992632	-1.12698	-1.37793	-1.65778	-1.81811	-1.83232	-1.65077	-1.28699	-0.791517	-0.203365	0.396995	0.95283	1.41226	1.71542	1.87032	1.84263	1.66449	1.38771	1.02371	0.636719	0.33229	0.162568	0.111082	0.138773	0.214524	0.317929	0.434812	0.555469	0.674012	0.78707	0.89265	0.989579	1.07651	1.15215	1.21605	1.26775	1.30656	1.33178	1.34338	1.3421	1.32786	1.29991	1.25845	1.20425	1.13796	1.05998	0.970925	0.872154	0.764974	0.650613	0.531308	0.410702	0.294875	0.192365	0.111579	0.0565346	0.024728	0.00928291	0.00298821	0.000827022	0.000197845	4.14432e-05	8.24754e-06	2.62688e-06	2.4852e-06	3.36769e-06	4.35105e-06	5.10844e-06	5.49331e-06	5.90665e-06	1.0022e-05	4.15783e-05	0.00023378	0.00122709	0.00559999	0.0217982	0.0713749	0.193923	0.431979	
0.809985	1.20139	1.5305	1.76354	1.87631	1.81687	1.58332	1.1966	0.677547	0.0852695	-0.521965	-1.07823	-1.5107	-1.77566	-1.83763	-1.69707	-1.4438	-1.13998	-0.963289	-0.982533	-1.01157	-0.962132	-1.0072	-1.25846	-1.55679	-1.76863	-1.84203	-1.68875	-1.35781	-0.864475	-0.282507	0.330005	0.895906	1.37253	1.69289	1.86271	1.85029	1.68158	1.41127	1.05273	0.669016	0.370763	0.219008	0.200559	0.270146	0.385499	0.518488	0.654799	0.789069	0.919073	1.04275	1.15792	1.2626	1.35439	1.43291	1.49768	1.54889	1.58562	1.60917	1.6207	1.61944	1.60548	1.57941	1.53981	1.48578	1.41828	1.33704	1.24261	1.13559	1.01859	0.89345	0.762402	0.627355	0.490275	0.355665	0.232962	0.134211	0.0667047	0.0282955	0.0102101	0.00313977	0.000826977	0.000187817	3.71132e-05	6.55393e-06	1.25158e-06	5.47504e-07	5.67266e-07	6.63769e-07	7.88115e-07	1.47239e-06	6.81597e-06	4.3261e-05	0.000258416	0.00135493	0.0061269	0.0235944	0.0763727	0.205019	0.451137	
0.815836	1.20717	1.53518	1.76681	1.87673	1.81237	1.57608	1.18756	0.661946	0.0697906	-0.540222	-1.09308	-1.52394	-1.77916	-1.83531	-1.6734	-1.41684	-1.10935	-0.945118	-1.01157	-1.05962	-0.969408	-0.978168	-1.23047	-1.52923	-1.75445	-1.84529	-1.69517	-1.37553	-0.879235	-0.303185	0.314539	0.881236	1.36162	1.68941	1.86164	1.85157	1.6859	1.41929	1.06756	0.697686	0.425344	0.312856	0.339228	0.446431	0.586041	0.734549	0.884924	1.03373	1.17638	1.30847	1.42712	1.53058	1.61805	1.6912	1.7496	1.79462	1.82684	1.84787	1.85898	1.85777	1.84446	1.82133	1.78664	1.73899	1.67771	1.60172	1.51117	1.40457	1.28305	1.14861	1.00427	0.854676	0.703503	0.552198	0.402477	0.263129	0.149542	0.0723912	0.0295898	0.0102101	0.00298819	0.000747177	0.000160926	3.01147e-05	4.95785e-06	7.57746e-07	1.54374e-07	9.48925e-08	1.76668e-07	9.07523e-07	6.49067e-06	4.40457e-05	0.000264712	0.00138622	0.00625442	0.0240258	0.0775647	0.207646	0.455637	
0.802268	1.19361	1.52409	1.75935	1.87588	1.82129	1.59194	1.21052	0.698159	0.106856	-0.495982	-1.05532	-1.492	-1.77014	-1.84169	-1.72541	-1.48009	-1.18071	-0.992632	-0.962132	-0.969408	-0.961069	-1.04604	-1.29789	-1.59219	-1.78777	-1.84023	-1.67937	-1.33507	-0.84152	-0.256793	0.350061	0.913342	1.38523	1.69982	1.86538	1.84883	1.6795	1.41499	1.07538	0.734687	0.508572	0.446724	0.511479	0.640484	0.795635	0.961766	1.12891	1.28749	1.43194	1.55981	1.67117	1.76541	1.84431	1.90792	1.95828	1.99526	2.02262	2.03931	2.046	2.04529	2.03678	2.01792	1.98867	1.94932	1.89627	1.82984	1.74781	1.65037	1.53552	1.40442	1.25678	1.09579	0.927249	0.758828	0.59395	0.43159	0.279115	0.15496	0.0723912	0.0282955	0.0092829	0.00257533	0.00060972	0.000124352	2.20467e-05	3.42966e-06	4.77131e-07	7.41502e-08	1.03286e-07	7.8126e-07	6.00642e-06	4.12735e-05	0.000249484	0.00131341	0.00595897	0.0230266	0.0748048	0.201567	0.445229	
0.769502	1.1604	1.49685	1.74129	1.87165	1.83681	1.631	1.27085	0.778485	0.203016	-0.393542	-0.958536	-1.41302	-1.72784	-1.84801	-1.8034	-1.61026	-1.33894	-1.12698	-1.0072	-0.978168	-1.04604	-1.20043	-1.44569	-1.70552	-1.83718	-1.8242	-1.62227	-1.24621	-0.742715	-0.154858	0.439399	0.986858	1.43472	1.72984	1.87497	1.83955	1.66353	1.40401	1.08625	0.790683	0.621072	0.6037	0.693393	0.841721	1.0185	1.19996	1.37026	1.52445	1.66192	1.78126	1.88266	1.96437	2.02954	2.07764	2.11364	2.13757	2.15292	2.16253	2.16568	2.16531	2.16108	2.15033	2.13361	2.10742	2.06916	2.01793	1.94944	1.86395	1.75882	1.63577	1.49495	1.33713	1.1635	0.978049	0.792757	0.614887	0.441425	0.279115	0.149542	0.0667047	0.024728	0.00766779	0.00200836	0.00044904	8.65845e-05	1.4535e-05	2.14357e-06	2.87623e-07	1.06855e-07	6.51102e-07	5.07665e-06	3.53026e-05	0.000215943	0.00115121	0.00529345	0.0207486	0.0684304	0.187327	0.420481	
0.718275	1.1071	1.45192	1.71025	1.86223	1.85628	1.68567	1.36084	0.898984	0.353953	-0.236102	-0.795426	-1.27737	-1.62959	-1.82454	-1.86004	-1.7525	-1.56388	-1.37793	-1.25846	-1.23047	-1.29789	-1.44569	-1.64431	-1.81155	-1.86351	-1.76687	-1.5071	-1.09644	-0.580444	0.00216012	0.577473	1.09904	1.50762	1.77164	1.88464	1.82372	1.64143	1.39304	1.10826	0.86615	0.748151	0.764561	0.880918	1.0554	1.2448	1.42448	1.58985	1.73877	1.86575	1.96967	2.05031	2.10985	2.15138	2.17883	2.19395	2.20235	2.20513	2.20645	2.20731	2.20713	2.20615	2.20479	2.20117	2.19161	2.17448	2.14421	2.09958	2.0358	1.9509	1.84204	1.71074	1.55778	1.38885	1.20419	1.00427	0.804253	0.614887	0.43159	0.263129	0.134211	0.0565346	0.0197161	0.0057459	0.00141544	0.000298122	5.42619e-05	8.61779e-06	1.20986e-06	2.03794e-07	5.03012e-07	3.8825e-06	2.74739e-05	0.000171234	0.00093119	0.00437322	0.0175314	0.059216	0.166217	0.382808	
0.649985	1.03353	1.38757	1.66227	1.84288	1.87619	1.74638	1.4723	1.05497	0.545363	-0.0179925	-0.570078	-1.07109	-1.46749	-1.73202	-1.85971	-1.85419	-1.77268	-1.65778	-1.55679	-1.52923	-1.59219	-1.70552	-1.81155	-1.86876	-1.82593	-1.64112	-1.3256	-0.878297	-0.354942	0.211134	0.756888	1.23709	1.60025	1.81867	1.88856	1.80098	1.61665	1.38705	1.14176	0.949922	0.874788	0.927814	1.07781	1.26625	1.45326	1.63146	1.79054	1.92272	2.02637	2.10522	2.15894	2.19223	2.20703	2.20849	2.2008	2.18754	2.17473	2.16358	2.1561	2.15692	2.16557	2.17719	2.19029	2.20299	2.20899	2.20536	2.18708	2.15005	2.0915	2.00788	1.89849	1.76102	1.5963	1.41408	1.21759	1.00427	0.792757	0.59395	0.402477	0.232962	0.111579	0.043924	0.0143042	0.003898	0.000899989	0.000178155	3.05628e-05	4.59083e-06	6.43362e-07	3.98641e-07	2.6787e-06	1.93783e-05	0.000123919	0.000692428	0.00334683	0.0138332	0.0482651	0.140196	0.334518	
0.56695	0.939689	1.30276	1.59465	1.80478	1.88672	1.8094	1.59301	1.2326	0.774444	0.25033	-0.286659	-0.794776	-1.21964	-1.54818	-1.75205	-1.85074	-1.8601	-1.81811	-1.76863	-1.75445	-1.78777	-1.83718	-1.86351	-1.82593	-1.6839	-1.43104	-1.06094	-0.598539	-0.0733419	0.465728	0.966215	1.39349	1.69573	1.86094	1.88492	1.77104	1.59053	1.38565	1.1786	1.03007	0.999578	1.09701	1.27027	1.45976	1.64852	1.81691	1.95375	2.06205	2.14045	2.1887	2.20987	2.20715	2.18774	2.15621	2.11923	2.08265	2.04973	2.02794	2.01798	2.01902	2.0313	2.05559	2.08984	2.12671	2.1632	2.19272	2.20932	2.20783	2.18141	2.12727	2.0428	1.92848	1.78563	1.60962	1.41408	1.20419	0.978049	0.758828	0.552198	0.355665	0.192365	0.085429	0.0311437	0.00941121	0.00238769	0.000515157	9.5646e-05	1.54451e-05	2.20952e-06	4.70253e-07	1.67735e-06	1.23255e-05	8.14122e-05	0.000470797	0.00235967	0.0101355	0.0368381	0.111729	0.278883	
0.473027	0.826387	1.19559	1.50552	1.74384	1.87739	1.85938	1.7087	1.42182	1.02308	0.552611	0.0470715	-0.442834	-0.888791	-1.25504	-1.52645	-1.70211	-1.79722	-1.83232	-1.84203	-1.84529	-1.84023	-1.8242	-1.76687	-1.64112	-1.43104	-1.11748	-0.720291	-0.2487	0.24784	0.748691	1.19187	1.55295	1.78672	1.8922	1.86584	1.73119	1.56245	1.38288	1.20889	1.10414	1.127	1.26409	1.44736	1.64041	1.8199	1.96454	2.08159	2.15976	2.2014	2.21049	2.19097	2.14998	2.09158	2.02518	1.95565	1.89117	1.83828	1.79912	1.77829	1.78062	1.80564	1.84784	1.90324	1.96947	2.03885	2.10425	2.15996	2.19683	2.2111	2.19557	2.14721	2.0608	1.93741	1.78563	1.5963	1.38885	1.1635	0.927249	0.703503	0.490275	0.294875	0.146828	0.0598192	0.0200477	0.00559322	0.0013165	0.00026477	4.60252e-05	6.9958e-06	1.03754e-06	1.0146e-06	7.03272e-06	4.82425e-05	0.000290724	0.001522	0.0068463	0.0261333	0.0834908	0.220092	
0.373873	0.696576	1.06478	1.39244	1.65548	1.83854	1.88797	1.80595	1.5993	1.27394	0.873855	0.419926	-0.04451	-0.482209	-0.866838	-1.17481	-1.40827	-1.56098	-1.65077	-1.68875	-1.69517	-1.67937	-1.62227	-1.5071	-1.3256	-1.06094	-0.720291	-0.312234	0.140214	0.606003	1.04224	1.41516	1.70006	1.85651	1.90017	1.82627	1.68067	1.52809	1.37012	1.22868	1.17679	1.2556	1.41973	1.61008	1.80015	1.95786	2.08341	2.1652	2.20578	2.20806	2.17497	2.10993	2.02224	1.92079	1.81228	1.70744	1.6132	1.53562	1.48423	1.46013	1.46278	1.49232	1.54923	1.63097	1.72773	1.8341	1.94212	2.04119	2.12488	2.18381	2.21097	2.19998	2.15295	2.0608	1.92848	1.76102	1.55778	1.33713	1.09579	0.854676	0.627355	0.410702	0.226598	0.102584	0.0380268	0.0116515	0.00298982	0.000651096	0.000121816	1.97995e-05	2.86895e-06	7.94362e-07	3.60015e-06	2.55989e-05	0.000161774	0.000890665	0.00422629	0.0170756	0.0579527	0.162847	
0.276652	0.55628	0.910851	1.25307	1.53833	1.76266	1.87972	1.87024	1.74981	1.50993	1.18702	0.796543	0.390477	-0.0216287	-0.393649	-0.718714	-0.975692	-1.16284	-1.28699	-1.35781	-1.37553	-1.33507	-1.24621	-1.09644	-0.878297	-0.598539	-0.2487	0.140213	0.554503	0.957076	1.32546	1.61845	1.81412	1.89562	1.87724	1.76166	1.61654	1.48052	1.34207	1.24141	1.25194	1.37991	1.56207	1.75687	1.93202	2.06736	2.16154	2.20598	2.20814	2.16067	2.07871	1.96532	1.82887	1.67995	1.53006	1.38588	1.25889	1.15767	1.08575	1.0488	1.05296	1.09755	1.1757	1.28238	1.41384	1.55997	1.71023	1.85716	1.98943	2.09862	2.17249	2.21255	2.19998	2.14721	2.0428	1.89849	1.71074	1.49495	1.25678	1.00427	0.762402	0.531308	0.319719	0.159339	0.0649696	0.0217856	0.00607943	0.00143089	0.000287708	4.99956e-05	7.60418e-06	1.20123e-06	1.7168e-06	1.20823e-05	8.04486e-05	0.00046857	0.00236072	0.0101682	0.0369508	0.111665	
0.188957	0.41492	0.738527	1.08594	1.39049	1.64629	1.82651	1.88926	1.85227	1.70311	1.46848	1.16717	0.816976	0.460338	0.115715	-0.193706	-0.450716	-0.651009	-0.791517	-0.864475	-0.879235	-0.84152	-0.742715	-0.580444	-0.354942	-0.0733423	0.247839	0.605999	0.957068	1.29839	1.56945	1.77747	1.88361	1.89211	1.81287	1.6703	1.5357	1.41377	1.29989	1.25423	1.33074	1.49735	1.69177	1.88234	2.03552	2.14568	2.20252	2.2077	2.15895	2.06765	1.93076	1.76538	1.57713	1.3788	1.18143	0.99889	0.839722	0.711214	0.625155	0.584606	0.589076	0.638766	0.733801	0.86944	1.03386	1.22025	1.41832	1.61528	1.80171	1.96045	2.08994	2.17249	2.21097	2.19557	2.12727	2.00788	1.84204	1.63577	1.40442	1.14861	0.89345	0.650613	0.419787	0.227598	0.101276	0.0369581	0.0111687	0.00283152	0.00061014	0.0001131	1.82359e-05	2.64917e-06	9.52672e-07	5.06172e-06	3.54771e-05	0.00021961	0.00118092	0.00545481	0.0213699	0.0700062	
0.117186	0.284037	0.55784	0.893594	1.21263	1.48827	1.71838	1.85383	1.89139	1.8434	1.69035	1.47923	1.21403	0.926577	0.632674	0.360377	0.1233	-0.0685928	-0.203365	-0.282507	-0.303185	-0.256793	-0.154858	0.00215989	0.211133	0.465725	0.74868	1.04221	1.32539	1.56935	1.76106	1.87708	1.89133	1.83626	1.70442	1.5539	1.43357	1.32617	1.25178	1.27521	1.41328	1.60676	1.80655	1.98467	2.11386	2.19256	2.20977	2.17168	2.07487	1.92733	1.73987	1.51771	1.27821	1.02936	0.787108	0.562274	0.3671	0.214356	0.109935	0.0573174	0.0632464	0.126869	0.241218	0.403107	0.605453	0.83406	1.07872	1.32812	1.56383	1.78022	1.96045	2.09862	2.18381	2.2111	2.18141	2.0915	1.9509	1.75882	1.53552	1.28305	1.01859	0.764974	0.52089	0.30333	0.145923	0.0575424	0.0187246	0.00508906	0.0011704	0.000230607	3.93646e-05	5.90108e-06	9.92318e-07	1.92925e-06	1.379e-05	9.0964e-05	0.000523977	0.00260655	0.0110642	0.0395357	
0.0648657	0.174928	0.383962	0.683661	1.00705	1.2961	1.55236	1.75519	1.86071	1.89181	1.84581	1.71998	1.54133	1.32772	1.10044	0.880466	0.679626	0.515715	0.396995	0.330005	0.314539	0.350061	0.439398	0.577471	0.756881	0.966192	1.1918	1.41499	1.61807	1.77674	1.87608	1.88855	1.84048	1.72112	1.55388	1.41374	1.30672	1.22491	1.21135	1.31025	1.49763	1.70696	1.9054	2.06389	2.16645	2.21101	2.18755	2.1021	1.95645	1.75703	1.51252	1.23785	0.942583	0.645903	0.356567	0.0926528	-0.133197	-0.314275	-0.440153	-0.501167	-0.494408	-0.419964	-0.282002	-0.09139	0.142533	0.412917	0.705114	1.00221	1.29505	1.56383	1.80171	1.98943	2.12488	2.19683	2.20783	2.15005	2.0358	1.86395	1.65037	1.40457	1.13559	0.872154	0.618421	0.381994	0.196703	0.0831501	0.0289411	0.00838365	0.00204733	0.000426804	7.683e-05	1.20709e-05	1.73326e-06	7.93399e-07	4.71689e-06	3.30961e-05	0.000204596	0.00109861	0.00506723	0.0198243	
0.0315545	0.095043	0.235024	0.472721	0.776733	1.07709	1.34249	1.58171	1.76267	1.85876	1.89015	1.85856	1.77191	1.64222	1.48938	1.32841	1.17865	1.05021	0.95283	0.895906	0.881236	0.913341	0.986855	1.09903	1.23705	1.39335	1.55258	1.69917	1.81221	1.88003	1.88562	1.83396	1.71798	1.54165	1.37406	1.24876	1.15912	1.12739	1.19195	1.36018	1.58068	1.79617	1.98562	2.12189	2.19774	2.20471	2.14229	2.00915	1.81339	1.56124	1.26521	0.935111	0.589941	0.242975	-0.0894938	-0.391066	-0.652461	-0.856017	-0.990547	-1.05393	-1.04694	-0.969317	-0.820507	-0.604286	-0.33367	-0.0254814	0.312126	0.660191	1.00221	1.32812	1.61528	1.85716	2.04119	2.15996	2.20932	2.18708	2.09958	1.94944	1.74781	1.51117	1.24261	0.970925	0.709282	0.459364	0.250684	0.112652	0.0416373	0.0127732	0.00329286	0.000722406	0.000136461	2.24299e-05	3.25453e-06	5.78646e-07	1.44603e-06	1.05393e-05	6.99211e-05	0.000405444	0.00203336	0.00871895	
0.0133335	0.0448393	0.125165	0.286702	0.536416	0.830094	1.10722	1.35337	1.57424	1.74368	1.84563	1.88728	1.87818	1.82835	1.75066	1.6568	1.56244	1.47565	1.41226	1.37253	1.36162	1.38522	1.4347	1.50754	1.6	1.69503	1.78494	1.85253	1.88771	1.87802	1.81399	1.69128	1.51313	1.32637	1.17125	1.05781	1.01012	1.05532	1.19985	1.42051	1.65834	1.87289	2.04923	2.16182	2.20911	2.18084	2.07787	1.90087	1.65649	1.35389	1.00613	0.62791	0.232696	-0.159467	-0.531709	-0.872984	-1.16266	-1.38882	-1.54695	-1.62648	-1.61756	-1.52127	-1.34868	-1.10971	-0.808439	-0.45884	-0.0822852	0.312126	0.705114	1.07872	1.41832	1.71023	1.94212	2.10425	2.19272	2.20536	2.14421	2.01793	1.82984	1.60172	1.33704	1.05998	0.791632	0.532092	0.304763	0.144362	0.0562379	0.0181467	0.00490762	0.00112646	0.000222068	3.80051e-05	5.7042e-06	7.96002e-07	4.53635e-07	2.93901e-06	2.08565e-05	0.000130453	0.00071049	0.00333477	
0.00486079	0.0181832	0.0571174	0.148952	0.319877	0.566268	0.842439	1.09994	1.32848	1.53045	1.6932	1.80612	1.86893	1.88912	1.87644	1.84301	1.79931	1.75388	1.71542	1.69289	1.6894	1.69979	1.72971	1.77123	1.81745	1.85776	1.88487	1.8852	1.84981	1.76741	1.63618	1.46241	1.27029	1.0883	0.93869	0.861271	0.890913	1.022	1.23109	1.48399	1.72744	1.9358	2.09586	2.18689	2.20681	2.14402	2.00455	1.78417	1.49703	1.14618	0.752081	0.32603	-0.112667	-0.544867	-0.956578	-1.32636	-1.64213	-1.89709	-2.07525	-2.16213	-2.15247	-2.04669	-1.85159	-1.58342	-1.25692	-0.876872	-0.45884	-0.0254814	0.412917	0.83406	1.22025	1.55997	1.8341	2.03885	2.1632	2.20899	2.17448	2.06916	1.89627	1.67771	1.41828	1.13796	0.86401	0.597667	0.356094	0.176319	0.071843	0.0242129	0.00682477	0.00162898	0.000333225	5.90586e-05	9.15794e-06	1.26148e-06	2.35515e-07	7.28742e-07	5.42927e-06	3.65423e-05	0.000215575	0.00110421	
0.00152544	0.0063115	0.0221687	0.0654202	0.160798	0.327955	0.558727	0.813806	1.05446	1.26757	1.45275	1.60697	1.72558	1.80768	1.85643	1.87898	1.88397	1.88011	1.87032	1.8627	1.8616	1.8652	1.87435	1.88274	1.88343	1.87278	1.84051	1.77919	1.6828	1.54993	1.38517	1.19711	0.999757	0.817577	0.700431	0.701151	0.822522	1.02418	1.27474	1.54313	1.78515	1.98599	2.13048	2.19992	2.19474	2.10185	1.92743	1.67074	1.34212	0.952115	0.514317	0.0479342	-0.429156	-0.901124	-1.34149	-1.73785	-2.08174	-2.35135	-2.52915	-2.61226	-2.60304	-2.50122	-2.3045	-2.01807	-1.66226	-1.25692	-0.808439	-0.33367	0.142533	0.605453	1.03386	1.41384	1.72773	1.96947	2.12671	2.20299	2.19161	2.10742	1.94932	1.73899	1.48578	1.20425	0.925544	0.654251	0.402239	0.206535	0.087355	0.0305307	0.00890899	0.00219736	0.000463653	8.46247e-05	1.34926e-05	1.89726e-06	2.53139e-07	1.78048e-07	1.2372e-06	8.92109e-06	5.68112e-05	0.000316277	
0.000412698	0.00187629	0.007312	0.0242032	0.0674955	0.157757	0.309344	0.514671	0.744276	0.967294	1.16738	1.34018	1.48504	1.60174	1.69101	1.75494	1.79785	1.82585	1.84262	1.85024	1.85135	1.84801	1.8369	1.81627	1.78281	1.73233	1.65847	1.55857	1.43062	1.27525	1.09428	0.89457	0.69752	0.549496	0.509829	0.604885	0.80113	1.04699	1.31955	1.59368	1.83117	2.02313	2.15329	2.20584	2.17743	2.0594	1.85562	1.56705	1.20454	0.780086	0.305647	-0.192922	-0.70689	-1.20743	-1.6741	-2.09877	-2.45981	-2.73944	-2.93134	-3.02673	-3.01588	-2.90021	-2.69041	-2.39394	-2.01807	-1.58342	-1.10971	-0.604286	-0.09139	0.403107	0.86944	1.28238	1.63097	1.90324	2.08984	2.19029	2.20117	2.13361	1.98867	1.78664	1.53981	1.25845	0.975737	0.700653	0.441262	0.233177	0.101614	0.0365668	0.0109717	0.00277841	0.00060106	0.000112329	1.83172e-05	2.62966e-06	3.37797e-07	6.64935e-08	2.50102e-07	1.90376e-06	1.3036e-05	7.85232e-05	
9.66286e-05	0.000479537	0.00205693	0.00756493	0.0236805	0.0627548	0.140601	0.267754	0.439646	0.636838	0.836202	1.02113	1.18354	1.32076	1.43284	1.52089	1.58673	1.63336	1.66443	1.68133	1.68491	1.67614	1.65371	1.61673	1.56288	1.48843	1.39097	1.26898	1.12172	0.950626	0.761939	0.573036	0.418305	0.34613	0.396049	0.565646	0.807036	1.07516	1.35794	1.63228	1.86455	2.05048	2.16787	2.20571	2.16064	2.02047	1.79523	1.47998	1.09234	0.638678	0.138644	-0.389446	-0.927518	-1.45217	-1.94725	-2.38689	-2.75993	-3.07298	-3.31274	-3.44067	-3.42589	-3.27228	-3.01528	-2.69041	-2.3045	-1.85159	-1.34868	-0.820507	-0.282002	0.241218	0.733801	1.1757	1.54923	1.84784	2.05559	2.17719	2.20479	2.15033	2.01792	1.82133	1.57941	1.29991	1.01442	0.736261	0.471771	0.254692	0.113524	0.0417665	0.0127986	0.00330613	0.000728788	0.000138651	2.29977e-05	3.35574e-06	4.34617e-07	5.48489e-08	4.84335e-08	3.56876e-07	2.61496e-06	1.69647e-05	
1.96837e-05	0.000105962	0.000496512	0.0020107	0.0069908	0.0207596	0.0525307	0.113535	0.211432	0.344607	0.501824	0.667549	0.827946	0.973641	1.09958	1.20377	1.28587	1.34653	1.38745	1.41018	1.41543	1.40324	1.37341	1.32477	1.2557	1.16476	1.0518	0.917593	0.765389	0.602386	0.44198	0.30581	0.223972	0.230114	0.345809	0.558134	0.820822	1.09853	1.3855	1.65796	1.88602	2.06763	2.17668	2.20492	2.14634	1.99333	1.74964	1.41973	1.00979	0.540768	0.018578	-0.530061	-1.07929	-1.63042	-2.14385	-2.58407	-2.97671	-3.34208	-3.64014	-3.8021	-3.78337	-3.58925	-3.27228	-2.90021	-2.50122	-2.04669	-1.52127	-0.969317	-0.419964	0.126869	0.638766	1.09755	1.49232	1.80564	2.0313	2.16557	2.20615	2.16108	2.03678	1.84446	1.60548	1.32786	1.04103	0.760714	0.492901	0.269919	0.122164	0.0456267	0.0141828	0.00371329	0.000828971	0.000159617	2.67817e-05	3.95155e-06	5.1689e-07	6.10331e-08	1.30426e-08	5.94339e-08	4.60813e-07	3.20549e-06	
3.50926e-06	2.03751e-05	0.000103586	0.000458161	0.00175239	0.00576757	0.0162885	0.0394989	0.0826941	0.151109	0.2448	0.358045	0.481545	0.605505	0.721737	0.824452	0.910033	0.976396	1.02263	1.04872	1.05478	1.04074	1.00662	0.952289	0.878066	0.785299	0.676631	0.556493	0.431805	0.312148	0.209732	0.139659	0.121428	0.178785	0.328779	0.559806	0.830649	1.11181	1.39973	1.67092	1.89857	2.07656	2.17922	2.2053	2.13643	1.97936	1.72336	1.38828	0.963256	0.490114	-0.0482522	-0.604624	-1.15954	-1.73025	-2.2491	-2.68653	-3.09855	-3.50434	-3.84079	-4.0231	-4.00207	-3.78337	-3.42589	-3.01588	-2.60304	-2.15247	-1.61756	-1.04694	-0.494408	0.0632464	0.589076	1.05296	1.46278	1.78062	2.01902	2.15692	2.20713	2.16531	2.04529	1.85777	1.61944	1.3421	1.05494	0.773667	0.504135	0.278102	0.126877	0.0477634	0.014959	0.00394417	0.00088635	0.000171736	2.89886e-05	4.3022e-06	5.65937e-07	6.65466e-08	7.93719e-09	9.2746e-09	7.17495e-08	5.32656e-07	
5.50925e-07	3.43234e-06	1.88185e-05	9.02623e-05	0.000376636	0.00136072	0.00424326	0.0114163	0.0265878	0.0540158	0.0968721	0.155642	0.227609	0.307638	0.389562	0.467441	0.536308	0.592372	0.632936	0.656349	0.661805	0.649119	0.618706	0.571689	0.510115	0.437116	0.356951	0.275061	0.197734	0.131507	0.0829889	0.0605272	0.0783989	0.158916	0.321398	0.558061	0.83103	1.11289	1.4009	1.672	1.89991	2.07754	2.17938	2.2054	2.13539	1.97804	1.72082	1.38534	0.958851	0.485487	-0.0544671	-0.611277	-1.16684	-1.73956	-2.25861	-2.69573	-3.11001	-3.52	-3.86016	-4.04435	-4.0231	-3.8021	-3.44067	-3.02673	-2.61226	-2.16213	-1.62648	-1.05393	-0.501167	0.0573174	0.584606	1.0488	1.46013	1.77829	2.01798	2.1561	2.20731	2.16568	2.046	1.85898	1.6207	1.34338	1.0562	0.774849	0.505162	0.278854	0.127313	0.0479622	0.0150316	0.00396585	0.000891758	0.000172882	2.9198e-05	4.33556e-06	5.70617e-07	6.70526e-08	7.19033e-09	1.79597e-09	9.96094e-09	7.82852e-08	
7.66211e-08	5.09898e-07	2.99894e-06	1.55026e-05	7.00649e-05	0.000275581	0.000940175	0.00277876	0.00712757	0.0159522	0.0314352	0.0551956	0.0875272	0.127081	0.171105	0.216032	0.258129	0.294002	0.320869	0.336732	0.340456	0.33179	0.311333	0.280572	0.241832	0.198164	0.153146	0.110543	0.0738066	0.0457687	0.0293099	0.0301814	0.062023	0.148534	0.311941	0.547813	0.820105	1.10121	1.38915	1.66143	1.88934	2.07017	2.17763	2.20499	2.1439	1.98952	1.74268	1.41113	0.997323	0.526861	0.000571214	-0.55046	-1.10108	-1.6571	-2.17236	-2.61192	-3.00914	-3.38471	-3.69279	-3.86016	-3.84079	-3.64014	-3.31274	-2.93134	-2.52915	-2.07525	-1.54695	-0.990547	-0.440153	0.109935	0.625155	1.08575	1.48423	1.79912	2.02794	2.16358	2.20645	2.16253	2.03931	1.84787	1.60917	1.33178	1.04483	0.764232	0.495953	0.27214	0.12344	0.0462032	0.0143916	0.0037752	0.000844319	0.000162851	2.73692e-05	4.04466e-06	5.29833e-07	6.19604e-08	6.52152e-09	7.4841e-10	1.2738e-09	1.02357e-08	
9.49471e-09	6.72203e-08	4.22145e-07	2.33931e-06	1.13812e-05	4.8394e-05	0.000179216	0.000576967	0.00161573	0.00395002	0.00848792	0.0161855	0.0277016	0.043069	0.0615439	0.0816864	0.101617	0.119339	0.133035	0.141288	0.143242	0.138698	0.128125	0.112616	0.0937725	0.0735155	0.0538363	0.0364978	0.0227989	0.0136946	0.0108691	0.0196763	0.0539323	0.138075	0.296343	0.527632	0.797632	1.07689	1.36349	1.63826	1.86967	2.05462	2.17012	2.20559	2.15764	2.01411	1.78486	1.46574	1.07334	0.615429	0.110791	-0.422554	-0.96362	-1.49351	-1.99341	-2.43379	-2.80995	-3.13289	-3.38471	-3.52	-3.50434	-3.34208	-3.07298	-2.73944	-2.35135	-1.89709	-1.38882	-0.856017	-0.314275	0.214356	0.711214	1.15767	1.53562	1.83828	2.04973	2.17473	2.20513	2.15292	2.02262	1.82684	1.58562	1.30656	1.02071	0.742046	0.47677	0.258276	0.115544	0.0426628	0.0131181	0.00339957	0.000751664	0.000143415	2.38535e-05	3.48983e-06	4.52679e-07	5.24264e-08	5.45596e-09	5.26391e-10	1.78671e-10	1.19908e-09	
