0.0837206	0.187392	0.330165	0.513492	0.716557	0.949431	1.19524	1.43492	1.65901	1.82608	1.92612	1.94845	1.86246	1.67997	1.43221	1.11819	0.749093	0.38301	0.0874263	-0.104592	-0.200623	-0.228134	-0.20868	-0.158102	-0.0819581	0.0177266	0.138244	0.278271	0.437097	0.607661	0.783645	0.957895	1.12336	1.2711	1.39088	1.47315	1.50681	1.47976	1.39417	1.26696	1.1031	0.894595	0.652922	0.418734	0.233594	0.113324	0.0481065	0.0181438	0.00639012	0.0025295	0.00163887	0.00176717	0.00225411	0.00293211	0.00391429	0.00584621	0.0108449	0.0246044	0.0597165	0.138069	0.286323	0.518146	0.809682	1.0968	1.31575	1.44711	1.49457	1.43741	1.26158	0.998901	0.672817	0.29711	-0.079493	-0.430296	-0.732667	-0.951514	-1.08754	-1.135	-1.10408	-1.00863	-0.880838	-0.741369	-0.624747	-0.53487	-0.480327	-0.442007	-0.419365	-0.406601	-0.399971	-0.396942	-0.398414	-0.402726	-0.406652	-0.409894	-0.4024	-0.368212	-0.304415	-0.206973	-0.101327	-0.00138581	
0.187392	0.331676	0.49028	0.661651	0.842725	1.04317	1.23642	1.41637	1.56255	1.64356	1.66338	1.60393	1.44755	1.21953	0.938716	0.59783	0.224968	-0.118405	-0.374886	-0.530392	-0.603186	-0.620299	-0.601064	-0.554753	-0.486105	-0.394334	-0.277086	-0.138026	0.0256879	0.211864	0.414971	0.626939	0.837745	1.03686	1.21257	1.35405	1.45555	1.50639	1.48648	1.39776	1.26398	1.09008	0.867254	0.614188	0.379081	0.202689	0.0943846	0.0390629	0.0153831	0.00713911	0.00532432	0.00591364	0.00737597	0.00918886	0.0112372	0.0138047	0.0181757	0.0282236	0.0533315	0.111607	0.228909	0.426493	0.697072	0.990183	1.23737	1.4033	1.49081	1.48888	1.37204	1.15708	0.874939	0.531834	0.16416	-0.190432	-0.518189	-0.786093	-0.98426	-1.09614	-1.13424	-1.10606	-1.02707	-0.923074	-0.809552	-0.707327	-0.625159	-0.565892	-0.526131	-0.495641	-0.48153	-0.477778	-0.476365	-0.485849	-0.498752	-0.500338	-0.483164	-0.423668	-0.321499	-0.182874	-0.0469139	0.0724328	
0.330165	0.49028	0.643884	0.792242	0.946707	1.10239	1.23144	1.34026	1.40266	1.40941	1.36314	1.23964	1.03551	0.78117	0.479669	0.131143	-0.224852	-0.526613	-0.733749	-0.850264	-0.90246	-0.911999	-0.898877	-0.863946	-0.810726	-0.737687	-0.639591	-0.513976	-0.362473	-0.182211	0.0236688	0.251861	0.493645	0.737843	0.970155	1.17412	1.33275	1.44643	1.50596	1.48465	1.38888	1.24627	1.05737	0.816686	0.555394	0.327571	0.168049	0.077011	0.03444	0.0188259	0.0157196	0.0177102	0.0216247	0.0262181	0.0309914	0.0358436	0.0413507	0.0498624	0.0678414	0.109226	0.197002	0.356442	0.595138	0.880974	1.14891	1.34764	1.47082	1.51877	1.46458	1.30401	1.06982	0.771225	0.426073	0.0770686	-0.263286	-0.560919	-0.803027	-0.987446	-1.0904	-1.13647	-1.11763	-1.06486	-0.984347	-0.902131	-0.819882	-0.752729	-0.700655	-0.663427	-0.640808	-0.631423	-0.634608	-0.643026	-0.651385	-0.637136	-0.585391	-0.475051	-0.309292	-0.132523	0.0299915	0.170881	
0.513492	0.661651	0.792242	0.913012	1.03275	1.1179	1.18041	1.22189	1.21472	1.16393	1.06075	0.885171	0.652385	0.389021	0.0832381	-0.252131	-0.569917	-0.811792	-0.963795	-1.04208	-1.07499	-1.08307	-1.07743	-1.06194	-1.03268	-0.985759	-0.920137	-0.824433	-0.698334	-0.536682	-0.342536	-0.117255	0.131986	0.398461	0.66718	0.927745	1.15682	1.32816	1.44916	1.50698	1.47426	1.36786	1.21282	1.00335	0.744755	0.483509	0.274263	0.140524	0.0722556	0.0460723	0.0417306	0.0470393	0.0560846	0.0662882	0.0764823	0.0860925	0.0950778	0.10458	0.118618	0.147071	0.208618	0.32876	0.526065	0.788613	1.06411	1.29088	1.44526	1.53335	1.53855	1.43788	1.25348	1.00599	0.696833	0.36637	0.0332594	-0.292066	-0.563794	-0.791315	-0.9594	-1.06751	-1.1233	-1.13028	-1.10478	-1.0577	-1.00258	-0.951476	-0.904275	-0.871367	-0.848544	-0.835618	-0.837612	-0.836156	-0.819542	-0.768991	-0.649926	-0.468002	-0.246172	-0.0353286	0.152783	0.333089	
0.716557	0.842725	0.946707	1.03275	1.08008	1.09911	1.11127	1.08281	1.01462	0.912931	0.76522	0.560667	0.331405	0.0761263	-0.21574	-0.517463	-0.770938	-0.9432	-1.03854	-1.08198	-1.10024	-1.11033	-1.11453	-1.12066	-1.12102	-1.11142	-1.08388	-1.03369	-0.9522	-0.831736	-0.668242	-0.461556	-0.217289	0.0562477	0.34757	0.634172	0.917064	1.16124	1.33995	1.46294	1.50682	1.45516	1.33599	1.1635	0.930662	0.661958	0.416263	0.240408	0.142558	0.103488	0.0985975	0.109961	0.127675	0.14702	0.165788	0.182837	0.197621	0.210422	0.22343	0.243033	0.283054	0.366025	0.51612	0.739518	1.00418	1.24913	1.43066	1.54806	1.60123	1.56188	1.42829	1.23161	0.971586	0.663117	0.35121	0.0331334	-0.269492	-0.52789	-0.745556	-0.907119	-1.02199	-1.08876	-1.12205	-1.12487	-1.11062	-1.08523	-1.06089	-1.03998	-1.02381	-1.01497	-1.00404	-0.983417	-0.928448	-0.812011	-0.619632	-0.365977	-0.102059	0.137691	0.348321	0.550977	
0.949431	1.04317	1.10239	1.1179	1.09911	1.07416	1.01358	0.920608	0.811953	0.68026	0.508352	0.305187	0.0951845	-0.145757	-0.407514	-0.650032	-0.827489	-0.929809	-0.975379	-0.991912	-1.00128	-1.01126	-1.02926	-1.05206	-1.07878	-1.10767	-1.1246	-1.12416	-1.09317	-1.02812	-0.914183	-0.753509	-0.536143	-0.278969	0.0223852	0.336494	0.642261	0.941103	1.18757	1.3689	1.48414	1.50316	1.43178	1.29947	1.10663	0.857073	0.597741	0.389867	0.263551	0.210596	0.205516	0.224828	0.253682	0.284446	0.313549	0.339283	0.360795	0.37791	0.39166	0.405817	0.429666	0.480821	0.583607	0.756529	0.990251	1.23759	1.44177	1.58191	1.66682	1.68246	1.60337	1.44927	1.24342	0.976528	0.676555	0.377114	0.077813	-0.199949	-0.446762	-0.654761	-0.819586	-0.941072	-1.0247	-1.07737	-1.10777	-1.11936	-1.12127	-1.11705	-1.11294	-1.10283	-1.08152	-1.03037	-0.923348	-0.735154	-0.468493	-0.160264	0.13063	0.38421	0.612392	0.810878	
1.19524	1.23642	1.23144	1.18041	1.11127	1.01358	0.888377	0.765311	0.629831	0.477359	0.295137	0.119682	-0.0688018	-0.277573	-0.492353	-0.660159	-0.765609	-0.806176	-0.816855	-0.817403	-0.815709	-0.828601	-0.853905	-0.889034	-0.937805	-0.991659	-1.05059	-1.10201	-1.12999	-1.12578	-1.07069	-0.963606	-0.794497	-0.566475	-0.294059	0.0311916	0.362905	0.691655	0.995989	1.23783	1.41717	1.51254	1.50556	1.42243	1.27933	1.07121	0.824577	0.601657	0.451978	0.383795	0.375831	0.400932	0.439239	0.479778	0.517446	0.550056	0.576687	0.597071	0.611674	0.622567	0.635408	0.662414	0.723995	0.843474	1.03025	1.26005	1.47871	1.6423	1.74817	1.80291	1.78256	1.67347	1.50524	1.29159	1.02722	0.738595	0.448327	0.16745	-0.0907795	-0.321129	-0.517916	-0.680766	-0.807637	-0.903811	-0.971363	-1.02013	-1.05071	-1.06711	-1.07298	-1.06213	-1.02445	-0.935801	-0.769398	-0.512185	-0.183978	0.152557	0.453976	0.713108	0.939898	1.10394	
1.43492	1.41637	1.34026	1.22189	1.08281	0.920608	0.765311	0.612539	0.457811	0.296942	0.144805	0.00605188	-0.155627	-0.329166	-0.484648	-0.58402	-0.625165	-0.634493	-0.624171	-0.616002	-0.613428	-0.624085	-0.647058	-0.685459	-0.739806	-0.807608	-0.891567	-0.976733	-1.06058	-1.1163	-1.13683	-1.09183	-0.9889	-0.80284	-0.559118	-0.258706	0.0826041	0.433585	0.780967	1.08208	1.32317	1.49525	1.56768	1.54871	1.46458	1.31287	1.10057	0.879235	0.710828	0.622732	0.603641	0.62635	0.667072	0.711454	0.752664	0.787965	0.816409	0.837771	0.852292	0.861047	0.867163	0.878157	0.9087	0.980425	1.11304	1.30556	1.52257	1.71083	1.84121	1.92065	1.94927	1.90141	1.77364	1.59451	1.37578	1.12028	0.845803	0.569273	0.304835	0.0618173	-0.152712	-0.337362	-0.491235	-0.617416	-0.715037	-0.788467	-0.841759	-0.875943	-0.887827	-0.874394	-0.814674	-0.686334	-0.463828	-0.149433	0.211608	0.555409	0.849927	1.09792	1.29171	1.40055	
1.65901	1.56255	1.40266	1.21472	1.01462	0.811953	0.629831	0.457811	0.301256	0.163056	0.0540334	-0.0667106	-0.199595	-0.333461	-0.424603	-0.476344	-0.487939	-0.484531	-0.472676	-0.462971	-0.465515	-0.470402	-0.484233	-0.514573	-0.55458	-0.613997	-0.698087	-0.801744	-0.918275	-1.02438	-1.10558	-1.134	-1.09607	-0.98205	-0.782269	-0.510502	-0.178154	0.182473	0.560436	0.918144	1.22387	1.47317	1.63482	1.69447	1.67606	1.58525	1.41679	1.2061	1.01971	0.903842	0.862086	0.871491	0.906027	0.947924	0.988071	1.02271	1.05057	1.07136	1.08517	1.09251	1.09494	1.09658	1.10656	1.14121	1.22176	1.36276	1.55403	1.75454	1.91689	2.02355	2.08381	2.09347	2.03095	1.89646	1.71202	1.49201	1.24628	0.98838	0.731955	0.487347	0.262871	0.0646882	-0.105041	-0.247306	-0.365062	-0.456412	-0.524412	-0.569362	-0.585586	-0.563421	-0.480979	-0.312104	-0.0409648	0.31186	0.684227	1.01739	1.2902	1.50888	1.64983	1.6925	
1.82608	1.64356	1.40941	1.16393	0.912931	0.68026	0.477359	0.296942	0.163056	0.066632	-0.0171928	-0.116094	-0.218941	-0.30956	-0.368862	-0.398765	-0.405967	-0.401841	-0.399398	-0.39586	-0.394142	-0.397932	-0.403358	-0.415971	-0.437951	-0.474531	-0.527409	-0.617511	-0.736395	-0.878012	-1.00813	-1.1043	-1.13533	-1.08522	-0.945291	-0.720602	-0.408796	-0.0436965	0.357043	0.767611	1.14292	1.47056	1.72257	1.86558	1.91149	1.87441	1.74655	1.54826	1.344	1.19553	1.12353	1.11265	1.13611	1.17253	1.20985	1.24273	1.2693	1.28907	1.30204	1.30847	1.3091	1.30592	1.30387	1.31328	1.3511	1.43678	1.57952	1.76296	1.94566	2.08767	2.17791	2.2243	2.22255	2.15741	2.02801	1.84834	1.63332	1.39728	1.15534	0.920068	0.699407	0.499679	0.324884	0.177185	0.0537558	-0.0458214	-0.120588	-0.168913	-0.184246	-0.149836	-0.0428888	0.163236	0.471374	0.842292	1.20567	1.50913	1.74603	1.91419	1.98083	1.94102	
1.92612	1.66338	1.36314	1.06075	0.76522	0.508352	0.295137	0.144805	0.0540334	-0.0171928	-0.0841437	-0.165624	-0.241424	-0.309637	-0.354381	-0.380477	-0.390462	-0.393426	-0.393286	-0.392381	-0.393755	-0.39386	-0.395271	-0.397252	-0.403393	-0.41293	-0.434351	-0.482824	-0.574187	-0.708757	-0.865573	-1.01131	-1.10795	-1.13256	-1.05201	-0.873575	-0.593242	-0.228928	0.193865	0.654214	1.09955	1.50125	1.8327	2.04973	2.15	2.15445	2.06042	1.8768	1.66037	1.48233	1.37942	1.34574	1.35536	1.38386	1.41622	1.44548	1.46913	1.48656	1.49787	1.50328	1.50317	1.4984	1.49123	1.48711	1.49677	1.5366	1.62334	1.76158	1.93227	2.09722	2.22316	2.30107	2.33645	2.32785	2.26679	2.15104	1.98728	1.78698	1.56528	1.3393	1.12303	0.925561	0.752025	0.605139	0.484675	0.388038	0.315797	0.271552	0.264405	0.313917	0.44631	0.682778	1.01314	1.38223	1.71685	1.97709	2.16409	2.26284	2.24323	2.12039	
1.94845	1.60393	1.23964	0.885171	0.560667	0.305187	0.119682	0.00605188	-0.0667106	-0.116094	-0.165624	-0.219152	-0.279636	-0.33959	-0.385496	-0.401378	-0.40271	-0.395972	-0.395901	-0.392936	-0.388644	-0.394297	-0.396837	-0.39938	-0.4079	-0.416838	-0.413616	-0.420339	-0.460833	-0.565361	-0.715847	-0.890519	-1.03482	-1.11635	-1.10055	-0.970562	-0.718545	-0.354019	0.091548	0.594578	1.09844	1.55881	1.94974	2.22519	2.3708	2.4103	2.3482	2.18449	1.96399	1.76106	1.62627	1.56481	1.55419	1.56865	1.59093	1.61241	1.62985	1.64256	1.65069	1.65448	1.65422	1.65021	1.64324	1.63564	1.63284	1.64522	1.68764	1.77365	1.90452	2.06135	2.211	2.32519	2.39415	2.4207	2.40669	2.35011	2.24981	2.10802	1.93136	1.73221	1.52702	1.33142	1.15676	1.00896	0.889944	0.797966	0.731924	0.695501	0.700165	0.767264	0.924145	1.18481	1.52548	1.87904	2.17483	2.38633	2.51431	2.53536	2.42993	2.22649	
1.86246	1.44755	1.03551	0.652385	0.331405	0.0951845	-0.0688018	-0.155627	-0.199595	-0.218941	-0.241424	-0.279636	-0.340369	-0.391839	-0.411791	-0.396173	-0.381928	-0.376657	-0.364651	-0.36054	-0.359533	-0.35983	-0.371349	-0.378441	-0.388983	-0.411618	-0.428324	-0.422056	-0.420021	-0.467388	-0.586169	-0.756761	-0.932834	-1.0633	-1.0949	-1.00208	-0.772508	-0.407552	0.0562059	0.58754	1.12799	1.6255	2.05825	2.38295	2.5722	2.64535	2.6123	2.46731	2.24316	2.01393	1.84216	1.74561	1.7077	1.70273	1.71106	1.7219	1.73116	1.73786	1.74202	1.7439	1.74375	1.74163	1.73764	1.73243	1.72818	1.72991	1.74702	1.7925	1.87688	1.99964	2.14406	2.2825	2.39014	2.45507	2.47685	2.45894	2.4044	2.31535	2.19344	2.04206	1.8696	1.68996	1.51923	1.37046	1.25077	1.16159	1.10205	1.07519	1.09333	1.17915	1.35823	1.63656	1.97688	2.30417	2.55407	2.7102	2.77013	2.70722	2.51413	2.22588	
1.67997	1.21953	0.78117	0.389021	0.0761263	-0.145757	-0.277573	-0.329166	-0.333461	-0.30956	-0.309637	-0.33959	-0.391839	-0.413402	-0.393133	-0.356977	-0.340926	-0.336236	-0.320206	-0.318184	-0.320764	-0.317101	-0.327994	-0.339031	-0.343943	-0.373503	-0.410978	-0.430484	-0.416134	-0.425005	-0.494228	-0.642129	-0.818515	-0.970606	-1.03517	-0.968733	-0.753427	-0.390108	0.076182	0.614129	1.17263	1.69513	2.16134	2.52972	2.75808	2.85653	2.84059	2.70465	2.47253	2.21564	2.00566	1.87251	1.80597	1.78033	1.7732	1.77214	1.77234	1.77236	1.77199	1.7718	1.77185	1.77215	1.77261	1.77278	1.77319	1.7755	1.78368	1.80583	1.85288	1.93302	2.04546	2.17703	2.30595	2.4103	2.47605	2.49888	2.481	2.42782	2.34503	2.2364	2.10448	1.9545	1.79795	1.65094	1.528	1.4373	1.38132	1.36341	1.39536	1.49935	1.69718	1.98569	2.31579	2.6084	2.8074	2.90401	2.8928	2.74764	2.47337	2.10996	
1.43221	0.938716	0.479669	0.0832381	-0.21574	-0.407514	-0.492353	-0.484648	-0.424603	-0.368862	-0.354381	-0.385496	-0.411791	-0.393133	-0.338453	-0.318728	-0.323846	-0.324988	-0.307444	-0.312639	-0.319728	-0.305095	-0.315607	-0.32566	-0.322431	-0.321403	-0.362482	-0.414538	-0.422317	-0.412926	-0.438873	-0.544567	-0.701722	-0.855055	-0.928535	-0.868886	-0.66853	-0.320046	0.131736	0.660155	1.22975	1.77523	2.26609	2.66267	2.91489	3.02529	3.01532	2.88252	2.64265	2.36137	2.11616	1.94732	1.85048	1.8007	1.77453	1.75914	1.7483	1.73995	1.7341	1.73133	1.73165	1.73503	1.74133	1.7497	1.75943	1.77065	1.78425	1.80231	1.8313	1.87947	1.95316	2.05197	2.1672	2.28318	2.3818	2.44872	2.47606	2.46258	2.4128	2.33445	2.23417	2.1149	1.97974	1.83864	1.70868	1.6067	1.54349	1.52632	1.56708	1.68561	1.89812	2.19159	2.50711	2.76451	2.9163	2.95936	2.88532	2.67053	2.33092	1.91002	
1.11819	0.59783	0.131143	-0.252131	-0.517463	-0.650032	-0.660159	-0.58402	-0.476344	-0.398765	-0.380477	-0.401378	-0.396173	-0.356977	-0.318728	-0.32984	-0.335916	-0.313253	-0.312918	-0.31427	-0.310505	-0.315728	-0.311469	-0.320598	-0.339293	-0.320545	-0.331254	-0.376699	-0.408025	-0.404422	-0.405476	-0.467107	-0.588407	-0.711025	-0.778697	-0.723066	-0.543059	-0.221889	0.212156	0.730654	1.30505	1.86202	2.36018	2.76636	3.03024	3.14671	3.13862	3.00516	2.75492	2.44794	2.16626	1.95868	1.82738	1.74983	1.70314	1.67236	1.64928	1.63177	1.62047	1.61471	1.61535	1.62222	1.63447	1.65234	1.67373	1.69778	1.7247	1.75401	1.78643	1.82602	1.87812	1.94679	2.03161	2.12772	2.22481	2.31003	2.37149	2.40007	2.39088	2.34518	2.2708	2.17674	2.06636	1.9409	1.80983	1.69287	1.61138	1.58245	1.622	1.74808	1.9702	2.26515	2.56559	2.79165	2.9034	2.90103	2.77309	2.49961	2.10597	1.6371	
0.749093	0.224968	-0.224852	-0.569917	-0.770938	-0.827489	-0.765609	-0.625165	-0.487939	-0.405967	-0.390462	-0.40271	-0.381928	-0.340926	-0.323846	-0.335916	-0.328185	-0.295428	-0.306381	-0.302297	-0.288411	-0.309327	-0.299136	-0.304792	-0.33896	-0.326926	-0.329595	-0.353421	-0.395963	-0.390783	-0.378079	-0.391171	-0.465392	-0.548811	-0.601293	-0.553704	-0.396364	-0.10517	0.314049	0.824428	1.3896	1.93901	2.43238	2.84092	3.11044	3.22607	3.21022	3.06531	2.79689	2.46147	2.14347	1.89805	1.7341	1.63094	1.56519	1.51817	1.4827	1.45654	1.43955	1.43093	1.43187	1.4422	1.46067	1.48755	1.52144	1.56014	1.60177	1.64689	1.69341	1.74196	1.79381	1.85231	1.9187	1.9924	2.07	2.14452	2.20811	2.25318	2.27281	2.26048	2.2135	2.13875	2.04708	1.94171	1.82231	1.69981	1.59927	1.54985	1.57729	1.70148	1.92612	2.2181	2.50249	2.69995	2.77642	2.7338	2.55857	2.23552	1.79808	1.29269	
0.38301	-0.118405	-0.526613	-0.811792	-0.9432	-0.929809	-0.806176	-0.634493	-0.484531	-0.401841	-0.393426	-0.395972	-0.376657	-0.336236	-0.324988	-0.313253	-0.295428	-0.280792	-0.291319	-0.285445	-0.274451	-0.291853	-0.285246	-0.284476	-0.302867	-0.317821	-0.32715	-0.347371	-0.381032	-0.372978	-0.339311	-0.311861	-0.334326	-0.377215	-0.411624	-0.379085	-0.244761	0.0306902	0.435466	0.92317	1.46656	2.00431	2.48995	2.89114	3.15189	3.25333	3.21942	3.05651	2.76794	2.406	2.05472	1.77503	1.58027	1.45155	1.36429	1.30031	1.25276	1.21819	1.19436	1.18368	1.1848	1.19801	1.2239	1.25946	1.30574	1.36077	1.42115	1.48538	1.55148	1.61769	1.68303	1.7474	1.81218	1.87709	1.94188	2.00294	2.05489	2.09225	2.11105	2.10934	2.08162	2.02203	1.93703	1.83917	1.73104	1.61243	1.49964	1.42702	1.43265	1.5438	1.76207	2.04627	2.31475	2.48826	2.53701	2.46404	2.25517	1.90043	1.4403	0.923294	
0.0874264	-0.374886	-0.733749	-0.963795	-1.03854	-0.975379	-0.816855	-0.624171	-0.472676	-0.399398	-0.393286	-0.395901	-0.364651	-0.320206	-0.307444	-0.312918	-0.306381	-0.291319	-0.295723	-0.291928	-0.285589	-0.296944	-0.291835	-0.295748	-0.312879	-0.309003	-0.308571	-0.328123	-0.364738	-0.349561	-0.290147	-0.218297	-0.192088	-0.203648	-0.234791	-0.209762	-0.0845386	0.175585	0.556312	1.01614	1.53991	2.06259	2.52743	2.90603	3.14703	3.22866	3.1734	2.9887	2.67584	2.28484	1.89994	1.58723	1.36205	1.20912	1.10222	1.02506	0.966254	0.923199	0.894178	0.881084	0.882536	0.898649	0.930233	0.974869	1.03217	1.10031	1.17896	1.26387	1.3538	1.44413	1.53362	1.61852	1.69794	1.76995	1.83437	1.89071	1.93619	1.96725	1.97794	1.96545	1.93368	1.87942	1.7952	1.68914	1.57543	1.45626	1.3358	1.2415	1.21866	1.30572	1.50822	1.78096	2.037	2.19627	2.23123	2.14541	1.9246	1.56309	1.10603	0.6024	
-0.104592	-0.530392	-0.850264	-1.04208	-1.08198	-0.991912	-0.817403	-0.616002	-0.462971	-0.39586	-0.392381	-0.392936	-0.36054	-0.318184	-0.312639	-0.31427	-0.302297	-0.285445	-0.291928	-0.288227	-0.277959	-0.292463	-0.288846	-0.289117	-0.309312	-0.311069	-0.30905	-0.316228	-0.343237	-0.309195	-0.220537	-0.106733	-0.046317	-0.0432623	-0.0723184	-0.0464536	0.074771	0.313038	0.667008	1.10757	1.60928	2.1014	2.53623	2.88907	3.10544	3.15964	3.07446	2.85939	2.51723	2.0967	1.68245	1.34191	1.09294	0.920673	0.798388	0.707769	0.63876	0.58823	0.556039	0.5398	0.541707	0.561116	0.596286	0.648994	0.716851	0.798434	0.891582	0.994349	1.10486	1.2192	1.33422	1.44651	1.55252	1.64883	1.73145	1.79871	1.84834	1.87919	1.89125	1.87717	1.83362	1.76974	1.68339	1.56794	1.43603	1.30304	1.17295	1.06092	1.00888	1.06445	1.24266	1.50042	1.74813	1.90371	1.93937	1.85787	1.64446	1.29545	0.857782	0.379445	
-0.200622	-0.603185	-0.902459	-1.07499	-1.10024	-1.00128	-0.815709	-0.613428	-0.465515	-0.394142	-0.393755	-0.388644	-0.359533	-0.320764	-0.319728	-0.310505	-0.288411	-0.274451	-0.285589	-0.277959	-0.267336	-0.286113	-0.278393	-0.278222	-0.296603	-0.31406	-0.309618	-0.30639	-0.311318	-0.254763	-0.132844	0.0096892	0.0893508	0.101355	0.078443	0.104524	0.217517	0.438309	0.773828	1.19182	1.66001	2.12089	2.52693	2.84502	3.02448	3.04191	2.92243	2.67539	2.30464	1.85624	1.41677	1.05261	0.784249	0.594329	0.458431	0.357172	0.282049	0.226617	0.190128	0.173316	0.175129	0.195637	0.235547	0.293183	0.368077	0.460769	0.568087	0.688312	0.81799	0.955285	1.09506	1.23433	1.36806	1.49303	1.60456	1.69871	1.7717	1.81826	1.83679	1.83239	1.79589	1.72516	1.63262	1.51469	1.36966	1.21675	1.07216	0.946416	0.870533	0.893504	1.04133	1.27931	1.51933	1.67693	1.72154	1.65371	1.45736	1.12837	0.713204	0.25887	
-0.228133	-0.620299	-0.911999	-1.08307	-1.11033	-1.01126	-0.828601	-0.624085	-0.470402	-0.397932	-0.39386	-0.394297	-0.35983	-0.317101	-0.305095	-0.315728	-0.309327	-0.291853	-0.296945	-0.292466	-0.286118	-0.297094	-0.292836	-0.296981	-0.313212	-0.304311	-0.289369	-0.283905	-0.273644	-0.185938	-0.0319913	0.132495	0.213779	0.228985	0.209725	0.238961	0.341267	0.548377	0.870747	1.26095	1.69851	2.12944	2.49314	2.76842	2.90763	2.88629	2.72989	2.44736	2.04402	1.56814	1.107	0.726301	0.444493	0.245126	0.101748	-0.00398628	-0.0844937	-0.143218	-0.181137	-0.199017	-0.197141	-0.175535	-0.133921	-0.0720795	0.00826251	0.105868	0.221964	0.353447	0.499266	0.655695	0.819115	0.985561	1.14936	1.30566	1.44801	1.5732	1.67528	1.75397	1.79907	1.80839	1.79011	1.73307	1.6408	1.52481	1.37989	1.21456	1.05428	0.916964	0.824672	0.819491	0.934477	1.14728	1.37624	1.53563	1.59046	1.53807	1.36047	1.05129	0.655047	0.217705	
-0.208679	-0.601064	-0.898877	-1.07743	-1.11453	-1.02926	-0.853905	-0.647058	-0.484233	-0.403358	-0.395271	-0.396837	-0.371349	-0.327994	-0.315607	-0.311469	-0.299137	-0.285248	-0.291841	-0.288861	-0.278428	-0.292892	-0.288321	-0.287629	-0.302263	-0.301624	-0.288102	-0.266292	-0.22691	-0.101776	0.0785317	0.246632	0.325907	0.333907	0.32022	0.348536	0.444735	0.650058	0.953746	1.31689	1.72902	2.11733	2.43679	2.67213	2.76253	2.6962	2.49734	2.17863	1.74416	1.24701	0.771307	0.382731	0.0952646	-0.108587	-0.255537	-0.365146	-0.445726	-0.503809	-0.540835	-0.559546	-0.557598	-0.535238	-0.494301	-0.433053	-0.352103	-0.249443	-0.128109	0.0113522	0.167766	0.338107	0.51944	0.707219	0.896848	1.08347	1.25983	1.42015	1.55806	1.66495	1.74683	1.78798	1.79051	1.75864	1.68287	1.57439	1.43867	1.27437	1.10373	0.955695	0.852147	0.825369	0.908823	1.09245	1.30539	1.46315	1.52596	1.48754	1.32791	1.03678	0.655435	0.229893	
-0.158098	-0.554752	-0.863946	-1.06194	-1.12066	-1.05206	-0.889034	-0.685459	-0.514573	-0.415971	-0.397252	-0.39938	-0.378441	-0.339031	-0.32566	-0.320599	-0.304796	-0.284486	-0.295778	-0.289195	-0.278401	-0.297328	-0.288105	-0.28757	-0.307109	-0.302792	-0.27843	-0.236355	-0.163996	-0.00664877	0.188045	0.348045	0.412794	0.42235	0.409121	0.434768	0.533188	0.73581	1.02281	1.36719	1.74654	2.09063	2.37026	2.5511	2.58935	2.4774	2.23776	1.88361	1.41933	0.903105	0.420283	0.0303627	-0.253814	-0.455504	-0.597855	-0.702346	-0.780065	-0.8356	-0.87135	-0.887246	-0.885562	-0.865692	-0.826175	-0.768122	-0.689761	-0.590958	-0.471174	-0.329026	-0.167668	0.0121099	0.207501	0.412971	0.62587	0.836408	1.04356	1.23394	1.41031	1.55676	1.66873	1.74876	1.78286	1.77825	1.7301	1.63828	1.51615	1.36323	1.19133	1.03423	0.921051	0.877911	0.933533	1.08676	1.27978	1.43232	1.50053	1.47469	1.33315	1.0605	0.693144	0.277005	
-0.0819492	-0.486103	-0.810726	-1.03268	-1.12102	-1.07878	-0.937805	-0.739806	-0.55458	-0.437951	-0.403393	-0.4079	-0.388983	-0.343943	-0.322432	-0.339298	-0.338975	-0.302916	-0.313013	-0.309648	-0.297363	-0.314728	-0.304792	-0.310083	-0.336764	-0.295239	-0.25053	-0.193413	-0.097057	0.0898915	0.28877	0.434471	0.482208	0.484294	0.470303	0.502223	0.608348	0.810685	1.08599	1.41107	1.75478	2.05702	2.28567	2.413	2.40187	2.23685	1.95764	1.56516	1.0768	0.548562	0.0695757	-0.310763	-0.58315	-0.77279	-0.907309	-1.00322	-1.07376	-1.12299	-1.15231	-1.16709	-1.16509	-1.14718	-1.11527	-1.06327	-0.99115	-0.899501	-0.785223	-0.648179	-0.489451	-0.307097	-0.106876	0.110649	0.338898	0.573736	0.80579	1.0308	1.23376	1.41911	1.56891	1.68402	1.75566	1.78172	1.76488	1.6981	1.59293	1.45633	1.29181	1.12919	1.00602	0.948903	0.980768	1.10491	1.27635	1.42141	1.49348	1.47991	1.35811	1.10667	0.755315	0.349876	
0.0177453	-0.39433	-0.737686	-0.985759	-1.11142	-1.10767	-0.991659	-0.807608	-0.613997	-0.474531	-0.41293	-0.416838	-0.411619	-0.373505	-0.32141	-0.320568	-0.326998	-0.318028	-0.309546	-0.312362	-0.316858	-0.309755	-0.310944	-0.316094	-0.308532	-0.265633	-0.226664	-0.167673	-0.0247004	0.182293	0.381139	0.492614	0.528878	0.522339	0.509719	0.555707	0.674386	0.880946	1.14754	1.45129	1.75875	2.01582	2.1931	2.26708	2.19366	1.98251	1.66409	1.23966	0.730354	0.198996	-0.269227	-0.628995	-0.882681	-1.05338	-1.17058	-1.25189	-1.30697	-1.34636	-1.37119	-1.38064	-1.37945	-1.3674	-1.34027	-1.29846	-1.24156	-1.16424	-1.06267	-0.937536	-0.786197	-0.608452	-0.408502	-0.184409	0.0523307	0.303855	0.554912	0.805772	1.04344	1.25924	1.44563	1.59619	1.70573	1.76523	1.78022	1.74369	1.65936	1.54066	1.38941	1.22622	1.09284	1.02164	1.03257	1.13018	1.28032	1.41723	1.49274	1.4919	1.39236	1.16642	0.834864	0.443316	
0.13828	-0.277079	-0.63959	-0.920137	-1.08388	-1.1246	-1.05059	-0.891567	-0.698087	-0.527409	-0.434351	-0.413617	-0.428326	-0.410987	-0.362513	-0.331354	-0.329892	-0.327952	-0.310544	-0.313473	-0.318652	-0.306111	-0.315988	-0.319204	-0.299972	-0.268285	-0.228154	-0.131854	0.0583405	0.278589	0.448268	0.526761	0.54262	0.531379	0.538555	0.603892	0.741167	0.953058	1.2102	1.49274	1.76362	1.9718	2.09416	2.10913	1.97923	1.72223	1.36287	0.91104	0.385089	-0.136443	-0.582147	-0.910569	-1.13402	-1.27901	-1.37254	-1.43515	-1.47573	-1.49931	-1.5121	-1.51927	-1.51849	-1.51028	-1.49582	-1.46948	-1.42821	-1.36772	-1.28605	-1.1802	-1.04415	-0.881722	-0.687552	-0.469561	-0.225799	0.0328152	0.303853	0.573725	0.836348	1.08319	1.30448	1.48872	1.63478	1.72961	1.77569	1.77109	1.7115	1.61141	1.47639	1.31778	1.17532	1.08881	1.0797	1.153	1.28308	1.41235	1.49177	1.50437	1.42953	1.23419	0.927716	0.553711	
0.278338	-0.138012	-0.513973	-0.824432	-1.03369	-1.12416	-1.10201	-0.976733	-0.801744	-0.617511	-0.482825	-0.420342	-0.422066	-0.430523	-0.414669	-0.377096	-0.354524	-0.350157	-0.334525	-0.329635	-0.331996	-0.328498	-0.336836	-0.336578	-0.317942	-0.295041	-0.221397	-0.0664479	0.15239	0.350704	0.476255	0.52091	0.532896	0.531272	0.560886	0.65654	0.814932	1.03193	1.28251	1.541	1.76985	1.92522	1.99342	1.94765	1.75705	1.45582	1.06448	0.587251	0.0574019	-0.447887	-0.857557	-1.14801	-1.33287	-1.44558	-1.50935	-1.54417	-1.56125	-1.56947	-1.57259	-1.57234	-1.57273	-1.57258	-1.5682	-1.55943	-1.54142	-1.50717	-1.45287	-1.37038	-1.2594	-1.11477	-0.937012	-0.726886	-0.488227	-0.2258	0.0523299	0.338894	0.625845	0.896727	1.14883	1.36603	1.54549	1.67636	1.75376	1.78053	1.74848	1.66794	1.54998	1.40018	1.25125	1.14841	1.11851	1.16838	1.27939	1.4019	1.48637	1.51322	1.46484	1.30482	1.02982	0.679398	
0.437211	0.0257126	-0.362468	-0.698333	-0.9522	-1.09317	-1.12999	-1.06058	-0.918275	-0.736396	-0.57419	-0.460845	-0.420067	-0.416292	-0.422814	-0.409444	-0.399638	-0.389669	-0.383175	-0.379057	-0.374823	-0.37662	-0.379628	-0.370043	-0.346275	-0.286796	-0.166715	0.0202042	0.223124	0.37675	0.455341	0.485718	0.50104	0.52684	0.597605	0.72472	0.903585	1.12835	1.36705	1.59588	1.78021	1.88108	1.89092	1.77917	1.53498	1.19324	0.768868	0.273812	-0.251817	-0.725077	-1.08853	-1.32917	-1.46943	-1.54201	-1.57277	-1.57912	-1.57286	-1.55982	-1.54763	-1.54347	-1.54414	-1.54974	-1.56252	-1.57494	-1.58082	-1.57504	-1.55055	-1.50117	-1.41981	-1.30366	-1.14808	-0.956765	-0.726886	-0.469561	-0.184409	0.110648	0.412962	0.707173	0.985348	1.23346	1.44331	1.60797	1.71666	1.77351	1.77063	1.71127	1.61027	1.47196	1.31996	1.20084	1.14859	1.1742	1.26584	1.38201	1.47286	1.51487	1.49402	1.37343	1.13583	0.815163	
0.607845	0.211905	-0.182202	-0.53668	-0.831736	-1.02812	-1.12578	-1.1163	-1.02438	-0.878015	-0.70877	-0.565411	-0.467567	-0.425587	-0.414635	-0.408967	-0.401708	-0.396735	-0.396375	-0.393052	-0.391927	-0.391774	-0.386017	-0.367327	-0.326942	-0.248199	-0.106189	0.0693343	0.232796	0.33621	0.394647	0.429753	0.479277	0.542227	0.65389	0.817104	1.01726	1.2438	1.46547	1.66173	1.79512	1.83765	1.78635	1.60854	1.31117	0.931949	0.483901	-0.0238256	-0.530865	-0.962955	-1.26928	-1.45515	-1.54469	-1.574	-1.56533	-1.53732	-1.50324	-1.47316	-1.45076	-1.43833	-1.44005	-1.45453	-1.47831	-1.51059	-1.54498	-1.57293	-1.58604	-1.57196	-1.52818	-1.44343	-1.3183	-1.14808	-0.937012	-0.687552	-0.408502	-0.106876	0.207498	0.519424	0.819036	1.09472	1.33288	1.52893	1.66833	1.75301	1.77871	1.7422	1.65837	1.53305	1.38141	1.24727	1.17122	1.17043	1.24056	1.34934	1.44759	1.50576	1.51246	1.4346	1.24115	0.955357	
0.783926	0.415036	0.0236824	-0.342533	-0.668242	-0.914182	-1.07069	-1.13683	-1.10559	-1.00815	-0.865625	-0.716038	-0.586806	-0.496158	-0.444148	-0.418467	-0.406896	-0.396932	-0.394314	-0.39165	-0.390036	-0.388401	-0.379584	-0.35893	-0.314431	-0.225048	-0.0963799	0.0479669	0.169762	0.253424	0.314562	0.384558	0.472595	0.586366	0.751034	0.942483	1.15903	1.3824	1.5808	1.73662	1.81298	1.79471	1.67716	1.43421	1.0908	0.677944	0.206179	-0.30185	-0.778925	-1.15433	-1.39694	-1.5208	-1.5583	-1.54092	-1.49548	-1.43628	-1.37753	-1.32773	-1.2932	-1.27953	-1.28092	-1.29834	-1.33695	-1.38905	-1.44886	-1.50898	-1.55671	-1.58445	-1.57956	-1.53446	-1.44343	-1.30366	-1.11477	-0.881722	-0.608452	-0.307098	0.0121089	0.338102	0.655668	0.955164	1.2187	1.44223	1.61132	1.72288	1.77546	1.76198	1.69531	1.58385	1.4358	1.28903	1.18859	1.15866	1.20333	1.30142	1.4069	1.48244	1.51578	1.48168	1.33953	1.09522	
0.958304	0.627036	0.251882	-0.11725	-0.461555	-0.753509	-0.963607	-1.09183	-1.13401	-1.10435	-1.0115	-0.891173	-0.758805	-0.647881	-0.559109	-0.500084	-0.458233	-0.434412	-0.420526	-0.410489	-0.410012	-0.407	-0.404278	-0.391295	-0.352299	-0.28285	-0.172213	-0.0515183	0.0600125	0.150594	0.249891	0.369816	0.515903	0.684389	0.886282	1.10673	1.33526	1.54253	1.71042	1.81713	1.82992	1.74836	1.56215	1.25566	0.869161	0.428097	-0.0584411	-0.55744	-0.989848	-1.30111	-1.47369	-1.53556	-1.51861	-1.45651	-1.37195	-1.28484	-1.20886	-1.15301	-1.11705	-1.09891	-1.10101	-1.12275	-1.16265	-1.22309	-1.3019	-1.39126	-1.47782	-1.54527	-1.58445	-1.57956	-1.52818	-1.41981	-1.2594	-1.04415	-0.786197	-0.489451	-0.167669	0.167764	0.499258	0.81795	1.10468	1.35311	1.54898	1.68536	1.76333	1.77275	1.72274	1.62502	1.48324	1.32716	1.20314	1.14177	1.15582	1.23723	1.34743	1.44144	1.50048	1.50817	1.42265	1.22843	
1.12392	0.837883	0.493675	0.131992	-0.217288	-0.536143	-0.794499	-0.988911	-1.09612	-1.13551	-1.10858	-1.03685	-0.938729	-0.833852	-0.73738	-0.662388	-0.602494	-0.562217	-0.534691	-0.518088	-0.51497	-0.517056	-0.516528	-0.5138	-0.483086	-0.412027	-0.306899	-0.177291	-0.0525126	0.0825403	0.231222	0.415344	0.612425	0.831782	1.07658	1.31483	1.53686	1.72091	1.84992	1.89595	1.84294	1.69453	1.43562	1.07252	0.649755	0.181822	-0.313636	-0.786914	-1.16279	-1.40029	-1.50342	-1.50311	-1.43749	-1.33463	-1.22344	-1.11858	-1.0355	-0.980116	-0.947709	-0.935392	-0.936498	-0.95247	-0.989702	-1.04978	-1.13818	-1.24705	-1.36004	-1.46681	-1.54527	-1.58445	-1.57196	-1.50117	-1.37038	-1.1802	-0.937536	-0.648179	-0.329026	0.0113518	0.353445	0.6883	0.994294	1.26364	1.4845	1.64383	1.74454	1.77627	1.74256	1.65773	1.52389	1.36219	1.21698	1.12333	1.10159	1.15795	1.26679	1.37911	1.46387	1.50923	1.48127	1.34644	
1.27184	1.03705	0.737885	0.39847	0.056249	-0.27897	-0.566483	-0.802877	-0.982203	-1.08578	-1.13446	-1.12203	-1.07855	-1.00707	-0.932533	-0.85726	-0.794719	-0.748647	-0.714774	-0.696398	-0.689083	-0.689995	-0.697315	-0.689339	-0.654608	-0.572753	-0.449375	-0.289351	-0.119897	0.0685178	0.282419	0.529313	0.779485	1.05057	1.31032	1.55444	1.76277	1.9133	1.98941	1.96726	1.84641	1.62655	1.29584	0.881685	0.428237	-0.0606238	-0.554084	-0.989205	-1.29681	-1.46016	-1.49406	-1.43874	-1.32802	-1.19462	-1.06642	-0.963141	-0.895834	-0.859517	-0.83811	-0.825345	-0.826749	-0.841538	-0.865224	-0.90672	-0.981055	-1.0912	-1.22367	-1.36004	-1.47782	-1.55671	-1.58604	-1.55055	-1.45287	-1.28605	-1.06267	-0.785223	-0.471174	-0.128109	0.221963	0.568084	0.891567	1.17889	1.42087	1.60072	1.72122	1.7739	1.7564	1.6835	1.55814	1.39418	1.23149	1.1068	1.04561	1.06749	1.1648	1.29196	1.40327	1.48228	1.50767	1.43848	
1.39182	1.2128	0.97021	0.667192	0.347571	0.0223792	-0.294088	-0.559242	-0.782747	-0.946946	-1.05716	-1.11483	-1.13016	-1.11225	-1.07747	-1.03348	-0.990036	-0.948684	-0.921643	-0.905258	-0.896217	-0.897456	-0.897078	-0.876177	-0.819577	-0.707818	-0.536794	-0.331754	-0.102745	0.144174	0.426866	0.721238	1.02051	1.31122	1.58686	1.82832	1.99982	2.10625	2.11782	2.02452	1.83355	1.53683	1.13983	0.68615	0.202857	-0.302237	-0.778005	-1.15882	-1.39321	-1.48307	-1.45776	-1.35338	-1.21278	-1.06104	-0.936217	-0.851276	-0.806939	-0.795935	-0.787909	-0.774837	-0.776463	-0.79026	-0.797207	-0.812169	-0.865024	-0.958416	-1.0912	-1.24705	-1.39126	-1.50898	-1.57293	-1.57504	-1.50717	-1.36772	-1.16424	-0.899501	-0.590958	-0.249443	0.105868	0.460769	0.79843	1.10029	1.36069	1.55982	1.69663	1.76698	1.76505	1.70353	1.58659	1.42296	1.2471	1.0948	0.993309	0.972314	1.04472	1.17797	1.31548	1.42605	1.49731	1.49446	
1.47429	1.35435	1.17419	0.927759	0.63417	0.336473	0.031097	-0.259083	-0.511858	-0.72498	-0.886184	-1.00281	-1.07493	-1.11364	-1.12268	-1.11682	-1.10307	-1.08533	-1.07001	-1.05929	-1.05513	-1.04925	-1.03463	-0.993258	-0.902976	-0.748667	-0.531817	-0.272874	0.0102584	0.316637	0.648945	0.988305	1.3178	1.62454	1.90169	2.10299	2.2365	2.29049	2.22513	2.06052	1.79371	1.42142	0.968194	0.482051	-0.0273388	-0.538079	-0.981642	-1.29587	-1.4572	-1.48029	-1.40513	-1.26367	-1.10386	-0.952948	-0.848504	-0.800819	-0.787864	-0.784163	-0.773587	-0.758688	-0.760561	-0.776354	-0.785248	-0.789049	-0.806493	-0.865024	-0.981055	-1.13818	-1.3019	-1.44886	-1.54498	-1.58082	-1.54142	-1.42821	-1.24156	-0.99115	-0.689761	-0.352103	0.00826248	0.368076	0.71685	1.03217	1.30572	1.52135	1.67339	1.75826	1.76963	1.71851	1.60965	1.44815	1.26337	1.08854	0.949318	0.880461	0.913886	1.03857	1.19754	1.33941	1.44858	1.50609	
1.50814	1.4559	1.33283	1.15683	0.917053	0.642194	0.362626	0.0815626	-0.18165	-0.419273	-0.621101	-0.783893	-0.907104	-0.99645	-1.05481	-1.09108	-1.10814	-1.11789	-1.11943	-1.11744	-1.1143	-1.10165	-1.07215	-1.0057	-0.881031	-0.683606	-0.416192	-0.105193	0.227613	0.582952	0.955286	1.32468	1.66213	1.9662	2.21135	2.37719	2.4682	2.44174	2.30031	2.0672	1.71995	1.2793	0.785126	0.268633	-0.264818	-0.760147	-1.15643	-1.39785	-1.49456	-1.46151	-1.34993	-1.18424	-1.01771	-0.88277	-0.802221	-0.789445	-0.79136	-0.780996	-0.764152	-0.74678	-0.749143	-0.768248	-0.783837	-0.791694	-0.789049	-0.812169	-0.90672	-1.04978	-1.22309	-1.38905	-1.51059	-1.57494	-1.55943	-1.46948	-1.29846	-1.06327	-0.768122	-0.433053	-0.0720795	0.293183	0.648994	0.974868	1.25946	1.48753	1.65224	1.74937	1.7717	1.7293	1.62762	1.46922	1.27917	1.08759	0.916315	0.799678	0.783035	0.880501	1.04866	1.2209	1.36302	1.46803	
1.48125	1.50679	1.44652	1.32817	1.1612	0.940911	0.690907	0.430967	0.174288	-0.0664044	-0.284482	-0.473182	-0.630925	-0.756747	-0.853109	-0.925478	-0.976955	-1.01059	-1.03163	-1.04169	-1.03766	-1.02088	-0.97362	-0.882867	-0.724054	-0.484936	-0.176146	0.171904	0.541422	0.92584	1.31924	1.69265	2.02401	2.30819	2.5188	2.63939	2.65372	2.54931	2.34542	2.0328	1.6069	1.11652	0.589973	0.0435266	-0.499668	-0.96212	-1.29563	-1.47	-1.51087	-1.4386	-1.29969	-1.12479	-0.959675	-0.847299	-0.790732	-0.78677	-0.779782	-0.742278	-0.719014	-0.722906	-0.721275	-0.720777	-0.750961	-0.783837	-0.785248	-0.797207	-0.865224	-0.989702	-1.16265	-1.33695	-1.47831	-1.56252	-1.5682	-1.49582	-1.34027	-1.11527	-0.826175	-0.494301	-0.133921	0.235547	0.596285	0.930233	1.2239	1.46066	1.63444	1.74124	1.77232	1.73675	1.64082	1.48562	1.29296	1.09017	0.894357	0.735314	0.664053	0.716418	0.873308	1.06856	1.24357	1.3831	
1.39578	1.4869	1.50606	1.44916	1.33983	1.18706	0.994151	0.774963	0.543002	0.312379	0.0935567	-0.104989	-0.279614	-0.42845	-0.549916	-0.644235	-0.718197	-0.770578	-0.80509	-0.823513	-0.822563	-0.79976	-0.741359	-0.63155	-0.44787	-0.181973	0.151294	0.525068	0.914802	1.31278	1.71068	2.07643	2.38879	2.63554	2.7936	2.84453	2.78713	2.62089	2.34176	1.9466	1.46398	0.939494	0.38061	-0.189448	-0.715572	-1.12923	-1.39703	-1.51723	-1.51603	-1.41954	-1.26221	-1.08618	-0.923995	-0.827936	-0.78441	-0.77631	-0.761702	-0.709861	-0.685741	-0.705615	-0.701351	-0.685163	-0.720777	-0.768248	-0.776354	-0.79026	-0.841538	-0.95247	-1.12275	-1.29834	-1.45453	-1.54974	-1.57258	-1.51028	-1.3674	-1.14718	-0.865692	-0.535238	-0.175536	0.195637	0.561115	0.898648	1.19801	1.44219	1.62221	1.73501	1.77208	1.7414	1.64959	1.49693	1.30322	1.09366	0.881054	0.688755	0.566439	0.5628	0.684504	0.883499	1.08934	1.26079	
1.26863	1.3982	1.48475	1.50693	1.46263	1.3677	1.2337	1.0695	0.88427	0.687576	0.489287	0.298931	0.124287	-0.0316528	-0.166993	-0.277624	-0.364823	-0.430681	-0.474786	-0.49793	-0.499599	-0.4719	-0.406549	-0.283155	-0.0842664	0.197474	0.547241	0.933286	1.32664	1.7218	2.1052	2.44367	2.71411	2.90769	3.00564	2.99398	2.87482	2.63454	2.27383	1.81966	1.30424	0.746583	0.15636	-0.411546	-0.897973	-1.25067	-1.46432	-1.54459	-1.51969	-1.4082	-1.24483	-1.06525	-0.909196	-0.812987	-0.771489	-0.758836	-0.744757	-0.715328	-0.700982	-0.709936	-0.708034	-0.701351	-0.721275	-0.749143	-0.760561	-0.776463	-0.826749	-0.936498	-1.10101	-1.28092	-1.44005	-1.54415	-1.57273	-1.51849	-1.37945	-1.16509	-0.885564	-0.557601	-0.197145	0.175126	0.541704	0.882532	1.18479	1.43187	1.61535	1.73164	1.77183	1.7437	1.65408	1.50287	1.30871	1.09542	0.872522	0.657318	0.494115	0.434598	0.503126	0.677539	0.897886	1.1032	
1.10477	1.26442	1.38894	1.47409	1.50609	1.48149	1.40865	1.299	1.16355	1.01148	0.850624	0.688145	0.532115	0.38854	0.259633	0.148039	0.0575235	-0.0123681	-0.060736	-0.0863026	-0.0879181	-0.0589859	0.0102653	0.137942	0.340532	0.62459	0.973181	1.3502	1.72891	2.10182	2.4532	2.75112	2.9742	3.11623	3.15683	3.08043	2.88716	2.57247	2.15866	1.67243	1.12506	0.535075	-0.0626818	-0.598554	-1.02957	-1.32716	-1.50175	-1.55974	-1.52442	-1.40839	-1.24386	-1.0633	-0.908229	-0.811213	-0.769786	-0.756883	-0.742892	-0.717874	-0.705081	-0.711348	-0.709936	-0.705615	-0.722906	-0.74678	-0.758688	-0.774837	-0.825345	-0.935392	-1.09891	-1.27953	-1.43833	-1.54347	-1.57234	-1.51928	-1.38065	-1.1671	-0.88726	-0.559563	-0.199036	0.173296	0.539781	0.881067	1.18366	1.43091	1.6147	1.73132	1.77179	1.74389	1.65446	1.50324	1.30853	1.09323	0.864651	0.635696	0.444646	0.339417	0.350352	0.475531	0.679183	0.904757	
0.896217	1.09049	1.24627	1.36746	1.45357	1.49777	1.49636	1.45247	1.37414	1.27122	1.15285	1.02637	0.898603	0.776661	0.665419	0.567025	0.484555	0.420191	0.374907	0.350453	0.349507	0.376973	0.443974	0.566174	0.760824	1.03358	1.36649	1.724	2.07895	2.42066	2.73444	2.98889	3.16171	3.24529	3.21976	3.07456	2.81993	2.46105	2.01702	1.50125	0.922396	0.323001	-0.245084	-0.729061	-1.10412	-1.3633	-1.51602	-1.56813	-1.533	-1.422	-1.25878	-1.08122	-0.919605	-0.824841	-0.782142	-0.773247	-0.757858	-0.708585	-0.686342	-0.705081	-0.700982	-0.685741	-0.719014	-0.764152	-0.773587	-0.78791	-0.838111	-0.947711	-1.11705	-1.2932	-1.45077	-1.54764	-1.57261	-1.51214	-1.37124	-1.15237	-0.87142	-0.540916	-0.181225	0.190036	0.555949	0.894094	1.19428	1.43949	1.62042	1.73406	1.77196	1.742	1.65067	1.49787	1.3021	1.08557	0.854062	0.61807	0.411325	0.275529	0.238061	0.305064	0.462137	0.67463	
0.65443	0.867603	1.05724	1.21195	1.33281	1.42165	1.4771	1.49748	1.48388	1.44087	1.37535	1.29454	1.20481	1.11262	1.02432	0.944292	0.875465	0.820721	0.781895	0.760721	0.760135	0.785083	0.845945	0.95805	1.13842	1.39267	1.70338	2.03505	2.35743	2.65877	2.92601	3.12803	3.24255	3.26543	3.18351	2.99134	2.70214	2.31689	1.84408	1.30098	0.718115	0.148979	-0.366089	-0.792578	-1.12797	-1.36451	-1.5146	-1.57132	-1.54844	-1.44718	-1.29461	-1.11656	-0.950757	-0.842706	-0.7898	-0.785309	-0.776327	-0.732522	-0.708585	-0.717874	-0.715328	-0.709861	-0.742278	-0.780996	-0.784163	-0.795937	-0.85952	-0.980124	-1.15303	-1.32776	-1.47321	-1.55989	-1.56958	-1.49946	-1.34656	-1.12325	-0.83591	-0.504163	-0.143601	0.22622	0.587839	0.922831	1.21786	1.45626	1.63155	1.73977	1.77223	1.73777	1.6425	1.48653	1.28908	1.07152	0.838482	0.599724	0.386502	0.234796	0.16521	0.182003	0.280397	0.446804	
0.420075	0.614434	0.816306	1.00161	1.1576	1.28179	1.37582	1.44126	1.47912	1.49103	1.48011	1.45088	1.40819	1.35682	1.3019	1.24843	1.2002	1.16036	1.13148	1.11572	1.11587	1.13699	1.18843	1.28513	1.44344	1.6697	1.94786	2.24247	2.52201	2.77543	2.99232	3.1443	3.21078	3.19123	3.07566	2.85572	2.54012	2.12868	1.63829	1.10185	0.55502	0.0440195	-0.413117	-0.795547	-1.10787	-1.33974	-1.49844	-1.56876	-1.56591	-1.48136	-1.34747	-1.17252	-1.00476	-0.873044	-0.797984	-0.788618	-0.790396	-0.776327	-0.757858	-0.742892	-0.744757	-0.761702	-0.779782	-0.791361	-0.787867	-0.806948	-0.895852	-1.03554	-1.20893	-1.37765	-1.50345	-1.57318	-1.56172	-1.47638	-1.30782	-1.07481	-0.781306	-0.447127	-0.0860033	0.280492	0.637224	0.964803	1.25145	1.48157	1.64835	1.74758	1.7718	1.73078	1.6296	1.46897	1.26922	1.05058	0.816633	0.577637	0.364083	0.207615	0.121962	0.1053	0.152493	0.259963	
0.234724	0.379162	0.55457	0.741566	0.920439	1.07776	1.2078	1.31	1.38609	1.43842	1.46966	1.48301	1.48204	1.47027	1.45117	1.42835	1.40522	1.38461	1.369	1.3606	1.36202	1.3779	1.41691	1.49326	1.62337	1.81532	2.05601	2.3119	2.55156	2.76401	2.94154	3.05851	3.09343	3.04526	2.90434	2.66058	2.32685	1.91171	1.44031	0.951384	0.465814	0.0161683	-0.393728	-0.75137	-1.05386	-1.29511	-1.46434	-1.55887	-1.57766	-1.52218	-1.40992	-1.25181	-1.08599	-0.936357	-0.836134	-0.797053	-0.788618	-0.785309	-0.773247	-0.756883	-0.758836	-0.776311	-0.786772	-0.789453	-0.800838	-0.851318	-0.963231	-1.11876	-1.28516	-1.43683	-1.53819	-1.58042	-1.54602	-1.43763	-1.25504	-1.00707	-0.706823	-0.370142	-0.00933769	0.351668	0.70233	1.0199	1.29561	1.51406	1.66892	1.7564	1.77005	1.72039	1.61138	1.44482	1.24234	1.0225	0.787922	0.550306	0.340376	0.186455	0.0965955	0.0629615	0.0760695	0.132912	
