0.00253982	0.000344584	3.53856e-05	2.82148e-06	1.78621e-07	9.15052e-09	3.85479e-10	1.35364e-11	4.02028e-13	3.35862e-14	3.6668e-13	4.53213e-12	4.37664e-11	3.25013e-10	1.82407e-09	7.57557e-09	2.28291e-08	4.9915e-08	8.16617e-08	1.07019e-07	1.14082e-07	9.7973e-08	6.88199e-08	3.78309e-08	1.49741e-08	4.35492e-09	9.41572e-10	1.50896e-10	1.80386e-11	1.63593e-12	1.14928e-13	6.38379e-15	2.85545e-16	1.04487e-17	3.16993e-19	8.06342e-21	1.73613e-22	3.1892e-24	5.03158e-26	6.8556e-28	8.10359e-30	8.34052e-32	7.49619e-34	5.89585e-36	4.06377e-38	2.45643e-40	1.30231e-42	1.16208e-44	2.30844e-43	7.31546e-42	1.72974e-40	2.98535e-39	3.76248e-38	3.60606e-37	2.58625e-36	1.03822e-35	2.45206e-35	6.40732e-35	1.91799e-34	5.172e-34	3.34419e-32	4.42843e-30	5.25454e-28	5.52942e-26	5.14772e-24	4.22711e-22	3.05071e-20	1.92675e-18	1.05956e-16	5.0434e-15	2.06351e-13	7.19851e-12	2.12072e-10	5.2173e-09	1.0577e-07	1.73941e-06	2.27751e-05	0.000232276	0.00179913	0.0102999	0.0425474	0.12579	0.273579	0.466605	0.667525	0.854605	1.01107	1.13144	1.20617	1.23321	1.21532	1.15022	1.03784	0.888522	0.706746	0.506943	0.309672	0.150296	0.0538491	0.0137886	
0.000344584	3.96378e-05	3.51719e-06	2.46059e-07	1.38352e-08	6.35676e-10	2.42071e-11	7.75591e-13	7.10309e-14	8.94492e-13	1.2787e-11	1.44482e-10	1.27114e-09	8.58279e-09	4.38081e-08	1.6641e-07	4.6605e-07	9.71646e-07	1.55165e-06	2.00002e-06	2.11975e-06	1.8447e-06	1.31939e-06	7.47677e-07	3.15351e-07	9.93168e-08	2.34909e-08	4.14401e-09	5.46251e-10	5.45543e-11	4.20904e-12	2.55958e-13	1.24962e-14	4.97731e-16	1.63979e-17	4.52084e-19	1.05335e-20	2.0915e-22	3.56385e-24	5.24218e-26	6.68895e-28	7.43366e-30	7.21853e-32	6.14022e-34	4.58349e-36	3.00599e-38	1.73318e-40	2.27098e-42	5.33208e-41	1.56646e-39	3.44834e-38	5.57321e-37	6.6243e-36	6.01018e-35	4.07898e-34	1.59596e-33	3.73481e-33	9.42017e-33	2.66346e-32	4.09851e-32	3.99348e-32	1.33281e-31	1.41306e-29	1.60176e-27	1.60778e-25	1.4246e-23	1.11071e-21	7.59078e-20	4.52655e-18	2.34268e-16	1.04566e-14	3.99574e-13	1.29597e-11	3.53176e-10	7.99158e-09	1.48066e-07	2.20972e-06	2.6059e-05	0.000237579	0.00163522	0.00830933	0.0307767	0.0839591	0.175644	0.296609	0.426368	0.54765	0.643877	0.704205	0.726699	0.71174	0.659022	0.569291	0.451556	0.32241	0.197815	0.0991602	0.038306	0.0108978	0.00225709	
3.53856e-05	3.51719e-06	2.73666e-07	1.69917e-08	8.56287e-10	3.55435e-11	1.23431e-12	1.23735e-13	1.77205e-12	2.8932e-11	3.77332e-10	3.87253e-09	3.08329e-08	1.87922e-07	8.66083e-07	2.99034e-06	7.74431e-06	1.53147e-05	2.3782e-05	3.01404e-05	3.17854e-05	2.7992e-05	2.0426e-05	1.19917e-05	5.41435e-06	1.85778e-06	4.83881e-07	9.46237e-08	1.38498e-08	1.53305e-09	1.30639e-10	8.73999e-12	4.67645e-13	2.03439e-14	7.29853e-16	2.1857e-17	5.52048e-19	1.18631e-20	2.18509e-22	3.47145e-24	4.78198e-26	5.73666e-28	6.01481e-30	5.52763e-32	4.46233e-34	3.1693e-36	1.98287e-38	4.19882e-40	1.10053e-38	3.00161e-37	6.1585e-36	9.32762e-35	1.04588e-33	8.98319e-33	5.77358e-32	2.20013e-31	5.09907e-31	1.24263e-30	3.34113e-30	5.08174e-30	4.86188e-30	2.88267e-30	1.29978e-30	3.84302e-29	4.11316e-27	3.93131e-25	3.30918e-23	2.44465e-21	1.57847e-19	8.86476e-18	4.30548e-16	1.79633e-14	6.38785e-13	1.9184e-11	4.81369e-10	9.96565e-09	1.67739e-07	2.25653e-06	2.3793e-05	0.000192483	0.00116997	0.0052638	0.0175487	0.0444664	0.0890921	0.146865	0.208827	0.2637	0.302231	0.317794	0.307349	0.272987	0.220738	0.159214	0.0997677	0.051934	0.0215196	0.00677959	0.00158129	0.000272934	
2.82148e-06	2.46059e-07	1.69917e-08	9.45349e-10	4.30272e-11	1.62821e-12	1.78576e-13	2.8724e-12	5.29649e-11	7.87795e-10	9.31103e-09	8.61674e-08	6.1576e-07	3.35753e-06	1.3849e-05	4.31344e-05	0.000102665	0.000191378	0.000287569	0.000357969	0.00037582	0.000334642	0.000249852	0.000152904	7.43064e-05	2.79815e-05	8.09089e-06	1.76908e-06	2.90007e-07	3.58647e-08	3.39937e-09	2.51703e-10	1.48344e-11	7.07786e-13	2.77459e-14	9.05068e-16	2.48347e-17	5.78563e-19	1.15337e-20	1.98071e-22	2.94684e-24	3.81628e-26	4.31904e-28	4.28543e-30	3.73742e-32	2.87048e-34	1.94556e-36	7.34647e-38	2.03035e-36	5.14657e-35	9.84922e-34	1.3986e-32	1.47944e-31	1.20278e-30	7.32444e-30	2.71615e-29	6.23101e-29	1.46822e-28	3.75417e-28	5.64011e-28	5.40197e-28	3.2547e-28	1.18516e-28	5.33319e-29	1.09335e-28	9.0067e-27	8.17693e-25	6.52434e-23	4.55572e-21	2.7716e-19	1.46146e-17	6.63838e-16	2.57887e-14	8.49644e-13	2.35079e-11	5.39965e-10	1.01594e-08	1.54154e-07	1.85305e-06	1.73027e-05	0.000123011	0.000655061	0.0026002	0.00780946	0.0183004	0.0344942	0.0542925	0.0738926	0.0888579	0.095159	0.0909136	0.0774065	0.0583826	0.0382796	0.0211044	0.00943126	0.0032937	0.000868617	0.000170657	2.51367e-05	
1.78621e-07	1.38352e-08	8.56287e-10	4.30272e-11	1.78517e-12	2.14329e-13	3.82991e-12	7.89716e-11	1.32532e-09	1.78358e-08	1.89581e-07	1.56779e-06	9.95197e-06	4.8007e-05	0.0001753	0.000488019	0.00105944	0.00184795	0.00266967	0.00325701	0.00340466	0.00306504	0.00235122	0.00151148	0.000795664	0.000331745	0.000107561	2.65801e-05	4.93307e-06	6.88415e-07	7.32117e-08	6.04414e-09	3.94798e-10	2.07651e-11	8.93194e-13	3.18446e-14	9.51912e-16	2.40935e-17	5.20701e-19	9.67764e-21	1.55627e-22	2.17659e-24	2.65899e-26	2.84753e-28	2.68099e-30	2.22429e-32	1.63174e-34	1.20454e-35	3.3476e-34	7.89201e-33	1.40939e-31	1.87667e-30	1.87244e-29	1.44044e-28	8.31345e-28	2.99735e-27	6.80212e-27	1.55073e-26	3.77084e-26	5.59117e-26	5.36143e-26	3.28832e-26	1.26857e-26	5.76438e-27	2.43886e-27	7.48745e-28	1.70369e-26	1.45928e-24	1.10087e-22	7.24518e-21	4.13993e-19	2.04229e-17	8.64054e-16	3.11092e-14	9.4452e-13	2.3927e-11	4.99493e-10	8.46962e-09	1.14733e-07	1.21883e-06	9.9585e-06	6.15018e-05	0.000284481	0.0009927	0.00267554	0.00570657	0.00988151	0.014397	0.0180202	0.0195753	0.0185259	0.0152362	0.0107961	0.00647365	0.00317273	0.00123566	0.000370711	8.365e-05	1.41407e-05	1.81045e-06	
9.15052e-09	6.35676e-10	3.55435e-11	1.62821e-12	2.14329e-13	4.21391e-12	9.63244e-11	1.8067e-09	2.74059e-08	3.31093e-07	3.13489e-06	2.29039e-05	0.000127462	0.000536326	0.00171047	0.00420911	0.00825746	0.0133634	0.0184084	0.0219273	0.0228118	0.0207866	0.0164799	0.0112325	0.00645303	0.00301051	0.00110813	0.000313673	6.68104e-05	1.06541e-05	1.28525e-06	1.19396e-07	8.7092e-09	5.08123e-10	2.4105e-11	9.43205e-13	3.08183e-14	8.49746e-16	1.99508e-17	4.01947e-19	6.99463e-21	1.05726e-22	1.39466e-24	1.61197e-26	1.63783e-28	1.46676e-30	1.16503e-32	1.82465e-33	4.92974e-32	1.08132e-30	1.80224e-29	2.25003e-28	2.11665e-27	1.53996e-26	8.42403e-26	2.94988e-25	6.61791e-25	1.46051e-24	3.37758e-24	4.93825e-24	4.74142e-24	2.96338e-24	1.21011e-24	5.63195e-25	2.40592e-25	5.9145e-26	1.05003e-26	2.89126e-26	2.24888e-24	1.5993e-22	9.88794e-21	5.28699e-19	2.42979e-17	9.52895e-16	3.16196e-14	8.78996e-13	2.02342e-11	3.80508e-10	5.75456e-09	6.87589e-08	6.36828e-07	4.48922e-06	2.37901e-05	9.48823e-05	0.000289834	0.000691757	0.00130863	0.00202218	0.00261188	0.00286737	0.00269485	0.00215777	0.00145015	0.000800993	0.000352829	0.000121393	3.17933e-05	6.24607e-06	9.2358e-07	1.04266e-07	
3.85479e-10	2.42071e-11	1.23431e-12	1.78576e-13	3.82991e-12	9.63244e-11	2.00253e-09	3.39334e-08	4.61599e-07	4.95733e-06	4.13097e-05	0.000262789	0.00126069	0.00454472	0.0124507	0.026731	0.0468809	0.0697508	0.0907301	0.104893	0.108457	0.100324	0.0828546	0.0604973	0.0382445	0.0202039	0.00857119	0.00282626	0.000702914	0.000130162	1.80592e-05	1.9095e-06	1.57008e-07	1.02386e-08	5.38993e-10	2.32628e-11	8.34186e-13	2.51383e-14	6.42858e-16	1.40677e-17	2.65314e-19	4.33877e-21	6.18435e-23	7.71693e-25	8.46078e-27	8.17533e-29	7.05319e-31	2.5194e-31	6.47711e-30	1.32193e-28	2.05595e-27	2.40568e-26	2.13234e-25	1.46614e-24	7.60049e-24	2.58197e-23	5.722e-23	1.22299e-22	2.69e-22	3.87444e-22	3.7252e-22	2.37512e-22	1.02572e-22	4.89034e-23	2.11269e-23	5.40813e-24	9.83893e-25	1.33793e-25	5.30987e-26	3.00704e-24	2.00858e-22	1.16219e-20	5.78977e-19	2.46663e-17	8.91554e-16	2.7085e-14	6.84025e-13	1.41771e-11	2.37557e-10	3.16348e-09	3.28533e-08	2.61078e-07	1.56403e-06	7.03648e-06	2.40685e-05	6.36462e-05	0.000130695	0.000212328	0.000281034	0.000310945	0.000290741	0.000228062	0.000146647	7.5127e-05	3.00334e-05	9.23228e-06	2.13855e-06	3.70841e-07	4.85861e-08	4.89128e-09	
1.35364e-11	7.75591e-13	1.23735e-13	2.8724e-12	7.89716e-11	1.8067e-09	3.39334e-08	5.15475e-07	6.22712e-06	5.87239e-05	0.000424108	0.00230532	0.00932807	0.0281655	0.0650099	0.120098	0.186323	0.252925	0.30804	0.343154	0.35184	0.331923	0.287912	0.227073	0.159145	0.0962928	0.0478987	0.0187784	0.00557429	0.00122356	0.00019872	2.42629e-05	2.27498e-06	1.67361e-07	9.84976e-09	4.71718e-10	1.8654e-11	6.16765e-13	1.72327e-14	4.1061e-16	8.40866e-18	1.48983e-19	2.29681e-21	3.09591e-23	3.66352e-25	3.81889e-27	3.61765e-29	3.13765e-29	7.58127e-28	1.43929e-26	2.08778e-25	2.28805e-24	1.90921e-23	1.23944e-22	6.08661e-22	2.00329e-21	4.38173e-21	9.07352e-21	1.8984e-20	2.6909e-20	2.59116e-20	1.68726e-20	7.69899e-21	3.76115e-21	1.64497e-21	4.38959e-22	8.42684e-23	1.21197e-23	1.35021e-24	1.65602e-25	3.50334e-24	2.18605e-22	1.17855e-20	5.44272e-19	2.13698e-17	7.0705e-16	1.95083e-14	4.43358e-13	8.18064e-12	1.2052e-10	1.39131e-09	1.23414e-08	8.26949e-08	4.1529e-07	1.57516e-06	4.5762e-06	1.01435e-05	1.71961e-05	2.32019e-05	2.58231e-05	2.40524e-05	1.85683e-05	1.15071e-05	5.50091e-06	2.01215e-06	5.57773e-07	1.15479e-07	1.7869e-08	2.09557e-09	1.89819e-10	
4.02028e-13	7.10309e-14	1.77205e-12	5.29649e-11	1.32532e-09	2.74059e-08	4.61599e-07	6.22712e-06	6.60063e-05	0.000538218	0.00330321	0.0149736	0.0497024	0.122386	0.23362	0.368034	0.50369	0.624185	0.71337	0.764474	0.776151	0.74862	0.682098	0.579386	0.450492	0.313248	0.185367	0.0883239	0.032135	0.00858306	0.0016689	0.000239598	2.59877e-05	2.18113e-06	1.44793e-07	7.7491e-09	3.39848e-10	1.23844e-11	3.79433e-13	9.8725e-15	2.20022e-16	4.23085e-18	7.06355e-20	1.02936e-21	1.31528e-23	1.47928e-25	1.59124e-27	3.49806e-27	7.88931e-26	1.39237e-24	1.88223e-23	1.93012e-22	1.51438e-21	9.27157e-21	4.3103e-20	1.37245e-19	2.95989e-19	5.93996e-19	1.18242e-18	1.64769e-18	1.58923e-18	1.05811e-18	5.09649e-19	2.55192e-19	1.13128e-19	3.15085e-20	6.38853e-21	9.76136e-22	1.15781e-22	1.07384e-23	8.28079e-25	3.58503e-24	2.0636e-22	1.03129e-20	4.38884e-19	1.57711e-17	4.73771e-16	1.17574e-14	2.37691e-13	3.8509e-12	4.90725e-11	4.82049e-10	3.58222e-09	1.99119e-08	8.30844e-08	2.63322e-07	6.2702e-07	1.10242e-06	1.51041e-06	1.68871e-06	1.56825e-06	1.19552e-06	7.18226e-07	3.22088e-07	1.0853e-07	2.73354e-08	5.10166e-09	7.10597e-10	7.52048e-11	6.17356e-12	
3.35862e-14	8.94492e-13	2.8932e-11	7.87795e-10	1.78358e-08	3.31093e-07	4.95733e-06	5.87239e-05	0.000538218	0.00372252	0.0189382	0.069438	0.183045	0.359126	0.565519	0.769868	0.951905	1.09997	1.20908	1.26872	1.28138	1.2509	1.17143	1.04522	0.882905	0.689553	0.482313	0.282685	0.129418	0.0433908	0.0103874	0.00179344	0.000228981	2.22229e-05	1.68151e-06	1.01394e-07	4.9637e-09	2.00388e-10	6.75997e-12	1.92695e-13	4.68564e-15	9.7982e-17	1.77417e-18	2.79816e-20	3.86326e-22	4.68947e-24	6.33382e-26	3.47205e-25	7.28088e-24	1.1934e-22	1.50169e-21	1.43899e-20	1.06008e-19	6.11191e-19	2.68748e-18	8.26476e-18	1.75547e-17	3.41484e-17	6.46954e-17	8.85325e-17	8.55429e-17	5.83034e-17	2.96128e-17	1.52037e-17	6.84097e-18	1.99152e-18	4.26969e-19	6.94078e-20	8.78208e-21	8.71294e-22	6.75244e-23	4.14103e-24	3.32167e-24	1.68863e-22	7.77543e-21	3.02789e-19	9.87592e-18	2.66719e-16	5.88361e-15	1.04317e-13	1.45909e-12	1.57712e-11	1.29089e-10	7.88774e-10	3.59728e-09	1.23643e-08	3.14987e-08	5.71486e-08	7.92764e-08	8.89528e-08	8.24156e-08	6.2194e-08	3.63914e-08	1.53796e-08	4.80058e-09	1.10546e-09	1.87279e-10	2.36476e-11	2.27347e-12	1.7065e-13	
3.6668e-13	1.2787e-11	3.77332e-10	9.31103e-09	1.89581e-07	3.13489e-06	4.13097e-05	0.000424108	0.00330321	0.0189382	0.0775388	0.222343	0.454241	0.717552	0.978078	1.21764	1.43252	1.59844	1.71995	1.79244	1.80939	1.77015	1.67717	1.53727	1.35145	1.1238	0.875898	0.611445	0.35352	0.152932	0.0465038	0.0099134	0.00152057	0.00017331	1.51249e-05	1.037e-06	5.7072e-08	2.56687e-09	9.57659e-11	3.00119e-12	7.98446e-14	1.81955e-15	3.57904e-17	6.11619e-19	9.13099e-21	1.19696e-22	2.62958e-24	3.0547e-23	5.94091e-22	9.03134e-21	1.05623e-19	9.44224e-19	6.51942e-18	3.53359e-17	1.46785e-16	4.35157e-16	9.0912e-16	1.7144e-15	3.09267e-15	4.15157e-15	4.01909e-15	2.8074e-15	1.50192e-15	7.91033e-16	3.61843e-16	1.10283e-16	2.50373e-17	4.33769e-18	5.86565e-19	6.2362e-20	5.19293e-21	3.38723e-22	1.74809e-23	3.1191e-24	1.19538e-22	5.03488e-21	1.77911e-19	5.2146e-18	1.25099e-16	2.41773e-15	3.69475e-14	4.37158e-13	3.91917e-12	2.61769e-11	1.29788e-10	4.81409e-10	1.3075e-09	2.43795e-09	3.41666e-09	3.84474e-09	3.55554e-09	2.66102e-09	1.5222e-09	6.08651e-10	1.76806e-10	3.74154e-11	5.78671e-12	6.66226e-13	5.86853e-14	1.29763e-14	
4.53213e-12	1.44482e-10	3.87253e-09	8.61674e-08	1.56779e-06	2.29039e-05	0.000262789	0.00230532	0.0149736	0.069438	0.222343	0.488995	0.795311	1.10672	1.41521	1.6885	1.91265	2.08452	2.19588	2.25335	2.26548	2.23652	2.15845	2.02284	1.82896	1.58595	1.29321	0.982261	0.670987	0.371608	0.146737	0.0396138	0.0074544	0.00101398	0.000103313	8.12919e-06	5.0658e-07	2.55243e-08	1.05774e-09	3.65671e-11	1.06718e-12	2.65567e-14	5.68299e-16	1.05337e-17	1.7016e-19	2.4119e-21	1.34778e-22	2.37254e-21	4.27034e-20	6.01014e-19	6.52003e-18	5.42644e-17	3.50399e-16	1.78171e-15	6.9815e-15	1.99095e-14	4.08482e-14	7.46768e-14	1.28352e-13	1.68836e-13	1.63787e-13	1.1738e-13	6.60632e-14	3.57136e-14	1.66386e-14	5.31922e-15	1.28106e-15	2.37032e-16	3.43325e-17	3.91981e-18	3.51394e-19	2.47164e-20	1.37333e-21	6.10069e-23	3.79342e-24	7.29628e-23	2.7859e-21	8.84269e-20	2.30092e-18	4.83175e-17	8.03711e-16	1.03652e-14	1.01316e-13	7.36306e-13	3.9514e-12	1.57511e-11	4.5471e-11	8.68424e-11	1.22749e-10	1.38453e-10	1.27844e-10	9.50248e-11	5.33023e-11	2.02342e-11	5.49111e-12	1.07241e-12	1.52134e-13	1.61001e-14	4.05342e-15	1.20886e-13	
4.37664e-11	1.27114e-09	3.08329e-08	6.1576e-07	9.95197e-06	0.000127462	0.00126069	0.00932807	0.0497024	0.183045	0.454241	0.795311	1.1517	1.52114	1.84141	2.10955	2.31846	2.45696	2.54779	2.59851	2.60969	2.58338	2.51668	2.40802	2.24393	2.00737	1.71963	1.37636	1.0064	0.655946	0.33033	0.114098	0.0267269	0.00439359	0.000527803	4.802e-05	3.40769e-06	1.93189e-07	8.92212e-09	3.41109e-10	1.09407e-11	2.97696e-13	6.93682e-15	1.39532e-16	2.43929e-18	3.75763e-20	8.2477e-21	1.6199e-19	2.69239e-18	3.50028e-17	3.51377e-16	2.71577e-15	1.63579e-14	7.78391e-14	2.87174e-13	7.85858e-13	1.58051e-12	2.80079e-12	4.59058e-12	5.91124e-12	5.74715e-12	4.22996e-12	2.50103e-12	1.38877e-12	6.60406e-13	2.21935e-13	5.68234e-14	1.12569e-14	1.75114e-15	2.15255e-16	2.08235e-17	1.58286e-18	9.50918e-20	4.56445e-21	1.77322e-22	6.56715e-24	3.82566e-23	1.3077e-21	3.68289e-20	8.3815e-19	1.51293e-17	2.11945e-16	2.25029e-15	1.77263e-14	1.02587e-13	4.37943e-13	1.34034e-12	2.61471e-12	3.72259e-12	4.20707e-12	3.87979e-12	2.86716e-12	1.58095e-12	5.71472e-13	1.45345e-13	2.62896e-14	3.44668e-15	1.00965e-15	3.16603e-14	1.27356e-12	
3.25013e-10	8.58279e-09	1.87922e-07	3.35753e-06	4.8007e-05	0.000536326	0.00454472	0.0281655	0.122386	0.359126	0.717552	1.10672	1.52114	1.88734	2.21203	2.44489	2.59987	2.69753	2.74655	2.76058	2.762	2.75769	2.73286	2.66439	2.54556	2.36306	2.09105	1.74806	1.3543	0.949318	0.566827	0.244762	0.0711566	0.0141653	0.00201167	0.000212094	1.71672e-05	1.09621e-06	5.64542e-08	2.3874e-09	8.41448e-11	2.50248e-12	6.34543e-14	1.3839e-15	2.61546e-17	4.5207e-19	5.08443e-19	9.67718e-18	1.48142e-16	1.77406e-15	1.64306e-14	1.17572e-13	6.58535e-13	2.92397e-12	1.01336e-11	2.65357e-11	5.21999e-11	8.96427e-11	1.40267e-10	1.76658e-10	1.72158e-10	1.30235e-10	8.07702e-11	4.61087e-11	2.24375e-11	7.94625e-12	2.16854e-12	4.61318e-13	7.73211e-14	1.02649e-14	1.07472e-15	8.85208e-17	5.76351e-18	2.99686e-19	1.26008e-20	4.33839e-22	1.28294e-23	1.72383e-23	5.15633e-22	1.26917e-20	2.48005e-19	3.76334e-18	4.32688e-17	3.68293e-16	2.29156e-15	1.04457e-14	3.38175e-14	6.72301e-14	9.63098e-14	1.09023e-13	1.00435e-13	7.3857e-14	4.01138e-14	1.38432e-14	3.30848e-15	5.58103e-16	1.96811e-16	6.48303e-15	2.79477e-13	1.03404e-11	
1.82407e-09	4.38081e-08	8.66083e-07	1.3849e-05	0.0001753	0.00171047	0.0124507	0.0650099	0.23362	0.565519	0.978078	1.41521	1.84141	2.21203	2.48146	2.65577	2.73817	2.72895	2.66826	2.61228	2.59725	2.63116	2.69523	2.74205	2.7158	2.59814	2.38577	2.06832	1.67964	1.23494	0.810778	0.416503	0.146883	0.0349872	0.00582749	0.000707654	6.4996e-05	4.65337e-06	2.66111e-07	1.23991e-08	4.7843e-10	1.54956e-11	4.26053e-13	1.00395e-14	2.04441e-16	4.91288e-18	2.84648e-17	5.03101e-16	7.07127e-15	7.77361e-14	6.61837e-13	4.36854e-12	2.26696e-11	9.35947e-11	3.03865e-10	7.5895e-10	1.45642e-09	2.42269e-09	3.62414e-09	4.46123e-09	4.35838e-09	3.39054e-09	2.2018e-09	1.29365e-09	6.46164e-10	2.41858e-10	7.05699e-11	1.61783e-11	2.93281e-12	4.22073e-13	4.79963e-14	4.29778e-15	3.04165e-16	1.71766e-17	7.83435e-19	2.92234e-20	9.01972e-22	2.34689e-23	6.84878e-24	1.68583e-22	3.55913e-21	5.83704e-20	7.24941e-19	6.65036e-18	4.43763e-17	2.15457e-16	7.36456e-16	1.48916e-15	2.14473e-15	2.43125e-15	2.23771e-15	1.63857e-15	8.7808e-16	2.89958e-16	6.55717e-17	2.92065e-17	1.0136e-15	4.68182e-14	1.86483e-12	6.34334e-11	
7.57557e-09	1.6641e-07	2.99034e-06	4.31344e-05	0.000488019	0.00420911	0.026731	0.120098	0.368034	0.769868	1.21764	1.6885	2.10955	2.44489	2.65577	2.73948	2.67524	2.51975	2.36081	2.25634	2.231	2.28947	2.42038	2.58742	2.71641	2.72171	2.58463	2.32916	1.95036	1.50325	1.03728	0.598229	0.247188	0.0689972	0.0132785	0.00183484	0.000189245	1.50505e-05	9.47675e-07	4.82702e-08	2.02412e-09	7.08987e-11	2.09962e-12	5.31087e-14	1.16013e-15	9.10484e-17	1.39479e-15	2.26194e-14	2.90784e-13	2.92221e-12	2.27711e-11	1.38032e-10	6.60682e-10	2.52589e-09	7.65633e-09	1.81717e-08	3.39074e-08	5.45967e-08	7.8215e-08	9.40698e-08	9.21374e-08	7.3722e-08	5.00323e-08	3.02985e-08	1.55911e-08	6.18847e-09	1.93782e-09	4.80768e-10	9.46939e-11	1.48398e-11	1.84074e-12	1.79911e-13	1.38906e-14	8.54633e-16	4.23992e-17	1.71738e-18	5.74697e-20	1.60583e-21	3.78864e-23	2.72866e-24	4.49329e-23	7.94811e-22	1.0642e-20	1.04999e-19	7.49827e-19	3.8696e-18	1.39422e-17	2.86279e-17	4.14237e-17	4.70143e-17	4.32382e-17	3.15447e-17	1.67025e-17	5.31913e-18	3.15484e-18	1.15969e-16	5.75063e-15	2.47163e-13	9.12305e-12	2.86545e-10	
2.28291e-08	4.6605e-07	7.74431e-06	0.000102665	0.00105944	0.00825746	0.0468809	0.186323	0.50369	0.951905	1.43252	1.91265	2.31846	2.59987	2.73817	2.67524	2.45599	2.19952	1.98945	1.86271	1.83278	1.90223	2.06487	2.30025	2.55517	2.72428	2.70365	2.50435	2.16772	1.72431	1.23553	0.7663	0.355498	0.112833	0.0245725	0.00380557	0.000435663	3.8129e-05	2.62287e-06	1.45059e-07	6.57071e-09	2.47533e-10	7.85509e-12	2.12246e-13	5.06872e-15	3.29965e-15	5.9005e-14	8.7305e-13	1.02175e-11	9.33874e-11	6.62514e-10	3.66843e-09	1.61093e-08	5.67502e-08	1.59946e-07	3.59175e-07	6.4907e-07	1.01056e-06	1.38929e-06	1.63261e-06	1.60325e-06	1.31901e-06	9.33539e-07	5.83766e-07	3.10864e-07	1.31359e-07	4.43413e-08	1.19654e-08	2.57473e-09	4.41777e-10	6.00859e-11	6.44145e-12	5.44972e-13	3.66743e-14	1.98569e-15	8.75845e-17	3.18504e-18	9.65424e-20	2.46275e-21	5.33362e-23	1.48711e-24	9.55772e-24	1.37524e-22	1.45696e-21	1.11164e-20	6.08706e-20	2.3086e-19	4.80695e-19	6.9842e-19	7.93514e-19	7.29286e-19	5.30359e-19	2.79847e-19	2.29615e-19	8.93662e-18	4.7981e-16	2.24571e-14	9.08134e-13	3.14685e-11	9.25375e-10	
4.9915e-08	9.71646e-07	1.53147e-05	0.000191378	0.00184795	0.0133634	0.0697508	0.252925	0.624185	1.09997	1.59844	2.08452	2.45696	2.69753	2.72895	2.51975	2.19952	1.89309	1.65964	1.52217	1.48993	1.56486	1.74236	2.0091	2.33151	2.62585	2.74921	2.62151	2.32188	1.8989	1.39854	0.904632	0.45442	0.158745	0.038065	0.0064621	0.000806749	7.66312e-05	5.69747e-06	3.3935e-07	1.65036e-08	6.65769e-10	2.25733e-11	6.50677e-13	2.22338e-14	1.27612e-13	2.1358e-12	2.86811e-11	3.0383e-10	2.51003e-09	1.6107e-08	8.094e-08	3.23995e-07	1.04548e-06	2.72619e-06	5.76297e-06	1.00358e-05	1.50851e-05	1.99478e-05	2.29171e-05	2.25633e-05	1.90697e-05	1.40446e-05	9.09117e-06	5.03745e-06	2.27649e-06	8.32876e-07	2.45937e-07	5.81998e-08	1.1006e-08	1.65181e-09	1.95391e-10	1.82128e-11	1.34702e-12	7.99271e-14	3.8524e-15	1.52684e-16	5.03221e-18	1.39307e-19	3.26758e-21	6.54385e-23	1.22727e-24	1.5875e-24	1.78457e-23	1.45281e-22	8.42891e-22	3.36115e-21	7.08843e-21	1.03368e-20	1.1755e-20	1.0798e-20	7.90588e-21	9.98033e-21	4.04229e-19	2.41063e-17	1.25979e-15	5.71651e-14	2.23579e-12	7.47236e-11	2.11251e-09	
8.16617e-08	1.55165e-06	2.3782e-05	0.000287569	0.00266967	0.0184084	0.0907301	0.30804	0.71337	1.20908	1.71995	2.19588	2.54779	2.74655	2.66826	2.36081	1.98945	1.65964	1.41401	1.27024	1.23657	1.31484	1.50074	1.78296	2.13696	2.50049	2.73646	2.69469	2.41717	2.02201	1.51069	1.00721	0.53162	0.197615	0.050679	0.00919718	0.00122318	0.000123187	9.66187e-06	6.04147e-07	3.07083e-08	1.28958e-09	4.5356e-11	1.36147e-12	2.64018e-13	4.31442e-12	6.55461e-11	7.93882e-10	7.55916e-09	5.60161e-08	3.22581e-07	1.45948e-06	5.28354e-06	1.5505e-05	3.718e-05	7.35498e-05	0.000122656	0.00017759	0.000226445	0.000254634	0.000251326	0.000217873	0.000166619	0.000112014	6.50216e-05	3.15937e-05	1.26104e-05	4.1046e-06	1.07687e-06	2.26269e-07	3.77657e-08	4.96532e-09	5.13322e-10	4.1971e-11	2.74305e-12	1.45096e-13	6.28991e-15	2.26072e-16	6.80761e-18	1.73328e-19	3.76123e-21	7.00428e-23	1.14182e-24	2.09364e-25	1.68075e-24	1.03188e-23	4.32216e-23	9.22273e-23	1.34932e-22	1.53588e-22	1.42655e-22	2.45933e-22	1.10323e-20	7.38653e-19	4.36226e-17	2.24923e-15	1.00599e-13	3.87346e-12	1.27261e-10	3.5303e-09	
1.07019e-07	2.00002e-06	3.01404e-05	0.000357969	0.00325701	0.0219273	0.104893	0.343154	0.764474	1.26872	1.79244	2.25335	2.59851	2.76058	2.61228	2.25634	1.86271	1.52217	1.27024	1.12299	1.08852	1.16867	1.35912	1.64902	2.01694	2.41131	2.70785	2.73042	2.47053	2.0885	1.57738	1.06953	0.576673	0.221807	0.0592406	0.0111855	0.00154097	0.000159936	1.28664e-05	8.2185e-07	4.25311e-08	1.8135e-09	6.46327e-11	2.29648e-12	7.31994e-12	1.2347e-10	1.68755e-09	1.82944e-08	1.55225e-07	1.02212e-06	5.2309e-06	2.11e-05	6.84152e-05	0.000181008	0.000396184	0.000728371	0.00115415	0.00160429	0.00197721	0.00218019	0.00215676	0.0019136	0.00151692	0.00106388	0.000652319	0.000342933	0.000150526	5.44881e-05	1.60058e-05	3.7743e-06	7.07349e-07	1.04307e-07	1.20584e-08	1.09785e-09	7.95218e-11	4.64056e-12	2.20995e-13	8.69339e-15	2.85592e-16	7.91149e-18	1.86378e-19	3.76123e-21	6.54337e-23	9.88469e-25	3.02175e-26	1.12241e-25	4.92794e-25	1.063e-24	1.56006e-24	1.80535e-24	4.34173e-24	2.2838e-22	1.68878e-20	1.10882e-18	6.40077e-17	3.23021e-15	1.41581e-13	5.34836e-12	1.72563e-10	4.70481e-09	
1.14082e-07	2.11975e-06	3.17854e-05	0.00037582	0.00340466	0.0228118	0.108457	0.35184	0.776151	1.28138	1.80939	2.26548	2.60969	2.762	2.59725	2.231	1.83278	1.48993	1.23657	1.08852	1.05387	1.13444	1.32594	1.61757	1.98841	2.38905	2.69875	2.73761	2.48342	2.10348	1.59386	1.08423	0.586927	0.227585	0.0613861	0.0116988	0.00162443	0.000169686	1.37217e-05	8.80165e-07	4.5705e-08	1.95434e-09	7.02514e-11	1.24131e-11	1.93669e-10	2.95193e-09	3.59991e-08	3.46018e-07	2.5882e-06	1.49673e-05	6.72484e-05	0.000238908	0.000685582	0.00161827	0.00320406	0.00543138	0.00810023	0.0107583	0.0128377	0.0139129	0.0137907	0.0124914	0.0102549	0.00754833	0.00493706	0.00282861	0.00137846	0.00056091	0.000186733	5.00375e-05	1.06573e-05	1.78261e-06	2.32805e-07	2.38132e-08	1.92632e-09	1.24811e-10	6.56452e-12	2.83871e-13	1.02105e-14	3.0864e-16	7.91149e-18	1.73328e-19	3.26758e-21	5.33158e-23	7.56842e-25	1.04643e-26	5.09997e-27	1.0894e-26	1.63594e-26	5.3193e-26	3.25153e-24	2.6687e-22	1.95449e-20	1.26572e-18	7.21311e-17	3.59723e-15	1.55969e-13	5.8345e-12	1.86613e-10	5.04895e-09	
9.7973e-08	1.8447e-06	2.7992e-05	0.000334642	0.00306504	0.0207866	0.100324	0.331923	0.74862	1.2509	1.77015	2.23652	2.58338	2.75769	2.63116	2.28947	1.90223	1.56486	1.31484	1.16867	1.13444	1.21401	1.40306	1.69064	2.05446	2.43987	2.71829	2.72019	2.45381	2.06824	1.55619	1.05023	0.562851	0.21416	0.0564621	0.01053	0.00143527	0.000147652	1.17921e-05	7.48744e-07	3.85572e-08	1.6378e-09	7.04946e-11	2.56339e-10	4.28805e-09	5.82018e-08	6.27e-07	5.28084e-06	3.43552e-05	0.000171924	0.000667918	0.00205829	0.00515183	0.0107166	0.018995	0.0294389	0.040889	0.0515645	0.0595913	0.063617	0.0631631	0.0582734	0.0495837	0.0385918	0.027213	0.0171277	0.00936871	0.0043402	0.00166192	0.000514024	0.000126324	2.43105e-05	3.6329e-06	4.2216e-07	3.84981e-08	2.79131e-09	1.63194e-10	7.79902e-12	3.08473e-13	1.02105e-14	2.85592e-16	6.80761e-18	1.39307e-19	2.46275e-21	3.78176e-23	5.06763e-25	5.99385e-27	1.62571e-28	3.58168e-28	2.28779e-26	2.18025e-24	1.86045e-22	1.40654e-20	9.38213e-19	5.4953e-17	2.81059e-15	1.24705e-13	4.76362e-12	1.55257e-10	4.27177e-09	
6.88199e-08	1.31939e-06	2.0426e-05	0.000249852	0.00235122	0.0164799	0.0828546	0.287912	0.682098	1.17143	1.67717	2.15845	2.51668	2.73286	2.69523	2.42038	2.06487	1.74236	1.50074	1.35912	1.32594	1.40306	1.58612	1.86327	2.20732	2.54877	2.74594	2.67034	2.38445	1.97986	1.47106	0.970288	0.504188	0.183475	0.0459291	0.00813658	0.00105812	0.000104438	8.04684e-06	4.95358e-07	2.48362e-08	1.04302e-09	3.17847e-10	5.20651e-09	7.79435e-08	9.32239e-07	8.76216e-06	6.37153e-05	0.000354411	0.00150648	0.00496519	0.0130273	0.0279638	0.0505977	0.0794842	0.111811	0.143451	0.170739	0.190733	0.200796	0.199656	0.187457	0.165767	0.137346	0.10526	0.0733027	0.0454796	0.0243204	0.0108971	0.00396605	0.0011464	0.000258453	4.49167e-05	6.01305e-06	6.25431e-07	5.12348e-08	3.35599e-09	1.78383e-10	7.79902e-12	2.83871e-13	8.69339e-15	2.26072e-16	5.03221e-18	9.65424e-20	1.60583e-21	2.32758e-23	2.95263e-25	3.29173e-27	1.57386e-28	1.35474e-26	1.32e-24	1.14318e-22	8.76889e-21	5.93366e-19	3.52538e-17	1.82898e-15	8.23273e-14	3.19118e-12	1.05585e-10	2.95108e-09	
3.78309e-08	7.47677e-07	1.19917e-05	0.000152904	0.00151148	0.0112325	0.0604973	0.227073	0.579386	1.04522	1.53727	2.02284	2.40802	2.66439	2.74205	2.58742	2.30025	2.0091	1.78296	1.64902	1.61757	1.69064	1.86327	2.1201	2.42112	2.67285	2.74025	2.58065	2.26869	1.83494	1.33998	0.85343	0.416549	0.140624	0.0325617	0.00534139	0.000644996	5.93262e-05	4.276e-06	2.47174e-07	1.16897e-08	7.21734e-10	5.31401e-09	8.6915e-08	1.14528e-06	1.19193e-05	9.62401e-05	0.00059301	0.00275996	0.00973574	0.026606	0.0581979	0.10544	0.164497	0.228396	0.291647	0.346991	0.390746	0.421524	0.437304	0.435497	0.416482	0.382965	0.336771	0.279441	0.215452	0.15209	0.0948531	0.0505654	0.0221413	0.0077075	0.00208256	0.000429673	6.7444e-05	8.11847e-06	7.60342e-07	5.63327e-08	3.35599e-09	1.63194e-10	6.56452e-12	2.20995e-13	6.28991e-15	1.52684e-16	3.18504e-18	5.74697e-20	9.01968e-22	1.23722e-23	1.48924e-25	1.63483e-27	6.24328e-27	6.13037e-25	5.36639e-23	4.16424e-21	2.85339e-19	1.71863e-17	9.05091e-16	4.14198e-14	1.63528e-12	5.52298e-11	1.5799e-09	
1.49741e-08	3.15351e-07	5.41435e-06	7.43064e-05	0.000795664	0.00645303	0.0382445	0.159145	0.450492	0.882905	1.35145	1.82896	2.24393	2.54556	2.7158	2.71641	2.55517	2.33151	2.13696	2.01694	1.98841	2.05446	2.20732	2.42112	2.63348	2.7393	2.66493	2.44228	2.08733	1.64137	1.15924	0.70213	0.312526	0.0944791	0.0196099	0.00290411	0.000319109	2.69001e-05	1.78779e-06	9.57887e-08	4.42001e-09	4.67895e-09	8.08683e-08	1.16708e-06	1.33681e-05	0.0001192	0.000810957	0.0041358	0.0156787	0.0446601	0.0988251	0.17734	0.270666	0.368114	0.461871	0.546627	0.619784	0.676076	0.712939	0.730781	0.72878	0.707078	0.666321	0.606402	0.530461	0.443698	0.348706	0.251476	0.160132	0.0859304	0.0369687	0.0123059	0.00309296	0.000582016	8.25637e-05	8.96948e-06	7.60342e-07	5.12348e-08	2.79131e-09	1.24811e-10	4.64056e-12	1.45096e-13	3.8524e-15	8.75845e-17	1.71738e-18	2.92234e-20	4.33828e-22	5.64399e-24	6.46065e-26	2.10354e-27	1.4878e-25	1.35775e-23	1.09954e-21	7.87219e-20	4.96109e-18	2.73808e-16	1.31561e-14	5.46521e-13	1.94698e-11	5.89175e-10	
4.35492e-09	9.93168e-08	1.85778e-06	2.79815e-05	0.000331745	0.00301051	0.0202039	0.0962928	0.313248	0.689553	1.1238	1.58595	2.00737	2.36306	2.59814	2.72171	2.72428	2.62585	2.50049	2.41131	2.38905	2.43987	2.54877	2.67285	2.7393	2.68512	2.51538	2.23591	1.8485	1.40018	0.950225	0.526348	0.204925	0.0537737	0.00977149	0.00128197	0.000126177	9.61785e-06	5.82588e-07	2.87721e-08	4.39349e-09	6.27283e-08	9.86887e-07	1.23894e-05	0.000121555	0.000911289	0.00510111	0.0209247	0.0626698	0.140605	0.249494	0.372567	0.499403	0.623125	0.743565	0.84921	0.940085	1.01254	1.06145	1.08481	1.08221	1.05367	0.999825	0.923215	0.82917	0.720451	0.598516	0.474292	0.347391	0.226223	0.122157	0.051494	0.0162485	0.00376619	0.000643787	8.25637e-05	8.11847e-06	6.25431e-07	3.84981e-08	1.92632e-09	7.95218e-11	2.74305e-12	7.99271e-14	1.98569e-15	4.23992e-17	7.83435e-19	1.26008e-20	1.77303e-22	2.19187e-24	2.41067e-26	2.34683e-26	2.23993e-24	1.91742e-22	1.45261e-20	9.69983e-19	5.68185e-17	2.90339e-15	1.28583e-13	4.89785e-12	1.59029e-10	
9.41572e-10	2.34909e-08	4.83881e-07	8.09089e-06	0.000107561	0.00110813	0.00857119	0.0478987	0.185367	0.482313	0.875898	1.29321	1.71963	2.09105	2.38577	2.58463	2.70365	2.74921	2.73646	2.70785	2.69875	2.71829	2.74594	2.74025	2.66493	2.51538	2.28167	1.94454	1.5567	1.12131	0.713737	0.34492	0.112905	0.0250114	0.00390019	0.000446531	3.89098e-05	2.65697e-06	1.45642e-07	8.4419e-09	4.0552e-08	6.90313e-07	9.47474e-06	0.000102103	0.000843425	0.00519959	0.0232945	0.074529	0.172205	0.305104	0.45299	0.608151	0.770085	0.925975	1.07069	1.19909	1.30311	1.38154	1.43297	1.45761	1.45486	1.42482	1.36797	1.28432	1.17519	1.04289	0.895754	0.737718	0.576509	0.422491	0.277043	0.148897	0.0605695	0.017817	0.00376619	0.000582016	6.7444e-05	6.01305e-06	4.2216e-07	2.38132e-08	1.09785e-09	4.1971e-11	1.34702e-12	3.66743e-14	8.54633e-16	1.71766e-17	2.99686e-19	4.56444e-21	6.09771e-23	7.1741e-25	9.91667e-27	2.52749e-25	2.3077e-23	1.86703e-21	1.3331e-19	8.36367e-18	4.58682e-16	2.18563e-14	8.98489e-13	3.16007e-11	
1.50896e-10	4.14401e-09	9.46237e-08	1.76908e-06	2.65801e-05	0.000313673	0.00282626	0.0187784	0.0883239	0.282685	0.611445	0.982261	1.37636	1.74806	2.06832	2.32916	2.50435	2.62151	2.69469	2.73042	2.73761	2.72019	2.67034	2.58065	2.44228	2.23591	1.94454	1.60743	1.2145	0.832056	0.469797	0.18615	0.0495544	0.00911317	0.00120775	0.000119891	9.20402e-06	5.60795e-07	2.86283e-08	2.24603e-08	3.9688e-07	5.94901e-06	7.04095e-05	0.000642002	0.00438203	0.0216918	0.0757051	0.185259	0.335454	0.504986	0.690937	0.887722	1.07665	1.25605	1.41972	1.5586	1.67431	1.76443	1.82489	1.85426	1.85095	1.81524	1.74869	1.65308	1.53263	1.38898	1.22112	1.0395	0.848704	0.652176	0.469766	0.303648	0.158663	0.0605695	0.0162485	0.00309296	0.000429673	4.49167e-05	3.6329e-06	2.32805e-07	1.20584e-08	5.13322e-10	1.82128e-11	5.44972e-13	1.38906e-14	3.04165e-16	5.76351e-18	9.50918e-20	1.37333e-21	1.74398e-23	1.95659e-25	2.20673e-26	1.97148e-24	1.71222e-22	1.31409e-20	8.87635e-19	5.25214e-17	2.70718e-15	1.20767e-13	4.62707e-12	
1.80386e-11	5.46251e-10	1.38498e-08	2.90007e-07	4.93307e-06	6.68104e-05	0.000702914	0.00557429	0.032135	0.129418	0.35352	0.670987	1.0064	1.3543	1.67964	1.95036	2.16772	2.32188	2.41717	2.47053	2.48342	2.45381	2.38445	2.26869	2.08733	1.8485	1.5567	1.2145	0.871784	0.540232	0.24745	0.0772745	0.0165601	0.00252485	0.000284563	2.45099e-05	1.65828e-06	9.05057e-08	1.32064e-08	1.8594e-07	3.04283e-06	3.9607e-05	0.000399961	0.00304337	0.0168665	0.0657337	0.176489	0.338241	0.524963	0.737888	0.961174	1.18216	1.40082	1.59662	1.77223	1.92561	2.0501	2.14055	2.19828	2.22526	2.22227	2.18922	2.12514	2.02787	1.89704	1.73882	1.55924	1.35847	1.13766	0.916895	0.693393	0.485924	0.303648	0.148897	0.051494	0.0123059	0.00208256	0.000258453	2.43105e-05	1.78261e-06	1.04307e-07	4.96532e-09	1.95391e-10	6.44145e-12	1.79911e-13	4.29778e-15	8.85208e-17	1.58286e-18	2.47164e-20	3.38723e-22	4.09137e-24	4.4887e-26	1.24008e-25	1.15506e-23	9.55005e-22	6.96036e-20	4.45265e-18	2.48756e-16	1.20649e-14	5.04488e-13	
1.63593e-12	5.45543e-11	1.53305e-09	3.58647e-08	6.88415e-07	1.06541e-05	0.000130162	0.00122356	0.00858306	0.0433908	0.152932	0.371608	0.655946	0.949318	1.23494	1.50325	1.72431	1.8989	2.02201	2.0885	2.10348	2.06824	1.97986	1.83494	1.64137	1.40018	1.12131	0.832056	0.540232	0.271245	0.0961302	0.0236153	0.004112	0.000524666	5.06615e-05	3.80688e-06	2.28004e-07	1.42728e-08	7.05377e-08	1.25609e-06	1.80288e-05	0.000202539	0.00173141	0.010887	0.0484769	0.148078	0.313325	0.511611	0.742185	0.989129	1.24179	1.48988	1.71947	1.93186	2.11813	2.26686	2.37851	2.45832	2.50999	2.53444	2.53172	2.50183	2.44466	2.35886	2.2402	2.0838	1.89116	1.67469	1.44183	1.19049	0.939964	0.693393	0.469766	0.277043	0.122157	0.0369687	0.0077075	0.0011464	0.000126324	1.06573e-05	7.07349e-07	3.77657e-08	1.65181e-09	6.00859e-11	1.84074e-12	4.79963e-14	1.07472e-15	2.08235e-17	3.51394e-19	5.19293e-21	6.75238e-23	7.75698e-25	1.37699e-26	5.91184e-25	5.26918e-23	4.1459e-21	2.86829e-19	1.73691e-17	9.15699e-16	4.17655e-14	
1.14928e-13	4.20904e-12	1.30639e-10	3.39937e-09	7.32117e-08	1.28525e-06	1.80592e-05	0.00019872	0.0016689	0.0103874	0.0465038	0.146737	0.33033	0.566827	0.810778	1.03728	1.23553	1.39854	1.51069	1.57738	1.59386	1.55619	1.47106	1.33998	1.15924	0.950225	0.713737	0.469797	0.24745	0.0961302	0.0265661	0.00524189	0.000755715	8.18722e-05	6.84637e-06	4.52461e-07	2.49878e-08	2.21513e-08	4.14878e-07	6.59028e-06	8.27947e-05	0.000801221	0.00578356	0.0299852	0.107477	0.262325	0.465834	0.703538	0.970433	1.24722	1.52346	1.78576	2.03025	2.24423	2.41536	2.5505	2.65852	2.74195	2.79892	2.82667	2.82356	2.78979	2.72728	2.63884	2.52578	2.38435	2.20499	1.98299	1.73445	1.46974	1.19049	0.916895	0.652176	0.422491	0.226223	0.0859304	0.0221413	0.00396605	0.000514024	5.00375e-05	3.7743e-06	2.26269e-07	1.1006e-08	4.41777e-10	1.48398e-11	4.22073e-13	1.02649e-14	2.15255e-16	3.91981e-18	6.2362e-20	8.71294e-22	1.07378e-23	1.17381e-25	2.47116e-26	2.26612e-24	1.92463e-22	1.43939e-20	9.44042e-19	5.40365e-17	2.68409e-15	
6.38379e-15	2.55958e-13	8.73999e-12	2.51703e-10	6.04414e-09	1.19396e-07	1.9095e-06	2.42629e-05	0.000239598	0.00179344	0.0099134	0.0396138	0.114098	0.244762	0.416503	0.598229	0.7663	0.904632	1.00721	1.06953	1.08423	1.05023	0.970288	0.85343	0.70213	0.526348	0.34492	0.18615	0.0772745	0.0236153	0.00524189	0.000853154	0.000103952	9.71001e-06	7.11299e-07	4.18891e-08	7.02484e-09	1.09075e-07	1.92435e-06	2.71687e-05	0.000299479	0.00250256	0.0152982	0.0657345	0.192331	0.390656	0.627067	0.90611	1.19817	1.50102	1.79176	2.06733	2.30873	2.50464	2.66848	2.81259	2.93779	3.03863	3.1087	3.14304	3.13919	3.09742	3.02073	2.91447	2.78515	2.63746	2.46863	2.26436	2.01369	1.73445	1.44183	1.13766	0.848704	0.576509	0.347391	0.160132	0.0505654	0.0108971	0.00166192	0.000186733	1.60058e-05	1.07687e-06	5.81998e-08	2.57473e-09	9.46939e-11	2.93281e-12	7.73211e-14	1.75114e-15	3.43325e-17	5.86565e-19	8.78208e-21	1.15781e-22	1.34964e-24	1.47077e-26	7.77904e-26	7.11746e-24	5.75033e-22	4.08055e-20	2.53228e-18	1.36722e-16	
2.85545e-16	1.24962e-14	4.67645e-13	1.48344e-11	3.94798e-10	8.7092e-09	1.57008e-07	2.27498e-06	2.59877e-05	0.000228981	0.00152057	0.0074544	0.0267269	0.0711566	0.146883	0.247188	0.355498	0.45442	0.53162	0.576673	0.586927	0.562851	0.504188	0.416549	0.312526	0.204925	0.112905	0.0495544	0.0165601	0.004112	0.000755715	0.000103952	1.09046e-05	8.90588e-07	5.77943e-08	3.97844e-09	2.28469e-08	4.4709e-07	7.11655e-06	8.96746e-05	0.000871265	0.00631993	0.0329494	0.118817	0.291941	0.522899	0.796365	1.10113	1.42323	1.73749	2.04259	2.31454	2.53807	2.73244	2.91503	3.08647	3.23852	3.36132	3.44649	3.48817	3.48349	3.43279	3.33954	3.21014	3.05341	2.8792	2.69477	2.49659	2.26436	1.98299	1.67469	1.35847	1.0395	0.737718	0.474292	0.251476	0.0948531	0.0243204	0.0043402	0.00056091	5.44881e-05	4.1046e-06	2.45937e-07	1.19654e-08	4.80768e-10	1.61783e-11	4.61318e-13	1.12569e-14	2.37032e-16	4.33769e-18	6.94078e-20	9.76136e-22	1.21197e-23	1.33367e-25	3.46375e-27	2.13509e-25	1.86223e-23	1.42839e-21	9.59685e-20	5.62164e-18	
1.04487e-17	4.97731e-16	2.03439e-14	7.07786e-13	2.07651e-11	5.08123e-10	1.02386e-08	1.67361e-07	2.18113e-06	2.22229e-05	0.00017331	0.00101398	0.00439359	0.0141653	0.0349872	0.0689972	0.112833	0.158745	0.197615	0.221807	0.227585	0.21416	0.183475	0.140624	0.0944791	0.0537737	0.0250114	0.00911317	0.00252485	0.000524666	8.18722e-05	9.71001e-06	8.90587e-07	6.4363e-08	3.87071e-09	3.89469e-09	8.17451e-08	1.46982e-06	2.12173e-05	0.000240265	0.0020749	0.0132068	0.0596144	0.184666	0.395802	0.653982	0.959438	1.28835	1.62532	1.95649	2.26197	2.51579	2.73836	2.95532	3.17051	3.37446	3.55461	3.69929	3.79921	3.84798	3.84252	3.78316	3.67368	3.52107	3.33517	3.12797	2.91189	2.69477	2.46863	2.20499	1.89116	1.55924	1.22112	0.895754	0.598516	0.348706	0.15209	0.0454796	0.00936871	0.00137846	0.000150526	1.26104e-05	8.32876e-07	4.43413e-08	1.93782e-09	7.05699e-11	2.16854e-12	5.68234e-14	1.28106e-15	2.50373e-17	4.26969e-19	6.38853e-21	8.42684e-23	9.83889e-25	1.02527e-26	5.36595e-27	4.96224e-25	4.11083e-23	2.98664e-21	1.89502e-19	
3.16993e-19	1.63979e-17	7.29853e-16	2.77459e-14	8.93194e-13	2.4105e-11	5.38993e-10	9.84976e-09	1.44793e-07	1.68151e-06	1.51249e-05	0.000103313	0.000527803	0.00201167	0.00582749	0.0132785	0.0245725	0.038065	0.050679	0.0592406	0.0613861	0.0564621	0.0459291	0.0325617	0.0196099	0.00977149	0.00390019	0.00120775	0.000284563	5.06615e-05	6.84637e-06	7.11293e-07	5.77616e-08	3.74583e-09	6.56281e-10	1.14096e-08	2.33024e-07	3.87605e-06	5.14276e-05	0.000531068	0.00414195	0.0235404	0.0938279	0.255907	0.495556	0.78177	1.11146	1.45944	1.80845	2.14834	2.43777	2.68576	2.92834	3.17837	3.42814	3.66344	3.86986	4.03481	4.14834	4.20365	4.19745	4.13012	4.00566	3.83152	3.61825	3.37887	3.12797	2.8792	2.63746	2.38435	2.0838	1.73882	1.38898	1.04289	0.720451	0.443698	0.215452	0.0733027	0.0171277	0.00282861	0.000342933	3.15937e-05	2.27649e-06	1.31359e-07	6.18847e-09	2.41858e-10	7.94625e-12	2.21935e-13	5.31922e-15	1.10283e-16	1.99152e-18	3.15085e-20	4.38959e-22	5.40813e-24	5.91431e-26	6.84319e-28	1.10186e-26	9.84884e-25	7.73048e-23	5.30578e-21	
8.06342e-21	4.52084e-19	2.1857e-17	9.05068e-16	3.18446e-14	9.43205e-13	2.32628e-11	4.71718e-10	7.7491e-09	1.01394e-07	1.037e-06	8.12919e-06	4.802e-05	0.000212094	0.000707654	0.00183484	0.00380557	0.0064621	0.00919718	0.0111855	0.0116988	0.01053	0.00813658	0.00534139	0.00290411	0.00128197	0.000446531	0.000119891	2.45099e-05	3.80688e-06	4.5243e-07	4.16965e-08	3.02963e-09	2.17727e-10	1.17937e-09	2.7574e-08	5.34386e-07	8.37632e-06	0.000103959	0.000995454	0.00712698	0.0367867	0.132062	0.325452	0.58633	0.895155	1.24618	1.6057	1.96931	2.3015	2.57825	2.83758	3.10896	3.39219	3.6736	3.93688	4.16661	4.34949	4.47506	4.53615	4.52931	4.45493	4.31721	4.12402	3.88644	3.61825	3.33517	3.05341	2.78515	2.52578	2.2402	1.89704	1.53263	1.17519	0.82917	0.530461	0.279441	0.10526	0.027213	0.00493706	0.000652319	6.50216e-05	5.03745e-06	3.10864e-07	1.55911e-08	6.46164e-10	2.24375e-11	6.60406e-13	1.66386e-14	3.61843e-16	6.84097e-18	1.13128e-19	1.64497e-21	2.11269e-23	2.40592e-25	2.43918e-27	2.2768e-28	1.98465e-26	1.68188e-24	1.24739e-22	
1.73613e-22	1.05335e-20	5.52048e-19	2.48347e-17	9.51912e-16	3.08183e-14	8.34186e-13	1.8654e-11	3.39848e-10	4.9637e-09	5.7072e-08	5.0658e-07	3.40769e-06	1.71672e-05	6.4996e-05	0.000189245	0.000435663	0.000806749	0.00122318	0.00154097	0.00162443	0.00143527	0.00105812	0.000644996	0.000319109	0.000126177	3.89098e-05	9.20402e-06	1.65827e-06	2.27883e-07	2.41054e-08	1.99056e-09	1.33279e-10	1.00181e-10	2.51568e-09	5.64855e-08	1.04075e-06	1.54493e-05	0.000180711	0.00162104	0.0107928	0.0513933	0.169346	0.386361	0.665808	0.993878	1.3569	1.72915	2.09943	2.41748	2.69295	2.97187	3.27154	3.58376	3.89201	4.17888	4.42824	4.62622	4.76192	4.82787	4.82049	4.74017	4.59131	4.38207	4.12402	3.83152	3.52107	3.21014	2.91447	2.63884	2.35886	2.02787	1.65308	1.28432	0.923215	0.606402	0.336771	0.137346	0.0385918	0.00754833	0.00106388	0.000112014	9.09117e-06	5.83766e-07	3.02985e-08	1.29365e-09	4.61087e-11	1.38877e-12	3.57136e-14	7.91033e-16	1.52037e-17	2.55192e-19	3.76115e-21	4.89034e-23	5.63195e-25	5.76439e-27	5.58411e-29	3.39656e-28	3.10283e-26	2.485e-24	
