-0.56272	-0.0844461	0.477233	1.07824	1.6553	2.18322	2.62004	2.94182	3.14129	3.18625	3.08875	2.88598	2.58569	2.21302	1.84147	1.54235	1.3395	1.21827	1.15123	1.11867	1.11046	1.12206	1.15154	1.19639	1.25441	1.32201	1.39341	1.46405	1.5274	1.57469	1.59722	1.58822	1.54429	1.46426	1.34945	1.20239	1.02234	0.809454	0.579552	0.36639	0.201772	0.0963659	0.0399761	0.0144729	0.0046013	0.00129325	0.000323689	7.31515e-05	1.61561e-05	5.62368e-06	5.65382e-06	8.63215e-06	1.32083e-05	1.92083e-05	2.69472e-05	3.9335e-05	7.34958e-05	0.000212073	0.000799046	0.0030728	0.0108356	0.0337913	0.0916568	0.213696	0.424234	0.713784	1.02417	1.28489	1.46944	1.57962	1.5883	1.47593	1.27119	0.984875	0.631483	0.256514	-0.121977	-0.467842	-0.769692	-1.00247	-1.15978	-1.24768	-1.27058	-1.24874	-1.19957	-1.13767	-1.0792	-1.03094	-1.00269	-0.992423	-0.997714	-1.02469	-1.06858	-1.12503	-1.18813	-1.23688	-1.26336	-1.23353	-1.12664	-0.907169	
-0.0844461	0.460363	1.04701	1.61793	2.13191	2.58207	2.91922	3.13057	3.20066	3.11314	2.90546	2.60747	2.22689	1.80792	1.42794	1.13896	0.947165	0.829493	0.760301	0.724929	0.716851	0.73206	0.770764	0.830243	0.908431	1.00328	1.10965	1.22054	1.33165	1.43525	1.52212	1.58102	1.60241	1.57921	1.50734	1.39076	1.23932	1.05429	0.831575	0.587413	0.362392	0.193008	0.0886052	0.0352041	0.0121855	0.00370262	0.000996453	0.000242419	6.00553e-05	2.64333e-05	2.99527e-05	4.52596e-05	6.74164e-05	9.52036e-05	0.000127493	0.000163608	0.000209168	0.000303442	0.000629949	0.00190145	0.00647575	0.0209036	0.0599766	0.149205	0.317468	0.573113	0.878418	1.16273	1.38021	1.53049	1.6009	1.5583	1.41555	1.19428	0.89413	0.555539	0.195871	-0.159963	-0.472522	-0.749772	-0.960047	-1.11717	-1.21024	-1.2578	-1.26385	-1.25061	-1.22794	-1.20283	-1.18685	-1.18117	-1.18357	-1.19825	-1.22426	-1.24469	-1.26099	-1.25535	-1.20427	-1.08912	-0.872793	-0.544424	
0.477233	1.04701	1.6068	2.10425	2.55005	2.89873	3.10392	3.17688	3.10113	2.88887	2.58501	2.20242	1.75767	1.31276	0.939696	0.668695	0.490527	0.375323	0.304717	0.267303	0.258613	0.277103	0.321454	0.392318	0.486802	0.602356	0.738805	0.88722	1.0411	1.19298	1.33472	1.4567	1.54769	1.59795	1.59696	1.5341	1.41385	1.25511	1.06153	0.826109	0.569242	0.339051	0.173106	0.0758766	0.0287344	0.00948068	0.0027562	0.000728553	0.000208497	0.000116961	0.000144164	0.000214138	0.000310331	0.000427206	0.00055856	0.000695821	0.000831144	0.000971846	0.00119887	0.001882	0.0043604	0.0126956	0.0370571	0.097566	0.22285	0.43425	0.717768	1.01467	1.26313	1.44786	1.57089	1.60089	1.52494	1.37175	1.13853	0.843403	0.529344	0.19009	-0.134563	-0.427283	-0.679221	-0.878781	-1.02994	-1.13432	-1.1994	-1.2363	-1.24874	-1.25371	-1.25368	-1.25106	-1.25473	-1.25443	-1.24985	-1.23905	-1.20329	-1.13596	-1.01032	-0.806312	-0.49158	-0.0574124	
1.07824	1.61793	2.10425	2.53704	2.88592	3.08138	3.14272	3.07629	2.8643	2.54622	2.15215	1.68985	1.19831	0.753047	0.406426	0.164502	0.00207431	-0.106499	-0.174418	-0.21106	-0.220558	-0.200234	-0.155304	-0.0813179	0.020784	0.148322	0.300705	0.477199	0.668915	0.868743	1.06463	1.246	1.40019	1.51614	1.58693	1.60311	1.54549	1.41906	1.25116	1.04467	0.792989	0.526329	0.299329	0.145247	0.0604114	0.0217291	0.00685974	0.00199677	0.000683519	0.000482214	0.00062561	0.000908284	0.0012787	0.00171468	0.00219141	0.00267604	0.00313085	0.00352359	0.00385953	0.00429417	0.00551142	0.00980616	0.0235378	0.0609883	0.146625	0.307868	0.552242	0.843775	1.11715	1.33329	1.49607	1.59318	1.59055	1.5021	1.34796	1.11489	0.838921	0.54685	0.240331	-0.0507042	-0.319979	-0.551149	-0.743524	-0.890645	-1.00133	-1.07899	-1.13195	-1.16374	-1.17887	-1.18582	-1.18176	-1.16767	-1.13865	-1.08846	-1.00856	-0.882495	-0.689686	-0.39512	0.0122289	0.524833	
1.6553	2.13191	2.55005	2.88592	3.07303	3.12083	3.05578	2.84207	2.5035	2.0897	1.61251	1.09561	0.599125	0.191148	-0.109621	-0.315535	-0.456993	-0.549477	-0.609897	-0.642296	-0.650198	-0.633687	-0.590953	-0.523797	-0.428193	-0.300727	-0.146755	0.0375053	0.245988	0.47566	0.715657	0.954132	1.1748	1.36207	1.49757	1.58007	1.60391	1.54236	1.40638	1.22713	1.00226	0.73233	0.462181	0.248372	0.113698	0.0447251	0.015431	0.00504283	0.00213357	0.00182822	0.00242831	0.00342958	0.0046825	0.00610891	0.00762495	0.00912869	0.0105073	0.0116519	0.0124819	0.0130064	0.0135182	0.0151928	0.0216409	0.0419608	0.0943886	0.205583	0.397173	0.660097	0.943266	1.18876	1.38133	1.52806	1.60228	1.58164	1.49357	1.34563	1.1309	0.880694	0.61219	0.341387	0.082545	-0.154289	-0.363352	-0.538718	-0.680092	-0.786572	-0.865917	-0.919364	-0.951676	-0.961799	-0.954356	-0.926531	-0.876127	-0.797026	-0.68051	-0.503977	-0.243257	0.125947	0.598849	1.13223	
2.18322	2.58207	2.89873	3.08138	3.12083	3.04815	2.82783	2.46824	2.03747	1.54837	1.01796	0.488007	0.0294674	-0.321706	-0.567466	-0.732644	-0.841755	-0.9142	-0.960654	-0.985048	-0.990254	-0.97953	-0.945964	-0.892391	-0.812981	-0.705069	-0.561917	-0.384278	-0.172935	0.0670625	0.329147	0.603329	0.874506	1.12758	1.34484	1.49374	1.58212	1.60135	1.52465	1.37596	1.18078	0.931655	0.646002	0.383061	0.192951	0.0832157	0.0316517	0.0119145	0.00634175	0.00628306	0.00835982	0.0114394	0.0151211	0.0191673	0.0233391	0.0273713	0.0309887	0.0339336	0.0359953	0.0370516	0.0371658	0.0368855	0.0381012	0.0460545	0.0727053	0.13936	0.272154	0.483801	0.750407	1.01544	1.23571	1.41179	1.54525	1.60494	1.5809	1.49908	1.36516	1.18114	0.964056	0.72938	0.493253	0.267151	0.0616463	-0.119883	-0.272142	-0.396999	-0.490225	-0.555669	-0.596796	-0.610686	-0.600882	-0.564809	-0.500324	-0.402495	-0.253049	-0.0348223	0.282065	0.705236	1.20854	1.71969	
2.62004	2.91922	3.10392	3.14272	3.05578	2.82783	2.45431	2.01063	1.51096	0.962728	0.410474	-0.0884913	-0.475484	-0.750829	-0.928714	-1.04307	-1.11516	-1.1595	-1.18435	-1.19676	-1.19885	-1.19134	-1.17697	-1.14614	-1.09399	-1.01796	-0.907936	-0.760395	-0.566752	-0.333604	-0.0612326	0.233028	0.543068	0.837269	1.11555	1.34949	1.5039	1.59178	1.59145	1.49155	1.32682	1.10771	0.831458	0.539837	0.298425	0.141442	0.0600456	0.0267684	0.0177539	0.0192961	0.0253012	0.033428	0.0427064	0.0525269	0.0623268	0.0715383	0.0796146	0.0860706	0.0905186	0.0927017	0.0925426	0.0902784	0.0868774	0.0851613	0.0921623	0.122398	0.198833	0.344724	0.563322	0.821065	1.0641	1.26356	1.42626	1.54895	1.60492	1.5891	1.51936	1.40539	1.25434	1.07673	0.885296	0.690046	0.502434	0.330208	0.18133	0.05611	-0.0431166	-0.114284	-0.157044	-0.174548	-0.162218	-0.122462	-0.050198	0.0637543	0.235729	0.490408	0.851105	1.30516	1.79383	2.24226	
2.94182	3.13057	3.17688	3.07629	2.84207	2.46824	2.01063	1.4993	0.92985	0.363092	-0.159525	-0.570582	-0.864577	-1.0497	-1.16236	-1.2196	-1.24833	-1.25434	-1.2554	-1.25449	-1.25084	-1.25334	-1.25515	-1.25285	-1.24305	-1.20778	-1.14375	-1.04068	-0.888932	-0.688986	-0.43454	-0.139973	0.187942	0.529852	0.846311	1.14286	1.37535	1.52813	1.6017	1.56768	1.44203	1.25487	1.00342	0.705975	0.426577	0.222977	0.107355	0.0577369	0.045903	0.0522526	0.0667187	0.0848635	0.104626	0.124721	0.144082	0.161745	0.176856	0.188708	0.196762	0.200661	0.200253	0.19564	0.187355	0.176908	0.168137	0.169734	0.198035	0.276101	0.423066	0.634719	0.874123	1.09439	1.27598	1.42565	1.53977	1.59994	1.60099	1.55215	1.46355	1.3446	1.2065	1.05893	0.909164	0.76479	0.633217	0.521753	0.430871	0.363534	0.322508	0.306661	0.318338	0.35843	0.432638	0.553501	0.740799	1.02354	1.40728	1.8544	2.28895	2.65517	
3.14129	3.20066	3.10113	2.8643	2.5035	2.03747	1.51096	0.92985	0.347578	-0.18691	-0.623905	-0.929769	-1.12451	-1.22369	-1.26135	-1.25817	-1.23423	-1.21052	-1.18293	-1.16734	-1.16561	-1.17458	-1.19215	-1.21948	-1.24698	-1.26429	-1.26157	-1.21575	-1.1234	-0.966034	-0.753914	-0.474028	-0.159093	0.199528	0.560628	0.901499	1.20115	1.42094	1.56188	1.60018	1.52612	1.37396	1.15479	0.871291	0.573363	0.332405	0.184244	0.118941	0.107168	0.123301	0.152036	0.185785	0.220825	0.254986	0.286709	0.314761	0.338163	0.356167	0.368234	0.374026	0.373389	0.366368	0.353273	0.334919	0.313292	0.29306	0.284062	0.303372	0.372813	0.507458	0.69916	0.913046	1.11017	1.27492	1.41109	1.51736	1.58388	1.60562	1.58532	1.52899	1.44545	1.34587	1.23902	1.13166	1.02888	0.937967	0.863353	0.807192	0.771694	0.759172	0.769726	0.807752	0.880612	1.00483	1.20652	1.50732	1.89471	2.30938	2.67475	2.95454	
3.18625	3.11314	2.88887	2.54622	2.0897	1.54837	0.962728	0.363092	-0.18691	-0.64365	-0.961408	-1.15917	-1.24478	-1.2616	-1.22276	-1.1681	-1.10163	-1.04397	-1.00122	-0.974717	-0.971341	-0.983945	-1.01458	-1.06591	-1.12733	-1.19237	-1.24601	-1.27037	-1.24982	-1.16191	-1.00428	-0.768774	-0.464728	-0.114879	0.265422	0.641996	0.995812	1.28001	1.48275	1.59134	1.57894	1.46865	1.28685	1.03314	0.739181	0.478082	0.306109	0.229473	0.221488	0.251325	0.29775	0.349328	0.400464	0.448292	0.49114	0.527925	0.557904	0.580565	0.595572	0.602724	0.601932	0.593216	0.576721	0.552824	0.522427	0.487714	0.453714	0.430561	0.434828	0.486154	0.5965	0.757441	0.939859	1.11233	1.26008	1.3829	1.48117	1.55156	1.59125	1.59976	1.57903	1.53497	1.47592	1.40969	1.34205	1.27801	1.22328	1.18132	1.15439	1.14512	1.15541	1.19062	1.2619	1.39049	1.60376	1.91271	2.28577	2.64722	2.92883	3.11202	
3.08875	2.90546	2.58501	2.15215	1.61251	1.01796	0.410474	-0.159525	-0.623905	-0.961408	-1.1643	-1.25322	-1.24916	-1.18623	-1.08804	-0.983125	-0.892707	-0.823048	-0.778904	-0.753576	-0.745503	-0.760897	-0.795389	-0.848143	-0.924807	-1.0265	-1.12915	-1.2218	-1.26894	-1.25997	-1.16806	-0.994154	-0.73411	-0.401876	-0.0158961	0.381666	0.773507	1.1153	1.37607	1.54956	1.60437	1.54584	1.40885	1.19902	0.931853	0.671885	0.488364	0.40453	0.400088	0.441306	0.501739	0.566372	0.628133	0.683993	0.732668	0.773562	0.806347	0.830834	0.846921	0.854555	0.853712	0.844396	0.826646	0.800568	0.766457	0.72512	0.678634	0.631803	0.594097	0.580393	0.607526	0.685412	0.807944	0.953637	1.09834	1.22776	1.33803	1.42902	1.50046	1.55172	1.58191	1.59128	1.58288	1.56185	1.5337	1.50279	1.47348	1.44967	1.43421	1.42955	1.43943	1.47094	1.53957	1.67062	1.8894	2.19471	2.5353	2.82876	3.02419	3.11714	
2.88598	2.60747	2.20242	1.68985	1.09561	0.488007	-0.0884913	-0.570582	-0.929769	-1.15917	-1.25322	-1.24595	-1.15631	-1.02761	-0.88774	-0.770388	-0.684553	-0.626105	-0.589748	-0.571576	-0.567892	-0.576804	-0.602731	-0.645585	-0.714555	-0.813203	-0.94277	-1.08299	-1.20285	-1.27038	-1.25814	-1.1514	-0.940283	-0.646973	-0.276143	0.132436	0.549657	0.938442	1.25383	1.48796	1.61313	1.6182	1.53728	1.38425	1.16233	0.920764	0.733601	0.640316	0.63114	0.673459	0.737777	0.806386	0.871112	0.928888	0.978714	1.02024	1.05331	1.07789	1.09399	1.10162	1.10078	1.09147	1.07368	1.04742	1.01274	0.969862	0.919536	0.863614	0.806284	0.755613	0.723916	0.724819	0.766717	0.846748	0.951264	1.06347	1.17116	1.2685	1.35351	1.4256	1.48417	1.52829	1.55774	1.57402	1.58015	1.57943	1.57489	1.56944	1.56571	1.56638	1.57625	1.60536	1.67347	1.80896	2.03309	2.33027	2.63345	2.86343	2.98802	3.00565	
2.58569	2.22689	1.75767	1.19831	0.599125	0.0294674	-0.475484	-0.864577	-1.12451	-1.24478	-1.24916	-1.15631	-1.00697	-0.838663	-0.694961	-0.59206	-0.539945	-0.511538	-0.496429	-0.489532	-0.484428	-0.489717	-0.503122	-0.521631	-0.55542	-0.628685	-0.747035	-0.907691	-1.07102	-1.20798	-1.26915	-1.23972	-1.09611	-0.845417	-0.500801	-0.0950285	0.336237	0.761523	1.12909	1.42398	1.62373	1.70431	1.69067	1.60151	1.43153	1.2133	1.02088	0.909544	0.883956	0.916583	0.97667	1.04392	1.10847	1.1664	1.21628	1.25758	1.29024	1.31439	1.33013	1.33756	1.33674	1.32766	1.31024	1.2844	1.25003	1.20705	1.15567	1.09671	1.03188	0.964752	0.901817	0.852645	0.827585	0.833472	0.870043	0.930203	1.00418	1.08387	1.16414	1.24184	1.31436	1.37898	1.43326	1.47591	1.50732	1.52915	1.54345	1.5523	1.55789	1.56326	1.57448	1.60468	1.67749	1.82265	2.05471	2.34281	2.60933	2.78334	2.8463	2.79187	
2.21302	1.80792	1.31276	0.753047	0.191148	-0.321706	-0.750829	-1.0497	-1.22369	-1.2616	-1.18623	-1.02761	-0.838663	-0.66582	-0.554831	-0.507962	-0.498078	-0.491297	-0.476606	-0.477244	-0.480306	-0.475667	-0.483122	-0.494091	-0.500909	-0.51877	-0.590511	-0.729269	-0.914572	-1.09841	-1.2306	-1.27041	-1.19111	-0.994792	-0.687553	-0.293984	0.145082	0.599935	1.01816	1.37785	1.65807	1.82156	1.87768	1.84654	1.72027	1.5195	1.31728	1.18306	1.13659	1.15641	1.21058	1.27557	1.33897	1.39541	1.44302	1.48154	1.51151	1.53336	1.54741	1.55399	1.55325	1.54517	1.52959	1.50614	1.47449	1.43415	1.38455	1.32569	1.25833	1.1841	1.10608	1.02962	0.962187	0.911475	0.882781	0.877106	0.891583	0.922096	0.965635	1.02036	1.0839	1.15204	1.21919	1.2801	1.33134	1.37172	1.40167	1.42242	1.43591	1.44562	1.45917	1.4926	1.57264	1.7285	1.96617	2.24091	2.46979	2.59269	2.60087	2.48379	
1.84147	1.42794	0.939696	0.406426	-0.109621	-0.567466	-0.928714	-1.16236	-1.26135	-1.22276	-1.08804	-0.88774	-0.694961	-0.554831	-0.499741	-0.500489	-0.505683	-0.496036	-0.479885	-0.480697	-0.482438	-0.476922	-0.485391	-0.501798	-0.505048	-0.497674	-0.511531	-0.603542	-0.766885	-0.97344	-1.15133	-1.2567	-1.24443	-1.10203	-0.83222	-0.455912	-0.0136572	0.470646	0.94235	1.37004	1.73078	1.97253	2.08691	2.09726	2.0018	1.81491	1.60596	1.45292	1.38717	1.39273	1.43716	1.49452	1.55031	1.59849	1.63771	1.66872	1.69237	1.70918	1.71974	1.72471	1.72413	1.71803	1.70627	1.68816	1.66308	1.63044	1.5891	1.53769	1.47565	1.40322	1.3215	1.23287	1.14194	1.05504	0.978496	0.916842	0.871466	0.841334	0.825692	0.826174	0.8456	0.884304	0.937819	0.998159	1.0571	1.10871	1.14995	1.18006	1.20012	1.21385	1.23036	1.26838	1.35707	1.52403	1.76668	2.02946	2.22888	2.31668	2.29125	2.13957	
1.54235	1.13896	0.668695	0.164502	-0.315535	-0.732644	-1.04307	-1.2196	-1.25817	-1.1681	-0.983125	-0.770388	-0.59206	-0.507962	-0.500489	-0.523613	-0.497929	-0.457331	-0.443784	-0.441643	-0.440647	-0.443083	-0.446934	-0.469801	-0.516166	-0.515092	-0.497034	-0.530069	-0.65416	-0.855191	-1.06372	-1.21899	-1.26033	-1.16787	-0.939194	-0.57803	-0.128994	0.389651	0.92035	1.41294	1.83962	2.14068	2.29641	2.33645	2.26758	2.09731	1.88612	1.71504	1.62533	1.6083	1.63376	1.67482	1.71571	1.75052	1.7783	1.79989	1.81537	1.82574	1.83216	1.83511	1.83478	1.83114	1.82396	1.81268	1.79604	1.77313	1.74349	1.70526	1.65667	1.5964	1.52406	1.43948	1.34378	1.24047	1.13493	1.0333	0.940721	0.859272	0.788255	0.727918	0.683094	0.661361	0.666676	0.695297	0.737661	0.78326	0.82423	0.856346	0.878858	0.895171	0.915611	0.961264	1.06311	1.24664	1.50146	1.76412	1.95315	2.03067	1.99869	1.84091	
1.3395	0.947165	0.490527	0.00207431	-0.456993	-0.841755	-1.11516	-1.24833	-1.23423	-1.10163	-0.892707	-0.684553	-0.539945	-0.498078	-0.505683	-0.497929	-0.446595	-0.407353	-0.420387	-0.409758	-0.395533	-0.418527	-0.414129	-0.415261	-0.471956	-0.504082	-0.502504	-0.503983	-0.586893	-0.762991	-0.981006	-1.16518	-1.25591	-1.20318	-1.00611	-0.650884	-0.186415	0.367842	0.954875	1.49983	1.96882	2.30926	2.4988	2.56708	2.52183	2.3625	2.14218	1.94572	1.82506	1.7799	1.78247	1.80433	1.82879	1.84933	1.86453	1.87416	1.87913	1.88166	1.88316	1.88335	1.88336	1.88304	1.88128	1.87838	1.87261	1.86176	1.84479	1.82075	1.7876	1.74336	1.68668	1.61697	1.53292	1.43446	1.32321	1.20274	1.07901	0.958779	0.846033	0.740151	0.640763	0.554495	0.493105	0.463986	0.464194	0.483105	0.50892	0.533194	0.552442	0.569169	0.594463	0.651214	0.771449	0.978053	1.25354	1.52833	1.72331	1.80797	1.7844	1.63197	
1.21827	0.829493	0.375323	-0.106499	-0.549477	-0.9142	-1.1595	-1.25434	-1.21052	-1.04397	-0.823048	-0.626105	-0.511538	-0.491297	-0.496036	-0.457331	-0.407353	-0.388506	-0.41934	-0.402258	-0.380803	-0.418551	-0.405379	-0.38842	-0.428137	-0.473634	-0.500429	-0.487762	-0.548644	-0.693942	-0.915206	-1.11606	-1.24028	-1.21163	-1.03018	-0.673368	-0.179761	0.410991	1.03565	1.61134	2.10722	2.48048	2.70099	2.7886	2.75126	2.58858	2.35186	2.1289	1.97869	1.90607	1.884	1.88329	1.88732	1.88843	1.88549	1.87838	1.87084	1.86411	1.8589	1.85597	1.85631	1.85984	1.86545	1.8723	1.87985	1.8862	1.88748	1.88266	1.86904	1.84466	1.80661	1.75423	1.68663	1.60298	1.50325	1.38745	1.25678	1.11564	0.972351	0.834035	0.700557	0.570326	0.451216	0.358547	0.302142	0.279092	0.277891	0.286584	0.298214	0.313522	0.343621	0.412419	0.552166	0.78283	1.08066	1.3712	1.57711	1.67239	1.65751	1.50853	
1.15123	0.760301	0.304717	-0.174418	-0.609897	-0.960654	-1.18435	-1.2554	-1.18293	-1.00122	-0.778904	-0.589748	-0.496429	-0.476606	-0.479885	-0.443784	-0.420387	-0.41934	-0.415075	-0.401941	-0.395033	-0.407962	-0.416944	-0.419753	-0.427091	-0.459781	-0.482983	-0.476841	-0.524329	-0.654234	-0.868133	-1.07607	-1.21227	-1.19912	-1.01358	-0.636435	-0.113702	0.503306	1.14736	1.74059	2.26004	2.65959	2.8944	2.98189	2.93915	2.76793	2.51458	2.26561	2.08386	1.97875	1.92546	1.89656	1.87488	1.85284	1.82956	1.8064	1.78604	1.76896	1.75587	1.75049	1.75105	1.75789	1.77217	1.78987	1.81081	1.83396	1.85625	1.87471	1.8864	1.88837	1.87735	1.84991	1.80462	1.73964	1.6554	1.55291	1.43298	1.29527	1.14115	0.979775	0.821878	0.66792	0.515337	0.373825	0.261749	0.189734	0.153716	0.141529	0.142738	0.155149	0.1887	0.267297	0.422753	0.672349	0.987436	1.28999	1.50389	1.60577	1.59453	1.4443	
1.11867	0.724929	0.267303	-0.21106	-0.642296	-0.985048	-1.19676	-1.25449	-1.16734	-0.974717	-0.753576	-0.571576	-0.489532	-0.477244	-0.480697	-0.441643	-0.409758	-0.402258	-0.401941	-0.388604	-0.383098	-0.396592	-0.402004	-0.403239	-0.418777	-0.459033	-0.483607	-0.474965	-0.511859	-0.631383	-0.837875	-1.04413	-1.18136	-1.15972	-0.952697	-0.547096	-0.000889934	0.628165	1.28291	1.89318	2.42856	2.83249	3.06176	3.14158	3.0897	2.90272	2.62398	2.34207	2.12446	1.98492	1.8999	1.84287	1.79481	1.75003	1.70577	1.66539	1.62874	1.59996	1.58021	1.57103	1.57208	1.58333	1.60499	1.63562	1.67321	1.71412	1.75779	1.79936	1.83733	1.86658	1.88515	1.88836	1.87392	1.83809	1.77829	1.69416	1.58724	1.46171	1.3177	1.15316	0.977932	0.805867	0.637188	0.469373	0.315354	0.195727	0.119841	0.0815134	0.0689821	0.0763793	0.110933	0.195276	0.360268	0.62122	0.946428	1.25577	1.47381	1.57855	1.56788	1.41512	
1.11046	0.716851	0.258613	-0.220558	-0.650198	-0.990254	-1.19885	-1.25084	-1.16561	-0.971341	-0.745503	-0.567892	-0.484428	-0.480306	-0.482438	-0.440647	-0.395533	-0.380803	-0.395033	-0.383098	-0.369996	-0.391942	-0.388406	-0.382365	-0.412824	-0.458905	-0.489144	-0.473486	-0.508351	-0.623112	-0.827363	-1.02565	-1.14621	-1.09125	-0.851799	-0.418823	0.14518	0.780868	1.44555	2.06598	2.59677	2.98778	3.20685	3.27202	3.19565	2.97847	2.66785	2.35326	2.10319	1.93104	1.81397	1.72586	1.64895	1.57762	1.50992	1.44927	1.39803	1.35814	1.33188	1.31795	1.31958	1.33614	1.36504	1.40754	1.46072	1.52282	1.59029	1.65904	1.72596	1.78649	1.83637	1.87144	1.8882	1.88449	1.85661	1.80272	1.71986	1.60795	1.47547	1.32427	1.14981	0.96389	0.781885	0.602323	0.424757	0.266809	0.149665	0.0793457	0.0477735	0.0464355	0.078623	0.164228	0.332584	0.597918	0.927487	1.24047	1.46142	1.56854	1.55932	1.40691	
1.12206	0.73206	0.277103	-0.200234	-0.633687	-0.97953	-1.19134	-1.25334	-1.17458	-0.983945	-0.760897	-0.576804	-0.489717	-0.475667	-0.476922	-0.443083	-0.418527	-0.418551	-0.407962	-0.396592	-0.391942	-0.402094	-0.412074	-0.419332	-0.423662	-0.458415	-0.479791	-0.474176	-0.511292	-0.633116	-0.828344	-1.01224	-1.09624	-1.00014	-0.718009	-0.259366	0.31243	0.959946	1.63407	2.24523	2.75655	3.13148	3.3274	3.35805	3.24694	2.99649	2.65272	2.30403	2.01979	1.81226	1.66194	1.54183	1.43688	1.33954	1.25116	1.17277	1.10775	1.0561	1.02125	1.0053	1.00704	1.02671	1.06525	1.11978	1.18749	1.26777	1.357	1.45245	1.54848	1.64221	1.72739	1.79997	1.85358	1.88481	1.88963	1.86604	1.81506	1.73242	1.61485	1.47496	1.31483	1.12982	0.935834	0.746574	0.558336	0.375849	0.221741	0.115223	0.0579618	0.0423751	0.0678654	0.150257	0.316587	0.580748	0.910878	1.22673	1.45201	1.56379	1.55982	1.41335	
1.15154	0.770764	0.321454	-0.155304	-0.590953	-0.945964	-1.17697	-1.25515	-1.19215	-1.01458	-0.795389	-0.602731	-0.503122	-0.483122	-0.485391	-0.446934	-0.414129	-0.405379	-0.416944	-0.402004	-0.388407	-0.412074	-0.412544	-0.405791	-0.42464	-0.46438	-0.489315	-0.480756	-0.528996	-0.654233	-0.846243	-0.995207	-1.03565	-0.886892	-0.563119	-0.080817	0.507894	1.167	1.83365	2.42244	2.91275	3.25672	3.40811	3.40082	3.25165	2.95778	2.57295	2.1887	1.87261	1.63473	1.45427	1.30489	1.1721	1.05057	0.940034	0.843671	0.762982	0.702271	0.662272	0.642379	0.644658	0.668787	0.712787	0.777629	0.861653	0.960636	1.0729	1.1933	1.31864	1.44344	1.56259	1.67101	1.76325	1.83461	1.87932	1.89296	1.87056	1.81864	1.73236	1.60757	1.45994	1.2884	1.09275	0.893098	0.697581	0.502445	0.320718	0.178192	0.0894706	0.0530962	0.0666047	0.141156	0.300622	0.558983	0.88698	1.20618	1.43863	1.55883	1.56501	1.43099	
1.19639	0.830243	0.392318	-0.0813179	-0.523797	-0.892391	-1.14614	-1.25285	-1.21948	-1.06591	-0.848143	-0.645585	-0.521631	-0.494091	-0.501798	-0.469801	-0.415261	-0.38842	-0.419754	-0.40324	-0.382365	-0.419333	-0.405792	-0.389778	-0.439993	-0.484386	-0.50315	-0.489754	-0.553005	-0.690098	-0.87078	-0.982199	-0.960051	-0.75254	-0.389077	0.120722	0.72665	1.39043	2.0382	2.60052	3.05838	3.35112	3.45572	3.40398	3.1995	2.85793	2.43346	2.01856	1.67353	1.40706	1.19598	1.0183	0.859179	0.714947	0.586424	0.475419	0.38527	0.315567	0.269542	0.247015	0.249558	0.276953	0.327675	0.401473	0.495701	0.610659	0.741705	0.88614	1.03918	1.19567	1.35029	1.4962	1.62663	1.73675	1.82006	1.8741	1.89425	1.87056	1.81502	1.71966	1.58632	1.42927	1.24375	1.03917	0.835487	0.633516	0.434706	0.261359	0.13857	0.075304	0.0709568	0.132711	0.280594	0.528774	0.85205	1.17519	1.41801	1.55076	1.57228	1.45751	
1.25441	0.908431	0.486802	0.020784	-0.428193	-0.812981	-1.09399	-1.24305	-1.24698	-1.12733	-0.924807	-0.714555	-0.55542	-0.500909	-0.505048	-0.516166	-0.471956	-0.428137	-0.427091	-0.418777	-0.412826	-0.423666	-0.42465	-0.440011	-0.496109	-0.51443	-0.498001	-0.506399	-0.590649	-0.749581	-0.89941	-0.961231	-0.868807	-0.602451	-0.195356	0.346018	0.966819	1.62512	2.24592	2.77494	3.1838	3.41832	3.46859	3.35492	3.09792	2.70729	2.24026	1.79543	1.42504	1.13429	0.899329	0.696812	0.516826	0.353139	0.209722	0.0867571	-0.0141951	-0.0898292	-0.139405	-0.162308	-0.159781	-0.131603	-0.0769991	0.00367704	0.109795	0.236948	0.383687	0.54833	0.724523	0.908747	1.09484	1.27564	1.4465	1.59672	1.72458	1.81474	1.8741	1.89296	1.86603	1.80263	1.69373	1.5511	1.38069	1.18062	0.970331	0.762508	0.554438	0.358423	0.2031	0.108823	0.0809372	0.124708	0.256205	0.489626	0.805015	1.13199	1.388	1.53728	1.57888	1.48999	
1.32201	1.00328	0.602356	0.148322	-0.300727	-0.705069	-1.01796	-1.20778	-1.26429	-1.19237	-1.0265	-0.813203	-0.628685	-0.51877	-0.497674	-0.515092	-0.504082	-0.473634	-0.459782	-0.459035	-0.458913	-0.458439	-0.46444	-0.484514	-0.514623	-0.506254	-0.494873	-0.54207	-0.666064	-0.825239	-0.936216	-0.925432	-0.753115	-0.432241	0.0228762	0.593099	1.22422	1.8683	2.4543	2.93826	3.2866	3.45602	3.43867	3.26478	2.95003	2.5001	2.00001	1.53054	1.14384	0.832102	0.576277	0.352444	0.153667	-0.0235366	-0.179308	-0.308657	-0.411997	-0.49017	-0.541313	-0.567013	-0.564187	-0.533323	-0.477001	-0.393226	-0.284444	-0.150229	0.00934368	0.189462	0.385902	0.595964	0.810724	1.02537	1.2305	1.42022	1.58555	1.72458	1.82006	1.87932	1.88962	1.85657	1.77811	1.6546	1.50007	1.31202	1.10055	0.886956	0.673546	0.463052	0.280155	0.153696	0.0977432	0.118544	0.228842	0.442615	0.746001	1.07543	1.34665	1.51602	1.58165	1.52436	
1.39341	1.10965	0.738805	0.300705	-0.146755	-0.561917	-0.907936	-1.14375	-1.26157	-1.24601	-1.12915	-0.94277	-0.747035	-0.590511	-0.511531	-0.497034	-0.502505	-0.50043	-0.482987	-0.483622	-0.489188	-0.479911	-0.489608	-0.503783	-0.499147	-0.496341	-0.527614	-0.630113	-0.775639	-0.912677	-0.956419	-0.866283	-0.6166	-0.232108	0.268421	0.86494	1.49713	2.11422	2.65766	3.08567	3.36482	3.45967	3.3698	3.13214	2.75098	2.25481	1.72152	1.23414	0.834267	0.509084	0.237442	0.000740497	-0.210689	-0.395668	-0.554934	-0.688935	-0.793954	-0.871313	-0.921642	-0.944153	-0.941902	-0.914084	-0.857926	-0.774793	-0.664354	-0.525757	-0.360799	-0.17223	0.0386284	0.266785	0.504253	0.749253	0.986519	1.21633	1.42022	1.59672	1.73675	1.83461	1.88481	1.88448	1.83802	1.73932	1.60162	1.42934	1.22348	1.00584	0.788364	0.569601	0.365796	0.208986	0.122377	0.116026	0.200628	0.389699	0.675926	1.00473	1.29184	1.48427	1.57719	1.55617	
1.46405	1.22054	0.88722	0.477199	0.0375053	-0.384278	-0.760395	-1.04068	-1.21575	-1.27037	-1.2218	-1.08299	-0.907691	-0.729269	-0.603542	-0.530069	-0.503985	-0.487768	-0.476864	-0.475037	-0.473691	-0.474705	-0.481988	-0.49233	-0.511141	-0.549374	-0.638037	-0.770776	-0.910543	-0.99038	-0.952858	-0.766081	-0.440025	-0.000734554	0.544458	1.1583	1.77745	2.3609	2.85257	3.2125	3.41401	3.42643	3.26259	2.95884	2.51428	1.97074	1.41242	0.921075	0.513229	0.182189	-0.101775	-0.347247	-0.564045	-0.752147	-0.909173	-1.03687	-1.13624	-1.20761	-1.25319	-1.27666	-1.27414	-1.24587	-1.19519	-1.11858	-1.01425	-0.87991	-0.716788	-0.524973	-0.304992	-0.0656552	0.194092	0.459314	0.728732	0.986519	1.2305	1.4465	1.62663	1.76325	1.85358	1.88819	1.87389	1.8045	1.68611	1.5308	1.33621	1.11816	0.897091	0.673782	0.455691	0.272629	0.155055	0.118751	0.173946	0.333486	0.596525	0.919688	1.22158	1.43905	1.56146	1.58053	
1.5274	1.33165	1.0411	0.668915	0.245988	-0.172935	-0.566752	-0.888932	-1.1234	-1.24982	-1.26894	-1.20285	-1.07102	-0.914572	-0.766886	-0.654162	-0.586903	-0.548677	-0.524438	-0.512179	-0.509205	-0.513358	-0.533519	-0.561962	-0.60658	-0.691011	-0.808218	-0.940284	-1.0305	-1.03364	-0.895951	-0.624802	-0.223113	0.272894	0.851376	1.4682	2.06483	2.60393	3.03005	3.31327	3.43082	3.357	3.1201	2.74707	2.2411	1.66171	1.09107	0.5972	0.1922	-0.142896	-0.427536	-0.676322	-0.889462	-1.07187	-1.22039	-1.33794	-1.42651	-1.48865	-1.5265	-1.5423	-1.54065	-1.52058	-1.47805	-1.41137	-1.31675	-1.19296	-1.03876	-0.850099	-0.632815	-0.385841	-0.117301	0.167613	0.459314	0.749253	1.02537	1.27564	1.4962	1.67101	1.79997	1.87144	1.88835	1.84987	1.75404	1.61618	1.43646	1.22258	0.998894	0.772808	0.545845	0.341803	0.195074	0.127758	0.151103	0.277064	0.51048	0.820959	1.13417	1.3776	1.53047	1.59097	
1.57469	1.43525	1.19298	0.868743	0.47566	0.0670625	-0.333604	-0.688986	-0.966034	-1.16191	-1.25997	-1.27038	-1.20798	-1.09841	-0.973443	-0.855203	-0.763036	-0.694093	-0.654695	-0.632652	-0.626271	-0.640225	-0.668732	-0.716947	-0.794685	-0.89344	-1.00337	-1.09038	-1.10994	-1.01371	-0.77969	-0.416233	0.0472984	0.582617	1.18596	1.79017	2.35134	2.83339	3.18413	3.38533	3.41205	3.25058	2.94244	2.50155	1.94243	1.33457	0.763644	0.281041	-0.11766	-0.449046	-0.732498	-0.975278	-1.17989	-1.34709	-1.47863	-1.57584	-1.64506	-1.69134	-1.71815	-1.73162	-1.73001	-1.71368	-1.68375	-1.63339	-1.55906	-1.45512	-1.31658	-1.14252	-0.931586	-0.687543	-0.412316	-0.117301	0.194092	0.504253	0.810724	1.09484	1.35029	1.56259	1.72739	1.83637	1.88515	1.87734	1.80656	1.68642	1.52297	1.31752	1.09318	0.86511	0.633071	0.413429	0.24093	0.143338	0.134014	0.22375	0.421493	0.710525	1.02858	1.29727	1.48117	1.5817	
1.59722	1.52212	1.33472	1.06463	0.715657	0.329147	-0.0612326	-0.43454	-0.753914	-1.00428	-1.16806	-1.25814	-1.26915	-1.2306	-1.15135	-1.06377	-0.981201	-0.915821	-0.86988	-0.842344	-0.837659	-0.84976	-0.886618	-0.940072	-1.00798	-1.09127	-1.15605	-1.17806	-1.10484	-0.912503	-0.583977	-0.152325	0.362461	0.934812	1.53861	2.11378	2.63017	3.04148	3.30943	3.42248	3.35367	3.10979	2.73311	2.22679	1.62502	1.00568	0.446441	-0.022742	-0.406694	-0.730909	-1.00311	-1.23426	-1.42013	-1.56598	-1.67238	-1.74477	-1.78919	-1.81297	-1.82288	-1.82504	-1.82475	-1.82137	-1.80966	-1.78269	-1.73229	-1.65375	-1.54047	-1.38602	-1.19335	-0.95691	-0.687543	-0.385841	-0.0656552	0.266785	0.595964	0.908747	1.19567	1.44344	1.64221	1.78649	1.86658	1.88837	1.84464	1.74328	1.59605	1.40184	1.17929	0.949832	0.715091	0.484612	0.29059	0.164998	0.123909	0.176694	0.334128	0.592139	0.905151	1.19554	1.41097	1.54863	
1.58822	1.58103	1.4567	1.246	0.954132	0.603329	0.233028	-0.139973	-0.474028	-0.768774	-0.994154	-1.1514	-1.23972	-1.27043	-1.25677	-1.21923	-1.16594	-1.11829	-1.08194	-1.05798	-1.055	-1.06827	-1.0922	-1.13547	-1.18364	-1.22252	-1.22974	-1.16658	-1.00921	-0.717916	-0.315716	0.181242	0.727887	1.3085	1.89803	2.43432	2.88871	3.21757	3.3997	3.4192	3.2555	2.9358	2.49382	1.93078	1.29966	0.683521	0.147776	-0.298896	-0.668715	-0.979199	-1.23823	-1.44756	-1.60952	-1.72282	-1.79602	-1.83311	-1.84518	-1.8445	-1.83657	-1.83048	-1.83111	-1.83814	-1.84556	-1.84393	-1.82797	-1.78469	-1.70348	-1.5813	-1.41025	-1.19335	-0.931586	-0.632815	-0.304992	0.0386284	0.385902	0.724523	1.03918	1.31864	1.54848	1.72596	1.83733	1.8864	1.86903	1.78758	1.65657	1.47522	1.25673	1.02651	0.790403	0.552885	0.341787	0.191548	0.121148	0.13841	0.253326	0.471467	0.766589	1.0707	1.31721	1.48957	
1.54429	1.60241	1.54769	1.40019	1.1748	0.874506	0.543068	0.187942	-0.159093	-0.464728	-0.73411	-0.940287	-1.09613	-1.19118	-1.24469	-1.2612	-1.25857	-1.24747	-1.22965	-1.21888	-1.21876	-1.22261	-1.2355	-1.24985	-1.25768	-1.23867	-1.1798	-1.03993	-0.797255	-0.431433	0.0302726	0.56098	1.11602	1.70238	2.25314	2.73299	3.11284	3.35529	3.44803	3.36925	3.1182	2.733	2.22972	1.62081	0.980688	0.384314	-0.123065	-0.545795	-0.896104	-1.19058	-1.42826	-1.61286	-1.74145	-1.81923	-1.85168	-1.8488	-1.82261	-1.7861	-1.75432	-1.73814	-1.73983	-1.75945	-1.79361	-1.82923	-1.85121	-1.84864	-1.80763	-1.7197	-1.5813	-1.38602	-1.14252	-0.850099	-0.524973	-0.17223	0.189462	0.54833	0.88614	1.1933	1.45245	1.65904	1.79936	1.87471	1.88266	1.82075	1.70524	1.53757	1.32521	1.09499	0.858134	0.616321	0.392285	0.221295	0.125159	0.110316	0.183605	0.35564	0.618781	0.923291	1.19705	1.40297	
1.46426	1.57921	1.59795	1.51614	1.36207	1.12758	0.837269	0.529852	0.199528	-0.11488	-0.40188	-0.646989	-0.845485	-0.995058	-1.10296	-1.1708	-1.21139	-1.232	-1.24405	-1.24789	-1.2459	-1.24471	-1.23975	-1.22338	-1.19077	-1.12581	-1.00307	-0.800791	-0.489257	-0.0725729	0.432285	0.972559	1.53439	2.0837	2.58031	2.99975	3.29145	3.44615	3.44578	3.2723	2.94802	2.50351	1.94601	1.30992	0.679348	0.116549	-0.357499	-0.756891	-1.08967	-1.36341	-1.57762	-1.72878	-1.8209	-1.85361	-1.84084	-1.7935	-1.72697	-1.6625	-1.60953	-1.57802	-1.58169	-1.61884	-1.67462	-1.74046	-1.80545	-1.8467	-1.85084	-1.80763	-1.70348	-1.54047	-1.31658	-1.03876	-0.716788	-0.360799	0.00934368	0.383687	0.741705	1.0729	1.357	1.59029	1.75779	1.85625	1.88748	1.84478	1.74348	1.58907	1.38442	1.15519	0.917867	0.673542	0.440072	0.252283	0.134564	0.0924695	0.12815	0.252095	0.470777	0.757919	1.04899	1.28715	
1.34946	1.50734	1.59696	1.58693	1.49757	1.34484	1.11555	0.846311	0.560627	0.265419	-0.0159099	-0.276205	-0.501056	-0.688481	-0.835239	-0.947922	-1.02844	-1.08069	-1.11449	-1.13152	-1.13523	-1.12522	-1.10267	-1.06021	-0.990108	-0.878741	-0.708414	-0.454753	-0.0990896	0.354008	0.867961	1.40063	1.93134	2.43256	2.87985	3.21079	3.41221	3.48452	3.38732	3.13143	2.74859	2.25113	1.65177	1.01238	0.412637	-0.112814	-0.554662	-0.931349	-1.24566	-1.49877	-1.68521	-1.80255	-1.85307	-1.83997	-1.77894	-1.68273	-1.57498	-1.47822	-1.4129	-1.38418	-1.38714	-1.42301	-1.4958	-1.59639	-1.70345	-1.79476	-1.8467	-1.84864	-1.78469	-1.65375	-1.45512	-1.19296	-0.87991	-0.525757	-0.150229	0.236948	0.610659	0.960636	1.26777	1.52282	1.71412	1.83396	1.8862	1.86176	1.77313	1.63043	1.43412	1.20692	0.969411	0.72365	0.483496	0.282551	0.147454	0.0836002	0.0880984	0.166957	0.333547	0.584225	0.875041	1.14074	
1.2024	1.39076	1.5341	1.60311	1.58007	1.49374	1.34949	1.14286	0.901497	0.641985	0.381612	0.13221	-0.0958845	-0.296876	-0.464579	-0.600961	-0.704244	-0.782429	-0.832638	-0.860179	-0.868398	-0.852401	-0.815951	-0.751705	-0.65494	-0.517555	-0.318188	-0.0364099	0.339784	0.799404	1.30066	1.80861	2.29666	2.74775	3.11021	3.34906	3.47839	3.45939	3.27142	2.95698	2.5241	1.98023	1.36239	0.745298	0.18862	-0.29686	-0.71434	-1.0717	-1.36875	-1.59893	-1.75788	-1.83807	-1.8475	-1.7886	-1.67909	-1.54544	-1.40375	-1.28666	-1.21832	-1.19076	-1.19363	-1.22842	-1.30643	-1.4313	-1.57381	-1.70345	-1.80545	-1.85121	-1.82797	-1.73229	-1.55906	-1.31675	-1.01425	-0.664354	-0.284444	0.109795	0.495701	0.861653	1.18749	1.46072	1.67321	1.81081	1.87985	1.87261	1.79604	1.66308	1.47449	1.25	1.01263	0.766084	0.521297	0.310344	0.161741	0.0814703	0.0623314	0.103441	0.217514	0.41645	0.68334	0.963392	
1.02235	1.23932	1.41385	1.54549	1.60391	1.58212	1.5039	1.37535	1.20114	0.99577	0.773321	0.548924	0.333658	0.13705	-0.035702	-0.18203	-0.297908	-0.384642	-0.444893	-0.47889	-0.4855	-0.46946	-0.423216	-0.349721	-0.242389	-0.0908547	0.122938	0.41298	0.791433	1.23851	1.71369	2.17598	2.60506	2.97981	3.25811	3.42859	3.47509	3.36154	3.11219	2.75468	2.27565	1.70525	1.09798	0.525912	0.013268	-0.437843	-0.835635	-1.17883	-1.46068	-1.66931	-1.802	-1.84679	-1.81721	-1.71529	-1.56384	-1.39791	-1.24259	-1.13281	-1.08522	-1.0768	-1.07704	-1.09068	-1.15001	-1.27066	-1.4313	-1.59639	-1.74046	-1.82923	-1.84393	-1.78269	-1.63339	-1.41137	-1.11858	-0.774793	-0.393226	0.00367704	0.401473	0.777629	1.11978	1.40754	1.63562	1.78987	1.8723	1.87838	1.81268	1.68816	1.50614	1.28439	1.0474	0.800486	0.552564	0.334233	0.175497	0.0834559	0.0479435	0.0610185	0.129427	0.270404	0.490115	0.759728	
0.809463	1.05429	1.25511	1.41906	1.54236	1.60135	1.59178	1.52813	1.42091	1.27987	1.11472	0.936303	0.75458	0.580095	0.421062	0.281789	0.163936	0.0745181	0.0117026	-0.0243615	-0.0315164	-0.0128061	0.0356153	0.111853	0.222152	0.375536	0.58294	0.862616	1.22072	1.63389	2.05989	2.46095	2.82432	3.12859	3.3372	3.42715	3.38451	3.20938	2.92444	2.52504	2.01267	1.44703	0.881154	0.361604	-0.112868	-0.539287	-0.925005	-1.25491	-1.52604	-1.71467	-1.82484	-1.84117	-1.77474	-1.64307	-1.45654	-1.27214	-1.12375	-1.02961	-1.01598	-1.04404	-1.03923	-1.01276	-1.04246	-1.15001	-1.30643	-1.4958	-1.67462	-1.79361	-1.84556	-1.80966	-1.68375	-1.47805	-1.19519	-0.857926	-0.477001	-0.0769991	0.327675	0.712787	1.06525	1.36504	1.60499	1.77217	1.86545	1.88128	1.82396	1.70627	1.52959	1.31024	1.07367	0.82663	0.576671	0.353149	0.187172	0.0871268	0.0412389	0.0359368	0.0701787	0.157964	0.317056	0.546252	
0.579562	0.831576	1.06153	1.25116	1.40637	1.52465	1.59145	1.60168	1.56177	1.48232	1.37442	1.24823	1.11239	0.974599	0.84367	0.726966	0.626292	0.54555	0.488603	0.456051	0.448153	0.466993	0.51014	0.580296	0.67985	0.815687	1.00102	1.25393	1.5754	1.94326	2.31518	2.65753	2.95651	3.18859	3.31727	3.32946	3.23313	3.0252	2.70362	2.271	1.76097	1.2342	0.725693	0.253612	-0.193571	-0.60427	-0.9841	-1.30445	-1.56725	-1.74107	-1.83331	-1.82885	-1.73579	-1.58334	-1.38095	-1.1956	-1.07051	-1.00531	-1.00574	-1.03517	-1.03059	-1.00112	-1.01276	-1.09068	-1.22842	-1.42301	-1.61884	-1.75945	-1.83814	-1.82137	-1.71368	-1.52058	-1.24587	-0.914084	-0.533323	-0.131603	0.276953	0.668787	1.02671	1.33614	1.58333	1.75789	1.85984	1.88304	1.83114	1.71803	1.54517	1.32766	1.09147	0.844393	0.593208	0.366354	0.195662	0.0906148	0.0387736	0.0228941	0.0351786	0.0824195	0.18245	0.350592	
0.3664	0.587415	0.826109	1.04467	1.22712	1.37596	1.49154	1.56761	1.59989	1.59016	1.54536	1.47482	1.38807	1.29263	1.19557	1.10489	1.02632	0.961907	0.915334	0.888674	0.882144	0.897272	0.93286	0.990657	1.07231	1.18508	1.34334	1.56101	1.83975	2.15746	2.47107	2.74756	2.9746	3.13465	3.20081	3.16982	3.04329	2.80248	2.45285	2.02207	1.55238	1.08706	0.632409	0.193861	-0.233984	-0.639315	-1.01268	-1.33221	-1.58586	-1.75603	-1.83344	-1.82055	-1.71182	-1.54563	-1.34579	-1.16239	-1.06516	-1.03633	-1.02993	-1.0313	-1.03102	-1.03059	-1.03923	-1.07704	-1.19363	-1.38714	-1.58169	-1.73983	-1.83111	-1.82475	-1.73001	-1.54065	-1.27414	-0.941902	-0.564187	-0.159781	0.249558	0.644658	1.00704	1.31958	1.57208	1.75105	1.85631	1.88336	1.83478	1.72413	1.55325	1.33674	1.10078	0.853712	0.601932	0.37339	0.200278	0.0927091	0.0379927	0.0168789	0.0170731	0.0384212	0.0926538	0.19802	
0.201782	0.362394	0.569242	0.792989	1.00226	1.18077	1.32678	1.44184	1.52534	1.57602	1.59474	1.58541	1.55445	1.50881	1.45442	1.39736	1.34432	1.2996	1.26614	1.24653	1.24203	1.25284	1.27931	1.32132	1.38094	1.46502	1.58626	1.75837	1.98523	2.24479	2.49587	2.70929	2.8789	2.99246	3.02367	2.96333	2.80675	2.54438	2.20316	1.8178	1.4128	1.00708	0.592974	0.175953	-0.241811	-0.643887	-1.01537	-1.33492	-1.58742	-1.75768	-1.83329	-1.81993	-1.70946	-1.5418	-1.34301	-1.15969	-1.06593	-1.04172	-1.03368	-1.03088	-1.0313	-1.03517	-1.04404	-1.0768	-1.19076	-1.38418	-1.57802	-1.73814	-1.83048	-1.82504	-1.73162	-1.5423	-1.27666	-0.944153	-0.567013	-0.162308	0.247015	0.642379	1.0053	1.31795	1.57103	1.75049	1.85597	1.88335	1.83511	1.72471	1.55399	1.33756	1.10162	0.854555	0.602724	0.374027	0.200671	0.0927623	0.0373484	0.0142507	0.00881992	0.0162186	0.0414365	0.0977718	
0.096376	0.193009	0.339051	0.526328	0.732326	0.931633	1.1076	1.25439	1.37207	1.46208	1.52586	1.56535	1.58371	1.58542	1.57509	1.55682	1.53512	1.51442	1.49778	1.48755	1.48525	1.49111	1.50522	1.52732	1.55954	1.60854	1.68735	1.81212	1.98874	2.19758	2.40069	2.57123	2.70409	2.78587	2.7876	2.7015	2.53471	2.29202	2.00152	1.68432	1.34411	0.982888	0.595316	0.1929	-0.221074	-0.618567	-0.993337	-1.31207	-1.57288	-1.74517	-1.83405	-1.82676	-1.72973	-1.57374	-1.37088	-1.18595	-1.06667	-1.00953	-1.00947	-1.03368	-1.02993	-1.00574	-1.01598	-1.08522	-1.21832	-1.4129	-1.60953	-1.75432	-1.83657	-1.82288	-1.71815	-1.5265	-1.25319	-0.921642	-0.541314	-0.139405	0.269542	0.662272	1.02125	1.33188	1.58021	1.75587	1.8589	1.88316	1.83216	1.71974	1.54741	1.33013	1.09399	0.846921	0.595572	0.368235	0.196765	0.0905369	0.0360866	0.0128822	0.00540529	0.00646031	0.0163831	0.0421681	
0.0399852	0.0886068	0.173106	0.299327	0.462169	0.645943	0.831184	1.00228	1.15064	1.27344	1.37117	1.4457	1.49962	1.53619	1.55906	1.5716	1.57678	1.57757	1.57645	1.57517	1.57487	1.57593	1.57826	1.58213	1.58996	1.60895	1.6532	1.74022	1.87759	2.04839	2.21615	2.35327	2.45442	2.50943	2.49539	2.41308	2.27834	2.09443	1.87537	1.62323	1.32961	1.00032	0.629807	0.237048	-0.171201	-0.567879	-0.94334	-1.26799	-1.53667	-1.7213	-1.82744	-1.83885	-1.76608	-1.63007	-1.43815	-1.25276	-1.1075	-1.01752	-1.00953	-1.04172	-1.03633	-1.00531	-1.02961	-1.13281	-1.28666	-1.47822	-1.6625	-1.7861	-1.8445	-1.81297	-1.69134	-1.48865	-1.20761	-0.871313	-0.490171	-0.0898299	0.315566	0.70227	1.0561	1.35813	1.59996	1.76896	1.86411	1.88166	1.82574	1.70918	1.53336	1.31439	1.07789	0.830834	0.580565	0.356167	0.188709	0.0860754	0.0339582	0.0117654	0.00398926	0.00267077	0.00580068	0.0159391	
0.0144807	0.0352053	0.0758759	0.145241	0.248343	0.382918	0.539211	0.703541	0.862948	1.00813	1.13399	1.23882	1.32307	1.38855	1.43785	1.47387	1.49922	1.5162	1.52673	1.5322	1.53344	1.53079	1.52424	1.51427	1.50336	1.49872	1.51436	1.56817	1.66984	1.80602	1.94275	2.05355	2.13665	2.18985	2.19663	2.15845	2.08717	1.97317	1.81647	1.6141	1.35334	1.04655	0.690544	0.306712	-0.0940564	-0.490673	-0.865841	-1.19926	-1.47619	-1.68021	-1.80763	-1.84662	-1.80914	-1.70031	-1.54096	-1.3697	-1.21494	-1.1075	-1.06667	-1.06593	-1.06516	-1.07051	-1.12375	-1.24259	-1.40375	-1.57498	-1.72697	-1.82261	-1.84518	-1.78919	-1.64506	-1.42651	-1.13624	-0.793956	-0.412001	-0.0141996	0.385264	0.762975	1.10774	1.39802	1.62874	1.78604	1.87083	1.87912	1.81537	1.69237	1.5115	1.29024	1.05331	0.806347	0.557904	0.338163	0.176856	0.0796157	0.0309946	0.010536	0.00325561	0.00131744	0.00190149	0.00531521	
0.00460754	0.0121862	0.0287321	0.0603979	0.113628	0.192632	0.297108	0.421772	0.557965	0.696215	0.828364	0.948614	1.05361	1.14204	1.21405	1.27084	1.31402	1.34523	1.36594	1.37725	1.37985	1.374	1.35974	1.33753	1.30978	1.28343	1.27238	1.29566	1.36668	1.47792	1.60034	1.70962	1.8064	1.89304	1.95223	1.9766	1.97054	1.91587	1.80384	1.63654	1.40145	1.11169	0.772873	0.398877	0.00742945	-0.386554	-0.761737	-1.10127	-1.39114	-1.61521	-1.76925	-1.84153	-1.84349	-1.77471	-1.65696	-1.51589	-1.3697	-1.25276	-1.18595	-1.15969	-1.16239	-1.1956	-1.27214	-1.39791	-1.54544	-1.68273	-1.7935	-1.8488	-1.83311	-1.74477	-1.57584	-1.33795	-1.03688	-0.688948	-0.308676	0.0867316	0.475387	0.843633	1.17273	1.44923	1.66535	1.80636	1.87835	1.87413	1.79986	1.6687	1.48153	1.25758	1.02024	0.77356	0.527924	0.31476	0.161745	0.0715384	0.0273725	0.00913518	0.00270597	0.000820016	0.000626266	0.00158178	
