-0.424644	-0.0719467	0.332898	0.77392	1.24387	1.69929	2.11466	2.45751	2.69047	2.81671	2.81785	2.68484	2.45437	2.14707	1.76545	1.35352	0.988002	0.720605	0.557814	0.475816	0.44761	0.456061	0.490983	0.549262	0.627724	0.723693	0.835506	0.957861	1.08455	1.21094	1.33007	1.43302	1.50878	1.54756	1.54169	1.48657	1.38566	1.24867	1.07722	0.866378	0.628742	0.40172	0.223258	0.107664	0.0451963	0.0166155	0.00539213	0.00156789	0.000434261	0.000153983	0.00011844	0.000153386	0.000215014	0.000294434	0.000399944	0.000589895	0.00111927	0.00291637	0.00885955	0.0264517	0.0716039	0.170035	0.348486	0.61106	0.916537	1.19286	1.39172	1.51048	1.54109	1.45355	1.25713	0.983974	0.640052	0.260721	-0.113824	-0.468079	-0.765676	-0.992163	-1.13127	-1.1951	-1.1834	-1.12089	-1.0218	-0.915017	-0.811735	-0.732666	-0.673751	-0.634336	-0.609439	-0.60166	-0.607369	-0.626805	-0.664181	-0.716311	-0.785467	-0.86875	-0.934715	-0.957314	-0.886428	-0.710239	
-0.0719467	0.32274	0.747922	1.18699	1.62222	2.00328	2.3201	2.54251	2.65672	2.668	2.55334	2.32431	2.01867	1.64585	1.21901	0.798915	0.453386	0.216224	0.0774698	0.00944209	-0.0120576	0.000557504	0.0395231	0.103394	0.191441	0.30151	0.431451	0.581008	0.742065	0.908372	1.07255	1.22713	1.3628	1.46888	1.53569	1.55243	1.50775	1.40505	1.26224	1.08357	0.861412	0.611536	0.378509	0.202363	0.0934949	0.0375416	0.0132256	0.00417613	0.00129181	0.000554715	0.000492051	0.000642837	0.000878795	0.00116264	0.00148017	0.00184398	0.00237747	0.00361472	0.0073707	0.0187751	0.0497504	0.122065	0.263726	0.491124	0.782636	1.07489	1.30625	1.46127	1.54154	1.51947	1.38326	1.16407	0.871949	0.523092	0.161646	-0.197008	-0.517346	-0.788331	-0.996301	-1.12448	-1.19149	-1.19107	-1.15372	-1.08625	-1.01336	-0.941002	-0.879506	-0.838555	-0.81061	-0.797629	-0.808266	-0.831166	-0.866686	-0.922757	-0.977086	-1.01797	-1.0113	-0.922478	-0.728553	-0.431524	
0.332898	0.747922	1.1664	1.58034	1.9352	2.21304	2.42114	2.52219	2.52065	2.41186	2.18344	1.86889	1.4991	1.07716	0.631893	0.229736	-0.0764312	-0.272591	-0.384	-0.437614	-0.452506	-0.440321	-0.401643	-0.340687	-0.254484	-0.141719	-0.00603325	0.154328	0.337433	0.536457	0.743584	0.948005	1.13912	1.30485	1.43424	1.52103	1.55505	1.51663	1.40938	1.2588	1.06872	0.831236	0.57061	0.338585	0.172726	0.0760574	0.0292357	0.0101209	0.00357444	0.00187659	0.00185706	0.00242007	0.0032265	0.00416018	0.00515466	0.0061585	0.00717617	0.00844553	0.010989	0.0180343	0.0378541	0.0874306	0.19283	0.378349	0.641966	0.937298	1.19694	1.38644	1.50934	1.55068	1.48204	1.3211	1.08904	0.786378	0.453676	0.10887	-0.231021	-0.521444	-0.773294	-0.961427	-1.09353	-1.16724	-1.19422	-1.1831	-1.15305	-1.11162	-1.07389	-1.04104	-1.01953	-1.01338	-1.01538	-1.03433	-1.06165	-1.08907	-1.10229	-1.07008	-0.965372	-0.750339	-0.439377	-0.0602971	
0.77392	1.18699	1.58034	1.91316	2.15628	2.34045	2.42683	2.39716	2.27554	2.04803	1.72859	1.3568	0.947465	0.50221	0.0699898	-0.287538	-0.534634	-0.684557	-0.766112	-0.804727	-0.814294	-0.804479	-0.772805	-0.721119	-0.647202	-0.547768	-0.418656	-0.264063	-0.0800167	0.128563	0.358748	0.600641	0.842863	1.07008	1.2664	1.41405	1.51291	1.55519	1.51419	1.39871	1.23808	1.0313	0.775535	0.508686	0.286639	0.13879	0.0585264	0.0224922	0.00928436	0.00591336	0.00630759	0.00812128	0.0105393	0.0132435	0.0160372	0.0187447	0.0212196	0.0234475	0.0258731	0.0303103	0.0420137	0.073105	0.145295	0.285567	0.507906	0.788516	1.06624	1.28792	1.44606	1.54161	1.54418	1.44621	1.27748	1.03636	0.738905	0.429763	0.103918	-0.208256	-0.482082	-0.716699	-0.89633	-1.02978	-1.11471	-1.16464	-1.18438	-1.18378	-1.17491	-1.16232	-1.15457	-1.15105	-1.15174	-1.15772	-1.16283	-1.15001	-1.10245	-0.981696	-0.760414	-0.437144	-0.0446874	0.363747	
1.24387	1.62222	1.9352	2.15628	2.31189	2.37625	2.31452	2.17027	1.94061	1.6198	1.24202	0.836735	0.403332	-0.0373038	-0.422683	-0.707815	-0.886766	-0.988442	-1.039	-1.06192	-1.06791	-1.05961	-1.04215	-1.00664	-0.953317	-0.878741	-0.774582	-0.638659	-0.467445	-0.263823	-0.0301256	0.226157	0.49732	0.767785	1.02536	1.24908	1.40978	1.51534	1.55452	1.50031	1.37314	1.19825	0.968738	0.69545	0.431452	0.229978	0.107045	0.046379	0.0227781	0.0171421	0.019098	0.0241071	0.0303896	0.0371748	0.043982	0.0504002	0.0560597	0.06069	0.0643059	0.0677413	0.0740004	0.0909464	0.134778	0.230431	0.401418	0.646771	0.924045	1.17148	1.35932	1.49417	1.56239	1.53366	1.42416	1.2553	1.01525	0.735176	0.446014	0.147543	-0.133825	-0.390227	-0.609145	-0.787939	-0.922584	-1.02102	-1.08676	-1.13095	-1.15377	-1.16583	-1.17119	-1.17216	-1.17088	-1.16129	-1.1355	-1.07693	-0.952581	-0.737493	-0.413749	-0.0118967	0.419706	0.836172	
1.69929	2.00328	2.21304	2.34045	2.37625	2.28539	2.11527	1.87528	1.54381	1.15651	0.745626	0.327746	-0.101375	-0.490587	-0.793899	-0.989247	-1.09809	-1.14792	-1.1685	-1.17555	-1.17641	-1.1747	-1.17068	-1.16016	-1.13912	-1.09693	-1.0333	-0.936288	-0.801637	-0.622397	-0.401959	-0.143295	0.140916	0.442048	0.732623	1.01402	1.2536	1.42088	1.52715	1.54956	1.4741	1.33214	1.13594	0.879985	0.597094	0.350331	0.181296	0.0899641	0.0527178	0.0450461	0.0510607	0.0627997	0.0767553	0.0912986	0.105448	0.118435	0.129609	0.138449	0.144661	0.148456	0.151339	0.15792	0.179018	0.234429	0.349876	0.541454	0.792421	1.04973	1.26254	1.42251	1.53656	1.57894	1.53091	1.41994	1.25608	1.03194	0.775403	0.506272	0.23754	-0.0162784	-0.247624	-0.449609	-0.619364	-0.754469	-0.857956	-0.933626	-0.987799	-1.0236	-1.04133	-1.04892	-1.04045	-1.01423	-0.956135	-0.84269	-0.64625	-0.342379	0.0569041	0.501018	0.930367	1.33012	
2.11466	2.3201	2.42114	2.42683	2.31452	2.11527	1.85387	1.50146	1.10153	0.686675	0.278814	-0.127737	-0.508878	-0.813177	-1.01254	-1.11632	-1.15197	-1.1582	-1.15045	-1.14251	-1.1422	-1.14782	-1.15657	-1.17144	-1.18383	-1.18696	-1.16949	-1.12121	-1.03786	-0.904412	-0.724774	-0.488371	-0.213109	0.101987	0.429967	0.741155	1.03952	1.2796	1.44736	1.54227	1.53475	1.43548	1.27439	1.05	0.772788	0.498826	0.289168	0.165916	0.113892	0.105725	0.119483	0.142502	0.168613	0.194856	0.219581	0.241655	0.26021	0.274582	0.28433	0.289355	0.290292	0.289575	0.293656	0.316183	0.379306	0.506827	0.705262	0.945179	1.172	1.35051	1.48545	1.57809	1.59992	1.54339	1.43451	1.2807	1.08236	0.855386	0.614805	0.37542	0.147682	-0.0587224	-0.240817	-0.394338	-0.521846	-0.619619	-0.692811	-0.743833	-0.773882	-0.782563	-0.769776	-0.726186	-0.636095	-0.472281	-0.208643	0.164311	0.603488	1.04566	1.44729	1.81049	
2.45751	2.54251	2.52219	2.39716	2.17027	1.87528	1.50146	1.0825	0.66316	0.250771	-0.13847	-0.508265	-0.79915	-0.991637	-1.0756	-1.09362	-1.07289	-1.04175	-1.01361	-0.994733	-0.993897	-1.00204	-1.02611	-1.06119	-1.10129	-1.1472	-1.18169	-1.19553	-1.17104	-1.09788	-0.96627	-0.776455	-0.522752	-0.230186	0.111993	0.458256	0.793146	1.09543	1.32642	1.48631	1.55209	1.50931	1.38856	1.20396	0.953954	0.67695	0.441354	0.291257	0.225825	0.218843	0.243	0.280144	0.320691	0.360064	0.395998	0.427207	0.452853	0.472361	0.485362	0.491703	0.491613	0.486244	0.479003	0.478059	0.499167	0.565074	0.695476	0.887529	1.10446	1.29668	1.44267	1.55216	1.62266	1.63065	1.57332	1.46941	1.32891	1.1576	0.964855	0.761678	0.557172	0.360991	0.181107	0.0234698	-0.110734	-0.221419	-0.305748	-0.365181	-0.401979	-0.411513	-0.393085	-0.332849	-0.211225	-0.000202958	0.321706	0.734897	1.17988	1.5926	1.95115	2.25141	
2.69047	2.65672	2.52065	2.27554	1.94061	1.54381	1.10153	0.66316	0.240316	-0.146411	-0.49723	-0.772416	-0.944548	-1.00988	-1.00347	-0.953774	-0.898156	-0.841519	-0.80676	-0.786284	-0.777313	-0.790808	-0.821117	-0.864695	-0.927671	-1.00276	-1.07843	-1.15011	-1.1901	-1.19262	-1.12612	-0.997846	-0.787595	-0.514589	-0.190653	0.169554	0.532917	0.882884	1.17431	1.39411	1.53134	1.55711	1.48782	1.35129	1.14623	0.891363	0.649749	0.481708	0.403996	0.396367	0.428468	0.477015	0.528878	0.57791	0.621479	0.658443	0.688248	0.710594	0.725319	0.73236	0.73181	0.724152	0.710952	0.696419	0.689958	0.708309	0.773053	0.898735	1.07537	1.26429	1.42341	1.53959	1.62267	1.67111	1.66996	1.61701	1.52328	1.39912	1.25292	1.09377	0.929248	0.764596	0.606269	0.46066	0.334199	0.227082	0.142016	0.0809557	0.0445076	0.0353019	0.0612637	0.136656	0.286724	0.538074	0.896345	1.32022	1.73922	2.0987	2.39047	2.60041	
2.81671	2.668	2.41186	2.04803	1.6198	1.15651	0.686675	0.250771	-0.146411	-0.488188	-0.753816	-0.905898	-0.954633	-0.916337	-0.842705	-0.75813	-0.689506	-0.640995	-0.605142	-0.588356	-0.584268	-0.592821	-0.61913	-0.658774	-0.718916	-0.800425	-0.906504	-1.01681	-1.11831	-1.1832	-1.19511	-1.13108	-0.989443	-0.761128	-0.460241	-0.102821	0.274154	0.65645	1.00238	1.28049	1.48636	1.58961	1.58682	1.5092	1.36236	1.14923	0.918634	0.739029	0.645467	0.628747	0.659406	0.710652	0.766197	0.818365	0.864147	0.902503	0.933106	0.95587	0.970785	0.977864	0.97716	0.968851	0.953554	0.933135	0.912366	0.901293	0.916512	0.977216	1.09309	1.25026	1.41221	1.54381	1.63483	1.69291	1.72017	1.71097	1.66436	1.58594	1.48301	1.36368	1.23667	1.10796	0.981577	0.861281	0.752733	0.660022	0.584812	0.529789	0.498091	0.493302	0.526796	0.616867	0.791477	1.07205	1.4463	1.85602	2.22581	2.51869	2.73302	2.84333	
2.81785	2.55334	2.18344	1.72859	1.24202	0.745626	0.278814	-0.13847	-0.49723	-0.753816	-0.895425	-0.917175	-0.856044	-0.753579	-0.655327	-0.579976	-0.528169	-0.493561	-0.473691	-0.463259	-0.461081	-0.466544	-0.479112	-0.506448	-0.547859	-0.609851	-0.705841	-0.831073	-0.973754	-1.10029	-1.18348	-1.19533	-1.1183	-0.945338	-0.689628	-0.351707	0.0304317	0.43315	0.825254	1.16282	1.43824	1.62575	1.70332	1.69399	1.61026	1.44585	1.23289	1.04143	0.92397	0.886528	0.904675	0.949966	1.00307	1.0542	1.09934	1.13711	1.16714	1.18942	1.20397	1.21085	1.21011	1.20181	1.18613	1.16377	1.1368	1.11029	1.09435	1.1046	1.15744	1.25905	1.39496	1.53331	1.64426	1.7168	1.75485	1.7635	1.74501	1.70223	1.63932	1.56077	1.47225	1.37961	1.28708	1.19742	1.11353	1.03979	0.979195	0.934537	0.90988	0.911926	0.954114	1.05964	1.25638	1.55707	1.93209	2.30888	2.61783	2.83885	2.9668	2.96563	
2.68484	2.32431	1.86889	1.3568	0.836735	0.327746	-0.127737	-0.508265	-0.772416	-0.905898	-0.917175	-0.83314	-0.71214	-0.59492	-0.515266	-0.471584	-0.449214	-0.440355	-0.431586	-0.429225	-0.430271	-0.429362	-0.434524	-0.444181	-0.45787	-0.486452	-0.54745	-0.652509	-0.800314	-0.961102	-1.1044	-1.18497	-1.18658	-1.07817	-0.868304	-0.563034	-0.187525	0.228705	0.661538	1.06183	1.41115	1.68602	1.84898	1.90777	1.87976	1.75759	1.56008	1.35488	1.20896	1.14478	1.14526	1.18135	1.23025	1.27927	1.32281	1.35904	1.38762	1.40862	1.42223	1.42864	1.42793	1.42011	1.40516	1.38313	1.35464	1.3217	1.28919	1.26665	1.26812	1.30743	1.38904	1.50067	1.61658	1.71133	1.77176	1.79709	1.79232	1.76433	1.72054	1.66736	1.60942	1.55022	1.49207	1.43616	1.38315	1.33487	1.29419	1.2643	1.25004	1.26064	1.31279	1.43277	1.64661	1.95604	2.31489	2.64291	2.88262	3.02464	3.05599	2.94082	
2.45437	2.01867	1.4991	0.947465	0.403332	-0.101375	-0.508878	-0.79915	-0.944548	-0.954633	-0.856044	-0.71214	-0.572657	-0.48724	-0.453048	-0.45348	-0.447319	-0.437652	-0.435769	-0.432039	-0.433192	-0.4357	-0.433742	-0.441543	-0.451351	-0.451429	-0.463026	-0.517619	-0.639437	-0.807435	-0.987983	-1.1295	-1.19344	-1.15257	-0.999255	-0.732136	-0.36753	0.061587	0.533887	0.998601	1.42265	1.77882	2.018	2.133	2.14638	2.05687	1.87432	1.65992	1.48919	1.39887	1.3801	1.40424	1.44545	1.48836	1.52631	1.55745	1.58155	1.59892	1.61002	1.6152	1.61461	1.60825	1.59595	1.5774	1.55234	1.52107	1.4851	1.44842	1.4192	1.40931	1.43022	1.48603	1.56844	1.65878	1.73648	1.78732	1.80597	1.79438	1.75985	1.71259	1.66252	1.61671	1.5783	1.54704	1.52103	1.49861	1.47997	1.46735	1.46591	1.4866	1.54934	1.68224	1.90797	2.21653	2.54826	2.82222	2.99429	3.06087	3.00284	2.79301	
2.14707	1.64585	1.07716	0.50221	-0.0373038	-0.490587	-0.813177	-0.991637	-1.00988	-0.916337	-0.753579	-0.59492	-0.48724	-0.453364	-0.458823	-0.460835	-0.443654	-0.427678	-0.426312	-0.418702	-0.414309	-0.421769	-0.42564	-0.432654	-0.45216	-0.463211	-0.455761	-0.461134	-0.52774	-0.668119	-0.857474	-1.03774	-1.16357	-1.1845	-1.08175	-0.850573	-0.496988	-0.0519367	0.462068	0.987192	1.47402	1.89261	2.19007	2.3487	2.39513	2.33547	2.17165	1.95407	1.76117	1.64207	1.59765	1.60177	1.62727	1.65731	1.68459	1.7068	1.72345	1.73508	1.74241	1.74575	1.74537	1.74125	1.73307	1.7205	1.70275	1.67925	1.65006	1.61587	1.57931	1.54648	1.5265	1.52826	1.55566	1.60463	1.66369	1.7183	1.75588	1.76851	1.7541	1.71707	1.66762	1.61823	1.5786	1.55246	1.53805	1.53117	1.52854	1.52996	1.54003	1.57089	1.64487	1.79097	2.02711	2.33191	2.63575	2.861	2.97529	2.97703	2.84286	2.5555	
1.76545	1.21901	0.631893	0.0699898	-0.422683	-0.793899	-1.01254	-1.0756	-1.00347	-0.842705	-0.655327	-0.515266	-0.453048	-0.458823	-0.470612	-0.443867	-0.405212	-0.3828	-0.384631	-0.37136	-0.363988	-0.381211	-0.382227	-0.389031	-0.41949	-0.458273	-0.469986	-0.45053	-0.470922	-0.565484	-0.741405	-0.940198	-1.10457	-1.17472	-1.11821	-0.917136	-0.56483	-0.0998138	0.451022	1.02298	1.55118	2.01005	2.35297	2.55209	2.63	2.59657	2.44753	2.22309	2.00326	1.8491	1.77204	1.74989	1.75543	1.77025	1.78543	1.79719	1.8052	1.81035	1.8134	1.81461	1.8145	1.81298	1.80951	1.80378	1.79486	1.78143	1.76265	1.73856	1.70906	1.6756	1.64218	1.61516	1.60047	1.60115	1.61593	1.63905	1.66242	1.67784	1.67806	1.6581	1.61843	1.56736	1.51841	1.483	1.46505	1.46142	1.46646	1.47699	1.49606	1.53629	1.62154	1.78053	2.0255	2.32444	2.60073	2.78177	2.84474	2.78784	2.5858	2.23169	
1.35352	0.798915	0.229736	-0.287538	-0.707815	-0.989247	-1.11632	-1.09362	-0.953774	-0.75813	-0.579976	-0.471584	-0.45348	-0.460835	-0.443867	-0.383282	-0.357791	-0.36631	-0.357123	-0.349395	-0.350008	-0.349883	-0.362333	-0.364293	-0.359642	-0.409596	-0.455639	-0.458861	-0.453873	-0.504702	-0.64862	-0.844089	-1.03207	-1.13986	-1.10814	-0.922501	-0.564263	-0.0817341	0.488094	1.08604	1.64078	2.13027	2.51331	2.74824	2.84794	2.82671	2.68031	2.44271	2.19445	2.00536	1.89532	1.84633	1.8311	1.829	1.82913	1.8275	1.82497	1.82224	1.81968	1.81841	1.81857	1.82016	1.82286	1.82545	1.82749	1.82741	1.82265	1.8123	1.79571	1.77232	1.74255	1.70909	1.67629	1.6476	1.62505	1.60814	1.59418	1.58008	1.56324	1.54009	1.50512	1.4555	1.39749	1.34509	1.31053	1.29709	1.30016	1.31409	1.33931	1.38754	1.48291	1.65279	1.90345	2.19383	2.44313	2.58497	2.60458	2.49973	2.24599	1.84781	
0.988002	0.453386	-0.0764312	-0.534634	-0.886766	-1.09809	-1.15197	-1.07289	-0.898156	-0.689506	-0.528169	-0.449214	-0.447319	-0.443654	-0.405212	-0.357791	-0.354945	-0.372225	-0.348296	-0.347481	-0.359397	-0.342812	-0.358676	-0.370416	-0.347428	-0.376991	-0.421468	-0.450724	-0.441435	-0.471202	-0.579658	-0.767036	-0.954537	-1.07762	-1.05337	-0.869797	-0.505959	-0.0130674	0.558498	1.1665	1.74447	2.26137	2.67153	2.92457	3.03009	3.00937	2.85984	2.60901	2.33449	2.11103	1.96608	1.88674	1.84557	1.82105	1.80153	1.78464	1.77004	1.7579	1.74882	1.74486	1.74529	1.75025	1.76013	1.7727	1.78728	1.80294	1.81751	1.82741	1.83121	1.8269	1.8132	1.78903	1.75637	1.71783	1.67601	1.6328	1.58782	1.53908	1.48567	1.42984	1.37331	1.31199	1.2411	1.166	1.10166	1.06081	1.04575	1.05166	1.0764	1.12928	1.233	1.41254	1.66859	1.95301	2.18334	2.2998	2.29419	2.16389	1.88678	1.47733	
0.720605	0.216224	-0.272591	-0.684557	-0.988442	-1.14792	-1.1582	-1.04175	-0.841519	-0.640995	-0.493561	-0.440355	-0.437652	-0.427678	-0.3828	-0.36631	-0.372225	-0.373807	-0.339016	-0.343501	-0.359519	-0.333306	-0.354964	-0.376852	-0.367919	-0.37068	-0.398903	-0.438292	-0.433437	-0.452091	-0.532494	-0.697793	-0.871717	-0.989999	-0.961515	-0.766917	-0.404185	0.0823877	0.652066	1.27142	1.8669	2.39444	2.81078	3.06787	3.17297	3.14814	2.98977	2.71988	2.41405	2.15203	1.96921	1.85669	1.7873	1.73964	1.70143	1.66983	1.6421	1.6198	1.60503	1.59767	1.59852	1.60737	1.6236	1.64718	1.6752	1.70592	1.73916	1.77106	1.79926	1.82047	1.83257	1.83249	1.81819	1.7897	1.74752	1.6941	1.63201	1.5623	1.48312	1.39303	1.29739	1.20331	1.10864	1.00795	0.907563	0.824561	0.772313	0.753288	0.766072	0.817387	0.926999	1.11644	1.38113	1.6676	1.89289	2.00285	1.99367	1.86169	1.58644	1.18847	
0.557814	0.0774698	-0.384	-0.766112	-1.039	-1.1685	-1.15045	-1.01361	-0.80676	-0.605142	-0.473691	-0.431586	-0.435769	-0.426312	-0.384631	-0.357123	-0.348296	-0.339016	-0.326933	-0.326879	-0.330764	-0.324519	-0.332028	-0.343136	-0.349359	-0.366109	-0.400517	-0.435181	-0.428944	-0.434597	-0.495204	-0.634891	-0.787131	-0.880304	-0.833494	-0.635975	-0.280486	0.200035	0.771918	1.39853	1.9939	2.51464	2.92852	3.18432	3.28025	3.23849	3.05851	2.76128	2.42207	2.12351	1.90593	1.76175	1.66571	1.59474	1.53707	1.48726	1.44561	1.41326	1.39252	1.38135	1.38263	1.39592	1.41878	1.45312	1.49595	1.54513	1.59766	1.65202	1.70427	1.75207	1.7913	1.81986	1.83379	1.83136	1.80995	1.76819	1.70679	1.62841	1.53734	1.4328	1.31143	1.18068	1.05201	0.924284	0.792687	0.66689	0.567219	0.508543	0.496491	0.537895	0.649226	0.847613	1.12337	1.41864	1.65002	1.76694	1.76765	1.64678	1.38428	1.00395	
0.475816	0.00944209	-0.437614	-0.804727	-1.06192	-1.17555	-1.14251	-0.994733	-0.786284	-0.588356	-0.463259	-0.429225	-0.432039	-0.418702	-0.37136	-0.349395	-0.347481	-0.343501	-0.326879	-0.328488	-0.334878	-0.324584	-0.332799	-0.347563	-0.347141	-0.355848	-0.388768	-0.429491	-0.424244	-0.422627	-0.462968	-0.576246	-0.693371	-0.754732	-0.690264	-0.492501	-0.14235	0.34087	0.914474	1.53193	2.1143	2.6265	3.03064	3.26832	3.3392	3.27058	3.06372	2.73771	2.36587	2.03191	1.77948	1.60293	1.47872	1.3825	1.30412	1.23735	1.18371	1.14218	1.11374	1.10054	1.10194	1.11824	1.14954	1.19328	1.24899	1.31574	1.38957	1.46879	1.54811	1.62548	1.69563	1.75527	1.79996	1.82698	1.83441	1.81934	1.78026	1.71468	1.62343	1.51487	1.38983	1.24323	1.0852	0.929649	0.774848	0.618482	0.476167	0.372559	0.325771	0.348074	0.454459	0.657531	0.942607	1.24804	1.48945	1.61765	1.63133	1.52344	1.27374	0.907464	
0.44761	-0.0120576	-0.452506	-0.814294	-1.06791	-1.17641	-1.1422	-0.993897	-0.777313	-0.584268	-0.461081	-0.430271	-0.433192	-0.414309	-0.363988	-0.350008	-0.359397	-0.359519	-0.330764	-0.334878	-0.348076	-0.326695	-0.344069	-0.362085	-0.354094	-0.35154	-0.379747	-0.426237	-0.419346	-0.408467	-0.427132	-0.508757	-0.589913	-0.625639	-0.547107	-0.342272	0.0104015	0.497253	1.06418	1.6654	2.235	2.72918	3.10379	3.31088	3.35217	3.25238	3.01157	2.64997	2.24114	1.87218	1.58703	1.38198	1.23194	1.11492	1.0184	0.937684	0.870559	0.81994	0.785793	0.769999	0.771749	0.791255	0.828774	0.882524	0.951894	1.03312	1.12579	1.22637	1.33195	1.43765	1.54029	1.63444	1.71578	1.77842	1.81918	1.83451	1.82283	1.78523	1.71668	1.61522	1.49308	1.35115	1.18456	1.00768	0.833886	0.659991	0.489475	0.346343	0.260561	0.255161	0.347824	0.548155	0.837157	1.14993	1.40047	1.5391	1.56397	1.46709	1.22777	0.87112	
0.456061	0.000557506	-0.440321	-0.804479	-1.05961	-1.1747	-1.14782	-1.00204	-0.790808	-0.592821	-0.466544	-0.429362	-0.4357	-0.421769	-0.381211	-0.349883	-0.342812	-0.333306	-0.324519	-0.324585	-0.326695	-0.322441	-0.328327	-0.336899	-0.344934	-0.35933	-0.396049	-0.425928	-0.41242	-0.384557	-0.38826	-0.438919	-0.488858	-0.500678	-0.407249	-0.192396	0.176038	0.663186	1.21428	1.80194	2.351	2.80911	3.14881	3.32144	3.32204	3.17957	2.89665	2.49673	2.05386	1.65561	1.34295	1.11307	0.940065	0.803033	0.688863	0.593172	0.515996	0.458303	0.420281	0.401242	0.403437	0.42645	0.468221	0.529569	0.609834	0.707176	0.818006	0.939926	1.06977	1.20279	1.33528	1.46156	1.57758	1.67776	1.75746	1.81153	1.8348	1.82393	1.78522	1.71167	1.60101	1.46802	1.31076	1.12849	0.940047	0.754689	0.569665	0.398744	0.275942	0.236548	0.305998	0.49442	0.780284	1.09627	1.35416	1.50202	1.53674	1.4503	1.22114	0.872911	
0.490983	0.0395231	-0.401643	-0.772805	-1.04215	-1.17068	-1.15657	-1.02611	-0.821117	-0.61913	-0.479112	-0.434524	-0.433742	-0.42564	-0.382227	-0.362333	-0.358676	-0.354964	-0.332029	-0.332799	-0.34407	-0.32833	-0.340624	-0.358791	-0.358358	-0.366561	-0.393975	-0.422583	-0.393956	-0.358621	-0.340727	-0.371216	-0.395874	-0.383691	-0.273532	-0.0358775	0.345205	0.82629	1.36923	1.93988	2.45142	2.8719	3.17224	3.2916	3.24338	3.05561	2.72951	2.28978	1.81396	1.38763	1.05187	0.800372	0.609174	0.455656	0.329424	0.224666	0.140514	0.0766381	0.0335702	0.0146087	0.016646	0.0401825	0.0876067	0.155292	0.243262	0.350219	0.474451	0.614518	0.765605	0.924768	1.08678	1.24635	1.39763	1.53361	1.65058	1.74161	1.80579	1.83489	1.82309	1.78079	1.69821	1.57861	1.43501	1.26231	1.06859	0.873749	0.681195	0.494286	0.341239	0.265403	0.303259	0.470247	0.745503	1.06076	1.32519	1.48272	1.52818	1.4543	1.2384	0.900715	
0.549262	0.103394	-0.340687	-0.721119	-1.00664	-1.16016	-1.17144	-1.06119	-0.864695	-0.658774	-0.506448	-0.444181	-0.441543	-0.432654	-0.389031	-0.364293	-0.370416	-0.376853	-0.343137	-0.347566	-0.362094	-0.336919	-0.358824	-0.379031	-0.362864	-0.369753	-0.397317	-0.419963	-0.376685	-0.326049	-0.295114	-0.305728	-0.313098	-0.283562	-0.14367	0.12148	0.515446	0.994452	1.528	2.06932	2.54056	2.92018	3.16166	3.22507	3.12778	2.88656	2.51204	2.0301	1.5257	1.0794	0.728619	0.463335	0.258717	0.0948915	-0.0418261	-0.153776	-0.243701	-0.309608	-0.352713	-0.373879	-0.371554	-0.346099	-0.298595	-0.227605	-0.133514	-0.0189084	0.116704	0.269269	0.437749	0.617567	0.803915	0.992405	1.17633	1.3502	1.50536	1.63818	1.73571	1.80569	1.83416	1.82001	1.77001	1.67485	1.54614	1.38924	1.20148	1.00086	0.802426	0.607264	0.432654	0.322151	0.32272	0.459482	0.716587	1.02729	1.2982	1.46735	1.52616	1.46868	1.27096	0.948244	
0.627725	0.191441	-0.254484	-0.647202	-0.953317	-1.13912	-1.18383	-1.10129	-0.927671	-0.718916	-0.547859	-0.45787	-0.451351	-0.45216	-0.41949	-0.359642	-0.347428	-0.36792	-0.349365	-0.347157	-0.354139	-0.345041	-0.358574	-0.363174	-0.341008	-0.380041	-0.422113	-0.416763	-0.35288	-0.287958	-0.25587	-0.257748	-0.247591	-0.189593	-0.0131394	0.280394	0.688216	1.16684	1.68625	2.19192	2.62018	2.94539	3.12484	3.1299	2.96799	2.67471	2.25113	1.73275	1.20444	0.745519	0.384388	0.111962	-0.100776	-0.270625	-0.410065	-0.524177	-0.612162	-0.67796	-0.721846	-0.741927	-0.73991	-0.7153	-0.666382	-0.596109	-0.504067	-0.386584	-0.246569	-0.0853683	0.0960585	0.292492	0.500628	0.71519	0.927527	1.13431	1.32395	1.49529	1.63817	1.74154	1.81118	1.83299	1.81365	1.74956	1.64084	1.50082	1.32686	1.1271	0.923512	0.723375	0.534929	0.394698	0.355764	0.455122	0.686552	0.988351	1.26559	1.44884	1.52432	1.48774	1.31408	1.01166	
0.723694	0.30151	-0.141719	-0.547768	-0.878741	-1.09693	-1.18696	-1.1472	-1.00276	-0.800425	-0.609851	-0.486452	-0.451429	-0.463211	-0.458273	-0.409596	-0.376993	-0.370689	-0.366136	-0.355927	-0.351746	-0.359814	-0.367562	-0.371492	-0.382172	-0.424778	-0.441506	-0.395476	-0.319491	-0.257278	-0.234182	-0.224846	-0.201427	-0.0977415	0.121106	0.445543	0.867822	1.34355	1.84322	2.30937	2.68734	2.95079	3.06374	2.99693	2.77683	2.43046	1.95415	1.40312	0.856821	0.395354	0.0347083	-0.237651	-0.448762	-0.618559	-0.755054	-0.865721	-0.953009	-1.01405	-1.05313	-1.07174	-1.0697	-1.04686	-1.00334	-0.937775	-0.846407	-0.731468	-0.593213	-0.430131	-0.243403	-0.0382995	0.185792	0.417899	0.658828	0.89282	1.12119	1.32395	1.50536	1.65054	1.75729	1.81845	1.83155	1.80003	1.7172	1.59514	1.43847	1.24675	1.04047	0.836168	0.639152	0.475478	0.398123	0.455157	0.65368	0.941305	1.22381	1.42336	1.51878	1.50731	1.36386	1.08804	
0.835508	0.431451	-0.00603321	-0.418656	-0.774582	-1.0333	-1.16949	-1.18169	-1.07843	-0.906504	-0.705841	-0.54745	-0.463026	-0.455761	-0.469987	-0.455642	-0.421481	-0.398944	-0.400642	-0.389108	-0.380591	-0.397943	-0.397791	-0.404087	-0.432144	-0.451942	-0.429639	-0.360771	-0.298599	-0.255884	-0.239464	-0.215592	-0.151929	0.000662677	0.263585	0.620941	1.0549	1.52733	2.00141	2.42084	2.74047	2.93684	2.97637	2.838	2.55737	2.1505	1.6327	1.05271	0.503062	0.0446935	-0.305945	-0.572366	-0.776049	-0.937852	-1.06665	-1.16551	-1.24027	-1.2947	-1.32889	-1.34427	-1.34238	-1.32325	-1.28541	-1.2276	-1.14806	-1.04411	-0.913661	-0.754208	-0.570124	-0.359137	-0.127575	0.120618	0.378903	0.638965	0.89282	1.13431	1.3502	1.5336	1.67769	1.77811	1.82568	1.82654	1.77392	1.67245	1.53401	1.35586	1.15119	0.943232	0.740463	0.55934	0.447077	0.459394	0.618516	0.885696	1.17094	1.38824	1.50647	1.52351	1.41575	1.1737	
0.957864	0.581008	0.154328	-0.264063	-0.638659	-0.936288	-1.12121	-1.19553	-1.15011	-1.01681	-0.831073	-0.652509	-0.517619	-0.461135	-0.450535	-0.458878	-0.450784	-0.438475	-0.435698	-0.430814	-0.429313	-0.432426	-0.435024	-0.44137	-0.449144	-0.436207	-0.396451	-0.351128	-0.315474	-0.292303	-0.265514	-0.212135	-0.100644	0.1155	0.425917	0.811197	1.25748	1.71927	2.15773	2.52507	2.78071	2.9049	2.86434	2.65194	2.31154	1.85217	1.29113	0.692649	0.147836	-0.294152	-0.626685	-0.875757	-1.06527	-1.21028	-1.3233	-1.40817	-1.46948	-1.51003	-1.53452	-1.54479	-1.54338	-1.53056	-1.5036	-1.45907	-1.39301	-1.30456	-1.18756	-1.04275	-0.867265	-0.660999	-0.429805	-0.173304	0.0975495	0.378903	0.658828	0.927527	1.17633	1.39762	1.57756	1.71566	1.79942	1.83166	1.81072	1.73321	1.61335	1.45195	1.25386	1.04371	0.836462	0.642674	0.50034	0.467972	0.582408	0.822079	1.10577	1.34103	1.48436	1.5325	1.46505	1.26302	
1.08455	0.742066	0.337433	-0.0800166	-0.467445	-0.801637	-1.03786	-1.17104	-1.1901	-1.11831	-0.973754	-0.800314	-0.639438	-0.527746	-0.470944	-0.453951	-0.441685	-0.434164	-0.430857	-0.428811	-0.42925	-0.431951	-0.429012	-0.433821	-0.436618	-0.427114	-0.412852	-0.39909	-0.388929	-0.35817	-0.302811	-0.196649	-0.0177103	0.256063	0.610168	1.0244	1.47525	1.91621	2.31441	2.62252	2.80609	2.85173	2.72766	2.4459	2.04562	1.53242	0.93979	0.33631	-0.19222	-0.607459	-0.915821	-1.14076	-1.30838	-1.431	-1.51964	-1.5805	-1.61918	-1.64358	-1.65711	-1.66205	-1.66137	-1.65514	-1.63974	-1.61275	-1.57064	-1.50492	-1.41165	-1.28716	-1.1276	-0.934382	-0.707392	-0.451544	-0.173304	0.120618	0.417899	0.71519	0.992405	1.24635	1.46155	1.6344	1.75506	1.81901	1.82928	1.77833	1.67757	1.53395	1.34679	1.13704	0.92612	0.723085	0.555892	0.480921	0.546992	0.751706	1.02763	1.27941	1.44932	1.52997	1.50653	1.35139	
1.21095	0.908374	0.536457	0.128563	-0.263823	-0.622397	-0.904412	-1.09788	-1.19262	-1.18321	-1.10029	-0.961104	-0.807441	-0.668145	-0.56558	-0.505019	-0.472152	-0.454666	-0.440898	-0.43658	-0.436486	-0.435745	-0.443978	-0.456151	-0.468575	-0.48269	-0.501379	-0.511273	-0.491819	-0.429232	-0.320719	-0.150649	0.0945033	0.435555	0.828213	1.26183	1.70829	2.12058	2.46891	2.70734	2.81465	2.77767	2.56891	2.21979	1.76247	1.20504	0.586354	-0.00920129	-0.508713	-0.888153	-1.16221	-1.35666	-1.49395	-1.58673	-1.64577	-1.6791	-1.69349	-1.69456	-1.69174	-1.6893	-1.68951	-1.69247	-1.6951	-1.69162	-1.67391	-1.637	-1.57245	-1.4763	-1.34201	-1.16834	-0.956651	-0.707392	-0.429805	-0.127575	0.185792	0.500628	0.803915	1.08678	1.33528	1.54027	1.69556	1.79099	1.83133	1.80874	1.72834	1.60233	1.4288	1.22255	1.009	0.799111	0.612054	0.498149	0.514085	0.676573	0.936566	1.20128	1.39847	1.5118	1.53364	1.43236	
1.33009	1.07255	0.743585	0.358748	-0.0301255	-0.401959	-0.724774	-0.96627	-1.12612	-1.19511	-1.18348	-1.10441	-0.988012	-0.857583	-0.741781	-0.64978	-0.582891	-0.54061	-0.513553	-0.500405	-0.4963	-0.504577	-0.519785	-0.548577	-0.585929	-0.626752	-0.65826	-0.653197	-0.596075	-0.474715	-0.297269	-0.0535624	0.26797	0.655846	1.07852	1.52682	1.95402	2.32681	2.61511	2.7774	2.8044	2.67919	2.3892	1.97794	1.46587	0.868999	0.241856	-0.330497	-0.791306	-1.12743	-1.36368	-1.52091	-1.62234	-1.6784	-1.69949	-1.6972	-1.68015	-1.65952	-1.64222	-1.63145	-1.63287	-1.64557	-1.66322	-1.68373	-1.69971	-1.69764	-1.67115	-1.61001	-1.5068	-1.36166	-1.16834	-0.934382	-0.660999	-0.359137	-0.0382995	0.292492	0.617567	0.924768	1.20279	1.43765	1.62546	1.75197	1.82004	1.82522	1.76658	1.65812	1.49964	1.29968	1.08486	0.869892	0.667489	0.519459	0.485624	0.59958	0.833813	1.10503	1.32904	1.47485	1.54027	1.49739	
1.43305	1.22714	0.948006	0.600641	0.226157	-0.143295	-0.488371	-0.776455	-0.997846	-1.13108	-1.19534	-1.185	-1.12962	-1.03815	-0.94152	-0.847884	-0.776818	-0.720406	-0.681805	-0.663853	-0.656807	-0.66705	-0.694525	-0.730365	-0.776401	-0.811671	-0.822791	-0.77483	-0.651508	-0.459289	-0.207183	0.108101	0.488862	0.923352	1.36874	1.8092	2.20575	2.5309	2.74701	2.82797	2.77134	2.55626	2.18989	1.72119	1.16148	0.536275	-0.0868972	-0.622035	-1.03316	-1.32161	-1.51333	-1.63058	-1.68999	-1.70523	-1.6867	-1.64665	-1.59767	-1.5484	-1.51287	-1.49723	-1.49899	-1.51853	-1.55742	-1.60768	-1.6558	-1.69279	-1.70562	-1.68443	-1.62005	-1.5068	-1.34201	-1.1276	-0.867265	-0.570124	-0.243403	0.0960585	0.437749	0.765605	1.06977	1.33195	1.5481	1.70424	1.79912	1.83065	1.79362	1.7022	1.55936	1.36806	1.15358	0.934931	0.721102	0.544479	0.463483	0.524512	0.72232	0.990182	1.23825	1.41665	1.52205	1.53749	
1.50883	1.36281	1.13913	0.842863	0.49732	0.140916	-0.213109	-0.522752	-0.787596	-0.989449	-1.11833	-1.1867	-1.19387	-1.16498	-1.10874	-1.04312	-0.980709	-0.927055	-0.891774	-0.871211	-0.863793	-0.875373	-0.902006	-0.934667	-0.967214	-0.984529	-0.944063	-0.834189	-0.632203	-0.36881	-0.0388608	0.337764	0.779698	1.23324	1.68101	2.10449	2.46002	2.7218	2.85714	2.8562	2.7106	2.40614	1.97369	1.45248	0.849809	0.211227	-0.387536	-0.874903	-1.23205	-1.47048	-1.61686	-1.68942	-1.70387	-1.67366	-1.61027	-1.53246	-1.45312	-1.38694	-1.34213	-1.3189	-1.3218	-1.34964	-1.39822	-1.46838	-1.54912	-1.62427	-1.68334	-1.70628	-1.68443	-1.61001	-1.4763	-1.28716	-1.04275	-0.754208	-0.430131	-0.0853683	0.269269	0.614518	0.939926	1.22637	1.46878	1.65201	1.77103	1.82724	1.81162	1.73616	1.60832	1.42735	1.21497	0.993902	0.771934	0.572532	0.449116	0.455691	0.607076	0.858434	1.12381	1.3347	1.47674	1.54548	
1.54762	1.46889	1.30485	1.07009	0.767785	0.442048	0.101986	-0.230187	-0.514594	-0.761154	-0.945445	-1.07857	-1.15396	-1.18878	-1.18642	-1.16835	-1.13921	-1.10833	-1.08314	-1.06755	-1.06536	-1.07335	-1.08608	-1.10453	-1.10731	-1.07345	-0.973929	-0.787204	-0.515132	-0.175234	0.209962	0.642747	1.11011	1.57256	2.01856	2.40018	2.70127	2.88884	2.94013	2.85402	2.61623	2.23123	1.7416	1.17385	0.539488	-0.0966284	-0.655461	-1.08486	-1.38598	-1.57494	-1.6757	-1.70355	-1.67235	-1.59718	-1.49354	-1.37969	-1.27621	-1.19512	-1.14796	-1.13265	-1.13423	-1.15468	-1.20899	-1.29546	-1.40207	-1.51585	-1.61527	-1.68334	-1.70562	-1.67115	-1.57245	-1.41165	-1.18756	-0.913661	-0.593213	-0.246569	0.116704	0.474451	0.818006	1.12579	1.38957	1.59766	1.73915	1.81746	1.82245	1.7619	1.64752	1.47742	1.26873	1.04648	0.819065	0.602531	0.443144	0.397247	0.494844	0.714717	0.985243	1.22614	1.40308	1.5175	
1.54178	1.5357	1.43424	1.2664	1.02536	0.732623	0.429966	0.111989	-0.190674	-0.460334	-0.689993	-0.869598	-1.00337	-1.09338	-1.14739	-1.1729	-1.18036	-1.18211	-1.17561	-1.17082	-1.17074	-1.17099	-1.17084	-1.16245	-1.1284	-1.04503	-0.885981	-0.63091	-0.29472	0.100673	0.53123	1.00123	1.48039	1.94397	2.34694	2.6802	2.92074	3.02053	2.9889	2.81459	2.4865	2.0343	1.49701	0.886468	0.235758	-0.374696	-0.88168	-1.25202	-1.49963	-1.64225	-1.69824	-1.68278	-1.60519	-1.48973	-1.3493	-1.21539	-1.10736	-1.03278	-0.994352	-0.982537	-0.983889	-0.999535	-1.04446	-1.12673	-1.24072	-1.37764	-1.51585	-1.62427	-1.69279	-1.69764	-1.637	-1.50492	-1.30456	-1.04411	-0.731468	-0.386584	-0.0189084	0.350219	0.707176	1.03312	1.31574	1.54513	1.70592	1.80293	1.82735	1.78122	1.67849	1.51859	1.31457	1.09227	0.861554	0.632976	0.445045	0.352171	0.393114	0.567466	0.825854	1.08884	1.29976	1.45226	
1.48667	1.55245	1.52103	1.41405	1.24908	1.01402	0.741151	0.45824	0.16948	-0.103126	-0.352828	-0.566729	-0.742975	-0.878717	-0.981542	-1.05207	-1.09919	-1.12676	-1.14368	-1.15168	-1.15033	-1.14632	-1.12944	-1.09481	-1.02434	-0.891934	-0.674547	-0.364554	0.0237917	0.457215	0.919542	1.39771	1.87108	2.29887	2.65769	2.94246	3.09425	3.10779	2.99711	2.72966	2.32497	1.82023	1.24005	0.597934	-0.0487698	-0.615891	-1.06123	-1.37636	-1.57649	-1.67884	-1.69415	-1.63881	-1.52176	-1.37038	-1.20872	-1.06437	-0.969599	-0.925114	-0.908355	-0.905524	-0.905784	-0.910277	-0.931088	-0.983889	-1.09002	-1.24072	-1.40207	-1.54912	-1.6558	-1.69971	-1.67391	-1.57064	-1.39301	-1.14806	-0.846407	-0.504067	-0.133514	0.243262	0.609834	0.951894	1.24899	1.49595	1.6752	1.78728	1.82747	1.79481	1.70254	1.55163	1.35246	1.1309	0.898472	0.662067	0.453095	0.321481	0.308441	0.427672	0.654106	0.92354	1.1654	1.35132	
1.38579	1.50778	1.55506	1.51291	1.40978	1.2536	1.03951	0.793091	0.532681	0.273249	0.0273259	-0.196997	-0.393073	-0.557547	-0.690558	-0.792667	-0.870957	-0.924832	-0.960209	-0.979132	-0.983059	-0.97058	-0.940124	-0.880907	-0.777015	-0.605979	-0.350559	-0.00238349	0.414297	0.865553	1.3311	1.80013	2.24941	2.63546	2.94447	3.14543	3.20883	3.15245	2.95388	2.59971	2.13857	1.5909	0.973267	0.316565	-0.297446	-0.811709	-1.19635	-1.46487	-1.62421	-1.69398	-1.6724	-1.58448	-1.4348	-1.26045	-1.09505	-0.962503	-0.898558	-0.883372	-0.878116	-0.874734	-0.875285	-0.878814	-0.884499	-0.90642	-0.983889	-1.12673	-1.29546	-1.46838	-1.60768	-1.68373	-1.69162	-1.61275	-1.45907	-1.2276	-0.937775	-0.596109	-0.227605	0.155292	0.529569	0.882524	1.19328	1.45312	1.64718	1.7727	1.82544	1.80377	1.72045	1.57722	1.38254	1.16209	0.929002	0.687947	0.464659	0.303859	0.24464	0.306504	0.48371	0.736698	0.998849	1.21741	
1.24881	1.40508	1.51664	1.55519	1.51534	1.42087	1.27957	1.09526	0.882202	0.654011	0.425393	0.206906	0.00779202	-0.167889	-0.317542	-0.439036	-0.532289	-0.603187	-0.650342	-0.675742	-0.683052	-0.665591	-0.626115	-0.550444	-0.426934	-0.235108	0.0452319	0.413821	0.840668	1.29243	1.74621	2.19243	2.59824	2.92582	3.1594	3.28036	3.27674	3.13875	2.84863	2.43503	1.93491	1.34729	0.704751	0.0627081	-0.499661	-0.954976	-1.28999	-1.52261	-1.65208	-1.69494	-1.64655	-1.52949	-1.36141	-1.17223	-1.01755	-0.915564	-0.88377	-0.89907	-0.890449	-0.858215	-0.863495	-0.895818	-0.895527	-0.884499	-0.931088	-1.04446	-1.20899	-1.39822	-1.55742	-1.66322	-1.6951	-1.63974	-1.5036	-1.28541	-1.00334	-0.666382	-0.298595	0.0876067	0.468221	0.828774	1.14954	1.41878	1.6236	1.76013	1.82286	1.80951	1.73306	1.59591	1.40502	1.18572	0.952531	0.70897	0.476742	0.296023	0.201655	0.211984	0.331025	0.543149	0.802983	1.04968	
1.07737	1.26227	1.40939	1.51419	1.55451	1.52713	1.44724	1.32594	1.17253	0.996435	0.807786	0.616464	0.432424	0.263688	0.113843	-0.015365	-0.11834	-0.196828	-0.251365	-0.281501	-0.287804	-0.269547	-0.222276	-0.13862	-0.00489415	0.198912	0.489214	0.857863	1.27693	1.70847	2.13005	2.52985	2.87666	3.13891	3.30439	3.35778	3.27409	3.04967	2.69969	2.24967	1.7115	1.09437	0.453964	-0.143605	-0.647329	-1.05017	-1.34812	-1.55662	-1.66634	-1.69039	-1.62468	-1.48772	-1.31133	-1.11813	-0.977389	-0.8993	-0.879851	-0.898808	-0.882636	-0.837692	-0.844729	-0.890667	-0.895818	-0.878814	-0.910277	-0.999535	-1.15468	-1.34964	-1.51853	-1.64557	-1.69247	-1.65514	-1.53056	-1.32325	-1.04686	-0.7153	-0.346099	0.0401825	0.42645	0.791255	1.11824	1.39592	1.60737	1.75025	1.82016	1.81298	1.74124	1.60824	1.42008	1.20172	0.968654	0.723879	0.486594	0.293733	0.175829	0.146318	0.209571	0.364423	0.592055	0.846917	
0.866542	1.0836	1.2588	1.3987	1.50029	1.54948	1.54196	1.48508	1.38985	1.26737	1.12728	0.977807	0.826337	0.681341	0.549369	0.43259	0.33408	0.257936	0.204098	0.17342	0.167756	0.186154	0.234228	0.316786	0.448525	0.647225	0.924937	1.27517	1.66799	2.0628	2.43968	2.78766	3.07771	3.277	3.37246	3.34743	3.18653	2.90785	2.52447	2.04117	1.47131	0.851015	0.250071	-0.28867	-0.73821	-1.10252	-1.37887	-1.57176	-1.67292	-1.68509	-1.61132	-1.46571	-1.28412	-1.09886	-0.962735	-0.897302	-0.87199	-0.861145	-0.838784	-0.809454	-0.813723	-0.844729	-0.863495	-0.875285	-0.905784	-0.983889	-1.13423	-1.3218	-1.49899	-1.63287	-1.68951	-1.66137	-1.54338	-1.34238	-1.0697	-0.73991	-0.371554	0.0166459	0.403437	0.771749	1.10194	1.38263	1.59852	1.74529	1.81857	1.8145	1.74537	1.61461	1.42793	1.2101	0.977137	0.731845	0.492115	0.292943	0.161532	0.105748	0.124762	0.220448	0.392501	0.621985	
0.628907	0.861447	1.06872	1.23807	1.3731	1.47391	1.53398	1.54925	1.52212	1.46004	1.3726	1.26915	1.15713	1.04354	0.935921	0.839631	0.756801	0.690912	0.644085	0.617225	0.611739	0.628785	0.671321	0.745935	0.865677	1.04731	1.30301	1.62666	1.9847	2.33751	2.66575	2.95798	3.18433	3.31285	3.33649	3.24848	3.04357	2.73512	2.32027	1.80776	1.23562	0.651842	0.111384	-0.369468	-0.778481	-1.12013	-1.38649	-1.57455	-1.67409	-1.68451	-1.61001	-1.46366	-1.28144	-1.09771	-0.961447	-0.897197	-0.870717	-0.854988	-0.832149	-0.805735	-0.809454	-0.837692	-0.858215	-0.874734	-0.905524	-0.982537	-1.13265	-1.3189	-1.49723	-1.63145	-1.6893	-1.66205	-1.54479	-1.34427	-1.07174	-0.741928	-0.37388	0.0146079	0.401242	0.769998	1.10054	1.38135	1.59767	1.74485	1.81841	1.81461	1.74575	1.6152	1.42864	1.21085	0.977867	0.732402	0.491967	0.290587	0.153165	0.0830188	0.0728942	0.120385	0.230987	0.40636	
0.401878	0.61157	0.831239	1.03128	1.19814	1.33168	1.43371	1.50327	1.53887	1.54142	1.51512	1.4666	1.40292	1.33026	1.25496	1.18358	1.12056	1.06891	1.03151	1.01001	1.00546	1.01967	1.05489	1.11792	1.2204	1.37869	1.60491	1.89143	2.20485	2.50681	2.7776	3.00747	3.17052	3.24078	3.2171	3.09436	2.86075	2.52307	2.08627	1.57648	1.04321	0.523267	0.0427821	-0.393192	-0.777208	-1.10995	-1.37364	-1.56679	-1.66979	-1.68954	-1.62102	-1.48154	-1.30387	-1.11162	-0.972699	-0.897912	-0.878537	-0.892605	-0.874818	-0.832149	-0.838784	-0.882636	-0.890449	-0.878116	-0.908355	-0.994352	-1.14796	-1.34213	-1.51287	-1.64222	-1.69175	-1.65711	-1.53452	-1.3289	-1.05313	-0.721849	-0.352717	0.0335654	0.420276	0.785788	1.11373	1.39252	1.60502	1.74882	1.81968	1.8134	1.74241	1.61002	1.42223	1.20397	0.970787	0.725337	0.485464	0.2848	0.146511	0.0706367	0.0448028	0.0604558	0.12017	0.233048	
0.223403	0.378538	0.570605	0.775481	0.968486	1.13492	1.2707	1.37676	1.45469	1.50576	1.53174	1.53578	1.52234	1.49614	1.46164	1.42371	1.38712	1.35542	1.33148	1.31745	1.31469	1.32465	1.34972	1.3957	1.47365	1.59951	1.78559	2.02576	2.28972	2.54027	2.7586	2.93844	3.05816	3.09255	3.03823	2.888	2.62965	2.27825	1.85456	1.39173	0.9253	0.468551	0.0374356	-0.371464	-0.742906	-1.07428	-1.34241	-1.5442	-1.65969	-1.69515	-1.64217	-1.51982	-1.34984	-1.15828	-1.00697	-0.910618	-0.883343	-0.903219	-0.892605	-0.854988	-0.861145	-0.898808	-0.89907	-0.883372	-0.925114	-1.03278	-1.19512	-1.38694	-1.5484	-1.65952	-1.69456	-1.64358	-1.51003	-1.29471	-1.01407	-0.677978	-0.30963	0.0766127	0.458275	0.819911	1.14215	1.41323	1.61978	1.75789	1.82223	1.81034	1.73508	1.59892	1.40862	1.18941	0.95587	0.7106	0.472394	0.274736	0.139082	0.0629853	0.0308063	0.0292771	0.0555665	0.116823	
0.107791	0.202385	0.338563	0.508559	0.694903	0.877894	1.0429	1.18272	1.2957	1.38301	1.44684	1.4899	1.51543	1.5271	1.52837	1.52249	1.51278	1.50226	1.4933	1.48775	1.48695	1.49207	1.50546	1.53244	1.58394	1.67612	1.82285	2.02144	2.24471	2.45601	2.63622	2.78042	2.86866	2.87438	2.79407	2.62679	2.36926	2.04589	1.67762	1.28335	0.884022	0.477447	0.0786	-0.314559	-0.681608	-1.01474	-1.29117	-1.50602	-1.64004	-1.69794	-1.66821	-1.57359	-1.41861	-1.24097	-1.07638	-0.949672	-0.892114	-0.883343	-0.878537	-0.870717	-0.87199	-0.879851	-0.88377	-0.898558	-0.969599	-1.10736	-1.27621	-1.45312	-1.59767	-1.68015	-1.6935	-1.6192	-1.46952	-1.24032	-0.953076	-0.612248	-0.243807	0.14039	0.515861	0.870418	1.18357	1.44548	1.64198	1.76995	1.8249	1.80514	1.72341	1.58153	1.3876	1.16714	0.933102	0.688248	0.452861	0.260254	0.129801	0.0567959	0.0237447	0.014886	0.0232795	0.0513188	
0.0453013	0.0935054	0.17267	0.286369	0.430355	0.593131	0.760128	0.91844	1.05946	1.17903	1.2763	1.3524	1.40963	1.45093	1.47945	1.49805	1.50932	1.51557	1.51868	1.52006	1.52078	1.52187	1.52544	1.5366	1.56594	1.62971	1.74323	1.90687	2.09621	2.27489	2.4224	2.53516	2.5976	2.58606	2.50161	2.35202	2.13621	1.87456	1.57935	1.25071	0.904105	0.533863	0.153398	-0.227756	-0.59527	-0.92953	-1.21926	-1.4487	-1.6062	-1.68935	-1.69198	-1.62884	-1.50381	-1.34725	-1.18313	-1.03902	-0.949672	-0.910618	-0.897912	-0.897197	-0.897302	-0.8993	-0.915564	-0.962504	-1.06437	-1.21539	-1.3797	-1.53246	-1.64666	-1.69723	-1.67917	-1.5806	-1.40833	-1.16574	-0.866025	-0.524566	-0.154247	0.224125	0.592582	0.937073	1.23675	1.4867	1.66933	1.78422	1.82717	1.79694	1.70661	1.55733	1.35897	1.13707	0.902479	0.658432	0.427204	0.241665	0.118486	0.0506106	0.0195152	0.00868474	0.00924541	0.019924	
