-0.586468	-0.116077	0.43142	1.00868	1.56801	2.08927	2.54011	2.87686	3.09466	3.16678	3.0854	2.89063	2.60338	2.23421	1.83819	1.4933	1.24518	1.09189	1.00687	0.96613	0.955447	0.967393	0.999677	1.04934	1.11422	1.19154	1.2759	1.36199	1.44475	1.51584	1.56592	1.58595	1.57005	1.5153	1.42185	1.29351	1.13276	0.937062	0.7112	0.481393	0.285194	0.14668	0.0654566	0.0254416	0.00866365	0.0026022	0.000694592	0.000167103	3.90049e-05	1.34936e-05	1.26052e-05	1.85139e-05	2.77179e-05	3.96692e-05	5.51219e-05	8.06001e-05	0.000151671	0.000428435	0.00153132	0.00552885	0.0182525	0.0531787	0.13446	0.291646	0.538277	0.844209	1.13916	1.36579	1.51582	1.58407	1.53751	1.37743	1.1347	0.812722	0.443051	0.0647343	-0.303905	-0.628202	-0.899539	-1.08783	-1.20647	-1.24909	-1.23938	-1.18622	-1.11822	-1.04129	-0.975647	-0.92777	-0.897715	-0.884879	-0.893671	-0.92111	-0.963584	-1.02778	-1.10152	-1.16859	-1.21852	-1.21246	-1.12956	-0.922181	
-0.116077	0.419261	0.972404	1.52326	2.03119	2.48362	2.83036	3.04633	3.13207	3.06571	2.86819	2.5813	2.21464	1.78996	1.37577	1.04066	0.810769	0.668436	0.587052	0.546629	0.536831	0.552513	0.592387	0.654955	0.737668	0.838448	0.954562	1.07793	1.20386	1.3259	1.4359	1.52329	1.57704	1.58821	1.54931	1.45874	1.32617	1.16058	0.957612	0.719351	0.476753	0.273857	0.135607	0.0580122	0.0215673	0.00702049	0.00201943	0.000524035	0.000136961	5.92257e-05	6.28675e-05	9.17722e-05	0.000133801	0.00018577	0.000245424	0.000312197	0.00039933	0.000586927	0.00122044	0.00354274	0.0113396	0.0341879	0.0913863	0.211363	0.417551	0.700601	1.00431	1.26089	1.44555	1.56124	1.58194	1.48736	1.30488	1.04403	0.716698	0.365572	0.000314447	-0.336917	-0.632344	-0.879248	-1.056	-1.17683	-1.23393	-1.24853	-1.23008	-1.19662	-1.16122	-1.12626	-1.10508	-1.09947	-1.10068	-1.12069	-1.15481	-1.18751	-1.22192	-1.23439	-1.20866	-1.10911	-0.903251	-0.571016	
0.43142	0.972404	1.50841	2.00448	2.44085	2.78745	2.9935	3.07218	3.0184	2.82386	2.52793	2.15841	1.72028	1.25676	0.843844	0.53273	0.325293	0.194195	0.117287	0.0778404	0.0678879	0.0867212	0.130246	0.201086	0.296951	0.414816	0.55507	0.712643	0.878963	1.0472	1.20837	1.35389	1.47271	1.5549	1.59109	1.56832	1.47947	1.34035	1.16684	0.952563	0.700486	0.449435	0.247871	0.11727	0.0478234	0.016946	0.00527819	0.00149127	0.000448535	0.000244677	0.000284828	0.000410027	0.000581902	0.000787583	0.00101533	0.00125075	0.00148309	0.00173388	0.00216641	0.00345796	0.00786687	0.0216583	0.0589654	0.144238	0.305531	0.552033	0.849158	1.12934	1.34704	1.50217	1.58515	1.56236	1.44327	1.25065	0.978943	0.667386	0.337648	-0.0060716	-0.315063	-0.591591	-0.814682	-0.987933	-1.10802	-1.18559	-1.22407	-1.23877	-1.23598	-1.22904	-1.2234	-1.21888	-1.22253	-1.22775	-1.23498	-1.23597	-1.21953	-1.17029	-1.05637	-0.855702	-0.532079	-0.0949539	
1.00868	1.52326	2.00448	2.42476	2.75959	2.95566	3.01987	2.96787	2.77624	2.46514	2.07836	1.62997	1.13761	0.667911	0.285204	0.0139296	-0.166533	-0.279923	-0.348746	-0.384678	-0.393843	-0.375533	-0.332351	-0.262932	-0.165494	-0.040351	0.108525	0.284614	0.480238	0.689897	0.901954	1.10518	1.28633	1.43259	1.53447	1.58794	1.57552	1.48407	1.33669	1.15217	0.92161	0.655188	0.402142	0.210907	0.0946665	0.036655	0.012429	0.0038744	0.00138445	0.000942213	0.00116284	0.00164001	0.0022619	0.0029825	0.00375846	0.00453719	0.00526164	0.00588912	0.00645155	0.00725917	0.00953017	0.0170073	0.0391074	0.0946338	0.210917	0.409832	0.681334	0.971771	1.21998	1.40809	1.5412	1.59181	1.54041	1.4156	1.21899	0.952175	0.663262	0.356279	0.0477426	-0.23711	-0.492303	-0.703586	-0.872071	-0.996206	-1.08458	-1.14473	-1.17963	-1.19984	-1.20809	-1.21142	-1.21058	-1.20222	-1.18286	-1.14765	-1.07919	-0.962567	-0.767458	-0.462833	-0.039979	0.472067	
1.56801	2.03119	2.44085	2.75959	2.94221	2.99232	2.93098	2.73208	2.40491	1.99628	1.53754	1.03484	0.530877	0.0946796	-0.23441	-0.457968	-0.603221	-0.693271	-0.749966	-0.779605	-0.785967	-0.773012	-0.734032	-0.673987	-0.587549	-0.470501	-0.324221	-0.148094	0.0558747	0.283793	0.528698	0.779511	1.02126	1.23833	1.41027	1.5246	1.58669	1.57355	1.47261	1.31509	1.11502	0.863475	0.585594	0.339961	0.168162	0.0713582	0.0265118	0.00928848	0.00405936	0.00333803	0.00424225	0.0058301	0.00780082	0.0100088	0.0123193	0.0145809	0.0166325	0.0183251	0.0195619	0.020408	0.0214302	0.0246578	0.0357809	0.0677202	0.143124	0.28881	0.515644	0.794767	1.065	1.28329	1.4514	1.56518	1.58989	1.52701	1.40551	1.21596	0.970395	0.703327	0.423506	0.150779	-0.105392	-0.333645	-0.53115	-0.690481	-0.81602	-0.907532	-0.975302	-1.01961	-1.04403	-1.05323	-1.04665	-1.0243	-0.981806	-0.909604	-0.79774	-0.616349	-0.339744	0.0550023	0.542023	1.06795	
2.08927	2.48362	2.78745	2.95566	2.99232	2.91754	2.70331	2.36119	1.93786	1.46476	0.956825	0.430686	-0.0440977	-0.419965	-0.678791	-0.8459	-0.94832	-1.01328	-1.05138	-1.07113	-1.07522	-1.06585	-1.0409	-0.996917	-0.929816	-0.83852	-0.711922	-0.550995	-0.351561	-0.120733	0.138573	0.414554	0.697215	0.966593	1.21481	1.40558	1.52748	1.58944	1.56186	1.4453	1.27441	1.05197	0.77766	0.496734	0.270388	0.126004	0.0517381	0.0208559	0.0113061	0.0107216	0.0137094	0.0182767	0.0236829	0.0295284	0.0354616	0.0411191	0.0461394	0.0501933	0.0530223	0.0545025	0.0548161	0.0549605	0.058077	0.0721348	0.113405	0.206729	0.375002	0.616125	0.887794	1.13242	1.32683	1.4802	1.57759	1.58854	1.52611	1.41229	1.24243	1.0287	0.790167	0.542893	0.301373	0.0765011	-0.124974	-0.298943	-0.443561	-0.558022	-0.642981	-0.702051	-0.739356	-0.750621	-0.742257	-0.708878	-0.647923	-0.550715	-0.395882	-0.157439	0.189078	0.63937	1.14653	1.64194	
2.54011	2.83036	2.9935	3.01987	2.93098	2.70331	2.34537	1.91146	1.41894	0.898026	0.35937	-0.140619	-0.543311	-0.826054	-1.00339	-1.10697	-1.16684	-1.19679	-1.2121	-1.21916	-1.21894	-1.21472	-1.20793	-1.18919	-1.15547	-1.09714	-1.01008	-0.886753	-0.717432	-0.505263	-0.247396	0.0400455	0.352254	0.661678	0.952825	1.22097	1.41762	1.54238	1.59144	1.53734	1.40189	1.21109	0.95945	0.667587	0.398327	0.20425	0.0937753	0.0445216	0.0295934	0.0307672	0.0388934	0.0501101	0.0627778	0.0759674	0.0889225	0.100935	0.11135	0.119606	0.125263	0.128046	0.127921	0.125336	0.12192	0.122161	0.13635	0.183391	0.288299	0.467838	0.708451	0.961994	1.18073	1.35579	1.49588	1.58216	1.59222	1.53828	1.43694	1.29285	1.11497	0.915637	0.707947	0.502386	0.310407	0.137966	-0.00869858	-0.131731	-0.226605	-0.293792	-0.335232	-0.350682	-0.33912	-0.299483	-0.22557	-0.104962	0.0873352	0.374167	0.771578	1.24745	1.73402	2.16884	
2.87686	3.04633	3.07218	2.96787	2.73208	2.36119	1.91146	1.40282	0.86259	0.32076	-0.195205	-0.610996	-0.911611	-1.09143	-1.19006	-1.22896	-1.23763	-1.2322	-1.22233	-1.21567	-1.21242	-1.21843	-1.22544	-1.23503	-1.24181	-1.22944	-1.19255	-1.1165	-0.996496	-0.823118	-0.598227	-0.319766	-0.00840921	0.338217	0.67005	0.983828	1.25516	1.4471	1.56481	1.5837	1.49744	1.34028	1.12012	0.839054	0.546018	0.308993	0.160821	0.0910254	0.0714229	0.077819	0.0960185	0.119199	0.144176	0.169165	0.192868	0.214199	0.232251	0.246291	0.255777	0.26036	0.259914	0.254626	0.245323	0.234363	0.227574	0.237195	0.283575	0.390106	0.567076	0.793561	1.02238	1.21638	1.37337	1.49968	1.57998	1.59858	1.56109	1.47937	1.36248	1.21986	1.06251	0.898586	0.736244	0.583059	0.447381	0.332862	0.240278	0.172673	0.13193	0.115816	0.128844	0.171613	0.253663	0.392474	0.611986	0.936341	1.3581	1.81966	2.24531	2.59868	
3.09466	3.13207	3.0184	2.77624	2.40491	1.93786	1.41894	0.86259	0.310457	-0.217647	-0.649376	-0.95854	-1.13864	-1.2214	-1.23193	-1.21136	-1.17058	-1.13563	-1.10112	-1.08061	-1.0805	-1.0893	-1.11246	-1.1495	-1.18862	-1.2263	-1.24931	-1.23686	-1.18164	-1.06072	-0.883397	-0.633584	-0.336113	0.00432204	0.37096	0.72416	1.05217	1.31139	1.49252	1.58375	1.55919	1.44222	1.25779	1.00379	0.709449	0.44498	0.265199	0.177033	0.155546	0.171511	0.204755	0.244446	0.285292	0.324523	0.360421	0.391766	0.417652	0.437414	0.450592	0.456899	0.456218	0.448623	0.434512	0.415025	0.393105	0.375571	0.37577	0.414073	0.511091	0.671983	0.873424	1.07357	1.2434	1.38162	1.49294	1.56898	1.59973	1.58519	1.53126	1.44562	1.33856	1.22037	1.09824	0.978222	0.866099	0.7693	0.690171	0.631016	0.594439	0.58147	0.5942	0.637971	0.724538	0.875489	1.11722	1.46367	1.88189	2.29865	2.64939	2.91897	
3.16678	3.06571	2.82386	2.46514	1.99628	1.46476	0.898026	0.32076	-0.217647	-0.664876	-0.974528	-1.15584	-1.21802	-1.20898	-1.14939	-1.07656	-1.00213	-0.936938	-0.896204	-0.870309	-0.863387	-0.877893	-0.910155	-0.961319	-1.02947	-1.10971	-1.18135	-1.23757	-1.24981	-1.20767	-1.08914	-0.898657	-0.625349	-0.297546	0.0739882	0.453714	0.824758	1.14527	1.38632	1.54415	1.58805	1.52142	1.37841	1.16428	0.891524	0.621263	0.42254	0.321286	0.300133	0.326993	0.375848	0.431503	0.486498	0.537367	0.582413	0.620705	0.65167	0.674941	0.690292	0.697593	0.696791	0.687909	0.671099	0.646811	0.616291	0.582732	0.553307	0.541351	0.56586	0.644208	0.77859	0.947524	1.11657	1.26211	1.38086	1.47631	1.54648	1.58686	1.59556	1.57339	1.52432	1.45626	1.37764	1.2954	1.21449	1.14066	1.07899	1.03225	1.00272	0.993336	1.00668	1.05114	1.14221	1.30519	1.56508	1.91853	2.31251	2.66775	2.93633	3.11127	
3.0854	2.86819	2.52793	2.07836	1.53754	0.956825	0.35937	-0.195205	-0.649376	-0.974528	-1.15738	-1.2169	-1.18409	-1.09406	-0.981208	-0.871019	-0.784885	-0.722475	-0.680442	-0.659198	-0.653248	-0.664745	-0.697173	-0.744095	-0.815496	-0.914269	-1.02812	-1.14223	-1.22366	-1.25549	-1.21056	-1.08187	-0.8642	-0.568342	-0.20312	0.190757	0.588908	0.959604	1.2577	1.47676	1.59138	1.58671	1.49516	1.3331	1.10246	0.848189	0.643767	0.532391	0.508095	0.539648	0.597001	0.661281	0.723286	0.779246	0.827778	0.868365	0.900778	0.92492	0.940752	0.948258	0.947431	0.938277	0.920826	0.895197	0.861793	0.821828	0.778453	0.738542	0.714332	0.722351	0.776739	0.878654	1.01104	1.14739	1.26815	1.36771	1.44787	1.51027	1.5548	1.58033	1.58555	1.57145	1.54214	1.50324	1.45989	1.41641	1.37759	1.34714	1.32785	1.32299	1.33756	1.3822	1.47689	1.64921	1.91761	2.26137	2.6116	2.89167	3.07169	3.14714	
2.89063	2.5813	2.15841	1.62997	1.03484	0.430686	-0.140619	-0.610996	-0.95854	-1.15584	-1.2169	-1.17221	-1.05674	-0.913169	-0.776575	-0.67035	-0.599655	-0.552403	-0.526696	-0.513483	-0.509165	-0.516776	-0.535469	-0.568271	-0.623843	-0.708233	-0.829038	-0.974107	-1.11528	-1.22044	-1.25426	-1.20141	-1.04007	-0.78703	-0.450469	-0.0562032	0.358723	0.767605	1.11914	1.39738	1.5845	1.65365	1.62651	1.52687	1.35111	1.12585	0.921378	0.795661	0.757792	0.7821	0.837233	0.901533	0.964077	1.02049	1.06924	1.10982	1.14207	1.16601	1.18167	1.18908	1.18826	1.17922	1.16191	1.13636	1.10263	1.06108	1.01293	0.961205	0.912083	0.876037	0.866582	0.894877	0.96211	1.05635	1.15861	1.25332	1.33383	1.40029	1.45518	1.5003	1.5354	1.55894	1.5703	1.57089	1.56365	1.55166	1.53811	1.5262	1.51891	1.51986	1.536	1.58117	1.67942	1.8589	2.1292	2.45331	2.7522	2.95998	3.06256	3.0513	
2.60338	2.21464	1.72028	1.13761	0.530877	-0.0440977	-0.543311	-0.911611	-1.13864	-1.21802	-1.18409	-1.05674	-0.893564	-0.726426	-0.603502	-0.52799	-0.497208	-0.483067	-0.469223	-0.46702	-0.465956	-0.465322	-0.476218	-0.488462	-0.506427	-0.552555	-0.646119	-0.792216	-0.962364	-1.12298	-1.2277	-1.24648	-1.15991	-0.959658	-0.657838	-0.275606	0.146149	0.583069	0.985144	1.32534	1.58931	1.74193	1.78821	1.75283	1.63071	1.43363	1.2261	1.07887	1.01816	1.027	1.07427	1.13544	1.19701	1.25303	1.30124	1.34093	1.37217	1.39517	1.41011	1.41713	1.41635	1.40775	1.39122	1.36659	1.3337	1.29243	1.24298	1.18657	1.12607	1.06688	1.01766	0.989122	0.990001	1.02186	1.07725	1.14346	1.20911	1.26841	1.32101	1.3691	1.41422	1.45562	1.49099	1.51844	1.53769	1.54985	1.55663	1.56019	1.56319	1.56983	1.58882	1.63748	1.7431	1.93243	2.20469	2.50792	2.75916	2.90598	2.94279	2.85249	
2.23421	1.78996	1.25676	0.667911	0.0946796	-0.419965	-0.826054	-1.09143	-1.2214	-1.20898	-1.09406	-0.913169	-0.726426	-0.58035	-0.504841	-0.488005	-0.484508	-0.476532	-0.466357	-0.466498	-0.469096	-0.466298	-0.469016	-0.479926	-0.486819	-0.488772	-0.52664	-0.630581	-0.79918	-0.99128	-1.15548	-1.24469	-1.22291	-1.07973	-0.822448	-0.461919	-0.0382447	0.423215	0.875172	1.2817	1.62636	1.86423	1.98051	1.99802	1.91656	1.74049	1.52834	1.35976	1.27588	1.2683	1.30641	1.36272	1.42075	1.47292	1.51665	1.55179	1.57896	1.59859	1.61112	1.61699	1.61633	1.60911	1.5952	1.5741	1.54537	1.5085	1.46272	1.40776	1.3445	1.27541	1.20502	1.14038	1.09023	1.06184	1.05745	1.07302	1.10051	1.13226	1.16465	1.19861	1.23679	1.28	1.32574	1.36961	1.40777	1.43825	1.46087	1.4767	1.4881	1.49999	1.52302	1.57764	1.6932	1.89307	2.16509	2.44494	2.65053	2.7422	2.71783	2.55506	
1.83819	1.37577	0.843844	0.285204	-0.23441	-0.678791	-1.00339	-1.19006	-1.23193	-1.14939	-0.981208	-0.776575	-0.603502	-0.504841	-0.482818	-0.498164	-0.492235	-0.473639	-0.460137	-0.458366	-0.458608	-0.45654	-0.464434	-0.480953	-0.498972	-0.491991	-0.484311	-0.535296	-0.665596	-0.860082	-1.05753	-1.20075	-1.24482	-1.1601	-0.945905	-0.606827	-0.182872	0.305099	0.810932	1.28465	1.70346	2.01405	2.18486	2.23928	2.18776	2.03157	1.8203	1.6357	1.52961	1.502	1.52457	1.56834	1.61487	1.65598	1.68957	1.71612	1.73606	1.75	1.75872	1.76279	1.76233	1.75731	1.74758	1.73252	1.71129	1.68323	1.64749	1.60246	1.54716	1.48167	1.40751	1.32774	1.2478	1.17505	1.11617	1.07472	1.04961	1.03599	1.02876	1.02662	1.03312	1.05291	1.08686	1.13059	1.17693	1.21948	1.25439	1.28052	1.29937	1.31634	1.34393	1.40524	1.5307	1.73922	2.00796	2.26408	2.43004	2.47798	2.40786	2.1967	
1.4933	1.04066	0.53273	0.0139296	-0.457968	-0.8459	-1.10697	-1.22896	-1.21136	-1.07656	-0.871019	-0.67035	-0.52799	-0.488005	-0.498164	-0.503687	-0.459079	-0.417028	-0.422406	-0.412385	-0.402378	-0.421971	-0.417323	-0.427539	-0.482873	-0.503979	-0.49326	-0.492061	-0.575072	-0.745096	-0.957811	-1.1416	-1.23783	-1.19961	-1.02778	-0.707506	-0.276649	0.242731	0.805001	1.3384	1.81085	2.17181	2.38315	2.46833	2.44476	2.30877	2.09863	1.89525	1.76036	1.70419	1.70293	1.72714	1.75714	1.78433	1.80637	1.82295	1.83414	1.84135	1.84582	1.84768	1.84749	1.84516	1.84013	1.83223	1.82002	1.80213	1.77807	1.74656	1.70568	1.65386	1.59056	1.51606	1.43137	1.33993	1.24722	1.15946	1.08197	1.01683	0.961783	0.912974	0.870635	0.841327	0.832864	0.847159	0.878381	0.916824	0.953777	0.984133	1.00724	1.02819	1.06089	1.13054	1.26801	1.48768	1.75778	2.00052	2.14477	2.17251	2.08421	1.85684	
1.24518	0.810769	0.325293	-0.166533	-0.603221	-0.94832	-1.16684	-1.23763	-1.17058	-1.00213	-0.784885	-0.599655	-0.497208	-0.484508	-0.492235	-0.459079	-0.409289	-0.386712	-0.403023	-0.388657	-0.372897	-0.399553	-0.395932	-0.389425	-0.430151	-0.474427	-0.49447	-0.479684	-0.529364	-0.663053	-0.875121	-1.07445	-1.21185	-1.2119	-1.06917	-0.755849	-0.305579	0.244842	0.851592	1.4273	1.93249	2.32908	2.5771	2.69107	2.68754	2.5602	2.34128	2.11271	1.94547	1.85888	1.83231	1.83543	1.84781	1.85946	1.86728	1.87016	1.87014	1.86912	1.86806	1.86705	1.86719	1.86835	1.86941	1.87026	1.86978	1.86575	1.85582	1.83944	1.81454	1.7793	1.73181	1.67185	1.59875	1.51239	1.41414	1.30678	1.19506	1.08552	0.983769	0.890333	0.801749	0.718798	0.650962	0.609534	0.597722	0.608621	0.630761	0.654507	0.675778	0.698358	0.736767	0.817661	0.971734	1.20898	1.49037	1.7351	1.87803	1.90769	1.8226	1.5986	
1.09189	0.668436	0.194195	-0.279923	-0.693271	-1.01328	-1.19679	-1.2322	-1.13563	-0.936938	-0.722475	-0.552403	-0.483067	-0.476532	-0.473639	-0.417028	-0.386712	-0.393299	-0.405661	-0.390014	-0.377869	-0.401286	-0.399776	-0.389847	-0.392532	-0.441133	-0.481686	-0.472518	-0.502808	-0.607115	-0.807477	-1.01679	-1.17817	-1.20154	-1.06519	-0.748731	-0.273142	0.30664	0.937433	1.53518	2.06495	2.49372	2.7705	2.89818	2.89714	2.76585	2.53372	2.28122	2.08392	1.96675	1.91148	1.88889	1.87817	1.86837	1.85654	1.84278	1.83043	1.81993	1.81163	1.80791	1.80831	1.81298	1.82198	1.83276	1.84537	1.85862	1.86862	1.8733	1.87016	1.85695	1.83066	1.78946	1.73297	1.66046	1.57245	1.46953	1.35234	1.22294	1.08753	0.955186	0.829554	0.707134	0.58892	0.487315	0.416687	0.380898	0.37203	0.378104	0.391201	0.412668	0.456584	0.550104	0.7231	0.981413	1.27997	1.53581	1.68807	1.72865	1.65296	1.43597	
1.00687	0.587052	0.117287	-0.348746	-0.749966	-1.05138	-1.2121	-1.22233	-1.10112	-0.896204	-0.680442	-0.526696	-0.469223	-0.466357	-0.460137	-0.422406	-0.403023	-0.405661	-0.385087	-0.378054	-0.381455	-0.378969	-0.393394	-0.406892	-0.406476	-0.438712	-0.466759	-0.463724	-0.483279	-0.574783	-0.761028	-0.972181	-1.13576	-1.16544	-1.02245	-0.684852	-0.186656	0.40733	1.04882	1.66355	2.21556	2.66323	2.94726	3.07216	3.06569	2.92667	2.67838	2.3987	2.16687	2.01375	1.9248	1.87296	1.83582	1.80333	1.77167	1.74274	1.71672	1.69545	1.68003	1.67348	1.67419	1.6824	1.69928	1.72162	1.74823	1.7773	1.80774	1.83523	1.85778	1.87143	1.87382	1.86052	1.82963	1.77873	1.70724	1.61647	1.50823	1.3835	1.24147	1.08649	0.930709	0.780611	0.632317	0.487687	0.362433	0.272957	0.222505	0.202274	0.201935	0.219514	0.267232	0.371534	0.560915	0.837609	1.15188	1.41909	1.581	1.63097	1.56169	1.34776	
0.96613	0.546629	0.0778404	-0.384678	-0.779605	-1.07113	-1.21916	-1.21567	-1.08061	-0.870309	-0.659198	-0.513483	-0.46702	-0.466498	-0.458366	-0.412385	-0.388657	-0.390014	-0.378054	-0.370147	-0.370374	-0.371484	-0.383482	-0.389963	-0.39246	-0.431583	-0.466618	-0.463702	-0.476743	-0.556297	-0.732502	-0.934091	-1.08984	-1.10479	-0.937498	-0.575682	-0.0635579	0.534562	1.1855	1.81676	2.37659	2.82029	3.09828	3.21645	3.19777	3.03879	2.76292	2.44966	2.18206	1.99429	1.87354	1.79278	1.72907	1.67314	1.62012	1.57258	1.5306	1.49799	1.47672	1.46559	1.46691	1.48018	1.50357	1.53843	1.58163	1.6299	1.68187	1.73313	1.78183	1.82318	1.85452	1.87188	1.87224	1.85272	1.80955	1.74129	1.64779	1.53296	1.40095	1.2488	1.07894	0.906455	0.739142	0.572497	0.410927	0.273852	0.17804	0.124872	0.105814	0.115946	0.164223	0.274981	0.474901	0.763555	1.08822	1.36314	1.53137	1.58679	1.5204	1.30686	
0.955447	0.536831	0.0678879	-0.393843	-0.785967	-1.07522	-1.21894	-1.21242	-1.0805	-0.863387	-0.653248	-0.509165	-0.465956	-0.469096	-0.458608	-0.402378	-0.372897	-0.377869	-0.381455	-0.370374	-0.365119	-0.377536	-0.379412	-0.376611	-0.378585	-0.425939	-0.46987	-0.463982	-0.474034	-0.546837	-0.717039	-0.906116	-1.04129	-1.02007	-0.817878	-0.438697	0.0828118	0.689598	1.35078	1.98382	2.53181	2.96353	3.23064	3.32788	3.27999	3.0899	2.78276	2.43696	2.13621	1.91407	1.76016	1.6473	1.55509	1.47237	1.39736	1.33071	1.27596	1.23265	1.20385	1.18935	1.19097	1.20847	1.24024	1.28607	1.34313	1.41129	1.48596	1.56455	1.64202	1.71562	1.77951	1.83018	1.86258	1.87492	1.86371	1.82697	1.7626	1.66688	1.54494	1.4052	1.24316	1.06128	0.877484	0.698281	0.519053	0.349127	0.211302	0.120679	0.0766811	0.0741922	0.118433	0.230277	0.434142	0.728036	1.05805	1.33787	1.51058	1.56996	1.50644	1.29471	
0.967393	0.552513	0.0867212	-0.375533	-0.773012	-1.06585	-1.21472	-1.21843	-1.0893	-0.877893	-0.664745	-0.516776	-0.465322	-0.466298	-0.45654	-0.421971	-0.399553	-0.401286	-0.378969	-0.371484	-0.377536	-0.371592	-0.386835	-0.403632	-0.402622	-0.437426	-0.463364	-0.463149	-0.472024	-0.551987	-0.711688	-0.88211	-0.979492	-0.914984	-0.679173	-0.278609	0.250932	0.868839	1.53459	2.15267	2.6828	3.09704	3.33267	3.39317	3.31175	3.08695	2.74312	2.36052	2.02411	1.76747	1.58179	1.43902	1.32003	1.21345	1.11853	1.03532	0.965659	0.911663	0.875418	0.858858	0.860666	0.881163	0.921165	0.978409	1.0509	1.13593	1.23162	1.33471	1.44033	1.54507	1.64335	1.73099	1.80182	1.85129	1.87504	1.86957	1.83518	1.77231	1.67312	1.54398	1.39589	1.22271	1.03082	0.839569	0.65144	0.464035	0.293718	0.16505	0.0900178	0.0682604	0.102672	0.209906	0.41162	0.705228	1.03734	1.32152	1.49958	1.56452	1.50719	1.30176	
0.999677	0.592387	0.130246	-0.332351	-0.734032	-1.0409	-1.20793	-1.22544	-1.11246	-0.910155	-0.697173	-0.535469	-0.476218	-0.469016	-0.464434	-0.417323	-0.395932	-0.399776	-0.393394	-0.383482	-0.379412	-0.386835	-0.397247	-0.399466	-0.398452	-0.437375	-0.471368	-0.464459	-0.48357	-0.562681	-0.719686	-0.856395	-0.90695	-0.797734	-0.527475	-0.106356	0.44248	1.07208	1.72556	2.32146	2.8307	3.20705	3.39767	3.42123	3.29645	3.02472	2.63747	2.21914	1.8515	1.56653	1.35155	1.18113	1.03527	0.905772	0.789971	0.690039	0.6077	0.545813	0.505257	0.484327	0.486744	0.511936	0.55649	0.622509	0.70838	0.811354	0.928593	1.05575	1.18969	1.32478	1.45641	1.57869	1.68651	1.77517	1.83903	1.87408	1.87299	1.83756	1.77219	1.66614	1.52971	1.37162	1.1859	0.986333	0.789712	0.593971	0.403101	0.240932	0.131242	0.0833585	0.101288	0.197936	0.391865	0.680621	1.01286	1.30247	1.4886	1.56254	1.51633	1.32342	
1.04934	0.654955	0.201086	-0.262932	-0.673987	-0.996917	-1.18919	-1.23503	-1.1495	-0.961319	-0.744095	-0.568271	-0.488462	-0.479926	-0.480953	-0.427539	-0.389425	-0.389847	-0.406892	-0.389963	-0.376611	-0.403633	-0.399469	-0.386235	-0.400114	-0.450388	-0.486664	-0.469823	-0.496475	-0.58324	-0.730221	-0.832531	-0.831142	-0.669048	-0.364542	0.0867048	0.655684	1.28524	1.92046	2.49247	2.96466	3.29003	3.43468	3.40513	3.22534	2.90633	2.476	2.02403	1.62694	1.31482	1.07297	0.877007	0.708665	0.558814	0.428315	0.316007	0.224846	0.154505	0.107798	0.086481	0.0888077	0.115152	0.166687	0.241079	0.336624	0.452762	0.585653	0.734462	0.89289	1.05745	1.22251	1.38148	1.52807	1.65506	1.75821	1.83011	1.87336	1.87298	1.8351	1.76219	1.64601	1.50152	1.3303	1.13223	0.927652	0.725861	0.52404	0.336692	0.192897	0.113623	0.108305	0.188082	0.368623	0.648159	0.978805	1.27535	1.47298	1.56006	1.53043	1.35666	
1.11422	0.737668	0.296951	-0.165494	-0.587549	-0.929816	-1.15547	-1.24181	-1.18862	-1.02947	-0.815496	-0.623843	-0.506427	-0.486819	-0.498972	-0.482873	-0.430151	-0.392532	-0.406476	-0.392461	-0.378589	-0.402632	-0.398476	-0.400153	-0.455215	-0.491849	-0.494118	-0.474344	-0.516159	-0.621218	-0.749633	-0.804768	-0.747252	-0.532885	-0.188	0.300767	0.884675	1.50698	2.12083	2.65822	3.07985	3.35045	3.43343	3.34165	3.11192	2.736	2.26053	1.77599	1.35681	1.02402	0.762648	0.545211	0.358279	0.192363	0.0476565	-0.0741303	-0.173533	-0.246854	-0.294806	-0.318276	-0.315669	-0.287244	-0.234584	-0.155851	-0.0512407	0.0747137	0.22246	0.38851	0.568162	0.758242	0.951948	1.1432	1.32684	1.49316	1.63929	1.75291	1.83011	1.87407	1.86953	1.82678	1.74042	1.61304	1.45757	1.27023	1.06269	0.85468	0.646934	0.443388	0.270065	0.157158	0.122793	0.179401	0.340737	0.606289	0.932987	1.2375	1.45001	1.55429	1.54645	1.3987	
1.19154	0.838448	0.414816	-0.040351	-0.470501	-0.83852	-1.09714	-1.22944	-1.2263	-1.10971	-0.914269	-0.708233	-0.552555	-0.488772	-0.491991	-0.503979	-0.474427	-0.441133	-0.438714	-0.431589	-0.425959	-0.43748	-0.437504	-0.450648	-0.49222	-0.498682	-0.481974	-0.4859	-0.560725	-0.679498	-0.776271	-0.778507	-0.647965	-0.382555	0.0105936	0.534609	1.12534	1.7379	2.32313	2.81228	3.17644	3.38213	3.39324	3.24228	2.94829	2.51457	2.00147	1.49023	1.0557	0.706492	0.428316	0.195572	-0.00651087	-0.181944	-0.334014	-0.460476	-0.559791	-0.635424	-0.685225	-0.708557	-0.70615	-0.677707	-0.622425	-0.541521	-0.437116	-0.306106	-0.149981	0.0276944	0.224177	0.436221	0.655365	0.879336	1.09443	1.30021	1.48016	1.63929	1.75821	1.83903	1.87503	1.86363	1.80917	1.70565	1.56653	1.39473	1.19166	0.978807	0.766668	0.553939	0.357992	0.212642	0.145425	0.173166	0.309397	0.555568	0.874803	1.1872	1.41743	1.54256	1.56089	1.44571	
1.2759	0.954563	0.55507	0.108525	-0.324221	-0.711922	-1.01008	-1.19255	-1.24931	-1.18135	-1.02812	-0.829038	-0.646119	-0.52664	-0.484311	-0.49326	-0.494471	-0.481689	-0.46677	-0.466652	-0.469968	-0.463617	-0.471958	-0.487875	-0.496201	-0.484507	-0.48338	-0.539449	-0.644133	-0.756779	-0.800498	-0.732772	-0.536665	-0.210243	0.235562	0.787807	1.38115	1.97557	2.51996	2.9523	3.25272	3.38184	3.3174	3.10038	2.74162	2.25752	1.70205	1.17524	0.729403	0.37499	0.0861389	-0.154873	-0.364594	-0.545537	-0.697984	-0.82525	-0.925059	-0.995785	-1.04168	-1.0636	-1.06135	-1.03455	-0.983447	-0.907148	-0.802366	-0.670057	-0.511781	-0.328731	-0.120751	0.104392	0.344759	0.591833	0.838947	1.07763	1.30021	1.49316	1.65505	1.77517	1.85128	1.87489	1.85257	1.77806	1.6578	1.50302	1.31097	1.09707	0.880929	0.663198	0.451788	0.277992	0.176705	0.171213	0.27679	0.497664	0.80451	1.12306	1.37287	1.52203	1.57003	1.49276	
1.36199	1.07793	0.712643	0.284614	-0.148094	-0.550995	-0.886753	-1.1165	-1.23686	-1.23757	-1.14223	-0.974107	-0.792216	-0.630581	-0.535297	-0.492062	-0.479689	-0.472534	-0.463777	-0.463859	-0.464409	-0.464197	-0.466782	-0.474446	-0.482444	-0.49776	-0.55165	-0.647866	-0.764783	-0.836795	-0.812835	-0.663146	-0.389869	-0.00560205	0.488106	1.06196	1.64692	2.21491	2.70948	3.07673	3.30347	3.34725	3.20692	2.92245	2.49877	1.96072	1.37936	0.844708	0.397759	0.0413215	-0.251042	-0.496557	-0.705752	-0.884952	-1.03188	-1.1491	-1.23951	-1.3054	-1.34682	-1.36619	-1.36412	-1.34022	-1.2939	-1.22374	-1.12834	-1.00437	-0.852463	-0.669069	-0.458632	-0.224506	0.0319203	0.298032	0.572329	0.838947	1.09443	1.32684	1.52807	1.68651	1.80182	1.86257	1.87218	1.82938	1.73189	1.59467	1.41773	1.20788	0.988726	0.767896	0.546958	0.350304	0.216304	0.175135	0.245464	0.435013	0.723161	1.04408	1.31391	1.48949	1.56966	1.53522	
1.44475	1.20386	0.878963	0.480238	0.0558747	-0.351561	-0.717432	-0.996496	-1.18164	-1.24981	-1.22366	-1.11528	-0.962364	-0.799181	-0.665598	-0.575078	-0.529386	-0.502884	-0.483514	-0.477402	-0.475703	-0.475857	-0.491551	-0.511518	-0.541642	-0.598706	-0.691253	-0.805509	-0.889219	-0.897554	-0.783522	-0.55274	-0.210139	0.237572	0.772406	1.35326	1.92235	2.45467	2.88577	3.17999	3.32514	3.27976	3.06342	2.70858	2.22332	1.64175	1.04094	0.506683	0.0692721	-0.282664	-0.569338	-0.811738	-1.01383	-1.18237	-1.31775	-1.42215	-1.49918	-1.55056	-1.58167	-1.59583	-1.59418	-1.57655	-1.54205	-1.48624	-1.40333	-1.29343	-1.15204	-0.977522	-0.772643	-0.535624	-0.274993	0.00614037	0.298032	0.591833	0.879336	1.1432	1.38148	1.57869	1.73099	1.83018	1.87186	1.86044	1.78907	1.67025	1.51029	1.3094	1.08942	0.866249	0.639902	0.426299	0.263005	0.185902	0.217947	0.370674	0.632767	0.949924	1.23831	1.44185	1.55505	1.56661	
1.51584	1.3259	1.0472	0.689897	0.283793	-0.120733	-0.505263	-0.823118	-1.06072	-1.20767	-1.25549	-1.22044	-1.12298	-0.991282	-0.86009	-0.745125	-0.663155	-0.60744	-0.575723	-0.558748	-0.552613	-0.564314	-0.586563	-0.625322	-0.688574	-0.776553	-0.879589	-0.965272	-0.990215	-0.909983	-0.704553	-0.389022	0.0278254	0.52076	1.08438	1.66118	2.20314	2.68525	3.04275	3.2591	3.31426	3.17825	2.88798	2.46508	1.92191	1.30372	0.701225	0.179116	-0.244003	-0.584354	-0.862483	-1.09261	-1.2808	-1.43011	-1.54372	-1.62504	-1.68039	-1.7172	-1.73713	-1.74465	-1.74376	-1.73402	-1.71127	-1.67127	-1.61124	-1.5235	-1.40349	-1.24709	-1.05388	-0.824719	-0.562408	-0.274993	0.0319203	0.344759	0.655365	0.951948	1.22251	1.45641	1.64335	1.77951	1.85452	1.8738	1.83053	1.73124	1.58837	1.39999	1.18224	0.957364	0.728088	0.50283	0.314917	0.203708	0.196427	0.308148	0.536489	0.841352	1.14413	1.37632	1.52241	1.57983	
1.56593	1.4359	1.20837	0.901954	0.528698	0.138573	-0.247396	-0.598227	-0.883397	-1.08914	-1.21056	-1.25426	-1.2277	-1.15549	-1.05757	-0.957937	-0.875538	-0.808721	-0.764366	-0.740567	-0.734606	-0.746295	-0.781613	-0.831339	-0.900692	-0.982175	-1.05331	-1.08415	-1.02218	-0.848283	-0.550409	-0.161304	0.308507	0.845751	1.42304	1.97611	2.4813	2.8997	3.1758	3.30827	3.26784	3.04473	2.68255	2.19461	1.60213	0.963466	0.368652	-0.132018	-0.532045	-0.855914	-1.1167	-1.32933	-1.49477	-1.61834	-1.70426	-1.75735	-1.78525	-1.79526	-1.79696	-1.79749	-1.79727	-1.7966	-1.79451	-1.78148	-1.7484	-1.69019	-1.59692	-1.46543	-1.29359	-1.07696	-0.824719	-0.535624	-0.224506	0.104392	0.436221	0.758242	1.05745	1.32478	1.54507	1.71562	1.82318	1.87142	1.85691	1.77912	1.65311	1.47891	1.26636	1.04072	0.809888	0.577201	0.369782	0.227954	0.182456	0.251042	0.438692	0.720808	1.0303	1.29015	1.46899	1.56917	
1.58595	1.52329	1.35389	1.10518	0.779511	0.414554	0.0400455	-0.319766	-0.633584	-0.898657	-1.08187	-1.20141	-1.24649	-1.24473	-1.20089	-1.1421	-1.07598	-1.02102	-0.982668	-0.957403	-0.95272	-0.966291	-0.994671	-1.04057	-1.09312	-1.14719	-1.16457	-1.11785	-0.968947	-0.700909	-0.324179	0.129122	0.649027	1.20393	1.77206	2.29367	2.74844	3.08751	3.27885	3.32222	3.18325	2.87875	2.4505	1.90322	1.27102	0.629043	0.0582782	-0.413691	-0.789766	-1.09141	-1.33205	-1.51773	-1.65411	-1.74255	-1.79103	-1.80841	-1.80353	-1.79025	-1.77369	-1.76126	-1.76278	-1.77692	-1.79328	-1.80535	-1.80719	-1.78418	-1.72829	-1.63111	-1.48608	-1.29359	-1.05388	-0.772643	-0.458632	-0.120751	0.224177	0.568162	0.89289	1.18969	1.44033	1.64202	1.78183	1.85778	1.87015	1.81449	1.70545	1.54625	1.34131	1.11603	0.88434	0.647285	0.425258	0.257349	0.17671	0.202581	0.344655	0.592914	0.897484	1.18071	1.39249	1.53116	
1.57005	1.57704	1.47271	1.28633	1.02126	0.697215	0.352254	-0.00840922	-0.336113	-0.625349	-0.864202	-1.04008	-1.15995	-1.22306	-1.24537	-1.23958	-1.21685	-1.1909	-1.16468	-1.14858	-1.14834	-1.1558	-1.17179	-1.19777	-1.2192	-1.21522	-1.17072	-1.04006	-0.808737	-0.45418	-0.0187251	0.485256	1.01794	1.58374	2.12847	2.59985	2.98805	3.24079	3.34598	3.29362	3.06043	2.68533	2.19487	1.5967	0.942913	0.314286	-0.223987	-0.660959	-1.00911	-1.28665	-1.50095	-1.65678	-1.75684	-1.80573	-1.81268	-1.7869	-1.74317	-1.69545	-1.65781	-1.64082	-1.64261	-1.66377	-1.70475	-1.75247	-1.79374	-1.8148	-1.79928	-1.74138	-1.63111	-1.46543	-1.24709	-0.977522	-0.669069	-0.328731	0.0276944	0.38851	0.734462	1.05575	1.33471	1.56455	1.73313	1.83522	1.8733	1.83942	1.7465	1.60219	1.40675	1.18316	0.950975	0.71154	0.479138	0.290088	0.178855	0.165047	0.259868	0.464495	0.749361	1.04647	1.29027	1.46428	
1.51531	1.58821	1.5549	1.43259	1.23833	0.966593	0.661678	0.338217	0.00432174	-0.297547	-0.56835	-0.787068	-0.959812	-1.08029	-1.16197	-1.20512	-1.22634	-1.23516	-1.23498	-1.23295	-1.2319	-1.23228	-1.23427	-1.22866	-1.20912	-1.15681	-1.04692	-0.848507	-0.541381	-0.131748	0.352452	0.875961	1.42223	1.97426	2.46292	2.88044	3.18996	3.35239	3.36921	3.21913	2.9025	2.46631	1.92002	1.28304	0.627565	0.0312354	-0.467739	-0.871261	-1.19184	-1.44235	-1.62719	-1.74692	-1.80624	-1.81013	-1.76991	-1.70267	-1.62083	-1.54562	-1.48915	-1.45852	-1.46214	-1.49865	-1.5592	-1.63734	-1.71821	-1.78043	-1.81323	-1.79928	-1.72829	-1.59692	-1.40349	-1.15204	-0.852463	-0.511781	-0.149981	0.22246	0.585653	0.928593	1.23162	1.48596	1.68187	1.80774	1.86862	1.85582	1.77805	1.64742	1.46244	1.24195	1.00961	0.768951	0.529511	0.324081	0.187596	0.139309	0.189001	0.343798	0.593361	0.888936	1.15978	1.36745	
1.42186	1.54931	1.59109	1.53447	1.41027	1.21481	0.952825	0.670049	0.370959	0.0739811	-0.203153	-0.450611	-0.658381	-0.824304	-0.951567	-1.04311	-1.10586	-1.14275	-1.16755	-1.17896	-1.17934	-1.17374	-1.15775	-1.12577	-1.06908	-0.968738	-0.802474	-0.54711	-0.185772	0.265531	0.773484	1.29726	1.8302	2.33235	2.7743	3.12287	3.33763	3.41537	3.34018	3.09759	2.71505	2.22593	1.63039	0.976243	0.34116	-0.213691	-0.670049	-1.04138	-1.33655	-1.56001	-1.71406	-1.79521	-1.81244	-1.76774	-1.6811	-1.56796	-1.4512	-1.35542	-1.29456	-1.26873	-1.27151	-1.30398	-1.37217	-1.47336	-1.59171	-1.70133	-1.78043	-1.8148	-1.78418	-1.69019	-1.5235	-1.29343	-1.00437	-0.670057	-0.306106	0.0747137	0.452762	0.811354	1.13593	1.41129	1.6299	1.7773	1.85862	1.86575	1.80213	1.68322	1.50842	1.29215	1.06012	0.818899	0.574855	0.357218	0.200903	0.124639	0.134857	0.238921	0.440293	0.714422	1.0003	1.23988	
1.29352	1.45874	1.56832	1.58794	1.5246	1.40558	1.22097	0.983827	0.724154	0.453687	0.190636	-0.0566858	-0.277322	-0.467351	-0.62205	-0.745113	-0.837503	-0.904529	-0.947238	-0.970011	-0.977223	-0.962587	-0.93234	-0.875651	-0.78601	-0.650517	-0.448074	-0.154436	0.235508	0.703338	1.20442	1.71192	2.20861	2.66564	3.0413	3.29443	3.42838	3.4235	3.25346	2.93718	2.50301	1.96583	1.33699	0.691001	0.0964832	-0.411716	-0.832855	-1.17487	-1.44727	-1.64336	-1.76663	-1.80979	-1.78351	-1.69616	-1.5632	-1.41682	-1.27704	-1.16717	-1.11318	-1.10074	-1.10168	-1.11983	-1.18495	-1.30381	-1.44622	-1.59171	-1.71821	-1.79374	-1.80719	-1.7484	-1.61124	-1.40333	-1.12834	-0.802366	-0.437116	-0.0512407	0.336624	0.70838	1.0509	1.34313	1.58163	1.74823	1.84537	1.86978	1.82002	1.71129	1.54536	1.33364	1.10238	0.861001	0.614037	0.387594	0.216388	0.118912	0.0976806	0.155819	0.302503	0.535039	0.81537	1.08068	
1.13277	1.32617	1.47947	1.57552	1.58669	1.52748	1.41762	1.25515	1.05215	0.824662	0.588509	0.357246	0.141286	-0.0523986	-0.219102	-0.357839	-0.464552	-0.545854	-0.600718	-0.63104	-0.638569	-0.622416	-0.581011	-0.510597	-0.405068	-0.252075	-0.0276561	0.282402	0.681739	1.14424	1.6267	2.10092	2.54706	2.93673	3.22435	3.40177	3.462	3.36221	3.11341	2.7473	2.26984	1.69314	1.0572	0.447179	-0.0995381	-0.561432	-0.955589	-1.27477	-1.52829	-1.69871	-1.79337	-1.8002	-1.73411	-1.60763	-1.43859	-1.27162	-1.13243	-1.04204	-1.01037	-1.01056	-1.00991	-1.01313	-1.05513	-1.15672	-1.30381	-1.47336	-1.63734	-1.75247	-1.80535	-1.78148	-1.67127	-1.48624	-1.22374	-0.907148	-0.541521	-0.155851	0.241079	0.622509	0.978409	1.28607	1.53843	1.72162	1.83276	1.87026	1.83223	1.73252	1.57409	1.36657	1.13631	0.89501	0.646258	0.413655	0.231723	0.119175	0.075215	0.0965954	0.190563	0.367487	0.616308	0.890011	
0.937081	1.16059	1.34035	1.48407	1.57355	1.58944	1.54238	1.44709	1.31132	1.14496	0.958421	0.763546	0.570759	0.390426	0.228851	0.0884978	-0.0267151	-0.113133	-0.173871	-0.208484	-0.214881	-0.19776	-0.150092	-0.0743519	0.0382828	0.200671	0.429024	0.736791	1.12543	1.56216	2.00441	2.42274	2.80441	3.12109	3.33767	3.44323	3.41295	3.23386	2.93931	2.53334	2.01575	1.42329	0.815104	0.256383	-0.241644	-0.669559	-1.042	-1.34579	-1.58262	-1.73417	-1.8013	-1.78207	-1.67881	-1.52479	-1.33238	-1.15355	-1.03724	-0.980872	-0.978593	-1.0013	-0.99744	-0.975316	-0.987818	-1.05513	-1.18495	-1.37217	-1.5592	-1.70475	-1.79328	-1.79451	-1.71127	-1.54205	-1.2939	-0.983447	-0.622425	-0.234584	0.166687	0.55649	0.921165	1.24024	1.50357	1.69928	1.82198	1.86941	1.84013	1.74758	1.5952	1.39121	1.1619	0.920787	0.670985	0.434247	0.244958	0.122387	0.0635667	0.0590861	0.109702	0.228265	0.423506	0.676366	
0.71122	0.957616	1.16684	1.33669	1.47261	1.56186	1.59143	1.56476	1.4923	1.38544	1.25454	1.10913	0.957299	0.807613	0.668775	0.545981	0.440354	0.357745	0.299589	0.266145	0.25889	0.277496	0.322861	0.396248	0.50399	0.656484	0.867917	1.15489	1.51215	1.90661	2.29667	2.65732	2.97729	3.22537	3.36637	3.38873	3.28683	3.06503	2.73664	2.2932	1.75677	1.18455	0.63101	0.125147	-0.33287	-0.739132	-1.09798	-1.39133	-1.61568	-1.75331	-1.7998	-1.76141	-1.63325	-1.46194	-1.26349	-1.09105	-1.0015	-0.972923	-0.976315	-0.99169	-0.989359	-0.973705	-0.975316	-1.01313	-1.11983	-1.30398	-1.49865	-1.66377	-1.77692	-1.7966	-1.73402	-1.57655	-1.34022	-1.03455	-0.677707	-0.287244	0.115152	0.511936	0.881163	1.20847	1.48018	1.6824	1.81298	1.86835	1.84516	1.75731	1.60911	1.40775	1.17921	0.93827	0.68789	0.448592	0.254672	0.126007	0.0584929	0.0381189	0.0583139	0.127045	0.260242	0.463014	
0.481415	0.719355	0.952564	1.15217	1.31509	1.44529	1.53731	1.58355	1.58314	1.54187	1.46917	1.37522	1.26897	1.15748	1.04846	0.949594	0.864354	0.795197	0.745843	0.717603	0.710732	0.727149	0.765475	0.828913	0.921439	1.05314	1.24033	1.49663	1.81443	2.16219	2.49803	2.79766	3.0484	3.22154	3.28985	3.2546	3.11593	2.86395	2.50171	2.03919	1.52328	1.00578	0.510877	0.0506202	-0.380856	-0.775269	-1.12582	-1.41557	-1.63105	-1.7622	-1.79681	-1.74587	-1.60913	-1.42402	-1.23447	-1.07528	-1.00356	-0.997831	-0.984137	-0.959615	-0.963652	-0.989359	-0.99744	-1.00991	-1.10168	-1.27151	-1.46214	-1.64261	-1.76278	-1.79727	-1.74376	-1.59418	-1.36412	-1.06135	-0.70615	-0.315669	0.0888077	0.486744	0.860666	1.19097	1.46691	1.67419	1.80831	1.86719	1.84749	1.76233	1.61633	1.41635	1.18826	0.94743	0.696789	0.456221	0.259969	0.128275	0.0564662	0.0277108	0.0297115	0.0632456	0.141502	0.280383	
0.285216	0.476757	0.700486	0.92161	1.11502	1.27439	1.4018	1.49705	1.55765	1.58269	1.5749	1.54032	1.48673	1.42118	1.3499	1.27981	1.2172	1.1653	1.12718	1.10513	1.09994	1.11249	1.14286	1.19274	1.26602	1.37262	1.52792	1.74319	2.01266	2.3051	2.57907	2.81261	2.99814	3.1143	3.13901	3.072	2.90376	2.62203	2.24779	1.80988	1.35042	0.897343	0.452846	0.0234223	-0.392747	-0.781037	-1.12886	-1.41814	-1.63251	-1.7633	-1.79661	-1.74435	-1.60707	-1.42009	-1.23215	-1.07459	-1.00465	-1.00193	-0.985468	-0.954756	-0.959615	-0.99169	-1.0013	-1.01056	-1.10074	-1.26873	-1.45852	-1.64082	-1.76126	-1.79749	-1.74465	-1.59583	-1.36619	-1.0636	-0.708557	-0.318276	0.0864809	0.484327	0.858858	1.18935	1.46559	1.67348	1.80791	1.86705	1.84768	1.76279	1.61699	1.41713	1.18908	0.948258	0.697593	0.456902	0.260385	0.128183	0.0551329	0.0228884	0.0157075	0.0284597	0.0678022	0.148707	
0.146701	0.273861	0.449435	0.655187	0.863465	1.05192	1.21086	1.33932	1.43869	1.50999	1.55428	1.57389	1.57292	1.55656	1.52961	1.49679	1.46337	1.43371	1.41084	1.39716	1.39409	1.402	1.42139	1.45297	1.50068	1.57392	1.6875	1.85442	2.07158	2.30954	2.52962	2.71311	2.85585	2.93726	2.93169	2.83586	2.64538	2.36201	2.01949	1.64341	1.2525	0.85333	0.445749	0.0345459	-0.373597	-0.758116	-1.1084	-1.39869	-1.62049	-1.75603	-1.79931	-1.7576	-1.62659	-1.45219	-1.25471	-1.08505	-0.999752	-0.976667	-0.97772	-0.985468	-0.984137	-0.976315	-0.978593	-1.01037	-1.11318	-1.29456	-1.48915	-1.65781	-1.77369	-1.79696	-1.73713	-1.58167	-1.34683	-1.04168	-0.685225	-0.294806	0.107798	0.505257	0.875417	1.20385	1.47672	1.68003	1.81163	1.86806	1.84582	1.75872	1.61112	1.41011	1.18167	0.940752	0.690292	0.450593	0.255785	0.125307	0.0532283	0.0204113	0.00953064	0.0119839	0.0287007	0.0688799	
0.0654756	0.135611	0.247871	0.402138	0.585568	0.777533	0.958896	1.11797	1.25041	1.3562	1.43703	1.49521	1.53362	1.55589	1.56581	1.56677	1.56209	1.55511	1.54843	1.54398	1.54302	1.54598	1.55315	1.56549	1.58708	1.62761	1.70289	1.82818	2.00272	2.19963	2.38167	2.5297	2.63953	2.69138	2.66145	2.55362	2.37592	2.13617	1.85991	1.55291	1.21931	0.861099	0.475084	0.0773295	-0.326375	-0.709369	-1.0632	-1.35913	-1.59138	-1.73925	-1.8012	-1.77802	-1.66827	-1.51066	-1.31522	-1.13627	-1.02567	-0.974889	-0.976667	-1.00193	-0.997831	-0.972923	-0.980872	-1.04204	-1.16717	-1.35542	-1.54562	-1.69545	-1.79025	-1.79526	-1.7172	-1.55056	-1.3054	-0.995786	-0.635425	-0.246855	0.154502	0.54581	0.911661	1.23265	1.49799	1.69545	1.81993	1.86912	1.84135	1.75	1.59859	1.39517	1.16601	0.92492	0.674941	0.437415	0.246293	0.119618	0.0502522	0.0185811	0.0068771	0.00511846	0.0108538	0.0279245	
0.0254579	0.0580148	0.117268	0.210894	0.339897	0.496438	0.666374	0.834639	0.989644	1.12474	1.23743	1.32794	1.39799	1.45021	1.48774	1.51365	1.5306	1.54103	1.54693	1.54978	1.55046	1.54941	1.5469	1.54416	1.54532	1.56013	1.60476	1.69549	1.83383	1.99583	2.14509	2.2622	2.34601	2.38374	2.35796	2.27795	2.15333	1.98174	1.77515	1.5275	1.23483	0.90481	0.534091	0.146991	-0.252491	-0.634972	-0.992692	-1.2961	-1.54229	-1.70728	-1.79623	-1.79706	-1.72337	-1.58991	-1.41543	-1.2446	-1.10931	-1.02567	-0.999752	-1.00465	-1.00356	-1.0015	-1.03724	-1.13243	-1.27704	-1.4512	-1.62083	-1.74317	-1.80353	-1.78525	-1.68039	-1.49918	-1.23952	-0.925064	-0.559799	-0.173543	0.224833	0.607685	0.965642	1.27594	1.53058	1.7167	1.83042	1.87013	1.83413	1.73605	1.57895	1.37217	1.14207	0.900777	0.651669	0.417652	0.232251	0.111353	0.0461544	0.0167011	0.0055431	0.00251547	0.00377574	0.00996845	
0.00867686	0.0215687	0.0478182	0.0946365	0.168017	0.269756	0.395884	0.537672	0.684461	0.826523	0.956721	1.07085	1.16718	1.2458	1.30801	1.35579	1.39125	1.41633	1.43267	1.4415	1.44355	1.43919	1.4287	1.4132	1.39655	1.38805	1.40367	1.46094	1.56514	1.69727	1.82404	1.92753	2.0112	2.0692	2.08486	2.0627	2.00664	1.90127	1.74901	1.54517	1.2811	0.971775	0.617513	0.238821	-0.152527	-0.535633	-0.893983	-1.20806	-1.46898	-1.65701	-1.77446	-1.80927	-1.77498	-1.67893	-1.53807	-1.38696	-1.2446	-1.13627	-1.08505	-1.07459	-1.07528	-1.09105	-1.15355	-1.27162	-1.41682	-1.56796	-1.70267	-1.7869	-1.80841	-1.75735	-1.62505	-1.42216	-1.14912	-0.825278	-0.460516	-0.0741829	0.315941	0.689961	1.03524	1.33062	1.57249	1.74265	1.84271	1.8701	1.8229	1.71609	1.55177	1.34092	1.10981	0.868361	0.620703	0.391765	0.214199	0.100935	0.0411225	0.0145973	0.00460887	0.00153123	0.00129627	0.00316772	
