1.36839	1.5979	1.74279	1.79694	1.77293	1.65818	1.50052	1.32923	1.14187	0.981443	0.906999	0.928395	1.01054	1.11271	1.20992	1.29206	1.35678	1.40436	1.43617	1.45364	1.45761	1.44823	1.42511	1.38715	1.33274	1.26031	1.16848	1.05603	0.923045	0.772341	0.610813	0.449512	0.302244	0.182188	0.0968414	0.0448669	0.0180088	0.00625454	0.00188372	0.000494116	0.000113503	2.29679e-05	4.11869e-06	6.58307e-07	9.42987e-08	1.21678e-08	1.42145e-09	1.5242e-10	1.95701e-11	1.53595e-11	3.59069e-11	8.18736e-11	1.68547e-10	3.13506e-10	5.29846e-10	8.29184e-10	1.34681e-09	3.66514e-09	2.28042e-08	1.84602e-07	1.43058e-06	1.00191e-05	6.25639e-05	0.000345378	0.00167062	0.00701	0.0252284	0.0769039	0.196004	0.413069	0.717294	1.042	1.32366	1.55566	1.72479	1.78702	1.75535	1.63465	1.41781	1.15569	0.845901	0.522517	0.202242	-0.0904128	-0.346417	-0.553529	-0.711927	-0.826031	-0.892986	-0.917205	-0.901351	-0.842816	-0.736979	-0.589486	-0.391736	-0.144676	0.140209	0.45835	0.780461	1.09751	
1.5979	1.7391	1.79472	1.79376	1.72183	1.60207	1.48462	1.36173	1.23567	1.15619	1.15708	1.22319	1.31761	1.41189	1.4929	1.5569	1.60416	1.63656	1.65726	1.66823	1.67065	1.66489	1.65011	1.62493	1.58689	1.53281	1.46052	1.36763	1.25165	1.11051	0.94461	0.759122	0.565336	0.381323	0.227809	0.118482	0.0531151	0.0204577	0.00678055	0.00194277	0.000484125	0.000105623	2.03106e-05	3.46459e-06	5.27444e-07	7.20681e-08	8.88888e-09	1.01158e-09	1.58912e-10	1.67778e-10	3.89829e-10	8.60534e-10	1.71897e-09	3.11267e-09	5.12958e-09	7.72633e-09	1.07128e-08	1.41555e-08	2.22571e-08	7.60829e-08	5.03974e-07	3.62635e-06	2.39403e-05	0.000140733	0.000728606	0.00329018	0.012822	0.0426131	0.11924	0.277472	0.532499	0.84614	1.14602	1.39936	1.6118	1.74879	1.78553	1.75121	1.63172	1.43773	1.20316	0.938299	0.668163	0.40698	0.16943	-0.0331915	-0.197093	-0.311474	-0.381827	-0.409966	-0.39165	-0.329806	-0.223682	-0.068906	0.125824	0.357808	0.614841	0.884696	1.15191	1.39465	
1.74279	1.79472	1.79871	1.75345	1.66665	1.59075	1.52628	1.44424	1.36917	1.34866	1.39199	1.47238	1.55913	1.63435	1.69123	1.72917	1.75109	1.76237	1.7678	1.76968	1.7698	1.76928	1.76623	1.7587	1.74366	1.71582	1.66995	1.60295	1.51223	1.39575	1.25106	1.07763	0.877779	0.659981	0.444955	0.262096	0.132618	0.0572318	0.0210684	0.00664602	0.00180863	0.000427823	8.86349e-05	1.62004e-05	2.63011e-06	3.81657e-07	4.98437e-08	6.0792e-09	1.24908e-09	1.69391e-09	3.86875e-09	8.25575e-09	1.59854e-08	2.81607e-08	4.53189e-08	6.68825e-08	9.08282e-08	1.1392e-07	1.33468e-07	1.58089e-07	2.87476e-07	1.28445e-06	8.23787e-06	5.10375e-05	0.000282587	0.00137407	0.0058044	0.0210659	0.064897	0.167595	0.358902	0.634768	0.939319	1.21204	1.4459	1.64088	1.75561	1.78537	1.75372	1.65355	1.49857	1.3044	1.09151	0.874538	0.673225	0.49354	0.346975	0.236022	0.166541	0.142513	0.158574	0.21796	0.321488	0.461151	0.635225	0.832489	1.04844	1.26253	1.46331	1.62667	
1.79694	1.79376	1.75345	1.68907	1.64497	1.62639	1.58808	1.52771	1.49574	1.52215	1.59042	1.6676	1.73005	1.76852	1.78233	1.77731	1.76138	1.74354	1.72679	1.71575	1.713	1.71907	1.73307	1.75082	1.76824	1.78096	1.77903	1.75504	1.7024	1.61812	1.50056	1.35003	1.16941	0.959571	0.723852	0.484017	0.278688	0.136095	0.0561773	0.0196747	0.00588896	0.00151935	0.00034083	6.703e-05	1.1646e-05	1.80027e-06	2.49784e-07	3.3206e-08	9.58149e-09	1.56946e-08	3.49406e-08	7.19687e-08	1.34916e-07	2.30983e-07	3.62691e-07	5.24353e-07	7.003e-07	8.66372e-07	9.95217e-07	1.06609e-06	1.09369e-06	1.30141e-06	3.28321e-06	1.70111e-05	9.75019e-05	0.000508121	0.00232389	0.00920475	0.0312173	0.0895821	0.215037	0.428239	0.708492	0.995083	1.24518	1.46366	1.64365	1.75157	1.78707	1.76499	1.69271	1.57938	1.43828	1.28272	1.12703	0.983181	0.86251	0.770641	0.712451	0.688026	0.704624	0.756329	0.841326	0.956888	1.09647	1.25125	1.40764	1.55318	1.67345	1.75668	
1.77293	1.72183	1.66665	1.64497	1.65981	1.66036	1.62402	1.59632	1.61892	1.6792	1.74194	1.78119	1.78834	1.76548	1.7207	1.66514	1.60841	1.55736	1.51562	1.4909	1.48591	1.49815	1.53038	1.57692	1.63087	1.68791	1.74046	1.77726	1.7877	1.76129	1.69213	1.57588	1.41644	1.22497	1.0045	0.752744	0.493348	0.274461	0.128115	0.0502231	0.0166522	0.00471428	0.00115086	0.000244565	4.56359e-05	7.53823e-06	1.11597e-06	1.6662e-07	7.15243e-08	1.32529e-07	2.85765e-07	5.6721e-07	1.0281e-06	1.70862e-06	2.61509e-06	3.70068e-06	4.85845e-06	5.93387e-06	6.75667e-06	7.18375e-06	7.14346e-06	6.70201e-06	6.38623e-06	9.26879e-06	3.29139e-05	0.000167985	0.000820639	0.00353419	0.0131607	0.0418767	0.11261	0.253475	0.475364	0.748031	1.01544	1.24808	1.45182	1.62016	1.73189	1.78311	1.78272	1.74093	1.66734	1.57595	1.47583	1.37884	1.29028	1.2221	1.17902	1.16137	1.17296	1.21175	1.27463	1.36012	1.45573	1.55638	1.65004	1.72895	1.7791	1.79493	
1.65818	1.60207	1.59075	1.62639	1.66036	1.65619	1.64793	1.68055	1.73798	1.78265	1.79523	1.76861	1.70845	1.62142	1.5207	1.41514	1.31641	1.22923	1.16599	1.12844	1.11996	1.1406	1.18811	1.26169	1.35545	1.45708	1.56253	1.65833	1.73588	1.78116	1.78424	1.73499	1.62385	1.45428	1.24895	1.01476	0.745558	0.47179	0.25022	0.110504	0.0408434	0.0127585	0.00340551	0.000785085	0.000157865	2.79498e-05	4.44302e-06	7.84521e-07	5.12259e-07	1.01293e-06	2.10483e-06	4.01891e-06	7.0329e-06	1.13311e-05	1.68855e-05	2.3368e-05	3.01372e-05	3.63232e-05	4.10019e-05	4.34098e-05	4.31366e-05	4.02428e-05	3.53275e-05	2.99604e-05	2.99125e-05	6.32731e-05	0.000264172	0.00119451	0.00484448	0.0170068	0.0510028	0.129402	0.275857	0.493894	0.751625	1.00181	1.22102	1.41106	1.56948	1.68619	1.75722	1.78662	1.77992	1.74708	1.69921	1.64694	1.59645	1.55343	1.52452	1.51455	1.52107	1.54642	1.58707	1.63641	1.68901	1.73843	1.77551	1.78929	1.77208	1.72468	
1.50052	1.48462	1.52628	1.58808	1.62402	1.64793	1.70191	1.76637	1.79821	1.79232	1.74095	1.64588	1.51537	1.36075	1.19785	1.03843	0.89702	0.780452	0.697809	0.648474	0.63531	0.664493	0.726957	0.823878	0.951171	1.10119	1.26331	1.42462	1.57079	1.68825	1.76348	1.78708	1.75273	1.64462	1.46312	1.24312	0.991027	0.702504	0.422088	0.210525	0.0870996	0.0301482	0.00883235	0.00221618	0.000481575	9.16616e-05	1.582e-05	3.57954e-06	3.4482e-06	6.95804e-06	1.38763e-05	2.54383e-05	4.29074e-05	6.69223e-05	9.69777e-05	0.000131116	0.000165984	0.000197312	0.000220727	0.000232694	0.00023133	0.000216854	0.000191552	0.000159374	0.000125937	0.000102585	0.00013074	0.000388918	0.00157518	0.00599816	0.0199001	0.0565178	0.136276	0.277975	0.481485	0.719168	0.953259	1.16198	1.34156	1.4914	1.60908	1.69442	1.74906	1.77557	1.78051	1.77186	1.75822	1.74341	1.73169	1.72724	1.73028	1.74056	1.75522	1.76936	1.77977	1.77827	1.75741	1.71156	1.64336	1.5644	
1.32923	1.36173	1.44424	1.52771	1.59632	1.68055	1.76637	1.80142	1.78866	1.72377	1.59238	1.41681	1.20594	0.985138	0.765558	0.566513	0.393715	0.256052	0.15524	0.0999396	0.087247	0.116509	0.191452	0.307489	0.458623	0.643899	0.851115	1.07391	1.29216	1.49126	1.65045	1.75317	1.78539	1.75553	1.6391	1.44243	1.20695	0.931657	0.625603	0.351035	0.162629	0.0624908	0.0201377	0.00551109	0.00129672	0.000266201	5.09736e-05	1.63395e-05	2.13573e-05	4.26389e-05	8.13139e-05	0.000142818	0.000231764	0.000349367	0.000491636	0.000648652	0.00080532	0.000943584	0.00104564	0.00109742	0.00109153	0.00102881	0.000918186	0.000774765	0.000616947	0.000464112	0.000340086	0.000302017	0.000563188	0.0019011	0.00672476	0.0211134	0.0570504	0.131659	0.259422	0.439686	0.651962	0.867645	1.06615	1.23878	1.38317	1.49981	1.5911	1.65896	1.70565	1.7347	1.75156	1.76075	1.76492	1.76591	1.76531	1.7619	1.75398	1.73906	1.71294	1.6705	1.60887	1.52946	1.44097	1.36349	
1.14187	1.23567	1.36917	1.49574	1.61892	1.73798	1.79821	1.78866	1.71859	1.55856	1.34403	1.09029	0.816508	0.542278	0.283658	0.0526928	-0.13988	-0.290717	-0.39325	-0.450685	-0.463845	-0.43163	-0.356733	-0.237325	-0.0676977	0.140516	0.383573	0.650977	0.92595	1.19578	1.43354	1.63083	1.75138	1.78573	1.74723	1.60721	1.39307	1.13744	0.834752	0.521016	0.269057	0.114606	0.0406171	0.0121282	0.00309262	0.000688027	0.000152589	7.52939e-05	0.000119458	0.000231227	0.000420233	0.000705489	0.00109921	0.00159859	0.00218121	0.0028048	0.00341171	0.00393714	0.00431977	0.00451238	0.00449052	0.00425696	0.00384126	0.00329423	0.00267885	0.00205963	0.00149386	0.00103161	0.000746172	0.000861882	0.00214737	0.00685512	0.0203309	0.052468	0.116611	0.223692	0.374062	0.554669	0.745503	0.928865	1.09354	1.23425	1.35038	1.44376	1.51648	1.57065	1.60877	1.63403	1.64869	1.65392	1.65049	1.63789	1.61495	1.5797	1.52912	1.46127	1.37633	1.27953	1.1865	1.12841	
0.981443	1.15619	1.34866	1.52215	1.6792	1.78265	1.79232	1.72377	1.55856	1.31739	1.03417	0.707412	0.38109	0.0613195	-0.221297	-0.463524	-0.655583	-0.796266	-0.895187	-0.949153	-0.96146	-0.932577	-0.862784	-0.746283	-0.584308	-0.373214	-0.112171	0.186096	0.511418	0.840288	1.15404	1.41872	1.63656	1.75636	1.78698	1.72083	1.54835	1.31426	1.02933	0.702718	0.400705	0.188242	0.0731599	0.023795	0.0065749	0.00160113	0.000443975	0.000341658	0.00059389	0.00109986	0.0018985	0.00303857	0.00453531	0.00635082	0.00838814	0.0104981	0.0124972	0.0141922	0.0154084	0.0160152	0.0159465	0.0152098	0.0138852	0.0121141	0.010077	0.00796756	0.00596466	0.00421056	0.00280309	0.00182454	0.00146608	0.00237607	0.00641175	0.0177888	0.0439313	0.0944731	0.17739	0.294079	0.437485	0.595007	0.753317	0.901647	1.03315	1.14492	1.23656	1.30886	1.36295	1.4004	1.42276	1.43105	1.42557	1.40614	1.37184	1.32128	1.2532	1.1677	1.06834	0.967465	0.893067	0.887393	
0.906999	1.15708	1.39199	1.59042	1.74194	1.79523	1.74095	1.59238	1.34403	1.03417	0.667312	0.293731	-0.0739348	-0.403429	-0.691913	-0.917036	-1.09467	-1.21459	-1.28747	-1.32586	-1.33458	-1.31702	-1.26388	-1.17063	-1.03023	-0.833717	-0.581146	-0.27852	0.0727749	0.440579	0.819983	1.16415	1.45332	1.66438	1.77033	1.77874	1.66641	1.46209	1.19969	0.87949	0.546715	0.280931	0.119077	0.0420337	0.0125873	0.00343487	0.00132051	0.00146159	0.00258804	0.00454415	0.00742397	0.0112962	0.0161124	0.0216796	0.02767	0.0336569	0.0391655	0.0437304	0.0469522	0.0485445	0.0483648	0.0464292	0.0429107	0.0381215	0.0324783	0.0264531	0.0205157	0.0150771	0.0104428	0.0067884	0.00418358	0.00271169	0.00276753	0.00562216	0.0141823	0.0334434	0.0697646	0.128581	0.211644	0.315759	0.433804	0.556958	0.6768	0.786782	0.882711	0.962336	1.02465	1.06936	1.09668	1.10689	1.10008	1.07621	1.03502	0.976424	0.901238	0.812712	0.720334	0.646311	0.629673	0.713528	
0.928395	1.22319	1.47238	1.6676	1.78119	1.76861	1.64588	1.41681	1.09029	0.707412	0.293731	-0.113795	-0.49851	-0.824816	-1.09002	-1.28331	-1.40958	-1.48874	-1.52776	-1.54513	-1.55155	-1.54117	-1.51414	-1.46226	-1.36829	-1.21228	-0.994493	-0.700347	-0.351553	0.0483629	0.459026	0.866673	1.2285	1.52181	1.70639	1.78654	1.7431	1.58027	1.34334	1.04026	0.695124	0.3867	0.177431	0.0676572	0.0220419	0.00708213	0.0040807	0.00565522	0.00975795	0.0161328	0.0248578	0.035854	0.0487526	0.0629044	0.0774554	0.0914456	0.103912	0.113986	0.120969	0.124384	0.124	0.119843	0.112194	0.101579	0.0887328	0.0745518	0.0600057	0.0460416	0.0334805	0.0229211	0.0146759	0.00877685	0.00509382	0.00360608	0.00484277	0.0103875	0.0231193	0.046756	0.0846031	0.138088	0.205953	0.284466	0.368334	0.451845	0.52986	0.598332	0.654361	0.695993	0.722034	0.731868	0.725289	0.702444	0.66392	0.611062	0.546817	0.477937	0.419736	0.402179	0.468498	0.650884	
1.01054	1.31761	1.55913	1.73005	1.78834	1.70845	1.51537	1.20594	0.816508	0.38109	-0.0739348	-0.49851	-0.870962	-1.16784	-1.38138	-1.51514	-1.58177	-1.5993	-1.59249	-1.57791	-1.57275	-1.5835	-1.59681	-1.59824	-1.56069	-1.47024	-1.30621	-1.05799	-0.730627	-0.333436	0.106633	0.559838	0.978846	1.34276	1.60524	1.75447	1.78027	1.66817	1.46056	1.17958	0.836042	0.497982	0.245281	0.100646	0.0362022	0.0148212	0.0125921	0.019177	0.0314306	0.0486594	0.0704732	0.0961015	0.124318	0.153586	0.182245	0.208674	0.231427	0.249325	0.261501	0.267393	0.266733	0.259552	0.246175	0.227226	0.203634	0.176636	0.147723	0.118534	0.0907193	0.0657661	0.0448059	0.0284467	0.0167185	0.00917932	0.00520635	0.0044279	0.00714779	0.0145247	0.0283098	0.0501716	0.0809216	0.12002	0.165531	0.214457	0.263293	0.30858	0.347294	0.377028	0.396053	0.403323	0.398457	0.381731	0.354169	0.31785	0.276959	0.240612	0.228261	0.274476	0.420903	0.682516	
1.11271	1.41189	1.63435	1.76852	1.76548	1.62142	1.36075	0.985138	0.542278	0.0613195	-0.403429	-0.824816	-1.16784	-1.41497	-1.55845	-1.61271	-1.59378	-1.54079	-1.48374	-1.44498	-1.43688	-1.4565	-1.5048	-1.56448	-1.60854	-1.60066	-1.51416	-1.32769	-1.04337	-0.662664	-0.223201	0.255973	0.724167	1.14673	1.47944	1.69352	1.78418	1.72705	1.55272	1.29589	0.962897	0.607606	0.318801	0.140906	0.0579555	0.0325142	0.0363402	0.0557041	0.0854415	0.123336	0.167482	0.215597	0.265142	0.313614	0.358744	0.398633	0.431816	0.457263	0.474285	0.482443	0.481533	0.471579	0.45283	0.425772	0.391155	0.350088	0.304126	0.255249	0.205784	0.158257	0.115154	0.0785462	0.0497155	0.028918	0.015408	0.00778973	0.00460147	0.00486804	0.00835507	0.0154274	0.02663	0.0422218	0.0618577	0.0844958	0.108513	0.131958	0.152844	0.169391	0.180204	0.184384	0.181592	0.172095	0.156864	0.137989	0.12007	0.113813	0.141955	0.241928	0.450551	0.764028	
1.20992	1.4929	1.69123	1.78233	1.7207	1.5207	1.19785	0.765558	0.283658	-0.221297	-0.691913	-1.09002	-1.38138	-1.55845	-1.61594	-1.57807	-1.47971	-1.35408	-1.25121	-1.19303	-1.17894	-1.20907	-1.28816	-1.40668	-1.52195	-1.60325	-1.60493	-1.50136	-1.27833	-0.941002	-0.510359	-0.019483	0.481182	0.948325	1.34117	1.6155	1.76433	1.76069	1.62176	1.38977	1.07239	0.710408	0.395225	0.190392	0.0945204	0.0727072	0.0928196	0.136332	0.194094	0.26074	0.331977	0.403963	0.473438	0.537805	0.595095	0.643962	0.683584	0.713475	0.73326	0.742673	0.741628	0.730134	0.708308	0.676442	0.634929	0.584298	0.525468	0.459901	0.389693	0.317564	0.246861	0.181312	0.124438	0.0788487	0.0455793	0.0238278	0.0113486	0.00538006	0.0035823	0.00451355	0.00756116	0.0125706	0.019455	0.027938	0.0374575	0.0472001	0.0562171	0.0635706	0.0684716	0.0703878	0.0691195	0.0648644	0.058373	0.0515475	0.0493453	0.0641905	0.122108	0.262386	0.515127	0.858676	
1.29206	1.5569	1.72917	1.77731	1.66514	1.41514	1.03843	0.566513	0.0526928	-0.463524	-0.917036	-1.28331	-1.51514	-1.61271	-1.57807	-1.44603	-1.26857	-1.10109	-0.990034	-0.943432	-0.936346	-0.95492	-1.02612	-1.16273	-1.34136	-1.50774	-1.60646	-1.59022	-1.44054	-1.15028	-0.746526	-0.260486	0.259867	0.763359	1.20445	1.53017	1.73032	1.77552	1.67094	1.46312	1.16415	0.804756	0.475694	0.256367	0.160014	0.154619	0.202684	0.278505	0.367357	0.460663	0.552924	0.640515	0.72112	0.793176	0.855727	0.908309	0.950696	0.982563	1.00355	1.01348	1.01238	1.00025	0.977075	0.943079	0.898631	0.844033	0.779525	0.70566	0.623507	0.534747	0.441846	0.348456	0.259322	0.179705	0.114295	0.0657871	0.0338791	0.0155578	0.00656897	0.00305871	0.00243906	0.003361	0.0052515	0.00785643	0.0109629	0.0142888	0.0174786	0.0201509	0.0219652	0.022684	0.0222267	0.020742	0.0188396	0.0184264	0.025152	0.0535362	0.132832	0.303155	0.58685	0.946687	
1.35678	1.60416	1.75109	1.76138	1.60841	1.31641	0.89702	0.393715	-0.13988	-0.655583	-1.09467	-1.40958	-1.58177	-1.59378	-1.47971	-1.26857	-1.04703	-0.871786	-0.777312	-0.771083	-0.779535	-0.764714	-0.804288	-0.935522	-1.13049	-1.36159	-1.53727	-1.60731	-1.53124	-1.29967	-0.931477	-0.455489	0.0749116	0.60014	1.07854	1.44631	1.68998	1.77845	1.70511	1.51966	1.24127	0.894512	0.568139	0.352791	0.272162	0.293849	0.372889	0.47651	0.586712	0.694889	0.797107	0.891591	0.977272	1.05324	1.11911	1.17456	1.21924	1.25247	1.27412	1.28442	1.28329	1.27073	1.24678	1.21123	1.16433	1.10676	1.03884	0.960874	0.873339	0.777188	0.673467	0.563844	0.451359	0.340813	0.238808	0.152576	0.0874329	0.0443586	0.0197879	0.00782646	0.00295722	0.00146316	0.00140069	0.00194048	0.00276116	0.00370646	0.00464881	0.0054592	0.00601947	0.00624717	0.00612904	0.00580368	0.00587121	0.00846568	0.0201862	0.0577392	0.153159	0.346399	0.651988	1.02015	
1.40436	1.63656	1.76237	1.74354	1.55736	1.22923	0.780452	0.256052	-0.290717	-0.796266	-1.21459	-1.48874	-1.5993	-1.54079	-1.35408	-1.10109	-0.871786	-0.755172	-0.728436	-0.738098	-0.743828	-0.73237	-0.732169	-0.78855	-0.952029	-1.20666	-1.43888	-1.58399	-1.57508	-1.39865	-1.06146	-0.602978	-0.0710602	0.468148	0.976582	1.37447	1.64914	1.77413	1.72955	1.56576	1.31189	0.990555	0.686504	0.493567	0.437988	0.484258	0.58315	0.700843	0.820948	0.936863	1.0459	1.14649	1.23699	1.31642	1.38451	1.4408	1.48487	1.51681	1.53751	1.54756	1.54646	1.53426	1.51137	1.47704	1.4305	1.37179	1.3014	1.21971	1.12709	1.02464	0.91393	0.796093	0.67243	0.544797	0.416734	0.294955	0.189019	0.107581	0.053629	0.0232439	0.00877294	0.00296493	0.00104297	0.000596083	0.000642522	0.000840276	0.00107085	0.00127848	0.00142565	0.00149098	0.00149206	0.00158122	0.00242601	0.00648313	0.0213178	0.0655629	0.17335	0.383837	0.704647	1.07663	
1.43617	1.65726	1.7678	1.72679	1.51562	1.16599	0.697809	0.15524	-0.39325	-0.895187	-1.28747	-1.52776	-1.59249	-1.48374	-1.25121	-0.990034	-0.777312	-0.728436	-0.757136	-0.764791	-0.761417	-0.76387	-0.747721	-0.728836	-0.846016	-1.09631	-1.34885	-1.55053	-1.58402	-1.45612	-1.1424	-0.708171	-0.172152	0.373998	0.898515	1.32205	1.6182	1.76871	1.74978	1.6108	1.38965	1.10788	0.841109	0.676836	0.63997	0.697592	0.80503	0.931605	1.06108	1.18541	1.30035	1.40325	1.4925	1.56855	1.63138	1.68157	1.71941	1.74711	1.7653	1.77374	1.77281	1.76244	1.74231	1.71268	1.67252	1.6198	1.55439	1.4757	1.38374	1.27821	1.16096	1.03427	0.900721	0.762825	0.62206	0.480008	0.341928	0.218893	0.123149	0.0600239	0.02519	0.0091105	0.00287396	0.000838655	0.000295034	0.000200921	0.00022186	0.000262538	0.0002957	0.000316889	0.000356431	0.000586503	0.00175655	0.00661811	0.0235186	0.072531	0.189173	0.411649	0.742316	1.11568	
1.45364	1.66823	1.76968	1.71575	1.4909	1.12844	0.648474	0.0999396	-0.450685	-0.949153	-1.32586	-1.54513	-1.57791	-1.44498	-1.19303	-0.943432	-0.771083	-0.738098	-0.764791	-0.725152	-0.696943	-0.745246	-0.759919	-0.734929	-0.826423	-1.03907	-1.29861	-1.51967	-1.58354	-1.48222	-1.18947	-0.76431	-0.231264	0.320304	0.853034	1.29081	1.60166	1.77034	1.77508	1.66748	1.48918	1.25451	1.02421	0.878897	0.850076	0.915382	1.0338	1.17112	1.30688	1.43154	1.54156	1.63577	1.71494	1.78061	1.83299	1.8739	1.90465	1.92718	1.94145	1.94684	1.94621	1.93927	1.92327	1.89917	1.86656	1.8235	1.76857	1.70025	1.61819	1.52082	1.40747	1.27923	1.13799	0.988008	0.834412	0.68053	0.526576	0.375271	0.238391	0.131627	0.0623064	0.0251827	0.00871282	0.00260161	0.000686589	0.000178406	6.77847e-05	5.2425e-05	5.58168e-05	6.66759e-05	0.000118488	0.000397583	0.0017106	0.00699839	0.0250859	0.0768873	0.198663	0.427921	0.763885	1.13757	
1.45761	1.67065	1.7698	1.713	1.48591	1.11996	0.63531	0.087247	-0.463845	-0.96146	-1.33458	-1.55155	-1.57275	-1.43688	-1.17894	-0.936346	-0.779535	-0.743828	-0.761417	-0.696943	-0.659355	-0.731358	-0.760735	-0.742123	-0.829575	-1.02464	-1.28788	-1.50994	-1.58442	-1.48795	-1.2014	-0.774086	-0.245169	0.309658	0.843779	1.28352	1.60296	1.78688	1.81714	1.74827	1.61603	1.4201	1.21158	1.07762	1.06143	1.14122	1.2686	1.4058	1.5347	1.64889	1.74704	1.82861	1.89543	1.94748	1.98722	2.01562	2.03633	2.04882	2.05589	2.05916	2.05872	2.05472	2.04682	2.03286	2.01064	1.9803	1.93811	1.88334	1.81348	1.72876	1.62701	1.50872	1.37321	1.22135	1.05678	0.887086	0.719683	0.554786	0.392463	0.245153	0.131626	0.0600198	0.0232148	0.00765375	0.00216866	0.000535095	0.000119562	2.90955e-05	1.37567e-05	2.03291e-05	7.44997e-05	0.00036448	0.00171049	0.00709869	0.0254672	0.0779272	0.200907	0.431737	0.768897	1.14261	
1.44823	1.66489	1.76928	1.71907	1.49815	1.1406	0.664493	0.116509	-0.43163	-0.932577	-1.31702	-1.54117	-1.5835	-1.4565	-1.20907	-0.95492	-0.764714	-0.73237	-0.76387	-0.745246	-0.731358	-0.757802	-0.754559	-0.72729	-0.825347	-1.05609	-1.31198	-1.53051	-1.58396	-1.4773	-1.17622	-0.747012	-0.211228	0.337309	0.868353	1.30788	1.62897	1.82554	1.88518	1.85667	1.75911	1.58264	1.38806	1.27406	1.27704	1.36335	1.48564	1.61364	1.73198	1.83364	1.91638	1.97956	2.02611	2.0569	2.07678	2.08666	2.09134	2.0925	2.09197	2.0931	2.09294	2.09194	2.09246	2.09071	2.08528	2.07364	2.05174	2.0181	1.96833	1.90134	1.81458	1.70819	1.58332	1.44054	1.28069	1.10426	0.919702	0.739366	0.564208	0.392463	0.238391	0.123147	0.0536171	0.019714	0.00616539	0.00165528	0.000385595	7.94468e-05	1.67087e-05	1.36335e-05	6.36921e-05	0.000340042	0.00162728	0.00680299	0.0245398	0.0754911	0.195697	0.422892	0.757261	1.13084	
1.42511	1.65011	1.76623	1.73307	1.53038	1.18811	0.726957	0.191452	-0.356733	-0.862784	-1.26388	-1.51414	-1.59681	-1.5048	-1.28816	-1.02612	-0.804288	-0.732169	-0.747721	-0.759919	-0.760735	-0.754559	-0.740928	-0.743072	-0.878065	-1.13483	-1.38133	-1.56385	-1.58187	-1.43632	-1.11656	-0.672605	-0.135867	0.409471	0.931834	1.35929	1.68238	1.89423	1.98142	1.9818	1.89865	1.73114	1.55769	1.46703	1.47764	1.56084	1.67777	1.7962	1.89744	1.97669	2.0328	2.06918	2.08855	2.09498	2.09087	2.0817	2.06903	2.05792	2.04822	2.0424	2.04313	2.04994	2.05999	2.07155	2.0839	2.09218	2.09471	2.08573	2.0635	2.02317	1.96266	1.87777	1.76892	1.63593	1.48363	1.31537	1.12835	0.930788	0.739366	0.554786	0.375271	0.218892	0.107577	0.0443306	0.0153948	0.00454656	0.00115363	0.000254222	5.03602e-05	1.7232e-05	5.56811e-05	0.000299403	0.00145113	0.00613861	0.0224136	0.0698324	0.183442	0.401822	0.729178	1.10213	
1.38715	1.62493	1.7587	1.75082	1.57692	1.26169	0.823878	0.307489	-0.237325	-0.746283	-1.17063	-1.46226	-1.59824	-1.56448	-1.40668	-1.16273	-0.935522	-0.78855	-0.728836	-0.734929	-0.742123	-0.72729	-0.743072	-0.835687	-1.01865	-1.26545	-1.48245	-1.59593	-1.56459	-1.36284	-1.01435	-0.550532	-0.0174408	0.521204	1.02923	1.44282	1.76802	1.99148	2.09561	2.10613	2.02423	1.8687	1.71667	1.63703	1.65262	1.73816	1.84421	1.93981	2.01368	2.06439	2.09078	2.09755	2.08634	2.06306	2.03128	1.99672	1.96365	1.93438	1.9143	1.90543	1.90647	1.91744	1.93963	1.97008	2.00355	2.03809	2.0685	2.08986	2.09776	2.08731	2.05601	2.00003	1.91806	1.80827	1.66826	1.50494	1.32667	1.12835	0.919702	0.719683	0.526576	0.341928	0.189017	0.0874235	0.0338207	0.0110285	0.00306322	0.000732686	0.000153368	3.47621e-05	4.81988e-05	0.000245415	0.00120795	0.005203	0.0193634	0.0615543	0.165134	0.369622	0.685221	1.05609	
1.33274	1.58689	1.74366	1.76824	1.63087	1.35545	0.951171	0.458623	-0.0676977	-0.584308	-1.03023	-1.36829	-1.56069	-1.60854	-1.52195	-1.34136	-1.13049	-0.952029	-0.846016	-0.826423	-0.829575	-0.825347	-0.878065	-1.01865	-1.21258	-1.42316	-1.5694	-1.60751	-1.50088	-1.24917	-0.8629	-0.38188	0.146194	0.672051	1.15638	1.55758	1.88302	2.10774	2.21195	2.21796	2.13588	1.99137	1.84914	1.78111	1.80866	1.88435	1.9679	2.03836	2.08348	2.09974	2.08978	2.05777	2.01023	1.952	1.88963	1.82805	1.77277	1.72891	1.69719	1.68159	1.68341	1.70239	1.73675	1.78295	1.84006	1.90221	1.9643	2.02087	2.06559	2.09366	2.0985	2.07593	2.02291	1.93903	1.8265	1.67929	1.50494	1.31537	1.10426	0.887086	0.68053	0.480008	0.294954	0.152573	0.0657685	0.023719	0.00722663	0.00188123	0.000423673	8.80001e-05	4.66603e-05	0.000187362	0.000935629	0.0041293	0.0157716	0.0515297	0.142278	0.328079	0.626509	0.9924	
1.26031	1.53281	1.71582	1.78096	1.68791	1.45708	1.10119	0.643899	0.140516	-0.373214	-0.833717	-1.21228	-1.47024	-1.60066	-1.60325	-1.50774	-1.36159	-1.20666	-1.09631	-1.03907	-1.02464	-1.05609	-1.13483	-1.26545	-1.42316	-1.55534	-1.61632	-1.56402	-1.3837	-1.07213	-0.65948	-0.168342	0.350031	0.854197	1.31461	1.69923	2.01557	2.22797	2.31748	2.31353	2.23019	2.08685	1.9532	1.90453	1.93154	1.99157	2.05614	2.09284	2.09884	2.0741	2.02321	1.95187	1.86499	1.77109	1.67461	1.5846	1.50455	1.43999	1.39641	1.37509	1.37756	1.40342	1.45133	1.51953	1.60191	1.69377	1.79041	1.88305	1.96743	2.03502	2.08116	2.09945	2.08568	2.03546	1.9454	1.8265	1.66826	1.48363	1.28069	1.05678	0.834412	0.62206	0.416733	0.238807	0.11429	0.0455466	0.0152262	0.00431715	0.0010506	0.000224855	6.28303e-05	0.00013567	0.000671971	0.0030556	0.0120583	0.040783	0.116782	0.279694	0.55492	0.91114	
1.16848	1.46052	1.66995	1.77903	1.74046	1.56253	1.26331	0.851115	0.383573	-0.112171	-0.581146	-0.994493	-1.30621	-1.51416	-1.60493	-1.60646	-1.53727	-1.43888	-1.34885	-1.29861	-1.28788	-1.31198	-1.38133	-1.48245	-1.5694	-1.61632	-1.58121	-1.444	-1.19443	-0.838357	-0.39799	0.0900807	0.586616	1.06293	1.49167	1.85516	2.15369	2.3381	2.40394	2.38914	2.29766	2.15057	2.03366	1.99892	2.02074	2.06882	2.09764	2.09695	2.0628	1.99545	1.89894	1.78306	1.65333	1.51897	1.3885	1.26752	1.16415	1.08307	1.02684	1.00008	1.00311	1.03586	1.09744	1.18313	1.29065	1.41417	1.54554	1.67963	1.80739	1.92028	2.01098	2.07268	2.09757	2.08814	2.03546	1.93903	1.80827	1.63593	1.44054	1.22135	0.988008	0.762825	0.544797	0.340813	0.179703	0.07884	0.0288663	0.00890658	0.00234299	0.000533305	0.000118503	0.000100569	0.000446453	0.00209706	0.00860577	0.0303405	0.0907785	0.227641	0.473344	0.813039	
1.05603	1.36763	1.60295	1.75504	1.77726	1.65833	1.42462	1.07391	0.650977	0.186096	-0.27852	-0.700347	-1.05799	-1.32769	-1.50136	-1.59022	-1.60731	-1.58399	-1.55053	-1.51967	-1.50994	-1.53051	-1.56385	-1.59593	-1.60751	-1.56402	-1.444	-1.23057	-0.925881	-0.536333	-0.0964498	0.38215	0.846373	1.28604	1.67876	2.0149	2.28048	2.42463	2.46613	2.43809	2.33152	2.18617	2.09038	2.06407	2.08214	2.10437	2.09883	2.05938	1.97536	1.86113	1.71788	1.55626	1.38532	1.21175	1.04465	0.894752	0.765379	0.664029	0.596278	0.563189	0.566965	0.60714	0.681767	0.789379	0.923283	1.07673	1.2458	1.4199	1.59025	1.74781	1.88719	1.9942	2.07055	2.09757	2.08568	2.02291	1.91806	1.76892	1.58332	1.37321	1.13799	0.900721	0.67243	0.451359	0.259322	0.124436	0.0497026	0.0166449	0.00472549	0.00115152	0.000250399	9.27399e-05	0.000275996	0.00132672	0.00569473	0.0210694	0.0663457	0.175575	0.385956	0.700185	
0.923045	1.25165	1.51223	1.7024	1.7877	1.73588	1.57079	1.29216	0.92595	0.511418	0.0727749	-0.351553	-0.730627	-1.04337	-1.27833	-1.44054	-1.53124	-1.57508	-1.58402	-1.58354	-1.58442	-1.58396	-1.58187	-1.56459	-1.50088	-1.38371	-1.19445	-0.92592	-0.586636	-0.184416	0.251456	0.693745	1.11461	1.51216	1.85958	2.16007	2.37964	2.47981	2.49967	2.45371	2.33192	2.19825	2.1235	2.10456	2.11387	2.10579	2.06322	1.97354	1.84776	1.68186	1.49196	1.28218	1.06659	0.855213	0.654859	0.474576	0.324128	0.207643	0.127369	0.0889763	0.093298	0.140253	0.228288	0.35161	0.508315	0.693147	0.896835	1.11066	1.32436	1.53213	1.71737	1.87596	1.9942	2.07268	2.09945	2.07593	2.00003	1.87777	1.70819	1.50872	1.27923	1.03427	0.796093	0.563844	0.348456	0.181311	0.0785433	0.0284292	0.00868258	0.00226375	0.000513004	0.000125084	0.000165267	0.000769284	0.00346722	0.0135462	0.0452021	0.127196	0.298117	0.57681	
0.772341	1.11051	1.39575	1.61812	1.76129	1.78116	1.68825	1.49126	1.19578	0.840288	0.440579	0.0483629	-0.333436	-0.662664	-0.941002	-1.15028	-1.29967	-1.39865	-1.45612	-1.48222	-1.48795	-1.4773	-1.43632	-1.36285	-1.24919	-1.07219	-0.838495	-0.536616	-0.184831	0.206246	0.606763	1.00827	1.3776	1.71928	2.0185	2.27562	2.43878	2.49914	2.50009	2.43257	2.30315	2.19128	2.13813	2.12526	2.1174	2.07559	1.99171	1.85674	1.67843	1.46542	1.22642	0.97438	0.716037	0.46685	0.234642	0.0292007	-0.144443	-0.278059	-0.365631	-0.406967	-0.40229	-0.351742	-0.254836	-0.112727	0.0674788	0.279248	0.516454	0.766825	1.02545	1.27607	1.51001	1.71737	1.88719	2.01098	2.08116	2.0985	2.05601	1.96266	1.81458	1.62701	1.40747	1.16096	0.91393	0.673467	0.441846	0.246861	0.115153	0.0448022	0.0146547	0.00407479	0.000975655	0.000214185	0.000110514	0.000408328	0.00192625	0.00798995	0.0284301	0.0856685	0.21582	0.449652	
0.610813	0.94461	1.25106	1.50056	1.69213	1.78424	1.76348	1.65045	1.43354	1.15404	0.819983	0.459026	0.106633	-0.223201	-0.510359	-0.746526	-0.931477	-1.06146	-1.1424	-1.18947	-1.2014	-1.17622	-1.11657	-1.01439	-0.863016	-0.659784	-0.398697	-0.0978946	0.24897	0.603711	0.970047	1.30016	1.61063	1.89316	2.14114	2.34432	2.45023	2.48137	2.46345	2.37556	2.25346	2.17253	2.13949	2.12746	2.09656	2.01935	1.89022	1.7085	1.48337	1.22182	0.935998	0.639795	0.344712	0.0610088	-0.198303	-0.427016	-0.6159	-0.759889	-0.859406	-0.908231	-0.902671	-0.843302	-0.734598	-0.581909	-0.38423	-0.14833	0.11592	0.403192	0.699432	0.994677	1.27607	1.53213	1.74781	1.92028	2.03502	2.09366	2.08731	2.02317	1.90134	1.72876	1.52082	1.27821	1.02464	0.777188	0.534747	0.317564	0.158257	0.0657654	0.0229169	0.00676514	0.00171162	0.00037978	0.000104688	0.000202376	0.000968938	0.00428205	0.0163324	0.0530248	0.14464	0.327468	
0.449512	0.759122	1.07763	1.35003	1.57588	1.73499	1.78708	1.75317	1.63083	1.41872	1.16415	0.866673	0.559838	0.255973	-0.019483	-0.260486	-0.455489	-0.602978	-0.708172	-0.764311	-0.774091	-0.747032	-0.672673	-0.550743	-0.382456	-0.169748	0.0870126	0.376169	0.683457	0.993358	1.28482	1.55177	1.80158	2.01249	2.21163	2.3552	2.41405	2.42576	2.38758	2.29017	2.19406	2.14886	2.13338	2.11578	2.05566	1.94177	1.76835	1.54097	1.26673	0.962236	0.633132	0.298184	-0.0328281	-0.344698	-0.628787	-0.873732	-1.07549	-1.2289	-1.32784	-1.37194	-1.36704	-1.31249	-1.20253	-1.03892	-0.828262	-0.574453	-0.283927	0.0316666	0.365727	0.699432	1.02545	1.32436	1.59025	1.80739	1.96743	2.06559	2.09776	2.0635	1.96833	1.81348	1.61819	1.38374	1.12709	0.873339	0.623507	0.389693	0.205784	0.0907192	0.0334797	0.0104384	0.00278023	0.00064126	0.000141386	0.000103132	0.000439431	0.00206613	0.00847853	0.0297957	0.0885235	0.2195	
0.302244	0.565336	0.877779	1.16941	1.41644	1.62385	1.75273	1.78539	1.75138	1.63656	1.45332	1.2285	0.978846	0.724167	0.481182	0.259867	0.0749116	-0.0710606	-0.172153	-0.231271	-0.245199	-0.211337	-0.136214	-0.0184275	0.143701	0.344411	0.57525	0.825663	1.08064	1.3282	1.55018	1.74956	1.91241	2.07182	2.22039	2.30338	2.33428	2.33068	2.27614	2.1907	2.13774	2.12823	2.1229	2.09083	2.00064	1.84812	1.63145	1.36202	1.04383	0.695237	0.32915	-0.0418279	-0.399026	-0.73594	-1.03513	-1.29241	-1.50164	-1.657	-1.76097	-1.81256	-1.80664	-1.74421	-1.63034	-1.46413	-1.24419	-0.978399	-0.671805	-0.328612	0.0316666	0.403192	0.766825	1.11066	1.4199	1.67963	1.88305	2.02087	2.08986	2.08573	2.0181	1.88334	1.70025	1.4757	1.21971	0.960874	0.70566	0.459901	0.255249	0.118534	0.0460415	0.0150764	0.00420648	0.00101161	0.000216112	6.91602e-05	0.000181456	0.000890811	0.00393896	0.0150245	0.0488004	0.133256	
0.182188	0.381323	0.659981	0.959571	1.22497	1.45428	1.64462	1.75553	1.78573	1.75636	1.66438	1.52181	1.34276	1.14673	0.948325	0.763359	0.60014	0.468146	0.373989	0.320263	0.309502	0.336789	0.407937	0.517196	0.662764	0.834992	1.02723	1.22591	1.41993	1.59089	1.73434	1.8482	1.95382	2.06674	2.15066	2.19707	2.21563	2.19618	2.14298	2.09628	2.09465	2.11306	2.10974	2.05789	1.93567	1.74715	1.48967	1.17933	0.823148	0.436861	0.0358863	-0.363431	-0.746128	-1.09733	-1.40744	-1.66788	-1.87175	-2.02438	-2.1251	-2.17202	-2.16676	-2.10926	-1.9981	-1.83523	-1.62031	-1.34886	-1.03028	-0.671805	-0.283927	0.11592	0.516454	0.896835	1.2458	1.54554	1.79041	1.9643	2.0685	2.09471	2.05174	1.93811	1.76857	1.55439	1.3014	1.03884	0.779525	0.525468	0.304126	0.147723	0.0600057	0.0205156	0.00596401	0.00149051	0.000324917	7.16769e-05	7.27989e-05	0.000341851	0.00162518	0.00673258	0.0239375	0.0721615	
0.0968414	0.227809	0.444955	0.723852	1.0045	1.24895	1.46312	1.6391	1.74723	1.78698	1.77033	1.70639	1.60524	1.47944	1.34117	1.20445	1.07854	0.976571	0.898464	0.85283	0.84307	0.866177	0.92596	1.01524	1.12689	1.25909	1.39747	1.53313	1.65265	1.74745	1.81693	1.86802	1.91895	1.9688	2.01562	2.0524	2.05609	2.03246	2.01237	2.024	2.07005	2.10495	2.09391	2.01852	1.86681	1.64312	1.35116	1.00302	0.612545	0.193954	-0.234038	-0.657726	-1.05582	-1.41792	-1.73173	-1.98564	-2.18294	-2.32263	-2.40457	-2.43919	-2.43539	-2.39231	-2.29973	-2.14787	-1.93915	-1.67417	-1.34886	-0.978399	-0.574453	-0.14833	0.279248	0.693147	1.07673	1.41417	1.69377	1.90221	2.03809	2.09218	2.07364	1.9803	1.8235	1.6198	1.37179	1.10676	0.844033	0.584298	0.350088	0.176636	0.0745518	0.0264531	0.00796747	0.00205914	0.000461807	9.35037e-05	3.53812e-05	0.000117495	0.000592572	0.00266241	0.0103515	0.0344308	
0.0448669	0.118482	0.262096	0.484017	0.752744	1.01476	1.24312	1.44243	1.60721	1.72083	1.77874	1.78654	1.75447	1.69352	1.6155	1.53017	1.4463	1.37441	1.32181	1.28992	1.28071	1.30001	1.34001	1.40134	1.47863	1.56488	1.64812	1.72192	1.77486	1.80213	1.80241	1.78858	1.78222	1.80213	1.84293	1.86585	1.86115	1.86849	1.91033	1.98188	2.06078	2.09951	2.07684	1.97784	1.79834	1.54516	1.22132	0.843495	0.421766	-0.0225323	-0.474372	-0.913784	-1.32357	-1.68874	-1.99584	-2.24046	-2.41813	-2.5347	-2.60743	-2.64341	-2.63933	-2.59582	-2.51553	-2.38811	-2.19639	-1.93915	-1.62031	-1.24419	-0.828262	-0.38423	0.0674788	0.508315	0.923283	1.29065	1.60191	1.84006	2.00355	2.0839	2.08528	2.01064	1.86656	1.67252	1.4305	1.16433	0.898631	0.634929	0.391155	0.203634	0.0887328	0.0324783	0.010077	0.00267879	0.000616653	0.000124847	2.75162e-05	3.78361e-05	0.000190691	0.000925543	0.00392411	0.0143584	
0.0180088	0.0531151	0.132618	0.278688	0.493348	0.745558	0.991027	1.20695	1.39307	1.54835	1.66641	1.7431	1.78027	1.78418	1.76433	1.73031	1.68992	1.64888	1.6172	1.59833	1.59329	1.60456	1.62869	1.66453	1.70642	1.74494	1.77472	1.78712	1.77413	1.73302	1.67105	1.61143	1.58312	1.59721	1.62584	1.64008	1.66513	1.73897	1.84835	1.96544	2.06212	2.0961	2.05854	1.93922	1.73636	1.45725	1.10879	0.704253	0.260599	-0.207362	-0.674623	-1.12733	-1.54325	-1.90256	-2.20242	-2.42597	-2.56875	-2.65451	-2.7044	-2.7265	-2.72422	-2.69695	-2.64061	-2.54559	-2.38811	-2.14787	-1.83523	-1.46413	-1.03892	-0.581909	-0.112727	0.35161	0.789379	1.18313	1.51953	1.78295	1.97008	2.07155	2.09071	2.03286	1.89917	1.71268	1.47704	1.21123	0.943079	0.676442	0.425772	0.227226	0.101579	0.0381215	0.0121141	0.00329423	0.000774735	0.000159296	3.01527e-05	1.36921e-05	5.44793e-05	0.000282583	0.0013012	0.0052139	
0.00625454	0.0204577	0.0572318	0.136095	0.274461	0.47179	0.702504	0.931657	1.13744	1.31426	1.46209	1.58027	1.66817	1.72705	1.76068	1.77547	1.77819	1.77309	1.76511	1.75945	1.75844	1.76132	1.76842	1.77567	1.77837	1.77141	1.75031	1.70804	1.64176	1.55431	1.45918	1.38012	1.34043	1.34358	1.37085	1.41763	1.51162	1.65983	1.82134	1.96532	2.06657	2.09268	2.04367	1.90545	1.68621	1.38588	1.01878	0.593726	0.133503	-0.351856	-0.82944	-1.29246	-1.70894	-2.06398	-2.35009	-2.5478	-2.65605	-2.69092	-2.68044	-2.6627	-2.66521	-2.68451	-2.68867	-2.64061	-2.51553	-2.29973	-1.9981	-1.63034	-1.20253	-0.734598	-0.254836	0.228288	0.681767	1.09744	1.45133	1.73675	1.93963	2.05999	2.09246	2.04682	1.92327	1.74231	1.51137	1.24678	0.977075	0.708308	0.45283	0.246175	0.112194	0.0429107	0.0138852	0.00384126	0.000918184	0.000191557	3.54711e-05	7.84957e-06	1.42705e-05	7.59179e-05	0.000377657	0.00164844	
0.00188372	0.00678055	0.0210684	0.0561773	0.128115	0.25022	0.422088	0.625603	0.834752	1.02933	1.19969	1.34334	1.46056	1.55271	1.62171	1.67071	1.70412	1.72598	1.73852	1.74451	1.74594	1.74264	1.73432	1.71842	1.69237	1.65334	1.59706	1.52016	1.4224	1.30838	1.19163	1.09591	1.04853	1.06315	1.13236	1.24886	1.41829	1.62272	1.81494	1.97172	2.07109	2.0893	2.03154	1.88059	1.64928	1.3349	0.954784	0.515929	0.0438055	-0.451224	-0.939085	-1.40216	-1.82377	-2.17222	-2.43957	-2.62547	-2.70291	-2.67192	-2.59349	-2.53935	-2.54587	-2.60918	-2.68451	-2.69695	-2.59582	-2.39231	-2.10926	-1.74421	-1.31249	-0.843302	-0.351742	0.140253	0.60714	1.03586	1.40342	1.70239	1.91744	2.04994	2.09194	2.05472	1.93927	1.76244	1.53426	1.27073	1.00025	0.730134	0.471579	0.259552	0.119843	0.0464292	0.0152098	0.00425696	0.00102881	0.000216857	4.02826e-05	7.0582e-06	3.94171e-06	1.80631e-05	9.62025e-05	0.000454902	
0.000494117	0.00194277	0.00664602	0.0196747	0.0502231	0.110504	0.210525	0.351035	0.521016	0.702718	0.87949	1.04026	1.17958	1.29585	1.38957	1.46227	1.51641	1.55506	1.58048	1.59416	1.59719	1.58995	1.57172	1.54129	1.49678	1.43565	1.35503	1.2536	1.13249	0.998543	0.869439	0.776332	0.754866	0.821751	0.961164	1.14821	1.3722	1.60885	1.81552	1.97557	2.07276	2.08907	2.02402	1.86728	1.62991	1.30634	0.921689	0.472937	-0.00308617	-0.504457	-0.998222	-1.45749	-1.88735	-2.22626	-2.48179	-2.66814	-2.72246	-2.64244	-2.5242	-2.45426	-2.4623	-2.54587	-2.66521	-2.72422	-2.63933	-2.43539	-2.16676	-1.80664	-1.36704	-0.902671	-0.40229	0.093298	0.566965	1.00311	1.37756	1.68341	1.90647	2.04313	2.09294	2.05872	1.94621	1.77281	1.54646	1.28329	1.01238	0.741628	0.481533	0.266733	0.124	0.0483648	0.0159465	0.00449052	0.00109153	0.000231331	4.31448e-05	7.21508e-06	1.63664e-06	3.89468e-06	2.16016e-05	0.000110023	
0.000113503	0.000484125	0.00180863	0.00588896	0.0166522	0.0408434	0.0870996	0.162629	0.269057	0.400705	0.546714	0.69512	0.836014	0.962751	1.07172	1.16146	1.23193	1.28413	1.31949	1.33907	1.34352	1.3331	1.30732	1.2654	1.20605	1.128	1.03075	0.915564	0.78699	0.656468	0.546759	0.49254	0.527914	0.660861	0.862242	1.09634	1.34938	1.60073	1.81351	1.97526	2.07255	2.08906	2.02332	1.86607	1.62827	1.3037	0.918825	0.468972	-0.00720938	-0.50936	-1.00358	-1.46253	-1.89349	-2.23109	-2.48556	-2.67227	-2.72397	-2.63884	-2.51706	-2.44606	-2.45426	-2.53935	-2.6627	-2.7265	-2.64341	-2.43919	-2.17202	-1.81256	-1.37194	-0.908231	-0.406967	0.0889763	0.563189	1.00008	1.37509	1.68159	1.90543	2.0424	2.0931	2.05916	1.94684	1.77374	1.54756	1.28442	1.01348	0.742673	0.482443	0.267393	0.124384	0.0485445	0.0160152	0.00451238	0.00109742	0.000232694	4.34112e-05	7.19617e-06	1.16374e-06	8.39752e-07	4.30424e-06	2.34397e-05	
2.29681e-05	0.000105623	0.000427823	0.00151935	0.00471428	0.0127585	0.0301482	0.0624908	0.114606	0.188241	0.280928	0.386682	0.497882	0.607123	0.708365	0.797281	0.871079	0.928215	0.968105	0.990646	0.995854	0.983742	0.954277	0.907458	0.843547	0.763494	0.669475	0.565512	0.458901	0.362795	0.299347	0.299254	0.389698	0.571147	0.809066	1.06605	1.33097	1.58823	1.80441	1.96975	2.07076	2.08884	2.02958	1.87691	1.64393	1.3272	0.945631	0.504328	0.030893	-0.465714	-0.9552	-1.41741	-1.84079	-2.18728	-2.45145	-2.63694	-2.70863	-2.66508	-2.57581	-2.51706	-2.5242	-2.59349	-2.68044	-2.7044	-2.60743	-2.40457	-2.1251	-1.76097	-1.32784	-0.859406	-0.365631	0.127369	0.596278	1.02684	1.39641	1.69719	1.9143	2.04822	2.09197	2.05589	1.94145	1.7653	1.53751	1.27412	1.00355	0.73326	0.474285	0.261501	0.120969	0.0469522	0.0154084	0.00431977	0.00104564	0.000220727	4.10021e-05	6.75857e-06	1.01078e-06	2.47767e-07	7.73214e-07	4.42315e-06	
4.11883e-06	2.03106e-05	8.86349e-05	0.00034083	0.00115086	0.00340551	0.00883235	0.0201376	0.0406169	0.0731583	0.119066	0.177369	0.244965	0.317386	0.389745	0.457493	0.516824	0.564813	0.599413	0.619364	0.624012	0.613204	0.587287	0.547137	0.494321	0.431257	0.361376	0.289407	0.222214	0.170705	0.152744	0.193626	0.316387	0.520674	0.773447	1.03846	1.30681	1.56737	1.78727	1.95607	2.06475	2.09131	2.04088	1.89956	1.67752	1.37392	1.0036	0.57541	0.112182	-0.375499	-0.855175	-1.31895	-1.7357	-2.08985	-2.37212	-2.56608	-2.66815	-2.69019	-2.66508	-2.63884	-2.64244	-2.67192	-2.69092	-2.65451	-2.5347	-2.32263	-2.02438	-1.657	-1.2289	-0.759889	-0.278059	0.207643	0.664029	1.08307	1.43999	1.72891	1.93438	2.05792	2.0925	2.04882	1.92718	1.74711	1.51681	1.25247	0.982563	0.713475	0.457263	0.249325	0.113986	0.0437304	0.0141922	0.00393714	0.000943584	0.000197312	3.63232e-05	5.93413e-06	8.68589e-07	1.31049e-07	1.3313e-07	7.44062e-07	
6.58418e-07	3.4646e-06	1.62004e-05	6.703e-05	0.000244565	0.000785083	0.00221616	0.00551098	0.0121273	0.0237893	0.0419988	0.0674686	0.0997533	0.137235	0.177415	0.217362	0.254131	0.285081	0.308072	0.321583	0.324753	0.31738	0.299932	0.273534	0.239969	0.20162	0.161403	0.122824	0.0905601	0.0723092	0.0820925	0.142013	0.274697	0.483157	0.738446	1.00474	1.27278	1.53555	1.76109	1.93535	2.05393	2.09315	2.05465	1.93181	1.72543	1.4415	1.089	0.679536	0.232434	-0.239664	-0.708923	-1.16431	-1.58063	-1.9389	-2.2369	-2.45459	-2.59022	-2.66815	-2.70863	-2.72397	-2.72246	-2.70291	-2.65605	-2.56875	-2.41813	-2.18294	-1.87175	-1.50164	-1.07549	-0.6159	-0.144443	0.324128	0.765379	1.16415	1.50455	1.77277	1.96365	2.06903	2.09134	2.03633	1.90465	1.71941	1.48487	1.21924	0.950696	0.683584	0.431816	0.231427	0.103912	0.0391655	0.0124972	0.00341171	0.00080532	0.000165984	3.01372e-05	4.85848e-06	7.00584e-07	9.31362e-08	2.76227e-08	1.12765e-07	
