0.000751497	8.31409e-05	6.96862e-06	4.53902e-07	2.34822e-08	9.82851e-10	3.38018e-11	9.6775e-13	2.3371e-14	1.67948e-15	2.26596e-14	3.35532e-13	3.84711e-12	3.36023e-11	2.19462e-10	1.04421e-09	3.50347e-09	8.17557e-09	1.37671e-08	1.84307e-08	1.982e-08	1.66987e-08	1.14841e-08	6.07847e-09	2.19409e-09	5.68574e-10	1.07155e-10	1.46371e-11	1.46584e-12	1.10047e-13	6.34663e-15	2.87563e-16	1.04356e-17	3.08248e-19	7.51061e-21	1.52623e-22	2.61016e-24	3.78465e-26	4.68051e-28	4.96057e-30	4.5219e-32	3.55466e-34	2.41367e-36	1.41665e-38	7.185e-41	3.1448e-43	1.185e-45	1.07389e-47	3.9023e-46	1.64628e-44	5.04268e-43	1.08871e-41	1.64522e-40	1.84918e-39	1.58903e-38	6.90036e-38	1.65004e-37	4.66764e-37	1.59785e-36	3.47235e-36	1.84768e-34	3.15826e-32	4.81883e-30	6.47162e-28	7.63755e-26	7.903e-24	7.1492e-22	5.63327e-20	3.84912e-18	2.26843e-16	1.14569e-14	4.92136e-13	1.78179e-11	5.37942e-10	1.33719e-08	2.69553e-07	4.32736e-06	5.41473e-05	0.000514922	0.00361766	0.0182611	0.0650916	0.166015	0.320253	0.499905	0.674908	0.828244	0.946575	1.01827	1.04406	1.02699	0.96483	0.854933	0.707303	0.536147	0.354856	0.193227	0.0802516	0.0238655	0.00500292	
8.31409e-05	7.83217e-06	5.68993e-07	3.25814e-08	1.49859e-09	5.62676e-11	1.74843e-12	4.55854e-14	3.59852e-15	5.6257e-14	9.69177e-13	1.30953e-11	1.36608e-10	1.0834e-09	6.42218e-09	2.78543e-08	8.65328e-08	1.92606e-07	3.17142e-07	4.16869e-07	4.44875e-07	3.8119e-07	2.66818e-07	1.45261e-07	5.604e-08	1.57612e-08	3.25854e-09	4.91339e-10	5.43918e-11	4.50716e-12	2.86157e-13	1.42329e-14	5.65497e-16	1.82465e-17	4.84757e-19	1.07262e-20	1.99554e-22	3.14616e-24	4.2305e-26	4.87696e-28	4.83985e-30	4.14752e-32	3.07582e-34	1.97653e-36	1.10097e-38	5.31289e-41	2.21802e-43	3.18436e-45	1.22456e-43	4.72164e-42	1.32995e-40	2.6614e-39	3.76596e-38	3.98796e-37	3.21343e-36	1.35981e-35	3.22459e-35	8.75704e-35	2.82901e-34	4.47205e-34	4.2967e-34	8.49346e-34	1.01232e-31	1.47551e-29	1.89032e-27	2.12346e-25	2.08643e-23	1.78748e-21	1.32997e-19	8.55329e-18	4.72731e-16	2.23005e-14	8.9066e-13	2.98287e-11	8.2821e-10	1.88094e-08	3.43868e-07	4.96588e-06	5.54157e-05	0.000466198	0.00288316	0.0128592	0.0413784	0.0992644	0.186874	0.290063	0.393012	0.478174	0.534355	0.556253	0.541606	0.491996	0.411969	0.31103	0.206663	0.114516	0.0502903	0.0164895	0.00389827	0.000664302	
6.96862e-06	5.68993e-07	3.63235e-08	1.84822e-09	7.62219e-11	2.58473e-12	7.31146e-14	6.32648e-15	1.12854e-13	2.23103e-12	3.5007e-11	4.29162e-10	4.04808e-09	2.89503e-08	1.54665e-07	6.07664e-07	1.7395e-06	3.6728e-06	5.89247e-06	7.60675e-06	8.065e-06	7.0135e-06	5.0049e-06	2.8162e-06	1.16684e-06	3.58337e-07	8.1791e-08	1.37058e-08	1.68825e-09	1.55338e-10	1.09134e-11	5.98453e-13	2.61253e-14	9.23439e-16	2.68089e-17	6.46955e-19	1.31078e-20	2.24834e-22	3.28743e-24	4.12065e-26	4.44803e-28	4.14965e-30	3.35469e-32	2.35435e-34	1.43576e-36	7.60899e-39	3.50275e-41	8.62644e-43	3.38582e-41	1.19695e-39	3.10809e-38	5.77565e-37	7.66084e-36	7.64613e-35	5.78655e-34	2.38444e-33	5.60488e-33	1.46342e-32	4.4732e-32	6.99548e-32	6.67685e-32	3.80618e-32	1.29401e-32	2.77753e-31	3.80114e-29	4.63721e-27	4.94886e-25	4.60755e-23	3.72957e-21	2.61351e-19	1.57735e-17	8.14872e-16	3.57702e-14	1.32266e-12	4.07754e-11	1.03536e-09	2.13444e-08	3.5126e-07	4.52457e-06	4.46141e-05	0.000328993	0.00177857	0.00700118	0.0204408	0.0460435	0.0830822	0.125805	0.166018	0.195758	0.208113	0.199798	0.173064	0.134346	0.0914165	0.0526096	0.0244983	0.00882934	0.00235669	0.000457979	6.53088e-05	
4.53902e-07	3.25814e-08	1.84822e-09	8.4307e-11	3.13954e-12	9.6898e-14	9.18403e-15	1.84461e-13	4.13359e-12	7.43309e-11	1.05604e-09	1.16683e-08	9.87529e-08	6.31441e-07	3.01393e-06	1.0645e-05	2.79101e-05	5.55343e-05	8.6404e-05	0.000109501	0.000115453	0.000101726	7.41936e-05	4.34141e-05	1.94293e-05	6.56366e-06	1.66715e-06	3.13075e-07	4.32639e-08	4.45328e-09	3.48453e-10	2.11812e-11	1.0205e-12	3.96578e-14	1.26174e-15	3.32808e-17	7.35508e-19	1.37401e-20	2.18579e-22	2.97922e-24	3.4966e-26	3.54807e-28	3.12248e-30	2.3887e-32	1.59083e-34	9.22958e-37	4.66769e-39	2.13331e-40	8.2653e-39	2.68567e-37	6.44167e-36	1.11315e-34	1.38498e-33	1.3031e-32	9.27379e-32	3.71818e-31	8.65928e-31	2.17642e-30	6.2945e-30	9.73113e-30	9.29705e-30	5.38428e-30	1.69803e-30	7.30817e-31	9.28584e-31	8.34425e-29	9.66781e-27	9.7801e-25	8.60664e-23	6.564e-21	4.31861e-19	2.43745e-17	1.17232e-15	4.7668e-14	1.6233e-12	4.5786e-11	1.05567e-09	1.95917e-08	2.87435e-07	3.26599e-06	2.81133e-05	0.000179613	0.00084194	0.00292001	0.00772134	0.0160517	0.0270817	0.0386799	0.0478596	0.0517799	0.0491354	0.0408132	0.029452	0.0181077	0.00910538	0.00362153	0.00109593	0.000244778	4.01538e-05	4.90054e-06	
2.34822e-08	1.49859e-09	7.62219e-11	3.13954e-12	1.06403e-13	1.10542e-14	2.47125e-13	6.20995e-12	1.26471e-10	2.05625e-09	2.62676e-08	2.59413e-07	1.95086e-06	1.10336e-05	4.65454e-05	0.000146408	0.000348952	0.000649197	0.000973395	0.00120932	0.00126881	0.00113156	0.000846629	0.000519222	0.000252685	9.47591e-05	2.70485e-05	5.75227e-06	9.01051e-07	1.04734e-07	9.20114e-09	6.24192e-10	3.33755e-11	1.43244e-12	5.01258e-14	1.44929e-15	3.5013e-17	7.13492e-19	1.23617e-20	1.83308e-22	2.33929e-24	2.58073e-26	2.47012e-28	2.05689e-30	1.49307e-32	9.45911e-35	5.24159e-37	4.78774e-38	1.78372e-36	5.33758e-35	1.18428e-33	1.90498e-32	2.22417e-31	1.97264e-30	1.3214e-29	5.15012e-29	1.1877e-28	2.87668e-28	7.87158e-28	1.20198e-27	1.1496e-27	6.77254e-28	2.28185e-28	1.00086e-28	4.16309e-29	1.00474e-29	1.58456e-28	1.72824e-26	1.65296e-24	1.37096e-22	9.81975e-21	6.04361e-19	3.17664e-17	1.41564e-15	5.3026e-14	1.65241e-12	4.23219e-11	8.78217e-10	1.4519e-08	1.87575e-07	1.8539e-06	1.37266e-05	7.50058e-05	0.000302729	0.000922774	0.00218101	0.00407114	0.00622961	0.00800357	0.00877051	0.00825271	0.00663804	0.00450079	0.00251839	0.00112101	0.000387152	0.000100374	1.91758e-05	2.71001e-06	2.87992e-07	
9.82851e-10	5.62676e-11	2.58473e-12	9.6898e-14	1.10542e-14	2.72323e-13	7.60211e-12	1.7353e-10	3.19253e-09	4.65981e-08	5.30585e-07	4.63423e-06	3.05866e-05	0.000150938	0.000555155	0.00153745	0.00330003	0.0056875	0.00814944	0.00989602	0.0103333	0.00932808	0.00719911	0.00467335	0.00249261	0.00104922	0.000340757	8.31579e-05	1.49605e-05	1.98716e-06	1.98012e-07	1.51184e-08	9.03372e-10	4.3061e-11	1.66485e-12	5.29537e-14	1.40239e-15	3.12397e-17	5.90376e-19	9.53377e-21	1.32352e-22	1.58745e-24	1.65171e-26	1.49569e-28	1.18164e-30	8.1585e-33	4.94798e-35	9.67799e-36	3.40519e-34	9.39734e-33	1.93073e-31	2.89271e-30	3.1696e-29	2.64925e-28	1.67142e-27	6.32598e-27	1.44374e-26	3.37289e-26	8.73179e-26	1.31573e-25	1.25986e-25	7.55859e-26	2.71769e-26	1.22175e-26	5.12628e-27	1.13004e-27	1.72678e-28	2.75262e-28	2.66647e-26	2.40399e-24	1.87293e-22	1.25517e-20	7.19538e-19	3.50481e-17	1.43896e-15	4.93227e-14	1.3955e-12	3.21549e-11	5.93897e-10	8.63196e-09	9.67038e-08	8.1735e-07	5.12076e-06	2.36613e-05	8.18984e-05	0.000217347	0.000445568	0.000722497	0.000955104	0.00105625	0.000987937	0.000775797	0.000499729	0.000256508	0.000102307	3.11125e-05	7.02455e-06	1.16762e-06	1.44408e-07	1.35425e-08	
3.38018e-11	1.74843e-12	7.31146e-14	9.18403e-15	2.47125e-13	7.60211e-12	1.92746e-10	3.97284e-09	6.55567e-08	8.51383e-07	8.54557e-06	6.51236e-05	0.000371261	0.00157068	0.00495181	0.0119081	0.0227576	0.0359606	0.0487141	0.057514	0.0597254	0.0546716	0.0438691	0.0305036	0.0179883	0.00861215	0.00323178	0.000920332	0.000193387	2.98044e-05	3.41236e-06	2.96357e-07	1.99599e-08	1.06402e-09	4.57046e-11	1.60634e-12	4.67984e-14	1.14268e-15	2.36028e-17	4.1568e-19	6.28323e-21	8.19663e-23	9.27044e-25	9.12409e-27	7.83741e-29	5.88844e-31	3.91596e-33	1.74997e-33	5.75056e-32	1.46499e-30	2.7888e-29	3.89271e-28	4.00205e-27	3.15086e-26	1.87288e-25	6.87551e-25	1.55182e-24	3.49967e-24	8.57115e-24	1.27318e-23	1.22069e-23	7.46715e-24	2.86196e-24	1.31881e-24	5.58788e-25	1.2854e-25	2.05504e-26	2.41368e-27	5.80163e-28	3.56816e-26	3.02112e-24	2.20247e-22	1.37495e-20	7.30478e-19	3.27807e-17	1.23148e-15	3.83164e-14	9.74867e-13	1.99771e-11	3.2391e-10	4.07172e-09	3.88246e-08	2.75306e-07	1.43765e-06	5.5827e-06	1.64601e-05	3.68109e-05	6.26521e-05	8.46456e-05	9.42366e-05	8.7758e-05	6.7679e-05	4.18045e-05	1.9831e-05	7.15956e-06	1.9392e-06	3.86287e-07	5.66142e-08	6.20263e-09	5.18722e-10	
9.6775e-13	4.55854e-14	6.32648e-15	1.84461e-13	6.20995e-12	1.7353e-10	3.97284e-09	7.34252e-08	1.07712e-06	1.23075e-05	0.000107366	0.000701486	0.00338294	0.0119952	0.0317446	0.0652576	0.109652	0.15731	0.199127	0.226778	0.233737	0.21788	0.183603	0.138376	0.0910054	0.0502671	0.0222055	0.00753607	0.00189011	0.000344723	4.61049e-05	4.61602e-06	3.54192e-07	2.12964e-08	1.02325e-09	3.99537e-11	1.28596e-12	3.45333e-14	7.81654e-16	1.50419e-17	2.47891e-19	3.52004e-21	4.32892e-23	4.63006e-25	4.3216e-27	3.52947e-29	2.59866e-31	2.81529e-31	8.58576e-30	2.02018e-28	3.56384e-27	4.63396e-26	4.46778e-25	3.31093e-24	1.85425e-23	6.59388e-23	1.47068e-22	3.2038e-22	7.42301e-22	1.0858e-21	1.04249e-21	6.5104e-22	2.6571e-22	1.25524e-22	5.37606e-23	1.29186e-23	2.18865e-24	2.73453e-25	2.62031e-26	2.37477e-27	4.1598e-26	3.28878e-24	2.23354e-22	1.29222e-20	6.32462e-19	2.59666e-17	8.85258e-16	2.47575e-14	5.59759e-13	1.00566e-11	1.40711e-10	1.49962e-09	1.19138e-08	6.95932e-08	3.00277e-07	9.7501e-07	2.36477e-06	4.19185e-06	5.75984e-06	6.44455e-06	5.98201e-06	4.54974e-06	2.71488e-06	1.19806e-06	3.94796e-07	9.61211e-08	1.70697e-08	2.2291e-09	2.18428e-10	1.64254e-11	
2.3371e-14	3.59852e-15	1.12854e-13	4.13359e-12	1.26471e-10	3.19253e-09	6.55567e-08	1.07712e-06	1.38934e-05	0.000137706	0.00102523	0.00561266	0.0222817	0.064361	0.139722	0.242154	0.354644	0.460243	0.54172	0.591163	0.603139	0.575487	0.512585	0.420343	0.309591	0.199245	0.105638	0.0437962	0.0134755	0.00298365	0.000476188	5.59014e-05	4.95219e-06	3.39368e-07	1.83896e-08	8.02901e-10	2.8697e-11	8.50963e-13	2.11732e-14	4.46277e-16	8.03264e-18	1.24306e-19	1.66335e-21	1.93372e-23	1.96072e-25	1.73946e-27	1.46459e-29	4.01321e-29	1.13199e-27	2.46022e-26	4.02119e-25	4.86826e-24	4.39812e-23	3.06486e-22	1.61678e-21	5.56103e-21	1.22457e-20	2.57831e-20	5.65161e-20	8.13109e-20	7.81882e-20	4.99166e-20	2.16708e-20	1.04977e-20	4.54973e-21	1.14351e-21	2.05409e-22	2.73614e-23	2.80176e-24	2.20821e-25	1.37765e-26	4.26483e-26	3.10402e-24	1.95358e-22	1.04116e-20	4.66137e-19	1.73628e-17	5.31817e-16	1.32076e-14	2.61507e-13	4.04661e-12	4.78463e-11	4.22433e-10	2.73776e-09	1.30239e-08	4.62369e-08	1.21007e-07	2.22014e-07	3.09164e-07	3.47244e-07	3.2152e-07	2.41891e-07	1.40247e-07	5.79034e-08	1.75344e-08	3.86628e-09	6.17234e-10	7.24221e-11	6.39575e-12	4.35336e-13	
1.67948e-15	5.6257e-14	2.23103e-12	7.43309e-11	2.05625e-09	4.65981e-08	8.51383e-07	1.23075e-05	0.000137706	0.00116305	0.00721937	0.0321492	0.101534	0.231661	0.406468	0.595072	0.769152	0.916727	1.02312	1.08103	1.09352	1.06349	0.98645	0.862442	0.702174	0.520297	0.333471	0.172566	0.0672081	0.018653	0.00365014	0.000513249	5.33611e-05	4.22064e-06	2.60467e-07	1.28135e-08	5.11613e-10	1.68314e-11	4.62052e-13	1.06971e-14	2.10735e-16	3.55941e-18	5.18744e-20	6.55811e-22	7.224e-24	6.95903e-26	7.40143e-28	5.05274e-27	1.31563e-25	2.64018e-24	3.99569e-23	4.5001e-22	3.80512e-21	2.49027e-20	1.23671e-19	4.10737e-19	8.9206e-19	1.81614e-18	3.76671e-18	5.32362e-18	5.1278e-18	3.35131e-18	1.54596e-18	7.68148e-19	3.37324e-19	8.88037e-20	1.69278e-20	2.40689e-21	2.63738e-22	2.23259e-23	1.44863e-24	7.26509e-26	3.98906e-26	2.53847e-24	1.47151e-22	7.17253e-21	2.91257e-19	9.74292e-18	2.64836e-16	5.75389e-15	9.79635e-14	1.27747e-12	1.24532e-11	8.89547e-11	4.63632e-10	1.78892e-09	5.03005e-09	9.50463e-09	1.33789e-08	1.50721e-08	1.39283e-08	1.0388e-08	5.87866e-09	2.282e-09	6.38542e-10	1.28289e-10	1.85367e-11	1.96737e-12	1.57546e-13	9.78015e-15	
2.26596e-14	9.69177e-13	3.5007e-11	1.05604e-09	2.62676e-08	5.30585e-07	8.54557e-06	0.000107366	0.00102523	0.00721937	0.0362989	0.126871	0.30777	0.547691	0.798171	1.03414	1.24537	1.41409	1.54311	1.61829	1.63534	1.59532	1.49778	1.35103	1.16544	0.941003	0.699754	0.44759	0.225309	0.0811364	0.0201087	0.00347514	0.000432403	4.00628e-05	2.84758e-06	1.59213e-07	7.14942e-09	2.62319e-10	7.97749e-12	2.03502e-13	4.39834e-15	8.12255e-17	1.29082e-18	1.77584e-20	2.12559e-22	2.22324e-24	3.87264e-26	5.60203e-25	1.3447e-23	2.48967e-22	3.48512e-21	3.64676e-20	2.88173e-19	1.76839e-18	8.26037e-18	2.64391e-17	5.65661e-17	1.11394e-16	2.18656e-16	3.03186e-16	2.92572e-16	1.96029e-16	9.59734e-17	4.89322e-17	2.18046e-17	6.02273e-18	1.21974e-18	1.85407e-19	2.17748e-20	1.98247e-21	1.38835e-22	7.48603e-24	3.14433e-25	3.88803e-26	1.79503e-24	9.51388e-23	4.20495e-21	1.53285e-19	4.54784e-18	1.0805e-16	2.01575e-15	2.88527e-14	3.08931e-13	2.41925e-12	1.3744e-11	5.73536e-11	1.7262e-10	3.34588e-10	4.7515e-10	5.36578e-10	4.95084e-10	3.66632e-10	2.03239e-10	7.44926e-11	1.93479e-11	3.55956e-12	4.68068e-13	4.51804e-14	3.30464e-15	6.37597e-16	
3.35532e-13	1.30953e-11	4.29162e-10	1.16683e-08	2.59413e-07	4.63423e-06	6.51236e-05	0.000701486	0.00561266	0.0321492	0.126871	0.337031	0.624872	0.923107	1.22616	1.50397	1.74644	1.93167	2.05367	2.11974	2.13415	2.0999	2.01211	1.86532	1.65493	1.39757	1.10568	0.80375	0.504487	0.239358	0.0774525	0.0169094	0.00257229	0.000283674	2.35034e-05	1.50722e-06	7.66517e-08	3.15353e-09	1.06684e-10	3.00819e-12	7.15014e-14	1.44621e-15	2.50906e-17	3.75886e-19	4.89002e-21	5.55579e-23	2.49366e-24	5.45282e-23	1.20503e-21	2.05578e-20	2.65771e-19	2.57939e-18	1.90123e-17	1.09185e-16	4.79128e-16	1.47466e-15	3.1036e-15	5.91312e-15	1.09897e-14	1.493e-14	1.44363e-14	9.93058e-15	5.15341e-15	2.69743e-15	1.22181e-15	3.54778e-16	7.64545e-17	1.24478e-17	1.57001e-18	1.54005e-19	1.16579e-20	6.80972e-22	3.09859e-23	1.1141e-24	5.10661e-26	1.09373e-24	5.2523e-23	2.0832e-21	6.73183e-20	1.74431e-18	3.55407e-17	5.56275e-16	6.51453e-15	5.5686e-14	3.43392e-13	1.54342e-12	4.95665e-12	9.82325e-12	1.4053e-11	1.59011e-11	1.46528e-11	1.07875e-11	5.87443e-12	2.0405e-12	4.93745e-13	8.3521e-14	1.00398e-14	8.874e-16	1.94684e-16	7.2954e-15	
3.84711e-12	1.36608e-10	4.04808e-09	9.87529e-08	1.95086e-06	3.05866e-05	0.000371261	0.00338294	0.0222817	0.101534	0.30777	0.624872	0.965368	1.33162	1.67102	1.96266	2.19329	2.36231	2.48317	2.5504	2.56546	2.53007	2.4416	2.30041	2.10932	1.85188	1.54012	1.18438	0.827098	0.489892	0.207754	0.0583786	0.011051	0.00147096	0.000143571	1.0644e-05	6.16732e-07	2.85792e-08	1.07918e-09	3.37209e-11	8.83041e-13	1.95858e-14	3.71222e-16	6.05765e-18	8.5641e-20	1.06011e-21	1.91314e-22	4.64355e-21	9.4326e-20	1.48011e-18	1.76357e-17	1.58406e-16	1.08652e-15	5.82574e-15	2.39774e-14	7.07837e-14	1.46298e-13	2.69699e-13	4.749e-13	6.3127e-13	6.11736e-13	4.32632e-13	2.37633e-13	1.27776e-13	5.8949e-14	1.80353e-14	4.14365e-15	7.24305e-16	9.83507e-17	1.04175e-17	8.54096e-19	5.41382e-20	2.67555e-21	1.04488e-22	3.27173e-24	9.41566e-26	5.71801e-25	2.45749e-23	8.63627e-22	2.43559e-20	5.40626e-19	9.225e-18	1.17765e-16	1.09496e-15	7.30407e-15	3.52394e-14	1.20428e-13	2.43385e-13	3.50353e-13	3.97078e-13	3.65518e-13	2.67773e-13	1.43574e-13	4.74121e-14	1.07204e-14	1.67294e-15	1.84987e-16	4.71234e-17	1.85277e-15	9.14407e-14	
3.36023e-11	1.0834e-09	2.89503e-08	6.31441e-07	1.10336e-05	0.000150938	0.00157068	0.0119952	0.064361	0.231661	0.547691	0.923107	1.33162	1.72024	2.07284	2.34586	2.55042	2.68767	2.75814	2.78352	2.78781	2.77691	2.73735	2.64149	2.47563	2.247	1.93837	1.57173	1.16365	0.77172	0.406897	0.145818	0.0344635	0.00556535	0.000642763	5.5277e-05	3.65793e-06	1.91238e-07	8.06846e-09	2.79509e-10	8.06428e-12	1.96074e-13	4.05732e-15	7.20466e-17	1.10554e-18	1.52374e-20	1.47254e-20	3.44565e-19	6.4203e-18	9.24423e-17	1.01253e-15	8.39389e-15	5.34225e-14	2.66684e-13	1.02735e-12	2.90052e-12	5.87532e-12	1.04794e-11	1.7499e-11	2.27305e-11	2.20794e-11	1.60745e-11	9.33018e-12	5.15776e-12	2.42946e-12	7.85206e-13	1.92797e-13	3.62843e-14	5.32011e-15	6.10205e-16	5.43222e-17	3.74488e-18	2.01389e-19	8.55728e-21	2.91426e-22	8.06306e-24	1.88811e-25	2.56115e-25	9.64617e-24	2.95655e-22	7.13573e-21	1.32434e-19	1.838e-18	1.85366e-17	1.33386e-16	6.88832e-16	2.49922e-15	5.13949e-15	7.43772e-15	8.44128e-15	7.76347e-15	5.66354e-15	2.99558e-15	9.43045e-16	1.99743e-16	2.89166e-17	8.87032e-18	3.65155e-16	1.93146e-14	8.74738e-13	
2.19462e-10	6.42218e-09	1.54665e-07	3.01393e-06	4.65454e-05	0.000555155	0.00495181	0.0317446	0.139722	0.406468	0.798171	1.22616	1.67102	2.07284	2.39057	2.62976	2.76256	2.79448	2.77459	2.74975	2.74286	2.75829	2.78542	2.79153	2.72229	2.54488	2.27542	1.91528	1.49556	1.04952	0.635416	0.279126	0.0809662	0.0157166	0.00213424	0.000211821	1.59372e-05	9.36171e-07	4.39605e-08	1.6821e-09	5.3275e-11	1.41482e-12	3.18469e-14	6.13124e-16	1.01741e-17	1.8416e-19	1.02472e-18	2.2171e-17	3.77935e-16	4.97818e-15	4.99599e-14	3.80964e-13	2.24194e-12	1.03844e-11	3.73469e-11	1.00502e-10	1.99026e-10	3.43378e-10	5.44439e-10	6.90291e-10	6.72228e-10	5.04346e-10	3.08775e-10	1.75664e-10	8.47246e-11	2.90154e-11	7.63618e-12	1.5526e-12	2.46706e-13	3.07467e-14	2.98153e-15	2.24186e-16	1.31515e-17	6.09265e-19	2.26043e-20	6.80819e-22	1.68508e-23	3.48617e-25	1.00115e-25	3.13342e-24	8.21162e-23	1.65471e-21	2.49157e-20	2.71954e-19	2.10629e-18	1.16158e-17	4.46563e-17	9.32733e-17	1.35604e-16	1.54082e-16	1.41602e-16	1.02927e-16	5.37867e-17	1.61812e-17	3.22773e-18	1.2626e-18	5.45727e-17	3.0921e-15	1.50673e-13	6.25849e-12	
1.04421e-09	2.78543e-08	6.07664e-07	1.0645e-05	0.000146408	0.00153745	0.0119081	0.0652576	0.242154	0.595072	1.03414	1.50397	1.96266	2.34586	2.62976	2.77682	2.77922	2.70984	2.63617	2.58905	2.5778	2.60385	2.66357	2.74145	2.79211	2.73585	2.52707	2.20529	1.78931	1.31472	0.855187	0.436454	0.150927	0.0345684	0.00544083	0.00061565	5.20993e-05	3.4049e-06	1.7634e-07	7.38949e-09	2.5484e-10	7.33469e-12	1.78238e-13	3.69276e-15	6.58455e-17	3.52341e-18	6.21763e-17	1.23e-15	1.91167e-14	2.29487e-13	2.10166e-12	1.46801e-11	7.95439e-11	3.4047e-10	1.13953e-09	2.91147e-09	5.61951e-09	9.37372e-09	1.41353e-08	1.74775e-08	1.70662e-08	1.32051e-08	8.5094e-09	4.98854e-09	2.47235e-09	9.00336e-10	2.54881e-10	5.6217e-11	9.72329e-12	1.32228e-12	1.40221e-13	1.15414e-14	7.40917e-16	3.75228e-17	1.51989e-18	4.99172e-20	1.34583e-21	3.01109e-23	5.65009e-25	3.80134e-26	8.27278e-25	1.80753e-23	2.94835e-22	3.47697e-21	2.89339e-20	1.70073e-19	6.91662e-19	1.46509e-18	2.13855e-18	2.43243e-18	2.23396e-18	1.61871e-18	8.36817e-19	2.42124e-19	1.29578e-19	5.92398e-18	3.5996e-16	1.88997e-14	8.50357e-13	3.25003e-11	
3.50347e-09	8.65328e-08	1.7395e-06	2.79101e-05	0.000348952	0.00330003	0.0227576	0.109652	0.354644	0.769152	1.24537	1.74644	2.19329	2.55042	2.76256	2.77922	2.68077	2.56438	2.47428	2.42222	2.41017	2.43828	2.50606	2.60936	2.72711	2.79298	2.70036	2.42118	2.02593	1.54292	1.05196	0.591216	0.233874	0.0615451	0.0110266	0.00140374	0.000132215	9.52967e-06	5.40186e-07	2.46198e-08	9.18613e-10	2.84795e-11	7.42733e-13	1.64632e-14	3.18e-16	1.48965e-16	3.24698e-15	5.84347e-14	8.24557e-13	8.97863e-12	7.46621e-11	4.75298e-10	2.35909e-09	9.28543e-09	2.88089e-08	6.95653e-08	1.30371e-07	2.10083e-07	3.0193e-07	3.63862e-07	3.56306e-07	2.84411e-07	1.9245e-07	1.16457e-07	5.95653e-08	2.31603e-08	7.08361e-09	1.70328e-09	3.22376e-10	4.80835e-11	5.60329e-12	5.07111e-13	3.57678e-14	1.987e-15	8.8122e-17	3.16301e-18	9.30552e-20	2.26901e-21	4.62954e-23	7.97039e-25	1.89631e-26	1.73402e-25	3.05828e-24	3.89193e-23	3.4752e-22	2.17389e-21	9.33956e-21	2.00369e-20	2.93509e-20	3.34137e-20	3.06699e-20	2.21626e-20	1.14114e-20	8.76189e-21	4.24567e-19	2.7884e-17	1.59106e-15	7.82527e-14	3.29145e-12	1.17306e-10	
8.17557e-09	1.92606e-07	3.6728e-06	5.55343e-05	0.000649197	0.0056875	0.0359606	0.15731	0.460243	0.916727	1.41409	1.93167	2.36231	2.68767	2.79448	2.70984	2.56438	2.4345	2.34193	2.28979	2.2778	2.3058	2.37413	2.48251	2.62337	2.75801	2.78148	2.58023	2.19916	1.731	1.21225	0.722976	0.314835	0.0920685	0.0182805	0.00256507	0.000264855	2.08267e-05	1.2826e-06	6.32828e-08	2.54835e-09	8.50462e-11	2.38233e-12	5.66245e-14	1.42996e-15	7.08165e-15	1.44726e-13	2.35823e-12	3.00531e-11	2.95116e-10	2.21462e-09	1.27691e-08	5.76918e-08	2.07578e-07	5.9414e-07	1.3487e-06	2.4424e-06	3.79722e-06	5.21441e-06	6.12485e-06	6.01498e-06	4.95144e-06	3.50897e-06	2.19681e-06	1.16586e-06	4.86332e-07	1.6156e-07	4.26058e-08	8.88151e-09	1.46211e-09	1.88356e-10	1.88478e-11	1.46784e-12	8.98323e-14	4.37777e-15	1.72239e-16	5.5422e-18	1.47537e-19	3.28186e-21	6.15213e-23	9.78927e-25	1.47599e-26	2.80585e-26	3.82885e-25	3.66506e-24	2.43698e-23	1.1048e-22	2.39795e-22	3.52366e-22	4.01454e-22	3.68323e-22	2.67557e-22	3.32589e-22	1.66297e-20	1.21815e-18	7.78855e-17	4.31184e-15	2.05255e-13	8.33249e-12	2.85671e-10	
1.37671e-08	3.17142e-07	5.89247e-06	8.6404e-05	0.000973395	0.00814944	0.0487141	0.199127	0.54172	1.02312	1.54311	2.05367	2.48317	2.75814	2.77459	2.63617	2.47428	2.34193	2.24986	2.19836	2.18654	2.21415	2.28177	2.39019	2.53691	2.69988	2.79655	2.67958	2.31758	1.86009	1.32728	0.823543	0.380075	0.119245	0.025495	0.00384342	0.00042418	3.54373e-05	2.30474e-06	1.19426e-07	5.02592e-09	1.74533e-10	5.06828e-12	1.2491e-13	1.54183e-14	2.94832e-13	5.45873e-12	8.00745e-11	9.15619e-10	8.05002e-09	5.41036e-08	2.80385e-07	1.14427e-06	3.73659e-06	9.80801e-06	2.07993e-05	3.61739e-05	5.41537e-05	7.12631e-05	8.16439e-05	8.04088e-05	6.81848e-05	5.04679e-05	3.27893e-05	1.81782e-05	8.18083e-06	2.97115e-06	8.65625e-07	2.00323e-07	3.66826e-08	5.26278e-09	5.86271e-10	5.07252e-11	3.43834e-12	1.84957e-13	8.00639e-15	2.82624e-16	8.2334e-18	2.00022e-19	4.08886e-21	7.08692e-23	1.04816e-24	1.35229e-26	3.46645e-27	3.40616e-26	2.40519e-25	1.14955e-24	2.52189e-24	3.71622e-24	4.23714e-24	3.92234e-24	6.76387e-24	3.76053e-22	3.10662e-20	2.25348e-18	1.42271e-16	7.77046e-15	3.64533e-13	1.45646e-11	4.90624e-10	
1.84307e-08	4.16869e-07	7.60675e-06	0.000109501	0.00120932	0.00989602	0.057514	0.226778	0.591163	1.08103	1.61829	2.11974	2.5504	2.78352	2.74975	2.58905	2.42222	2.28979	2.19836	2.14732	2.13562	2.16297	2.23001	2.33789	2.48574	2.65847	2.78864	2.72621	2.38791	1.92997	1.39869	0.882396	0.418701	0.136981	0.030632	0.00481019	0.00054959	4.725e-05	3.14641e-06	1.66252e-07	7.11108e-09	2.50337e-10	7.35487e-12	2.01953e-13	5.03475e-13	1.0372e-11	1.72491e-10	2.26182e-09	2.30179e-08	1.79567e-07	1.07074e-06	4.94023e-06	1.80381e-05	5.29903e-05	0.000126617	0.000249011	0.000412654	0.000593067	0.000750253	0.000839683	0.000829227	0.000722881	0.000557334	0.000377392	0.000220425	0.000107721	4.31169e-05	1.4002e-05	3.63266e-06	7.47116e-07	1.20474e-07	1.50691e-08	1.45964e-09	1.10315e-10	6.5873e-12	3.15204e-13	1.22531e-14	3.91822e-16	1.04206e-17	2.32698e-19	4.39862e-21	7.08692e-23	9.78872e-25	1.16718e-26	3.99543e-28	2.09761e-27	1.05567e-26	2.33891e-26	3.45573e-26	3.99664e-26	1.00187e-25	6.65673e-24	6.06473e-22	4.88277e-20	3.44551e-18	2.11984e-16	1.13016e-14	5.18325e-13	2.02742e-11	6.69429e-10	
1.982e-08	4.44875e-07	8.065e-06	0.000115453	0.00126881	0.0103333	0.0597254	0.233737	0.603139	1.09352	1.63534	2.13415	2.56546	2.78781	2.74286	2.5778	2.41017	2.2778	2.18654	2.13562	2.12395	2.15123	2.21813	2.32584	2.47382	2.64826	2.78513	2.73542	2.40458	1.94596	1.41607	0.895735	0.427638	0.141347	0.0319485	0.00506339	0.000582826	5.04012e-05	3.37179e-06	1.78817e-07	7.67126e-09	2.70715e-10	7.99418e-12	9.08718e-13	1.63601e-11	3.044e-10	4.51264e-09	5.24296e-08	4.7006e-07	3.21741e-06	1.68216e-05	6.82793e-05	0.000220407	0.000576261	0.00124204	0.00224626	0.00351153	0.00482339	0.00588305	0.00644786	0.00638308	0.00570418	0.00457132	0.00324533	0.00201812	0.00107906	0.000480736	0.000175922	5.17931e-05	1.21099e-05	2.22029e-06	3.15188e-07	3.4509e-08	2.93215e-09	1.95726e-10	1.0413e-11	4.47893e-13	1.57817e-14	4.60872e-16	1.12684e-17	2.32698e-19	4.08886e-21	6.15213e-23	7.96802e-25	8.92395e-27	1.0285e-28	8.6531e-29	1.91884e-28	2.89439e-28	1.01698e-27	7.9655e-26	8.0626e-24	7.24295e-22	5.73311e-20	3.98123e-18	2.41306e-16	1.26882e-14	5.74611e-13	2.2221e-11	7.2631e-10	
1.66987e-08	3.8119e-07	7.0135e-06	0.000101726	0.00113156	0.00932808	0.0546716	0.21788	0.575487	1.06349	1.59532	2.0999	2.53007	2.77691	2.75829	2.60385	2.43828	2.3058	2.21415	2.16297	2.15123	2.17866	2.24589	2.35396	2.50156	2.67164	2.79215	2.71287	2.36604	1.90855	1.37621	0.864447	0.406709	0.131282	0.0289458	0.00448925	0.000507708	4.32922e-05	2.86391e-06	1.5052e-07	6.4102e-09	2.24881e-10	7.43933e-12	2.17391e-11	4.44587e-10	7.361e-09	9.63759e-08	9.81221e-07	7.6514e-06	4.53003e-05	0.000204596	0.000719708	0.00202362	0.00464819	0.00893763	0.0147272	0.0214571	0.0279875	0.0329756	0.0354987	0.0352139	0.0321532	0.0267638	0.0200809	0.0134602	0.00794028	0.00398443	0.0016649	0.000564709	0.000152431	3.22457e-05	5.26619e-06	6.59655e-07	6.36724e-08	4.79277e-09	2.85545e-10	1.36698e-11	5.33257e-13	1.71643e-14	4.60872e-16	1.04206e-17	2.00022e-19	3.28186e-21	4.62954e-23	5.64204e-25	5.96408e-27	5.54729e-29	1.85487e-30	5.12015e-30	4.13833e-28	4.92704e-26	5.21917e-24	4.87699e-22	4.00544e-20	2.87881e-18	1.80135e-16	9.75334e-15	4.53665e-13	1.79729e-11	6.00303e-10	
1.14841e-08	2.66818e-07	5.0049e-06	7.41936e-05	0.000846629	0.00719911	0.0438691	0.183603	0.512585	0.98645	1.49778	2.01211	2.4416	2.73735	2.78542	2.66357	2.50606	2.37413	2.28177	2.23001	2.21813	2.24589	2.3138	2.42238	2.56765	2.72236	2.7953	2.64694	2.27554	1.81585	1.28567	0.787761	0.356796	0.109181	0.0227238	0.00333893	0.000360108	2.94844e-05	1.88444e-06	9.61881e-08	3.99555e-09	1.38054e-10	2.78701e-11	5.41254e-10	9.90786e-09	1.44563e-07	1.65233e-06	1.45373e-05	9.69981e-05	0.00048781	0.00186762	0.00558727	0.0134384	0.0267223	0.0452849	0.0673953	0.0904175	0.111114	0.126423	0.134025	0.13317	0.123922	0.107312	0.0858789	0.0627921	0.0412019	0.0235907	0.0114287	0.00454882	0.00144534	0.000359448	6.87177e-05	1.00008e-05	1.11108e-06	9.53397e-08	6.41773e-09	3.44417e-10	1.49613e-11	5.33257e-13	1.57817e-14	3.91822e-16	8.2334e-18	1.47537e-19	2.26901e-21	3.01109e-23	3.46346e-25	3.46563e-27	3.02748e-29	1.97971e-30	2.38393e-28	2.90207e-26	3.12421e-24	2.96559e-22	2.47336e-20	1.80478e-18	1.14636e-16	6.30047e-15	2.97503e-13	1.1968e-11	4.06087e-10	
6.07847e-09	1.45261e-07	2.8162e-06	4.34141e-05	0.000519222	0.00467335	0.0305036	0.138376	0.420343	0.862442	1.35103	1.86532	2.30041	2.64149	2.79153	2.74145	2.60936	2.48251	2.39019	2.33789	2.32584	2.35396	2.42238	2.52977	2.66447	2.77782	2.75949	2.52399	2.13752	1.66266	1.15402	0.673186	0.283389	0.0798235	0.0152601	0.00206292	0.00020542	1.55965e-05	9.28591e-07	4.43507e-08	1.73175e-09	7.84008e-11	5.52534e-10	1.10685e-08	1.78373e-07	2.26671e-06	2.22909e-05	0.000166494	0.000930907	0.00388585	0.0123184	0.0306377	0.0618005	0.104987	0.155473	0.20824	0.256333	0.295749	0.324227	0.33871	0.33706	0.319552	0.288649	0.247292	0.197873	0.144987	0.0955922	0.0544761	0.0259636	0.00994478	0.00297746	0.000681333	0.000117502	1.52778e-05	1.51495e-06	1.16492e-07	7.07025e-09	3.44417e-10	1.36698e-11	4.47893e-13	1.22531e-14	2.82624e-16	5.5422e-18	9.30552e-20	1.34583e-21	1.68508e-23	1.83416e-25	1.74145e-27	1.5235e-29	1.07345e-28	1.31738e-26	1.43201e-24	1.37358e-22	1.15866e-20	8.55987e-19	5.51144e-17	3.07495e-15	1.47645e-13	6.05204e-12	2.09768e-10	
2.19409e-09	5.604e-08	1.16684e-06	1.94293e-05	0.000252685	0.00249261	0.0179883	0.0910054	0.309591	0.702174	1.16544	1.65493	2.10932	2.47563	2.72229	2.79211	2.72711	2.62337	2.53691	2.48574	2.47382	2.50156	2.56765	2.66447	2.76229	2.78566	2.64278	2.34185	1.93861	1.45551	0.976761	0.531621	0.200082	0.0499009	0.00849779	0.0010329	9.3299e-05	6.47399e-06	3.54461e-07	1.56484e-08	5.84426e-10	4.86571e-10	1.0286e-08	1.81841e-07	2.54998e-06	2.78156e-05	0.000231085	0.00143259	0.0065359	0.0220074	0.0562238	0.113648	0.189871	0.275702	0.360799	0.440842	0.508968	0.561074	0.596294	0.614076	0.612048	0.590591	0.551962	0.496573	0.425601	0.343994	0.258363	0.173577	0.100444	0.0475479	0.0176325	0.00496673	0.00104093	0.000161783	1.88583e-05	1.67908e-06	1.16492e-07	6.41773e-09	2.85545e-10	1.0413e-11	3.15204e-13	8.00639e-15	1.72239e-16	3.16301e-18	4.99172e-20	6.80819e-22	8.06296e-24	8.32398e-26	7.51608e-28	2.81593e-29	2.84856e-27	3.23508e-25	3.24535e-23	2.86649e-21	2.22055e-19	1.50167e-17	8.81641e-16	4.46465e-14	1.93515e-12	7.11393e-11	
5.68574e-10	1.57612e-08	3.58337e-07	6.56366e-06	9.47591e-05	0.00104922	0.00861215	0.0502671	0.199245	0.520297	0.941003	1.39757	1.85188	2.247	2.54488	2.73585	2.79298	2.75801	2.69988	2.65847	2.64826	2.67164	2.72236	2.77782	2.78566	2.67596	2.43392	2.09896	1.67764	1.21233	0.769956	0.372376	0.120419	0.0258401	0.00383325	0.000411328	3.31869e-05	2.07719e-06	1.03418e-07	4.19083e-09	4.73077e-10	7.94302e-09	1.53228e-07	2.35859e-06	2.83846e-05	0.000261078	0.00179102	0.00895896	0.0322911	0.085031	0.171364	0.280337	0.397134	0.513216	0.624939	0.724577	0.812879	0.882757	0.929301	0.951503	0.949029	0.921911	0.870555	0.796495	0.705416	0.603421	0.490147	0.373833	0.257523	0.151983	0.0716455	0.0256472	0.00673779	0.0012854	0.000179911	1.88583e-05	1.51495e-06	9.53397e-08	4.79277e-09	1.95726e-10	6.5873e-12	1.84957e-13	4.37777e-15	8.8122e-17	1.51989e-18	2.26043e-20	2.91426e-22	3.27155e-24	3.20961e-26	2.78811e-28	3.86242e-28	4.62849e-26	4.92785e-24	4.62273e-22	3.80729e-20	2.74121e-18	1.71655e-16	9.29226e-15	4.31733e-13	1.70702e-11	
1.07155e-10	3.25854e-09	8.1791e-08	1.66715e-06	2.70485e-05	0.000340757	0.00323178	0.0222055	0.105638	0.333471	0.699754	1.10568	1.54012	1.93837	2.27542	2.52707	2.70036	2.78148	2.79655	2.78864	2.78513	2.79215	2.7953	2.75949	2.64278	2.43392	2.15412	1.78162	1.36724	0.937746	0.543307	0.221513	0.0592235	0.0106548	0.00135207	0.000126377	9.01453e-06	5.04801e-07	2.2708e-08	1.03174e-09	5.08951e-09	1.06345e-07	1.79069e-06	2.36992e-05	0.000240782	0.00182786	0.0100736	0.0393379	0.108427	0.219651	0.355216	0.498426	0.649302	0.797007	0.939554	1.06505	1.16685	1.24483	1.29725	1.32311	1.32018	1.28884	1.23122	1.14837	1.04171	0.912093	0.767869	0.619151	0.46901	0.327249	0.194862	0.0906867	0.0308621	0.00745592	0.0012854	0.000161783	1.52778e-05	1.11108e-06	6.36724e-08	2.93215e-09	1.10315e-10	3.43834e-12	8.98323e-14	1.987e-15	3.75228e-17	6.09265e-19	8.55728e-21	1.04488e-22	1.11382e-24	1.0401e-26	1.19235e-28	4.38554e-27	5.0087e-25	5.04349e-23	4.46267e-21	3.45641e-19	2.33233e-17	1.36354e-15	6.86089e-14	2.94792e-12	
1.46371e-11	4.91339e-10	1.37058e-08	3.13075e-07	5.75227e-06	8.31579e-05	0.000920332	0.00753607	0.0437962	0.172566	0.44759	0.80375	1.18438	1.57173	1.91528	2.20529	2.42118	2.58023	2.67958	2.72621	2.73542	2.71287	2.64694	2.52399	2.34185	2.09896	1.78162	1.42309	1.02625	0.65936	0.321616	0.104547	0.0225434	0.00336101	0.000362418	2.93697e-05	1.84506e-06	9.21223e-08	3.82473e-09	2.77061e-09	6.03421e-08	1.1094e-06	1.61258e-05	0.000180951	0.00152368	0.00931892	0.0400479	0.118498	0.247512	0.403237	0.574611	0.760119	0.946076	1.12253	1.28266	1.42302	1.54343	1.63635	1.69833	1.72817	1.72482	1.68846	1.62018	1.52135	1.39635	1.25225	1.08845	0.909251	0.722799	0.538465	0.371134	0.218488	0.0979159	0.0308621	0.00673779	0.00104093	0.000117502	1.00008e-05	6.59655e-07	3.4509e-08	1.45964e-09	5.07252e-11	1.46784e-12	3.57678e-14	7.40917e-16	1.31515e-17	2.01389e-19	2.67555e-21	3.09859e-23	3.1405e-25	2.79653e-27	3.07881e-28	3.52531e-26	3.83217e-24	3.66354e-22	3.06945e-20	2.2444e-18	1.42504e-16	7.80964e-15	3.66779e-13	
1.46584e-12	5.43918e-11	1.68825e-09	4.32639e-08	9.01051e-07	1.49605e-05	0.000193387	0.00189011	0.0134755	0.0672081	0.225309	0.504487	0.827098	1.16365	1.49556	1.78931	2.02593	2.19916	2.31758	2.38791	2.40458	2.36604	2.27554	2.13752	1.93861	1.67764	1.36724	1.02625	0.698794	0.38238	0.145308	0.0368388	0.00639369	0.000791692	7.2706e-05	5.116e-06	2.83249e-07	1.26455e-08	1.57856e-09	2.77029e-08	5.55618e-07	8.87244e-06	0.000110148	0.00103332	0.00707943	0.034095	0.111709	0.25013	0.421387	0.617925	0.83286	1.04949	1.26382	1.46184	1.644	1.80192	1.92743	2.01845	2.0772	2.10482	2.10175	2.06794	2.00287	1.9051	1.77277	1.60925	1.42357	1.22202	1.00578	0.789702	0.576148	0.385862	0.218488	0.0906867	0.0256472	0.00496673	0.000681333	6.87177e-05	5.26619e-06	3.15188e-07	1.50691e-08	5.86271e-10	1.88478e-11	5.07111e-13	1.15414e-14	2.24186e-16	3.74488e-18	5.41382e-20	6.80972e-22	7.48602e-24	7.21889e-26	6.25871e-28	1.7935e-27	2.10504e-25	2.1797e-23	1.98014e-21	1.57233e-19	1.08639e-17	6.49644e-16	3.34054e-14	
1.10047e-13	4.50716e-12	1.55338e-10	4.45328e-09	1.04734e-07	1.98716e-06	2.98044e-05	0.000344723	0.00298365	0.018653	0.0811364	0.239358	0.489892	0.77172	1.04952	1.31472	1.54292	1.731	1.86009	1.92997	1.94596	1.90855	1.81585	1.66266	1.45551	1.21233	0.937746	0.65936	0.38238	0.161798	0.046972	0.00937923	0.00132768	0.000138017	1.08811e-05	6.68602e-07	3.27649e-08	1.68116e-09	1.01861e-08	2.22339e-07	3.90734e-06	5.38431e-05	0.000566061	0.00439038	0.0241452	0.0904499	0.22709	0.409289	0.621917	0.86014	1.10725	1.35412	1.58755	1.80835	1.99847	2.15136	2.27085	2.36065	2.42089	2.44994	2.4467	2.41128	2.345	2.24935	2.12357	1.96346	1.76635	1.54134	1.30604	1.05683	0.812189	0.576148	0.371134	0.194862	0.0716455	0.0176325	0.00297746	0.000359448	3.22457e-05	2.22029e-06	1.20474e-07	5.26278e-09	1.88356e-10	5.60329e-12	1.40221e-13	2.98153e-15	5.43222e-17	8.54096e-19	1.16579e-20	1.38835e-22	1.44862e-24	1.32892e-26	1.75361e-28	8.66096e-27	9.72362e-25	9.58558e-23	8.26981e-21	6.21915e-19	4.05729e-17	2.28303e-15	
6.34663e-15	2.86157e-13	1.09134e-11	3.48453e-10	9.20114e-09	1.98012e-07	3.41236e-06	4.61049e-05	0.000476188	0.00365014	0.0201087	0.0774525	0.207754	0.406897	0.635416	0.855187	1.05196	1.21225	1.32728	1.39869	1.41607	1.37621	1.28567	1.15402	0.976761	0.769956	0.543307	0.321616	0.145308	0.046972	0.0106527	0.0017174	0.000202214	1.79059e-05	1.22483e-06	6.62403e-08	2.98803e-09	3.03102e-09	7.02791e-08	1.36363e-06	2.09529e-05	0.000248529	0.00220491	0.0140806	0.0620048	0.182214	0.367138	0.586207	0.841969	1.11253	1.38776	1.6561	1.90987	2.12951	2.3125	2.4685	2.60097	2.7066	2.77971	2.8155	2.81149	2.76795	2.68789	2.57643	2.43912	2.27827	2.08887	1.86144	1.60249	1.33401	1.05683	0.789702	0.538465	0.327249	0.151983	0.0475479	0.00994478	0.00144534	0.000152431	1.21099e-05	7.47116e-07	3.66826e-08	1.46211e-09	4.80835e-11	1.32228e-12	3.07467e-14	6.10205e-16	1.04175e-17	1.54005e-19	1.98247e-21	2.23259e-23	2.20816e-25	1.9262e-27	2.89588e-28	3.34755e-26	3.58205e-24	3.35735e-22	2.74672e-20	1.95315e-18	1.20097e-16	
2.87563e-16	1.42329e-14	5.98453e-13	2.11812e-11	6.24192e-10	1.51184e-08	2.96357e-07	4.61602e-06	5.59014e-05	0.000513249	0.00347514	0.0169094	0.0583786	0.145818	0.279126	0.436454	0.591216	0.722976	0.823543	0.882396	0.895735	0.864447	0.787761	0.673186	0.531621	0.372376	0.221513	0.104547	0.0368388	0.00937923	0.0017174	0.000229568	2.29348e-05	1.75547e-06	1.05333e-07	5.07548e-09	8.57413e-10	1.74204e-08	3.74695e-07	6.45274e-06	8.69015e-05	0.000889276	0.00667334	0.0352075	0.125224	0.297051	0.515923	0.778132	1.06499	1.36536	1.66238	1.94793	2.19798	2.41441	2.6126	2.79622	2.95849	3.08955	3.18051	3.22504	3.22005	3.16587	3.06629	2.92821	2.76089	2.57399	2.37294	2.15133	1.89304	1.60249	1.30604	1.00578	0.722799	0.46901	0.257523	0.100444	0.0259636	0.00454882	0.000564709	5.17931e-05	3.63266e-06	2.00323e-07	8.88151e-09	3.22376e-10	9.72329e-12	2.46706e-13	5.32011e-15	9.83507e-17	1.57001e-18	2.17748e-20	2.63738e-22	2.80176e-24	2.61989e-26	2.2315e-28	9.11838e-28	1.05751e-25	1.07662e-23	9.5764e-22	7.41446e-20	4.97411e-18	
1.04356e-17	5.65497e-16	2.61253e-14	1.0205e-12	3.33755e-11	9.03372e-10	1.99599e-08	3.54192e-07	4.95219e-06	5.33611e-05	0.000432403	0.00257229	0.011051	0.0344635	0.0809662	0.150927	0.233874	0.314835	0.380075	0.418701	0.427638	0.406709	0.356796	0.283389	0.200082	0.120419	0.0592235	0.0225434	0.00639369	0.00132768	0.000202214	2.29348e-05	1.97815e-06	1.32605e-07	7.05256e-09	4.18622e-10	3.39002e-09	8.0925e-08	1.56782e-06	2.40695e-05	0.000285387	0.00253141	0.0161569	0.0710341	0.208159	0.419127	0.673724	0.970404	1.28636	1.60607	1.92256	2.20421	2.4536	2.69293	2.92842	3.15135	3.34839	3.5068	3.61628	3.66974	3.66375	3.59869	3.47875	3.3117	3.10839	2.88192	2.64524	2.4051	2.15133	1.86144	1.54134	1.22202	0.909251	0.619151	0.373833	0.173577	0.0544761	0.0114287	0.0016649	0.000175922	1.4002e-05	8.65625e-07	4.26058e-08	1.70328e-09	5.6217e-11	1.5526e-12	3.62843e-14	7.24305e-16	1.24478e-17	1.85407e-19	2.40689e-21	2.73614e-23	2.73453e-25	2.4106e-27	3.8701e-29	2.51265e-27	2.7784e-25	2.68572e-23	2.26203e-21	1.65333e-19	
3.08248e-19	1.82465e-17	9.23439e-16	3.96578e-14	1.43244e-12	4.3061e-11	1.06402e-09	2.12964e-08	3.39368e-07	4.22064e-06	4.00628e-05	0.000283674	0.00147096	0.00556535	0.0157166	0.0345684	0.0615451	0.0920685	0.119245	0.136981	0.141347	0.131282	0.109181	0.0798235	0.0499009	0.0258401	0.0106548	0.00336101	0.000791692	0.000138017	1.79059e-05	1.75547e-06	1.32604e-07	7.87178e-09	3.89818e-10	5.25681e-10	1.36451e-08	2.97828e-07	5.22014e-06	7.18378e-05	0.000754953	0.00585505	0.0321775	0.120241	0.300683	0.541893	0.82943	1.1539	1.49135	1.83379	2.14821	2.42742	2.70043	2.98064	3.26026	3.52369	3.75485	3.9396	4.06678	4.12875	4.12181	4.04637	3.90695	3.71191	3.47309	3.2051	2.9242	2.64524	2.37294	2.08887	1.76635	1.42357	1.08845	0.767869	0.490147	0.258363	0.0955922	0.0235907	0.00398443	0.000480736	4.31169e-05	2.97115e-06	1.6156e-07	7.08361e-09	2.54881e-10	7.63618e-12	1.92797e-13	4.14365e-15	7.64545e-17	1.21974e-18	1.69278e-20	2.05409e-22	2.18865e-24	2.05504e-26	1.70888e-28	5.00022e-29	5.857e-27	6.15166e-25	5.6327e-23	4.4804e-21	
7.51061e-21	4.84757e-19	2.68089e-17	1.26174e-15	5.01258e-14	1.66485e-12	4.57046e-11	1.02325e-09	1.83896e-08	2.60467e-07	2.84758e-06	2.35034e-05	0.000143571	0.000642763	0.00213424	0.00544083	0.0110266	0.0182805	0.025495	0.030632	0.0319485	0.0289458	0.0227238	0.0152601	0.00849779	0.00383325	0.00135207	0.000362418	7.2706e-05	1.08811e-05	1.22483e-06	1.05332e-07	7.04927e-09	3.75538e-10	7.38834e-11	1.73199e-09	4.28179e-08	8.61728e-07	1.3841e-05	0.000173216	0.00163964	0.0113206	0.0546698	0.177902	0.392563	0.660555	0.979939	1.32201	1.6813	2.02973	2.33773	2.63416	2.94567	3.27045	3.59271	3.89391	4.15656	4.36555	4.509	4.57878	4.57097	4.486	4.32867	4.10788	3.83622	3.52935	3.2051	2.88192	2.57399	2.27827	1.96346	1.60925	1.25225	0.912093	0.603421	0.343994	0.144987	0.0412019	0.00794028	0.00107906	0.000107721	8.18083e-06	4.86332e-07	2.31603e-08	9.00336e-10	2.90154e-11	7.85206e-13	1.80353e-14	3.54778e-16	6.02273e-18	8.88037e-20	1.14351e-21	1.29186e-23	1.2854e-25	1.13003e-27	9.58165e-30	1.02124e-28	1.16497e-26	1.15933e-24	1.0028e-22	
1.52623e-22	1.07262e-20	6.46955e-19	3.32808e-17	1.44929e-15	5.29537e-14	1.60634e-12	3.99537e-11	8.02901e-10	1.28135e-08	1.59213e-07	1.50722e-06	1.0644e-05	5.5277e-05	0.000211821	0.00061565	0.00140374	0.00256507	0.00384342	0.00481019	0.00506339	0.00448925	0.00333893	0.00206292	0.0010329	0.000411328	0.000126377	2.93697e-05	5.116e-06	6.68602e-07	6.62374e-08	5.05476e-09	3.0261e-10	1.8998e-11	1.56445e-10	4.45187e-09	1.04573e-07	1.98629e-06	2.98804e-05	0.000347018	0.00301518	0.0188753	0.0817012	0.237517	0.478359	0.768346	1.11167	1.4714	1.8463	2.18824	2.50186	2.82835	3.1805	3.5465	3.90687	4.24157	4.53208	4.7625	4.92032	4.997	4.98842	4.89503	4.72188	4.47832	4.1776	3.83622	3.47309	3.10839	2.76089	2.43912	2.12357	1.77277	1.39635	1.04171	0.705416	0.425601	0.197873	0.0627921	0.0134602	0.00201812	0.000220425	1.81782e-05	1.16586e-06	5.95653e-08	2.47235e-09	8.47246e-11	2.42946e-12	5.8949e-14	1.22181e-15	2.18046e-17	3.37324e-19	4.54973e-21	5.37606e-23	5.58788e-25	5.12628e-27	4.16327e-29	1.78392e-30	1.84205e-28	1.99248e-26	1.87352e-24	
2.61016e-24	1.99554e-22	1.31078e-20	7.35508e-19	3.5013e-17	1.40239e-15	4.67984e-14	1.28596e-12	2.8697e-11	5.11613e-10	7.14942e-09	7.66517e-08	6.16732e-07	3.65793e-06	1.59372e-05	5.20993e-05	0.000132215	0.000264855	0.00042418	0.00054959	0.000582826	0.000507708	0.000360108	0.00020542	9.3299e-05	3.31869e-05	9.01453e-06	1.84506e-06	2.83248e-07	3.27533e-08	2.88774e-09	1.9736e-10	1.0917e-11	1.1227e-11	3.52563e-10	9.60546e-09	2.14603e-07	3.86231e-06	5.47882e-05	0.000596318	0.00481791	0.0277816	0.109783	0.291585	0.552075	0.864766	1.22038	1.59992	1.97754	2.31433	2.64407	3.00268	3.39104	3.79214	4.18467	4.54757	4.86151	5.10995	5.27985	5.36233	5.3531	5.25264	5.06619	4.80348	4.47832	4.10788	3.71191	3.3117	2.92821	2.57643	2.24935	1.9051	1.52135	1.14837	0.796495	0.496573	0.247292	0.0858789	0.0200809	0.00324533	0.000377392	3.27893e-05	2.19681e-06	1.16457e-07	4.98854e-09	1.75664e-10	5.15776e-12	1.27776e-13	2.69743e-15	4.89322e-17	7.68148e-19	1.04977e-20	1.25524e-22	1.31881e-24	1.22175e-26	1.00086e-28	7.44808e-31	2.45559e-30	2.88305e-28	2.94704e-26	
