-0.510953	-0.106535	0.359712	0.853261	1.36011	1.84519	2.28677	2.63583	2.86702	2.98006	2.94962	2.7874	2.53516	2.20269	1.80323	1.39916	1.06655	0.838523	0.705833	0.64117	0.621065	0.631798	0.66681	0.723288	0.798318	0.88952	0.994301	1.10612	1.22015	1.33084	1.43009	1.50782	1.5536	1.55966	1.52086	1.43675	1.31395	1.15803	0.965443	0.738209	0.502674	0.299237	0.15461	0.0693618	0.0271408	0.00932266	0.00283331	0.000773112	0.000202089	7.061e-05	5.76441e-05	7.79722e-05	0.000111749	0.000155199	0.000212207	0.000311964	0.000591654	0.00158775	0.00509532	0.0162103	0.0468892	0.119209	0.261976	0.492639	0.789833	1.08851	1.32405	1.47886	1.55385	1.5211	1.36907	1.13016	0.816262	0.446219	0.067992	-0.300887	-0.628702	-0.894531	-1.07989	-1.18418	-1.21612	-1.18325	-1.11137	-1.01535	-0.918056	-0.833177	-0.768056	-0.725874	-0.696822	-0.685798	-0.694886	-0.717657	-0.757365	-0.817972	-0.894123	-0.982006	-1.0519	-1.07534	-1.00823	-0.822561	
-0.106535	0.351363	0.821363	1.3033	1.77685	2.19308	2.52926	2.74933	2.85485	2.84159	2.69209	2.43813	2.11076	1.71227	1.27362	0.869498	0.559685	0.35644	0.240797	0.184828	0.16852	0.183539	0.223405	0.288389	0.376444	0.484861	0.612767	0.756407	0.90753	1.06071	1.20863	1.34353	1.45485	1.53194	1.565	1.54344	1.46286	1.33542	1.17371	0.972712	0.73304	0.486759	0.280057	0.139014	0.0597128	0.0223438	0.007353	0.00217363	0.000634846	0.000271303	0.000254588	0.000345578	0.000482752	0.000648777	0.000835697	0.00104739	0.0013455	0.00202524	0.00417296	0.0111249	0.0314081	0.0825546	0.191478	0.383073	0.654577	0.957114	1.22074	1.41012	1.52798	1.55745	1.47095	1.28851	1.03165	0.704163	0.347627	-0.0155515	-0.358524	-0.652123	-0.898959	-1.06672	-1.17418	-1.21157	-1.20415	-1.1585	-1.1016	-1.03748	-0.980852	-0.939031	-0.911703	-0.900695	-0.908189	-0.932497	-0.969126	-1.02338	-1.07697	-1.114	-1.11254	-1.02578	-0.83164	-0.509993	
0.359712	0.821363	1.28189	1.74406	2.13408	2.43843	2.64898	2.74113	2.72581	2.58683	2.32656	1.98902	1.59059	1.14055	0.689373	0.309535	0.0353101	-0.13576	-0.232359	-0.279203	-0.291806	-0.276179	-0.235148	-0.169695	-0.0780908	0.0390696	0.178129	0.341838	0.523522	0.716492	0.911363	1.0984	1.26718	1.4064	1.50694	1.56141	1.55412	1.47431	1.34024	1.16983	0.955812	0.701972	0.44943	0.247534	0.117186	0.0479724	0.0171807	0.00555469	0.00185624	0.000979919	0.0010214	0.00137736	0.00187511	0.0024563	0.00308266	0.00371881	0.00435503	0.00510791	0.00655695	0.0107035	0.0231669	0.0567954	0.134398	0.283752	0.517821	0.809192	1.09294	1.31565	1.47082	1.5563	1.54023	1.42003	1.2249	0.954154	0.633554	0.298619	-0.0499199	-0.363812	-0.636821	-0.860284	-1.02264	-1.13333	-1.19057	-1.20906	-1.19929	-1.17327	-1.14677	-1.11976	-1.10271	-1.0984	-1.09877	-1.11469	-1.13942	-1.15865	-1.16939	-1.13802	-1.03728	-0.827699	-0.50322	-0.090101	
0.853261	1.3033	1.74406	2.11486	2.38553	2.58146	2.66236	2.62453	2.48072	2.21481	1.8623	1.46025	1.01382	0.544831	0.116288	-0.216439	-0.43978	-0.572649	-0.647545	-0.684031	-0.692314	-0.680244	-0.642915	-0.585001	-0.502269	-0.391384	-0.253585	-0.0895646	0.101744	0.315024	0.54465	0.779102	1.00567	1.20931	1.37418	1.49024	1.55773	1.55617	1.47118	1.32861	1.14596	0.913781	0.645934	0.394233	0.206053	0.0925815	0.0362817	0.0129949	0.00510035	0.00329849	0.00368921	0.00490042	0.00648987	0.00828429	0.0101622	0.012002	0.0136905	0.015182	0.0166918	0.0192766	0.0263149	0.0464256	0.0970949	0.204581	0.392035	0.654556	0.943735	1.19574	1.38406	1.51447	1.56716	1.51579	1.38312	1.18203	0.908378	0.608203	0.29433	-0.0269008	-0.316653	-0.574648	-0.782493	-0.944712	-1.05762	-1.13368	-1.17584	-1.19598	-1.1991	-1.19651	-1.19422	-1.19139	-1.19347	-1.19506	-1.19373	-1.17812	-1.12793	-1.01509	-0.80322	-0.482155	-0.0634994	0.391856	
1.36011	1.77685	2.13408	2.38553	2.55746	2.62341	2.55463	2.39086	2.12283	1.75887	1.34985	0.906593	0.437244	-0.0189551	-0.393879	-0.65926	-0.821758	-0.916404	-0.966874	-0.991372	-0.996851	-0.987329	-0.962069	-0.91739	-0.851742	-0.762671	-0.640791	-0.488966	-0.302935	-0.0884725	0.152786	0.411461	0.678422	0.936631	1.17335	1.36047	1.48651	1.5589	1.55071	1.45359	1.3001	1.09968	0.845256	0.567878	0.327235	0.161684	0.0697774	0.0281498	0.0132592	0.0102167	0.011887	0.0154462	0.0198614	0.024677	0.0295723	0.0342433	0.0383984	0.041799	0.0443721	0.0465368	0.0501041	0.0603295	0.0893049	0.158604	0.294836	0.511386	0.784329	1.0544	1.27285	1.43614	1.54516	1.56789	1.49748	1.36475	1.16498	0.904404	0.625411	0.334211	0.0478339	-0.217962	-0.454791	-0.654334	-0.813705	-0.933974	-1.02044	-1.08178	-1.12008	-1.14343	-1.15383	-1.1585	-1.15546	-1.14273	-1.11315	-1.0535	-0.937276	-0.736891	-0.425687	-0.012179	0.454864	0.917793	
1.84519	2.19308	2.43843	2.58146	2.62341	2.52948	2.33928	2.06683	1.69057	1.26649	0.818791	0.353323	-0.108252	-0.505691	-0.795653	-0.977224	-1.07954	-1.13141	-1.15579	-1.16651	-1.16829	-1.16271	-1.15358	-1.1313	-1.09433	-1.0351	-0.949859	-0.83009	-0.669793	-0.469231	-0.230006	0.038435	0.328062	0.621514	0.902366	1.16451	1.3642	1.49616	1.56359	1.5357	1.42163	1.25282	1.02741	0.751078	0.474939	0.258265	0.123721	0.0572706	0.0325876	0.02869	0.0338518	0.0427918	0.0533253	0.0644089	0.0753343	0.0854861	0.0943071	0.101327	0.106228	0.109015	0.11051	0.11361	0.125852	0.162806	0.24869	0.407005	0.638531	0.904332	1.14586	1.33454	1.47841	1.56707	1.56857	1.49248	1.36467	1.17776	0.943126	0.687008	0.42268	0.166855	-0.0717301	-0.284075	-0.468274	-0.618796	-0.739083	-0.827822	-0.893764	-0.93841	-0.962916	-0.972045	-0.963845	-0.936191	-0.879561	-0.774476	-0.597162	-0.313369	0.0777698	0.541434	1.00785	1.44411	
2.28677	2.52926	2.64898	2.66236	2.55463	2.33928	2.04893	1.65639	1.20956	0.757187	0.295045	-0.155083	-0.558701	-0.857797	-1.04802	-1.14539	-1.18489	-1.19483	-1.19322	-1.18973	-1.18799	-1.19163	-1.19506	-1.19988	-1.19976	-1.18141	-1.14114	-1.06687	-0.954658	-0.792441	-0.58369	-0.323771	-0.031795	0.292654	0.608573	0.91089	1.18485	1.3854	1.51716	1.56495	1.5081	1.37476	1.18318	0.928215	0.639706	0.383057	0.205597	0.110768	0.0749263	0.0719594	0.0844368	0.103377	0.12465	0.146215	0.16679	0.185379	0.20116	0.213471	0.221836	0.226038	0.226346	0.224205	0.223853	0.235211	0.276705	0.373173	0.542327	0.772783	1.01766	1.22715	1.38958	1.5149	1.58566	1.57705	1.50316	1.38336	1.21784	1.01582	0.791844	0.560724	0.334345	0.123858	-0.0648986	-0.227193	-0.3637	-0.472367	-0.553671	-0.610554	-0.646093	-0.656417	-0.645522	-0.604393	-0.522569	-0.377833	-0.139259	0.21061	0.650031	1.11874	1.55687	1.94917	
2.63583	2.74933	2.74113	2.62453	2.39086	2.06683	1.65639	1.18826	0.728946	0.265588	-0.177725	-0.578475	-0.879048	-1.06628	-1.14687	-1.16583	-1.14692	-1.12381	-1.09801	-1.0812	-1.08163	-1.08889	-1.10772	-1.13691	-1.1671	-1.19738	-1.21092	-1.19426	-1.13899	-1.02822	-0.865921	-0.640114	-0.365624	-0.0491046	0.301343	0.638345	0.960528	1.23025	1.42461	1.54275	1.55509	1.46781	1.31286	1.09183	0.814466	0.537534	0.325764	0.204309	0.158331	0.15908	0.183021	0.216339	0.252166	0.287147	0.319419	0.347749	0.371241	0.389234	0.401269	0.407094	0.406749	0.40088	0.391626	0.384554	0.391587	0.432785	0.531538	0.698679	0.91388	1.12936	1.30651	1.44351	1.54854	1.60493	1.5954	1.52964	1.42222	1.2802	1.1116	0.926845	0.735515	0.546141	0.368133	0.20828	0.0716195	-0.0432595	-0.13244	-0.195759	-0.234895	-0.247634	-0.231931	-0.179659	-0.0745679	0.109135	0.399096	0.792211	1.24636	1.68811	2.07396	2.39691	
2.86702	2.85485	2.72581	2.48072	2.12283	1.69057	1.20956	0.728946	0.257345	-0.192948	-0.582735	-0.879985	-1.04896	-1.11378	-1.10107	-1.05538	-0.999776	-0.944253	-0.908454	-0.885627	-0.879944	-0.891928	-0.921962	-0.966558	-1.02462	-1.0921	-1.15295	-1.20238	-1.21258	-1.17638	-1.06955	-0.900467	-0.65139	-0.355121	-0.00914631	0.355186	0.713775	1.04106	1.29671	1.47839	1.56319	1.53469	1.4233	1.24533	1.00024	0.727467	0.497528	0.35601	0.301734	0.307022	0.343149	0.39108	0.440853	0.487821	0.529814	0.565712	0.59485	0.616806	0.63132	0.638248	0.637587	0.629594	0.61521	0.59713	0.581912	0.582656	0.61952	0.712872	0.867286	1.05797	1.24109	1.38736	1.49833	1.58091	1.62483	1.61911	1.5673	1.47865	1.36151	1.22495	1.07835	0.927938	0.779846	0.640125	0.516386	0.411379	0.326656	0.264892	0.22786	0.215936	0.236124	0.297766	0.422605	0.638466	0.961894	1.37301	1.80713	2.19283	2.50561	2.74177	
2.98006	2.84159	2.58683	2.21481	1.75887	1.26649	0.757187	0.265588	-0.192948	-0.58119	-0.870195	-1.02795	-1.07417	-1.0335	-0.95688	-0.865408	-0.790147	-0.731564	-0.693235	-0.673567	-0.665904	-0.677993	-0.7088	-0.752364	-0.819422	-0.907799	-1.00766	-1.10742	-1.18152	-1.21637	-1.18438	-1.07943	-0.891554	-0.623886	-0.29224	0.0789368	0.459314	0.830634	1.14443	1.38528	1.54105	1.58271	1.52712	1.40226	1.20704	0.961691	0.731156	0.576022	0.511614	0.516017	0.557961	0.614042	0.671443	0.724452	0.770842	0.809777	0.840923	0.864144	0.879381	0.886611	0.885847	0.877177	0.860942	0.838242	0.81212	0.789651	0.78414	0.814437	0.897168	1.03244	1.19517	1.3476	1.46633	1.55204	1.61133	1.64197	1.63938	1.60407	1.53989	1.45237	1.34957	1.23937	1.12741	1.01814	0.916694	0.828886	0.757086	0.703764	0.671896	0.664316	0.688692	0.759753	0.902417	1.14327	1.4869	1.89299	2.28323	2.60061	2.83625	2.97686	
2.94962	2.69209	2.32656	1.8623	1.34985	0.818791	0.295045	-0.177725	-0.582735	-0.870195	-1.02372	-1.04871	-0.98448	-0.872445	-0.758451	-0.665264	-0.599542	-0.555062	-0.52592	-0.511988	-0.509887	-0.516025	-0.535908	-0.570588	-0.623894	-0.699493	-0.810259	-0.939819	-1.07249	-1.17276	-1.21783	-1.18323	-1.05671	-0.841305	-0.544526	-0.178813	0.213438	0.614297	0.980125	1.27944	1.50559	1.62698	1.64188	1.58052	1.44592	1.24214	1.02138	0.853078	0.770514	0.762536	0.799097	0.853929	0.911585	0.965046	1.01167	1.05058	1.08154	1.10452	1.11956	1.12668	1.1259	1.11725	1.10083	1.07699	1.04695	1.01394	0.98514	0.973281	0.995037	1.06346	1.17642	1.31152	1.43739	1.5336	1.59784	1.63587	1.6518	1.64767	1.62509	1.5852	1.5301	1.46416	1.39226	1.31868	1.24692	1.18167	1.12701	1.08592	1.06173	1.05982	1.08981	1.171	1.33047	1.59043	1.94078	2.32162	2.65331	2.89565	3.04488	3.0742	
2.7874	2.43813	1.98902	1.46025	0.906593	0.353323	-0.155083	-0.578475	-0.879985	-1.02795	-1.04871	-0.961586	-0.830765	-0.691177	-0.587168	-0.518596	-0.481727	-0.462081	-0.450228	-0.445728	-0.443545	-0.445738	-0.454321	-0.469441	-0.494233	-0.542459	-0.626449	-0.753306	-0.907978	-1.06089	-1.17438	-1.21568	-1.16554	-1.00397	-0.749285	-0.407202	-0.0136527	0.407345	0.819683	1.18028	1.47987	1.68799	1.78376	1.78996	1.7146	1.55216	1.3412	1.15561	1.04641	1.0165	1.03994	1.08846	1.1435	1.19581	1.24163	1.27969	1.30981	1.33204	1.3465	1.35332	1.35257	1.34423	1.32828	1.30471	1.27383	1.2368	1.19682	1.16081	1.14039	1.14985	1.19953	1.28717	1.39483	1.49727	1.57566	1.62408	1.64595	1.64828	1.63827	1.62094	1.59813	1.57024	1.53788	1.50239	1.46541	1.42925	1.39725	1.37275	1.35972	1.36506	1.40168	1.49219	1.66479	1.93472	2.27582	2.6151	2.87903	3.04227	3.10014	3.02001	
2.53516	2.11076	1.59059	1.01382	0.437244	-0.108252	-0.558701	-0.879048	-1.04896	-1.07417	-0.98448	-0.830765	-0.66979	-0.547144	-0.481511	-0.464749	-0.45682	-0.450699	-0.442933	-0.441452	-0.4453	-0.442897	-0.444625	-0.453449	-0.46144	-0.466266	-0.502441	-0.590379	-0.740822	-0.916349	-1.08394	-1.18926	-1.20714	-1.11359	-0.909722	-0.598078	-0.209512	0.227268	0.683211	1.10903	1.48576	1.78072	1.95539	2.02085	1.99183	1.86181	1.65852	1.45619	1.31993	1.26647	1.27496	1.31559	1.3663	1.41526	1.45767	1.49234	1.51933	1.53894	1.55153	1.55744	1.55677	1.54952	1.53557	1.51457	1.48627	1.45067	1.4085	1.36238	1.31849	1.28688	1.27949	1.30501	1.36272	1.44018	1.51823	1.57996	1.61649	1.62779	1.62044	1.60408	1.58694	1.57304	1.56254	1.5537	1.54486	1.53526	1.52571	1.51847	1.51765	1.53135	1.57547	1.67551	1.85933	2.13367	2.45785	2.75204	2.95248	3.04549	3.02263	2.8515	
2.20269	1.71227	1.14055	0.544831	-0.0189551	-0.505691	-0.857797	-1.06628	-1.11378	-1.0335	-0.872445	-0.691177	-0.547144	-0.476038	-0.463396	-0.471139	-0.460868	-0.446208	-0.444759	-0.439551	-0.436727	-0.441776	-0.443029	-0.451482	-0.466828	-0.469164	-0.463836	-0.496585	-0.600338	-0.769988	-0.963072	-1.12388	-1.2085	-1.17521	-1.02124	-0.743914	-0.363443	0.0914126	0.593238	1.08443	1.53274	1.9018	2.14045	2.25035	2.25519	2.15284	1.96106	1.74863	1.58891	1.51082	1.49998	1.52653	1.56597	1.60492	1.63832	1.6652	1.68559	1.7	1.70911	1.71333	1.71285	1.70764	1.6975	1.68196	1.6603	1.63196	1.59655	1.55389	1.50562	1.45638	1.41409	1.38811	1.38596	1.40921	1.45124	1.49943	1.54017	1.56342	1.56579	1.55156	1.53051	1.51279	1.50402	1.50418	1.50982	1.51707	1.52364	1.52982	1.53923	1.5611	1.61379	1.72508	1.92087	2.19854	2.50501	2.75769	2.90345	2.93584	2.84134	2.59138	
1.80323	1.27362	0.689373	0.116288	-0.393879	-0.795653	-1.04802	-1.14687	-1.10107	-0.95688	-0.758451	-0.587168	-0.481511	-0.463396	-0.476545	-0.474388	-0.440323	-0.411395	-0.411811	-0.400161	-0.393615	-0.408635	-0.409559	-0.419374	-0.457534	-0.477965	-0.472913	-0.46092	-0.516285	-0.649664	-0.847592	-1.03823	-1.1724	-1.19549	-1.09089	-0.842025	-0.462252	0.014883	0.56295	1.11156	1.61256	2.03293	2.31974	2.46684	2.50232	2.42697	2.24812	2.02604	1.83947	1.72982	1.69113	1.69532	1.71692	1.74147	1.76324	1.78029	1.79239	1.80049	1.80553	1.8077	1.80746	1.80476	1.79911	1.79026	1.77712	1.75857	1.73403	1.70277	1.66386	1.6178	1.5675	1.51824	1.47627	1.44752	1.43509	1.43738	1.44847	1.45981	1.46249	1.4509	1.42679	1.39933	1.37968	1.37403	1.38138	1.39626	1.41308	1.42925	1.44718	1.47677	1.53835	1.66099	1.86739	2.14544	2.43205	2.64489	2.74112	2.71866	2.56057	2.24572	
1.39916	0.869498	0.309535	-0.216439	-0.65926	-0.977224	-1.14539	-1.16583	-1.05538	-0.865408	-0.665264	-0.518596	-0.464749	-0.471139	-0.474388	-0.42472	-0.382448	-0.372624	-0.379458	-0.365516	-0.356071	-0.374062	-0.376419	-0.374268	-0.394099	-0.448359	-0.478627	-0.463824	-0.477808	-0.565995	-0.745356	-0.947823	-1.12105	-1.18583	-1.11316	-0.883853	-0.496221	0.00417287	0.587146	1.17567	1.70906	2.16419	2.49277	2.67576	2.73663	2.67828	2.50251	2.26374	2.04576	1.90125	1.8319	1.81164	1.8144	1.82379	1.83241	1.83729	1.83944	1.84015	1.84013	1.83984	1.8399	1.84023	1.84014	1.83912	1.83633	1.82996	1.81803	1.80015	1.77496	1.74134	1.69893	1.64967	1.59643	1.54256	1.49184	1.447	1.40928	1.37847	1.35209	1.32444	1.28919	1.24621	1.2046	1.17654	1.16823	1.17695	1.1951	1.21638	1.24051	1.27688	1.34683	1.47974	1.69465	1.97095	2.23846	2.41775	2.47572	2.4135	2.2129	1.8615	
1.06655	0.559685	0.0353101	-0.43978	-0.821758	-1.07954	-1.18489	-1.14692	-0.999776	-0.790147	-0.599542	-0.481727	-0.45682	-0.460868	-0.440323	-0.382448	-0.362632	-0.375464	-0.36552	-0.357806	-0.359977	-0.360065	-0.369356	-0.373015	-0.362347	-0.406613	-0.453689	-0.458925	-0.460015	-0.515919	-0.669319	-0.871752	-1.05751	-1.14955	-1.09215	-0.868816	-0.465949	0.05456	0.651066	1.25884	1.81684	2.30313	2.66612	2.87243	2.94253	2.88639	2.70532	2.44867	2.20166	2.02395	1.92312	1.87613	1.85626	1.84559	1.83578	1.82513	1.81542	1.8071	1.80046	1.79752	1.79784	1.80154	1.80873	1.81724	1.82692	1.83651	1.8428	1.8435	1.83709	1.82168	1.79541	1.75747	1.70932	1.65241	1.58892	1.52086	1.44941	1.37591	1.30341	1.23538	1.17049	1.10272	1.03108	0.965654	0.920189	0.900658	0.9026	0.917541	0.941581	0.981905	1.05947	1.20302	1.42788	1.70655	1.9644	2.12615	2.16694	2.08959	1.87513	1.51869	
0.838523	0.35644	-0.13576	-0.572649	-0.916404	-1.13141	-1.19483	-1.12381	-0.944253	-0.731564	-0.555062	-0.462081	-0.450699	-0.446208	-0.411395	-0.372624	-0.375464	-0.395186	-0.360102	-0.360608	-0.376298	-0.35183	-0.37642	-0.393582	-0.366347	-0.388587	-0.425582	-0.453293	-0.447764	-0.488608	-0.61167	-0.804653	-0.988884	-1.09105	-1.03042	-0.795389	-0.384679	0.141643	0.741451	1.36269	1.943	2.44998	2.82728	3.03875	3.10747	3.04796	2.85858	2.58233	2.30399	2.08918	1.95225	1.87396	1.82674	1.79287	1.76339	1.73799	1.71554	1.69713	1.68403	1.67819	1.67884	1.68607	1.7004	1.71973	1.74249	1.76746	1.79372	1.81688	1.83504	1.84482	1.84412	1.82932	1.79928	1.75375	1.69355	1.62108	1.53834	1.44584	1.3432	1.23394	1.12641	1.02367	0.920276	0.81549	0.721718	0.654591	0.619768	0.612236	0.626121	0.665491	0.749299	0.90454	1.14283	1.43111	1.69181	1.85338	1.89655	1.82399	1.61549	1.27091	
0.705833	0.240797	-0.232359	-0.647545	-0.966874	-1.15579	-1.19322	-1.09801	-0.908454	-0.693235	-0.52592	-0.450228	-0.442933	-0.444759	-0.411811	-0.379458	-0.36552	-0.360102	-0.33995	-0.339217	-0.346973	-0.336928	-0.348054	-0.363785	-0.367177	-0.391719	-0.425867	-0.447505	-0.438954	-0.466693	-0.571321	-0.748221	-0.919864	-1.00453	-0.929292	-0.683497	-0.269789	0.253365	0.856309	1.49187	2.08194	2.58817	2.96417	3.17458	3.23701	3.16486	2.95591	2.65121	2.33724	2.08456	1.91277	1.80376	1.73016	1.67383	1.62529	1.58304	1.54601	1.51689	1.4982	1.48826	1.48943	1.50124	1.52182	1.55285	1.59075	1.63292	1.67827	1.72359	1.76627	1.80274	1.83006	1.84505	1.84406	1.82502	1.78518	1.72433	1.64416	1.54822	1.43883	1.31357	1.1748	1.0347	0.899517	0.764016	0.629252	0.511247	0.427388	0.383318	0.376315	0.408407	0.495396	0.661258	0.913765	1.2153	1.48605	1.65677	1.71116	1.65063	1.45341	1.12208	
0.64117	0.184828	-0.279203	-0.684031	-0.991372	-1.16651	-1.18973	-1.0812	-0.885627	-0.673567	-0.511988	-0.445728	-0.441452	-0.439551	-0.400161	-0.365516	-0.357806	-0.360608	-0.339217	-0.340494	-0.347176	-0.334626	-0.347797	-0.362633	-0.357147	-0.377881	-0.417426	-0.444792	-0.436544	-0.454618	-0.542788	-0.698486	-0.841877	-0.898903	-0.801587	-0.547745	-0.135651	0.388772	0.998378	1.63584	2.21677	2.71369	3.08405	3.28214	3.32251	3.22395	2.98718	2.65197	2.30472	2.01702	1.81172	1.67103	1.56992	1.48803	1.41821	1.35693	1.30701	1.26805	1.24228	1.22916	1.23062	1.24645	1.27486	1.31607	1.368	1.4298	1.49685	1.56758	1.63688	1.70279	1.75979	1.80534	1.83485	1.8465	1.83721	1.80409	1.74535	1.65971	1.55222	1.42896	1.28593	1.12474	0.960943	0.8016	0.641445	0.485515	0.354397	0.266867	0.229954	0.247441	0.332216	0.504292	0.767463	1.08047	1.36167	1.54267	1.60825	1.55848	1.37042	1.04809	
0.621065	0.16852	-0.291806	-0.692314	-0.996851	-1.16829	-1.18799	-1.08163	-0.879944	-0.665904	-0.509887	-0.443545	-0.4453	-0.436727	-0.393615	-0.356071	-0.359977	-0.376298	-0.346973	-0.347176	-0.3622	-0.34162	-0.360425	-0.375286	-0.350966	-0.369728	-0.409253	-0.445548	-0.432854	-0.443861	-0.514064	-0.645271	-0.756618	-0.783675	-0.661041	-0.399673	0.0126905	0.546508	1.15818	1.78129	2.34787	2.83274	3.18013	3.3476	3.35743	3.22863	2.95981	2.59032	2.20674	1.88294	1.64388	1.4727	1.34457	1.23942	1.1505	1.0743	1.01135	0.962692	0.929476	0.914551	0.916145	0.934726	0.971305	1.02273	1.08814	1.16532	1.25251	1.34694	1.44386	1.54008	1.63074	1.71138	1.77669	1.82217	1.84509	1.84233	1.81336	1.75669	1.66671	1.54949	1.41458	1.25643	1.07861	0.899327	0.723489	0.546839	0.381085	0.251705	0.178953	0.173906	0.248994	0.420353	0.68794	1.00779	1.29683	1.48625	1.56058	1.51914	1.33841	1.0226	
0.631798	0.183539	-0.276179	-0.680244	-0.987329	-1.16271	-1.19163	-1.08889	-0.891928	-0.677993	-0.516025	-0.445738	-0.442897	-0.441776	-0.408635	-0.374062	-0.360065	-0.35183	-0.336928	-0.334626	-0.34162	-0.331727	-0.342261	-0.356224	-0.363181	-0.386473	-0.422959	-0.44261	-0.428344	-0.429552	-0.490744	-0.590946	-0.669123	-0.660902	-0.520131	-0.24693	0.182127	0.72082	1.32043	1.92822	2.47917	2.93318	3.24236	3.37629	3.34956	3.1801	2.86915	2.46076	2.04183	1.68768	1.41979	1.22275	1.06998	0.944206	0.836146	0.744143	0.668029	0.611293	0.574002	0.555258	0.557415	0.580107	0.621072	0.681614	0.760719	0.854645	0.961478	1.07765	1.2005	1.32462	1.44658	1.56071	1.66285	1.74717	1.80893	1.84322	1.84526	1.8168	1.75946	1.66372	1.5381	1.39241	1.22003	1.03026	0.841508	0.654438	0.469078	0.306262	0.196095	0.161201	0.217948	0.380384	0.64539	0.967306	1.26196	1.4589	1.54126	1.50826	1.33616	1.02768	
0.66681	0.223405	-0.235148	-0.642915	-0.962069	-1.15358	-1.19506	-1.10772	-0.921962	-0.7088	-0.535908	-0.454321	-0.444625	-0.443029	-0.409559	-0.376419	-0.369356	-0.37642	-0.348054	-0.347797	-0.360426	-0.342263	-0.35999	-0.377914	-0.366946	-0.387915	-0.421577	-0.440617	-0.419229	-0.418403	-0.462722	-0.540965	-0.57943	-0.541346	-0.380584	-0.0846658	0.361021	0.900027	1.48861	2.07949	2.59794	3.01027	3.2813	3.36784	3.29068	3.07478	2.72017	2.27412	1.82324	1.44118	1.14735	0.925977	0.751578	0.606147	0.483154	0.379101	0.295686	0.231943	0.189213	0.169365	0.17155	0.195954	0.242988	0.310421	0.397744	0.50475	0.627542	0.764963	0.911664	1.06428	1.21769	1.36587	1.50341	1.62401	1.72399	1.79709	1.84163	1.8464	1.81635	1.75416	1.64978	1.51624	1.35851	1.17241	0.974838	0.779838	0.585109	0.400063	0.255768	0.186172	0.216081	0.360948	0.616355	0.936183	1.23553	1.44101	1.533	1.51109	1.35178	1.05469	
0.723288	0.288389	-0.169695	-0.585001	-0.91739	-1.1313	-1.19988	-1.13691	-0.966558	-0.752364	-0.570588	-0.469441	-0.453449	-0.451482	-0.419374	-0.374268	-0.373015	-0.393582	-0.363786	-0.362634	-0.375289	-0.356232	-0.377929	-0.391333	-0.363622	-0.391457	-0.429386	-0.442083	-0.412129	-0.404054	-0.437399	-0.487889	-0.499939	-0.43228	-0.240162	0.0865269	0.550005	1.08458	1.6615	2.2261	2.70193	3.07244	3.28858	3.31448	3.18976	2.92234	2.51985	2.0329	1.55308	1.14835	0.836536	0.596998	0.406677	0.247628	0.112865	0.000377616	-0.0915196	-0.159577	-0.204551	-0.225315	-0.223056	-0.19762	-0.148122	-0.0751989	0.0211695	0.136769	0.27231	0.424928	0.591047	0.767216	0.947913	1.12807	1.30185	1.461	1.60079	1.71247	1.79205	1.84158	1.84493	1.81183	1.73943	1.6245	1.48181	1.30924	1.11141	0.909314	0.709088	0.511498	0.340012	0.234672	0.230889	0.349736	0.588418	0.902135	1.20586	1.42211	1.52678	1.51999	1.37892	1.09859	
0.798318	0.376444	-0.0780908	-0.502269	-0.851742	-1.09433	-1.19976	-1.1671	-1.02462	-0.819422	-0.623894	-0.494233	-0.46144	-0.466828	-0.457534	-0.394099	-0.362348	-0.366348	-0.367179	-0.357154	-0.350986	-0.363231	-0.367053	-0.363783	-0.367383	-0.4192	-0.46002	-0.436671	-0.403004	-0.388692	-0.422615	-0.446149	-0.429057	-0.325254	-0.0951049	0.266953	0.744599	1.27474	1.83791	2.36493	2.79456	3.11211	3.26101	3.23052	3.04598	2.72049	2.27067	1.74773	1.24679	0.827373	0.501952	0.250375	0.0469384	-0.121216	-0.26396	-0.381375	-0.473184	-0.54176	-0.587135	-0.609328	-0.606983	-0.580247	-0.53001	-0.456406	-0.360038	-0.238723	-0.0941747	0.0699753	0.25256	0.448982	0.653646	0.862594	1.06591	1.26164	1.43667	1.5933	1.71247	1.79706	1.84305	1.84154	1.80094	1.71335	1.58751	1.43166	1.24263	1.03704	0.831861	0.627631	0.437069	0.298774	0.257258	0.342566	0.557182	0.860167	1.16759	1.39701	1.5179	1.53055	1.41365	1.15623	
0.88952	0.484861	0.0390696	-0.391384	-0.762671	-1.0351	-1.18141	-1.19738	-1.0921	-0.907799	-0.699493	-0.542459	-0.466266	-0.469164	-0.477965	-0.448359	-0.406614	-0.38859	-0.391731	-0.377916	-0.369826	-0.386714	-0.38844	-0.392414	-0.420434	-0.459592	-0.463474	-0.420289	-0.389084	-0.391157	-0.417719	-0.419797	-0.369395	-0.213504	0.060983	0.459796	0.946123	1.47177	2.01457	2.49564	2.87373	3.12729	3.20654	3.10818	2.8597	2.48359	1.9821	1.42955	0.910479	0.485493	0.154095	-0.101739	-0.309275	-0.480927	-0.622414	-0.739871	-0.832138	-0.898663	-0.942391	-0.961722	-0.959795	-0.935758	-0.886871	-0.815536	-0.718965	-0.597296	-0.452233	-0.28336	-0.0913639	0.117295	0.34168	0.57355	0.807734	1.03488	1.24862	1.43667	1.60079	1.72397	1.80886	1.84473	1.8357	1.77959	1.6753	1.53675	1.3625	1.15948	0.950072	0.741679	0.53906	0.373222	0.293199	0.339173	0.52241	0.809026	1.11831	1.36274	1.50321	1.5392	1.45216	1.22458	
0.994302	0.612767	0.178129	-0.253585	-0.640791	-0.949859	-1.14114	-1.21092	-1.15295	-1.00766	-0.810259	-0.626449	-0.502441	-0.463837	-0.472914	-0.478628	-0.453694	-0.4256	-0.425925	-0.41759	-0.40968	-0.423963	-0.4237	-0.433341	-0.466179	-0.470225	-0.444406	-0.406858	-0.404338	-0.421005	-0.435431	-0.400419	-0.300662	-0.0934275	0.233748	0.664474	1.1574	1.67871	2.18927	2.61744	2.93731	3.11837	3.12166	2.95257	2.6449	2.2072	1.66188	1.08667	0.562718	0.139917	-0.188309	-0.444185	-0.648934	-0.818242	-0.955613	-1.06429	-1.14845	-1.20799	-1.24565	-1.26457	-1.26238	-1.2394	-1.19765	-1.13399	-1.0452	-0.930559	-0.789921	-0.620835	-0.426622	-0.209984	0.0281224	0.27599	0.534533	0.787204	1.03488	1.26164	1.461	1.62401	1.74714	1.82202	1.84585	1.82243	1.7447	1.62456	1.46771	1.27352	1.06234	0.850523	0.640681	0.453678	0.337322	0.340488	0.485595	0.749187	1.05683	1.317	1.47998	1.5425	1.48997	1.29906	
1.10612	0.756407	0.341838	-0.0895646	-0.488966	-0.83009	-1.06687	-1.19426	-1.20238	-1.10742	-0.939819	-0.753306	-0.590379	-0.496585	-0.460922	-0.463831	-0.458951	-0.453378	-0.447756	-0.445468	-0.447202	-0.44628	-0.447994	-0.455402	-0.457827	-0.448287	-0.432743	-0.437105	-0.460675	-0.480809	-0.460963	-0.381921	-0.220204	0.0540157	0.429149	0.885575	1.3847	1.89105	2.3588	2.73041	2.98363	3.08543	3.00906	2.76738	2.39726	1.90515	1.3232	0.73082	0.213456	-0.20068	-0.515882	-0.762835	-0.957689	-1.11449	-1.23949	-1.33555	-1.40713	-1.45735	-1.48836	-1.50018	-1.49875	-1.48344	-1.44898	-1.39501	-1.31809	-1.21746	-1.08832	-0.928591	-0.741238	-0.522696	-0.28227	-0.0191156	0.254585	0.534533	0.807734	1.06591	1.30185	1.50341	1.66284	1.77663	1.83459	1.84298	1.79521	1.69583	1.55712	1.37655	1.16755	0.952907	0.738569	0.53637	0.387957	0.347407	0.448837	0.682062	0.982672	1.25766	1.44531	1.53686	1.52266	1.37445	
1.22015	0.90753	0.523522	0.101744	-0.302935	-0.669793	-0.954658	-1.13899	-1.21258	-1.18152	-1.07249	-0.907978	-0.740823	-0.60034	-0.516294	-0.477843	-0.460132	-0.44812	-0.439943	-0.439032	-0.438536	-0.440124	-0.441434	-0.450103	-0.461399	-0.467946	-0.492555	-0.528943	-0.563494	-0.551758	-0.482541	-0.33449	-0.106258	0.228828	0.650751	1.1285	1.62511	2.10696	2.52496	2.83252	3.00961	3.02685	2.86771	2.55655	2.12699	1.58013	0.968867	0.376814	-0.125404	-0.51763	-0.816513	-1.04545	-1.22493	-1.36278	-1.46801	-1.54354	-1.59495	-1.62757	-1.64657	-1.65596	-1.65465	-1.64341	-1.62245	-1.58631	-1.53072	-1.45003	-1.3391	-1.19745	-1.02068	-0.811508	-0.570732	-0.304861	-0.0191156	0.27599	0.57355	0.862594	1.12807	1.36587	1.5607	1.71136	1.80524	1.84464	1.82766	1.75156	1.63105	1.46677	1.26435	1.04827	0.830816	0.618229	0.443134	0.360388	0.414388	0.609794	0.896077	1.18288	1.39633	1.51834	1.5448	1.44576	
1.33085	1.06071	0.716492	0.315024	-0.0884725	-0.469231	-0.792441	-1.02822	-1.17638	-1.21637	-1.17276	-1.06089	-0.916351	-0.769999	-0.649706	-0.566143	-0.516389	-0.489952	-0.470167	-0.462738	-0.461054	-0.46261	-0.476313	-0.49663	-0.523395	-0.567503	-0.622949	-0.670784	-0.674229	-0.611927	-0.470423	-0.255245	0.0488368	0.44882	0.903182	1.39341	1.87923	2.32504	2.68287	2.91757	3.01261	2.94282	2.70112	2.32291	1.83376	1.24363	0.615433	0.0327072	-0.442171	-0.807129	-1.07913	-1.28458	-1.43824	-1.55015	-1.62721	-1.67687	-1.70503	-1.7184	-1.7233	-1.72217	-1.72226	-1.72287	-1.71675	-1.70088	-1.66853	-1.61448	-1.5316	-1.41409	-1.26004	-1.0654	-0.836337	-0.570732	-0.28227	0.0281224	0.34168	0.653646	0.947913	1.21769	1.44658	1.63073	1.75976	1.82992	1.84351	1.79308	1.69101	1.5437	1.35144	1.13612	0.916425	0.696973	0.500811	0.379406	0.384448	0.535253	0.79827	1.09126	1.33033	1.48352	1.55049	1.50548	
1.4301	1.20863	0.911363	0.54465	0.152786	-0.230006	-0.58369	-0.865921	-1.06955	-1.18438	-1.21783	-1.17439	-1.08396	-0.963121	-0.847768	-0.745932	-0.671019	-0.616188	-0.582134	-0.566117	-0.559567	-0.571334	-0.593017	-0.6306	-0.685719	-0.744979	-0.801154	-0.816344	-0.764527	-0.624441	-0.405766	-0.111458	0.261591	0.704898	1.18901	1.6807	2.14012	2.53853	2.8269	2.98289	2.99148	2.83071	2.5096	2.07003	1.52534	0.89905	0.267929	-0.286931	-0.72785	-1.05637	-1.29945	-1.47324	-1.59667	-1.67444	-1.71722	-1.73247	-1.729	-1.71734	-1.70578	-1.69978	-1.70045	-1.70795	-1.7199	-1.73008	-1.73146	-1.71157	-1.66207	-1.57831	-1.45022	-1.28096	-1.0654	-0.811508	-0.522696	-0.209984	0.117295	0.448982	0.767216	1.06428	1.32462	1.54008	1.70278	1.80269	1.84462	1.82086	1.73831	1.60796	1.42817	1.21598	0.99487	0.77101	0.55905	0.403978	0.360981	0.461997	0.691859	0.982327	1.2447	1.42962	1.53502	1.54525	
1.50783	1.34353	1.0984	0.779102	0.411461	0.0384351	-0.323771	-0.640114	-0.900467	-1.07943	-1.18323	-1.2157	-1.18931	-1.12408	-1.03889	-0.949829	-0.877239	-0.818113	-0.77784	-0.757066	-0.74986	-0.760614	-0.793053	-0.833572	-0.885654	-0.936909	-0.957274	-0.919338	-0.785328	-0.568832	-0.268492	0.0910738	0.525817	1.01106	1.50443	1.97814	2.40305	2.74176	2.9508	3.0234	2.94086	2.69049	2.29708	1.7991	1.20601	0.559569	-0.0592222	-0.577734	-0.974865	-1.26487	-1.47041	-1.60991	-1.69383	-1.73353	-1.73569	-1.71424	-1.67894	-1.63953	-1.60855	-1.59202	-1.59399	-1.61378	-1.6469	-1.68661	-1.72001	-1.73768	-1.72909	-1.68207	-1.59144	-1.45022	-1.26004	-1.02068	-0.741238	-0.426622	-0.0913639	0.25256	0.591047	0.911664	1.2005	1.44386	1.63688	1.76625	1.83498	1.83683	1.77392	1.66023	1.49433	1.28751	1.0659	0.839274	0.616088	0.433186	0.345471	0.394022	0.581124	0.857353	1.13721	1.35405	1.49543	1.55754	
1.55362	1.45485	1.26718	1.00567	0.678422	0.328062	-0.031795	-0.365624	-0.651391	-0.891556	-1.05672	-1.1656	-1.20734	-1.20921	-1.17461	-1.12728	-1.0732	-1.02417	-0.990772	-0.969613	-0.964309	-0.976879	-0.999872	-1.03538	-1.06923	-1.0878	-1.05062	-0.937091	-0.723338	-0.423679	-0.0528266	0.3691	0.85167	1.34599	1.83773	2.28343	2.65842	2.92236	3.04806	3.03509	2.85806	2.52223	2.06563	1.51508	0.881467	0.230491	-0.357233	-0.828198	-1.18027	-1.42814	-1.5964	-1.69481	-1.73761	-1.73171	-1.68992	-1.62657	-1.55566	-1.49413	-1.45041	-1.42824	-1.43095	-1.45777	-1.50493	-1.56922	-1.64094	-1.70042	-1.7361	-1.73435	-1.68207	-1.57831	-1.41409	-1.19745	-0.928591	-0.620835	-0.28336	0.0699753	0.424928	0.764963	1.07765	1.34694	1.56758	1.72359	1.81687	1.84343	1.79983	1.70158	1.54987	1.35042	1.1294	0.901089	0.670368	0.465685	0.338622	0.335226	0.471928	0.720215	1.007	1.25391	1.43001	1.5377	
1.55969	1.53195	1.4064	1.20931	0.936632	0.621514	0.292654	-0.049105	-0.355123	-0.623896	-0.841352	-1.00416	-1.11429	-1.17748	-1.2021	-1.20298	-1.18909	-1.17201	-1.15212	-1.13992	-1.14004	-1.14493	-1.15503	-1.16861	-1.16741	-1.13002	-1.03298	-0.840468	-0.553954	-0.181126	0.238813	0.709491	1.20704	1.71367	2.18199	2.57674	2.89227	3.07263	3.11374	3.00975	2.73829	2.32961	1.81749	1.21911	0.561945	-0.0746273	-0.619349	-1.03801	-1.34222	-1.54925	-1.67631	-1.7341	-1.73085	-1.68059	-1.59457	-1.49268	-1.39207	-1.30692	-1.25369	-1.23415	-1.23627	-1.26146	-1.32177	-1.41166	-1.51339	-1.6136	-1.69415	-1.7361	-1.72909	-1.66207	-1.5316	-1.3391	-1.08832	-0.789921	-0.452233	-0.0941747	0.27231	0.627542	0.961478	1.25251	1.49685	1.67827	1.79372	1.84278	1.81794	1.73368	1.59527	1.4044	1.18518	0.956012	0.720544	0.499772	0.340112	0.288665	0.370999	0.577873	0.856183	1.12669	1.33697	1.48379	
1.5209	1.56501	1.50694	1.37418	1.17335	0.902366	0.608573	0.301341	-0.00915515	-0.292281	-0.544697	-0.749929	-0.9119	-1.02781	-1.10848	-1.15488	-1.17956	-1.19235	-1.19596	-1.19633	-1.1952	-1.19457	-1.19032	-1.17571	-1.1378	-1.05295	-0.892994	-0.635831	-0.28397	0.137307	0.600936	1.09481	1.60166	2.08899	2.50331	2.85303	3.09301	3.18078	3.13927	2.94124	2.58473	2.11629	1.55509	0.918164	0.255063	-0.344991	-0.837149	-1.20452	-1.46553	-1.6323	-1.72033	-1.73456	-1.68645	-1.59087	-1.4626	-1.33142	-1.21457	-1.12999	-1.08303	-1.06528	-1.06741	-1.08998	-1.14354	-1.23582	-1.35745	-1.48912	-1.6136	-1.70042	-1.73768	-1.71157	-1.61448	-1.45003	-1.21746	-0.930559	-0.597296	-0.238723	0.136769	0.50475	0.854645	1.16532	1.4298	1.63292	1.76746	1.83651	1.82994	1.75847	1.6316	1.44943	1.233	1.00369	0.765478	0.533518	0.34853	0.255815	0.284652	0.439837	0.691296	0.972142	1.21431	1.39569	
1.4368	1.54345	1.56142	1.49024	1.36047	1.16451	0.910889	0.638338	0.355153	0.0787949	-0.179369	-0.409153	-0.604182	-0.760851	-0.883499	-0.97318	-1.03791	-1.07783	-1.10427	-1.11749	-1.11833	-1.11128	-1.09036	-1.04965	-0.974663	-0.841704	-0.629201	-0.320681	0.0768549	0.53029	1.01215	1.50394	1.99491	2.43732	2.80961	3.09338	3.23566	3.24367	3.11839	2.82524	2.40269	1.88608	1.27999	0.622107	-0.0222689	-0.573613	-1.00944	-1.3295	-1.55228	-1.6836	-1.73398	-1.70917	-1.61847	-1.48406	-1.32479	-1.17118	-1.05625	-0.986306	-0.959743	-0.96098	-0.960425	-0.96204	-0.996688	-1.07568	-1.19939	-1.35745	-1.51339	-1.64094	-1.72001	-1.73146	-1.66853	-1.53072	-1.31809	-1.0452	-0.718965	-0.360038	0.0211695	0.397744	0.760719	1.08814	1.368	1.59075	1.74249	1.82692	1.83633	1.7771	1.66021	1.48593	1.27273	1.0438	0.804221	0.564962	0.361564	0.236138	0.217245	0.31647	0.523662	0.794602	1.06057	1.2748	
1.31402	1.46287	1.55413	1.55773	1.48651	1.3642	1.18484	0.960504	0.713665	0.458868	0.211808	-0.0189587	-0.224808	-0.402284	-0.548711	-0.664512	-0.753008	-0.817991	-0.860275	-0.882901	-0.889809	-0.874538	-0.84194	-0.778872	-0.675212	-0.511953	-0.267204	0.0736459	0.492391	0.955962	1.43165	1.90918	2.36709	2.76194	3.06855	3.2606	3.32437	3.25822	3.03845	2.66911	2.20082	1.63855	1.00046	0.344234	-0.25637	-0.75228	-1.13882	-1.41972	-1.6103	-1.71141	-1.72672	-1.66836	-1.53965	-1.37717	-1.20122	-1.04978	-0.959828	-0.918854	-0.90883	-0.912954	-0.912285	-0.908918	-0.923626	-0.973472	-1.07568	-1.23582	-1.41166	-1.56922	-1.68661	-1.73008	-1.70088	-1.58631	-1.39501	-1.13399	-0.815536	-0.456406	-0.0751989	0.310421	0.681614	1.02273	1.31607	1.55285	1.71973	1.81724	1.83912	1.79026	1.68194	1.51449	1.30443	1.07615	0.83604	0.592318	0.376418	0.227186	0.169969	0.216325	0.367912	0.605334	0.876899	1.12145	
1.15811	1.33544	1.47431	1.55617	1.5589	1.49615	1.38538	1.23017	1.04072	0.829364	0.609987	0.394394	0.193022	0.0122054	-0.144713	-0.275992	-0.377363	-0.454767	-0.50736	-0.53607	-0.543399	-0.52629	-0.484295	-0.408924	-0.290384	-0.109946	0.155643	0.509656	0.93303	1.38866	1.84416	2.28746	2.69188	3.01954	3.24716	3.3671	3.35962	3.20299	2.90199	2.4863	1.97975	1.37813	0.730945	0.105592	-0.437864	-0.88124	-1.22649	-1.48142	-1.64519	-1.72442	-1.71029	-1.62412	-1.46974	-1.2845	-1.11068	-0.974653	-0.919668	-0.924698	-0.922401	-0.905622	-0.908306	-0.925043	-0.922304	-0.923626	-0.996688	-1.14354	-1.32177	-1.50493	-1.6469	-1.7199	-1.71675	-1.62245	-1.44898	-1.19765	-0.886871	-0.53001	-0.148122	0.242988	0.621072	0.971305	1.27486	1.52182	1.7004	1.80873	1.84014	1.79911	1.6975	1.53555	1.32822	1.10063	0.86043	0.614155	0.390343	0.225291	0.140598	0.14348	0.238027	0.422679	0.672394	0.933925	
0.965525	1.17373	1.34024	1.47118	1.55071	1.56358	1.51711	1.42437	1.29578	1.14116	0.969856	0.791296	0.614628	0.449225	0.300647	0.170492	0.0635108	-0.0177936	-0.0749593	-0.107287	-0.113413	-0.0957239	-0.0481084	0.0316284	0.156098	0.342947	0.608949	0.955342	1.36272	1.78867	2.20295	2.59296	2.93653	3.19818	3.35844	3.40556	3.31105	3.07815	2.73343	2.28399	1.73743	1.11899	0.495426	-0.0771602	-0.562925	-0.965908	-1.28065	-1.51934	-1.66409	-1.72819	-1.69367	-1.58809	-1.41943	-1.22395	-1.06077	-0.944153	-0.908798	-0.928775	-0.920899	-0.889052	-0.894048	-0.92637	-0.925043	-0.908918	-0.96204	-1.08998	-1.26146	-1.45777	-1.61378	-1.70795	-1.72287	-1.64341	-1.48344	-1.2394	-0.935758	-0.580247	-0.19762	0.195954	0.580107	0.934726	1.24645	1.50124	1.68607	1.80154	1.84023	1.80476	1.70764	1.54952	1.34422	1.11722	0.877084	0.629458	0.401066	0.226566	0.124488	0.0964268	0.14224	0.266892	0.46811	0.717746	
0.738295	0.972729	1.16983	1.32861	1.45359	1.53567	1.5648	1.54212	1.47608	1.37766	1.25736	1.12428	0.985695	0.849475	0.723469	0.611754	0.515995	0.440962	0.387876	0.357353	0.351143	0.368894	0.413644	0.489018	0.606415	0.781478	1.02908	1.35281	1.72841	2.1134	2.47973	2.81606	3.09998	3.29368	3.37884	3.34731	3.18766	2.91563	2.53939	2.05392	1.4881	0.888162	0.317243	-0.194942	-0.636238	-1.00928	-1.30997	-1.5358	-1.67441	-1.7256	-1.6847	-1.56534	-1.39307	-1.19802	-1.04121	-0.946295	-0.909281	-0.908454	-0.88633	-0.846545	-0.852889	-0.894048	-0.908306	-0.912285	-0.960425	-1.06741	-1.23627	-1.43095	-1.59399	-1.70045	-1.72226	-1.65465	-1.49875	-1.26238	-0.959795	-0.606983	-0.223056	0.17155	0.557415	0.916145	1.23062	1.48943	1.67884	1.79784	1.8399	1.80746	1.71285	1.55677	1.35256	1.12589	0.885837	0.637604	0.407001	0.227758	0.116302	0.0694056	0.0803055	0.151395	0.290981	0.496162	
0.50276	0.733058	0.955815	1.14595	1.30008	1.42154	1.50771	1.55357	1.55792	1.52497	1.46259	1.37996	1.28521	1.1851	1.08695	0.997599	0.920283	0.85786	0.813234	0.787622	0.781842	0.797479	0.835485	0.901176	1.00403	1.15931	1.38263	1.67567	2.01196	2.35072	2.66353	2.93889	3.1547	3.27745	3.29725	3.21503	3.02161	2.72042	2.31217	1.80954	1.26354	0.716616	0.20829	-0.25318	-0.663697	-1.02074	-1.31539	-1.53804	-1.67589	-1.72528	-1.6841	-1.56303	-1.39072	-1.19597	-1.03935	-0.947223	-0.909265	-0.905007	-0.88124	-0.840264	-0.846545	-0.889052	-0.905622	-0.912954	-0.96098	-1.06528	-1.23415	-1.42824	-1.59202	-1.69978	-1.72217	-1.65596	-1.50018	-1.26457	-0.961723	-0.609328	-0.225315	0.169365	0.555258	0.91455	1.22916	1.48826	1.67819	1.79752	1.83984	1.8077	1.71333	1.55744	1.35332	1.12668	0.886612	0.638267	0.407219	0.226655	0.111526	0.0552258	0.0451869	0.0775	0.159989	0.302907	
0.29932	0.486776	0.701973	0.913771	1.09963	1.25259	1.37383	1.46442	1.52375	1.55175	1.55075	1.52566	1.4829	1.42847	1.36804	1.30788	1.25339	1.20791	1.17444	1.15505	1.15074	1.16282	1.19261	1.24458	1.32745	1.45597	1.6451	1.89543	2.18251	2.4668	2.72027	2.93421	3.09182	3.16515	3.14652	3.03437	2.81219	2.48361	2.06716	1.59051	1.0995	0.619409	0.165794	-0.261919	-0.652946	-1.00594	-1.29839	-1.52748	-1.66775	-1.72823	-1.69097	-1.58219	-1.41193	-1.21613	-1.05464	-0.942667	-0.908347	-0.92543	-0.915078	-0.88124	-0.88633	-0.920899	-0.922401	-0.90883	-0.959743	-1.08303	-1.25369	-1.45041	-1.60855	-1.70578	-1.7233	-1.64657	-1.48836	-1.24566	-0.942392	-0.587137	-0.204553	0.189211	0.573999	0.929474	1.24228	1.4982	1.68403	1.80046	1.84013	1.80552	1.70911	1.55153	1.3465	1.11956	0.879382	0.631327	0.401315	0.222058	0.107155	0.0477491	0.0274637	0.0366529	0.0776946	0.161842	
0.154685	0.280071	0.449428	0.645909	0.845133	1.02689	1.18115	1.30593	1.40249	1.47255	1.51797	1.54132	1.54633	1.53737	1.51851	1.4939	1.46799	1.44446	1.42612	1.41514	1.41289	1.42026	1.43879	1.47211	1.52872	1.62305	1.77042	1.97383	2.21225	2.44776	2.65353	2.82327	2.94309	2.98447	2.93631	2.79734	2.55756	2.23244	1.85011	1.43431	1.01374	0.590908	0.176475	-0.22953	-0.613156	-0.964289	-1.26288	-1.49828	-1.65191	-1.72618	-1.70674	-1.61612	-1.45816	-1.26939	-1.09788	-0.96498	-0.916288	-0.928224	-0.92543	-0.905007	-0.908454	-0.928775	-0.924698	-0.918854	-0.986306	-1.12999	-1.30692	-1.49413	-1.63953	-1.71734	-1.7184	-1.62757	-1.45735	-1.20799	-0.898669	-0.541769	-0.159587	0.23193	0.611279	0.962678	1.26803	1.51687	1.69712	1.80709	1.84014	1.80048	1.7	1.53894	1.33204	1.10452	0.864144	0.616809	0.389248	0.21354	0.101626	0.0429498	0.0191078	0.0169556	0.0335788	0.0755667	
0.0694276	0.139025	0.247524	0.394172	0.5676	0.74995	0.924135	1.07879	1.20885	1.31353	1.39426	1.45341	1.49397	1.51942	1.5332	1.5384	1.538	1.5348	1.53103	1.52838	1.52802	1.53075	1.53798	1.55327	1.58509	1.64809	1.75885	1.92329	2.12331	2.32227	2.49274	2.62834	2.71707	2.73153	2.66284	2.51833	2.2972	2.0182	1.70343	1.35789	0.997271	0.616579	0.226553	-0.165808	-0.547362	-0.898486	-1.20585	-1.45007	-1.62386	-1.71624	-1.72471	-1.65963	-1.52487	-1.35702	-1.18016	-1.03135	-0.947831	-0.916288	-0.908347	-0.909265	-0.909281	-0.908798	-0.919668	-0.959828	-1.05625	-1.21457	-1.39207	-1.55566	-1.67894	-1.729	-1.70503	-1.59496	-1.40715	-1.14847	-0.83217	-0.473227	-0.0915734	0.295623	0.66796	1.01128	1.30694	1.54594	1.71548	1.81537	1.8394	1.79236	1.68557	1.51932	1.3098	1.08153	0.840922	0.594849	0.371245	0.201178	0.0943924	0.038746	0.0149561	0.00846384	0.0132071	0.0309611	
0.027195	0.0597185	0.11716	0.205919	0.326656	0.472716	0.632137	0.791792	0.94097	1.0729	1.1845	1.27537	1.34676	1.401	1.4409	1.46926	1.48859	1.5011	1.50861	1.51244	1.51352	1.51256	1.51081	1.51171	1.52332	1.56003	1.6391	1.76874	1.93408	2.10038	2.23961	2.34634	2.41427	2.42167	2.36351	2.25295	2.08836	1.87773	1.63415	1.34832	1.03021	0.680794	0.305956	-0.0756976	-0.455529	-0.807944	-1.12339	-1.38261	-1.57638	-1.69433	-1.73439	-1.70216	-1.60244	-1.4624	-1.29781	-1.14319	-1.03135	-0.96498	-0.942667	-0.947223	-0.946295	-0.944153	-0.974653	-1.04978	-1.17118	-1.33142	-1.49268	-1.62657	-1.71425	-1.73248	-1.6769	-1.54359	-1.33563	-1.06441	-0.740029	-0.38158	0.000126187	0.37881	0.743824	1.07397	1.3566	1.58273	1.73772	1.82491	1.83711	1.78016	1.66511	1.49228	1.27966	1.05056	0.809766	0.565707	0.347748	0.185382	0.0855075	0.034337	0.0123655	0.0049831	0.00498151	0.0112371	
