-0.567556	-0.122572	0.392929	0.932943	1.46869	1.97545	2.42898	2.77543	3.00275	3.09797	3.03912	2.85676	2.58577	2.23141	1.82637	1.44533	1.15295	0.963692	0.85694	0.805774	0.791324	0.803051	0.837194	0.890747	0.961249	1.04635	1.14192	1.24166	1.34123	1.43359	1.50968	1.55927	1.57385	1.54812	1.47981	1.37174	1.2298	1.05409	0.841975	0.607527	0.386452	0.213943	0.10273	0.0428882	0.0156512	0.00502593	0.00143119	0.000366626	9.05224e-05	3.13626e-05	2.73245e-05	3.85454e-05	5.64653e-05	7.95817e-05	0.00010964	0.000160705	0.000303935	0.000837953	0.00283895	0.0096224	0.0297369	0.0809359	0.190772	0.385141	0.661841	0.970914	1.23971	1.43044	1.54466	1.56487	1.4635	1.26168	0.982326	0.631594	0.254352	-0.122126	-0.473679	-0.772013	-1.0032	-1.14827	-1.22489	-1.22656	-1.18541	-1.10705	-1.02256	-0.93778	-0.870028	-0.824878	-0.794266	-0.781021	-0.791531	-0.817259	-0.858134	-0.923575	-1.00148	-1.08287	-1.14734	-1.15998	-1.09005	-0.893996	
-0.122572	0.384167	0.896544	1.41645	1.91284	2.35382	2.70044	2.91836	3.0152	2.97485	2.7968	2.52417	2.1763	1.75945	1.32505	0.950236	0.680207	0.509065	0.412433	0.3654	0.352902	0.368727	0.40891	0.473416	0.55955	0.664785	0.78816	0.922714	1.06195	1.20035	1.33044	1.44316	1.52717	1.57237	1.5694	1.51098	1.40117	1.25398	1.07228	0.849905	0.60247	0.372612	0.198965	0.0916788	0.036627	0.0127794	0.00393078	0.00108843	0.000300526	0.000128707	0.000128261	0.000180662	0.000257837	0.000352124	0.000459207	0.000579555	0.000742513	0.00110496	0.00229177	0.00638228	0.0191901	0.0540265	0.134528	0.289326	0.531197	0.830578	1.11954	1.34336	1.49525	1.57102	1.53808	1.39672	1.17662	0.879281	0.533583	0.173645	-0.185706	-0.500847	-0.776233	-0.984996	-1.12837	-1.20785	-1.23158	-1.21407	-1.17506	-1.12425	-1.07703	-1.03661	-1.01157	-1.00388	-1.00713	-1.0306	-1.06761	-1.11277	-1.15979	-1.18653	-1.17855	-1.08825	-0.890471	-0.558213	
0.392929	0.896544	1.39736	1.88536	2.30263	2.63238	2.84087	2.9254	2.89268	2.72386	2.44154	2.08673	1.66492	1.19997	0.759902	0.411537	0.171307	0.021776	-0.0635249	-0.105881	-0.117093	-0.0991188	-0.0566824	0.0122523	0.107196	0.225814	0.366628	0.529527	0.705416	0.887775	1.06688	1.23406	1.37868	1.49023	1.56021	1.57779	1.52782	1.41414	1.2594	1.06781	0.831522	0.572409	0.340546	0.173885	0.0763931	0.0290876	0.00971203	0.00293446	0.000929467	0.000496912	0.000546889	0.000762344	0.00105964	0.00141067	0.00179393	0.00218635	0.00257539	0.00301393	0.00381652	0.00617226	0.0137248	0.0356784	0.0905705	0.205821	0.404502	0.678844	0.975891	1.22999	1.41633	1.53927	1.57509	1.50117	1.34316	1.11041	0.809296	0.48573	0.142149	-0.191925	-0.483067	-0.736775	-0.929197	-1.07331	-1.16167	-1.21045	-1.22361	-1.21672	-1.20155	-1.18349	-1.17203	-1.16764	-1.16928	-1.1802	-1.19793	-1.20824	-1.20842	-1.17139	-1.0666	-0.863289	-0.535161	-0.10394	
0.932943	1.41645	1.88536	2.28492	2.5897	2.7879	2.85969	2.81622	2.64858	2.35435	1.98021	1.5526	1.07666	0.598994	0.187845	-0.114656	-0.315644	-0.436533	-0.507487	-0.543239	-0.551685	-0.536519	-0.495523	-0.431667	-0.34094	-0.221231	-0.0772014	0.0943537	0.289672	0.503689	0.727278	0.948619	1.15438	1.33039	1.46328	1.54906	1.57961	1.53141	1.41067	1.24653	1.04026	0.786588	0.519348	0.294096	0.142468	0.0594119	0.0216506	0.00723195	0.002705	0.00178836	0.00210024	0.00287571	0.00388635	0.00504109	0.00626644	0.00748107	0.00860253	0.00958089	0.0105086	0.0119727	0.0160481	0.0285555	0.062705	0.141619	0.292622	0.526665	0.813788	1.09006	1.3088	1.46906	1.56584	1.56533	1.47078	1.3091	1.07048	0.782278	0.481762	0.163204	-0.139031	-0.413359	-0.647402	-0.835552	-0.976847	-1.07746	-1.14269	-1.18365	-1.20134	-1.20996	-1.21274	-1.21229	-1.21395	-1.2107	-1.20073	-1.17768	-1.11954	-1.00795	-0.805679	-0.491881	-0.0637765	0.427963	
1.46869	1.91284	2.30263	2.5897	2.76912	2.82778	2.76221	2.58029	2.27795	1.88469	1.44921	0.972483	0.478416	0.0246131	-0.330343	-0.574424	-0.725986	-0.816724	-0.869731	-0.896655	-0.902137	-0.891499	-0.858516	-0.805849	-0.729295	-0.625632	-0.489677	-0.324459	-0.127749	0.0948134	0.339905	0.597148	0.854371	1.09518	1.30244	1.45161	1.54624	1.57918	1.52224	1.3909	1.21425	0.987389	0.715478	0.447635	0.239125	0.10949	0.0438306	0.0164732	0.00746238	0.00592257	0.00720104	0.00962576	0.012625	0.0159372	0.0193521	0.0226516	0.0256147	0.0280472	0.0298489	0.0312055	0.0331565	0.0390461	0.0573949	0.10547	0.209148	0.391117	0.646387	0.92784	1.17505	1.36559	1.5071	1.57891	1.55373	1.45478	1.29616	1.06679	0.800663	0.520404	0.234461	-0.0364792	-0.285636	-0.50158	-0.682434	-0.823129	-0.929972	-1.00668	-1.06053	-1.09479	-1.11151	-1.11915	-1.114	-1.0969	-1.06156	-0.996428	-0.884654	-0.695507	-0.401359	0.00940387	0.495053	0.99629	
1.97545	2.35382	2.63238	2.7879	2.82778	2.7426	2.53782	2.22834	1.82185	1.36995	0.890402	0.386819	-0.0897927	-0.482336	-0.75635	-0.928597	-1.02859	-1.0863	-1.11671	-1.13182	-1.13482	-1.12672	-1.11051	-1.07692	-1.0241	-0.948951	-0.842145	-0.70084	-0.518449	-0.300713	-0.0486357	0.225298	0.514408	0.796713	1.06522	1.29605	1.45492	1.55326	1.57545	1.49971	1.35466	1.15946	0.906684	0.621275	0.364914	0.183737	0.0814781	0.0351897	0.0195081	0.0177834	0.0218451	0.0283648	0.0360411	0.0442202	0.0523979	0.060094	0.0668507	0.0722651	0.0760387	0.0780803	0.0788007	0.0799395	0.086482	0.1099	0.170853	0.295392	0.497981	0.758145	1.02068	1.23839	1.40782	1.53328	1.58528	1.54961	1.45413	1.30535	1.10049	0.862548	0.608186	0.354157	0.112042	-0.107943	-0.30252	-0.466039	-0.600183	-0.70208	-0.77813	-0.830386	-0.861893	-0.871774	-0.863845	-0.833467	-0.775501	-0.675825	-0.512338	-0.251235	0.12115	0.586279	1.07999	1.549	
2.42898	2.70044	2.84087	2.85969	2.76221	2.53782	2.21184	1.79354	1.31643	0.829044	0.321332	-0.161304	-0.571244	-0.862058	-1.0442	-1.14158	-1.19019	-1.20807	-1.21449	-1.21622	-1.21442	-1.21443	-1.21315	-1.20648	-1.19081	-1.15151	-1.08794	-0.988923	-0.847435	-0.65909	-0.423141	-0.146692	0.158697	0.480206	0.782816	1.07286	1.31146	1.47305	1.56612	1.56284	1.46288	1.30003	1.07778	0.799034	0.513286	0.284584	0.141298	0.0714615	0.0478174	0.0476987	0.0581035	0.0729876	0.0896957	0.10684	0.123428	0.138606	0.151626	0.161862	0.168843	0.1723	0.172302	0.169668	0.167074	0.17135	0.196722	0.265931	0.402672	0.611843	0.861726	1.09788	1.28852	1.43986	1.55032	1.59129	1.55687	1.46922	1.33638	1.16255	0.959901	0.742344	0.522692	0.312132	0.119939	-0.048919	-0.191557	-0.309023	-0.397671	-0.459941	-0.499241	-0.511938	-0.50122	-0.46121	-0.384413	-0.254024	-0.0393625	0.280306	0.705089	1.18573	1.65397	2.0698	
2.77543	2.91836	2.9254	2.81622	2.58029	2.22834	1.79354	1.29628	0.795698	0.288986	-0.19912	-0.613355	-0.916906	-1.09838	-1.18516	-1.21116	-1.20268	-1.18825	-1.16877	-1.15645	-1.15537	-1.16256	-1.17528	-1.19573	-1.21532	-1.22557	-1.21504	-1.16777	-1.08048	-0.93617	-0.742935	-0.486923	-0.19415	0.142851	0.488274	0.814294	1.11594	1.34765	1.50487	1.57564	1.53603	1.41122	1.22355	0.969221	0.676855	0.41411	0.232756	0.13868	0.107894	0.112745	0.134361	0.162779	0.193245	0.223306	0.251404	0.276368	0.297274	0.313405	0.324246	0.329482	0.329041	0.323278	0.313516	0.303417	0.301514	0.324036	0.394138	0.531447	0.732486	0.960301	1.16678	1.33196	1.46448	1.5606	1.59858	1.57405	1.50044	1.38801	1.24464	1.08018	0.904951	0.726682	0.554659	0.396185	0.258985	0.143046	0.050997	-0.015185	-0.0554025	-0.0705024	-0.0562591	-0.0096312	0.0824756	0.24211	0.496782	0.85906	1.30527	1.76449	2.1731	2.51254	
3.00275	3.0152	2.89268	2.64858	2.27795	1.82185	1.31643	0.795698	0.281393	-0.218593	-0.634731	-0.942873	-1.11365	-1.18494	-1.17757	-1.14267	-1.09155	-1.04469	-1.00815	-0.985041	-0.983365	-0.993173	-1.02073	-1.06357	-1.11308	-1.16782	-1.21159	-1.23201	-1.2109	-1.13177	-0.988747	-0.777538	-0.5001	-0.181788	0.179601	0.541012	0.888369	1.18449	1.40332	1.5426	1.57224	1.49598	1.34703	1.12929	0.853276	0.577424	0.369184	0.255072	0.219574	0.232348	0.268443	0.313132	0.359064	0.402678	0.442072	0.476079	0.503907	0.525005	0.539006	0.545695	0.545	0.537058	0.522452	0.502906	0.482839	0.471918	0.487184	0.550556	0.677071	0.857809	1.05616	1.23211	1.37214	1.48363	1.56502	1.60336	1.59382	1.54194	1.4555	1.34315	1.21538	1.08044	0.944566	0.813574	0.694502	0.593056	0.510443	0.449347	0.412318	0.399331	0.415232	0.466587	0.570293	0.752115	1.03536	1.41979	1.85394	2.25988	2.59224	2.84779	
3.09797	2.97485	2.72386	2.35435	1.88469	1.36995	0.829044	0.288986	-0.218593	-0.642443	-0.944454	-1.11183	-1.1616	-1.13193	-1.06016	-0.973522	-0.896404	-0.831087	-0.791873	-0.768778	-0.759836	-0.774385	-0.806968	-0.854761	-0.924796	-1.01323	-1.10053	-1.18244	-1.22595	-1.22552	-1.14895	-1.00248	-0.769107	-0.468218	-0.112939	0.265159	0.644309	0.994767	1.27292	1.47439	1.5755	1.5597	1.458	1.2875	1.0489	0.783853	0.564624	0.43651	0.396553	0.415301	0.463022	0.520391	0.577557	0.630159	0.676357	0.715327	0.746644	0.770071	0.785477	0.792794	0.792	0.783139	0.766414	0.74249	0.713279	0.683567	0.663349	0.669141	0.720367	0.827943	0.980889	1.14677	1.29308	1.40845	1.49773	1.563	1.59972	1.60463	1.57826	1.52354	1.44677	1.35661	1.26041	1.16383	1.07158	0.989925	0.922621	0.872085	0.840915	0.831997	0.849839	0.905966	1.02071	1.22157	1.52598	1.91285	2.31212	2.65135	2.90464	3.0665	
3.03912	2.7968	2.44154	1.98021	1.44921	0.890402	0.321332	-0.19912	-0.634731	-0.944454	-1.11109	-1.14889	-1.09504	-0.987724	-0.869049	-0.763398	-0.685858	-0.632282	-0.595085	-0.57767	-0.5743	-0.582229	-0.609505	-0.650504	-0.714001	-0.802726	-0.91984	-1.04596	-1.15735	-1.22554	-1.22726	-1.14509	-0.971778	-0.715533	-0.380932	0.00309691	0.400786	0.791386	1.12506	1.38538	1.55782	1.61392	1.57247	1.46027	1.27534	1.04045	0.822899	0.68242	0.631693	0.646913	0.696469	0.757553	0.818164	0.873259	0.921041	0.960912	0.992677	1.01629	1.03176	1.03909	1.03828	1.02936	1.01235	0.987472	0.955388	0.918087	0.880407	0.85195	0.847635	0.883732	0.968042	1.09021	1.22379	1.34255	1.43518	1.50362	1.55231	1.58323	1.59663	1.5918	1.56837	1.52888	1.47818	1.42159	1.3635	1.30841	1.26104	1.22474	1.20243	1.19837	1.21941	1.28043	1.40555	1.62168	1.93532	2.30502	2.65155	2.91385	3.07935	3.13418	
2.85676	2.52417	2.08673	1.5526	0.972483	0.386819	-0.161304	-0.613355	-0.942873	-1.11183	-1.14889	-1.0759	-0.946852	-0.798889	-0.675191	-0.585261	-0.531658	-0.497977	-0.480935	-0.472529	-0.468278	-0.473861	-0.486618	-0.509739	-0.549555	-0.617027	-0.721729	-0.862342	-1.01486	-1.1492	-1.22531	-1.22238	-1.11616	-0.906349	-0.609228	-0.237109	0.169588	0.588892	0.973483	1.29339	1.53899	1.6771	1.70888	1.66247	1.53697	1.33902	1.12598	0.968195	0.896128	0.896137	0.937718	0.995437	1.05483	1.10948	1.15694	1.1964	1.2277	1.25088	1.26601	1.27316	1.27237	1.26364	1.24693	1.22223	1.1897	1.14999	1.10508	1.05971	1.02265	1.00671	1.02505	1.08352	1.17398	1.27624	1.36931	1.44172	1.49261	1.52674	1.54972	1.56515	1.57337	1.57309	1.56394	1.54731	1.52567	1.50176	1.47894	1.46058	1.45004	1.45237	1.47721	1.54274	1.67618	1.90153	2.21209	2.5504	2.83511	3.0201	3.10105	3.05661	
2.58577	2.1763	1.66492	1.07666	0.478416	-0.0897927	-0.571244	-0.916906	-1.11365	-1.1616	-1.09504	-0.946852	-0.779031	-0.627604	-0.531417	-0.487056	-0.471308	-0.464777	-0.452541	-0.452095	-0.455003	-0.451057	-0.457964	-0.467603	-0.477279	-0.498468	-0.563566	-0.68389	-0.85055	-1.02366	-1.16525	-1.22883	-1.19655	-1.04932	-0.795215	-0.444508	-0.0370465	0.403045	0.835188	1.21899	1.54228	1.76797	1.87745	1.89335	1.81903	1.65221	1.44052	1.26162	1.16307	1.14301	1.17332	1.22595	1.28316	1.33635	1.38214	1.41966	1.44903	1.47053	1.48441	1.49093	1.4902	1.48221	1.46683	1.4438	1.4129	1.37403	1.3275	1.2751	1.22119	1.17346	1.14263	1.13939	1.16886	1.22582	1.29597	1.36293	1.41565	1.45127	1.47367	1.48964	1.50452	1.51975	1.53371	1.54422	1.55026	1.55207	1.55096	1.54917	1.54995	1.55919	1.58891	1.66077	1.80382	2.03726	2.34111	2.64594	2.87387	2.99342	3.00212	2.87213	
2.23141	1.75945	1.19997	0.598994	0.0246131	-0.482336	-0.862058	-1.09838	-1.18494	-1.13193	-0.987724	-0.798889	-0.627604	-0.517213	-0.476223	-0.47824	-0.473597	-0.462063	-0.457251	-0.454968	-0.454971	-0.456215	-0.456597	-0.466727	-0.477166	-0.475055	-0.485458	-0.552553	-0.692241	-0.879748	-1.06432	-1.19463	-1.22874	-1.14002	-0.934296	-0.613115	-0.209194	0.251677	0.732236	1.18299	1.58397	1.89188	2.06942	2.13311	2.09557	1.95328	1.74466	1.54908	1.42664	1.38623	1.4029	1.44667	1.49687	1.54321	1.58214	1.61336	1.63729	1.65441	1.66526	1.67034	1.66976	1.66352	1.65144	1.63302	1.60766	1.57483	1.53385	1.48427	1.42722	1.36615	1.30729	1.2592	1.23087	1.22767	1.24777	1.28231	1.31932	1.34889	1.3672	1.37733	1.38636	1.40024	1.42032	1.44388	1.46691	1.48643	1.5013	1.51226	1.52221	1.53796	1.57383	1.65442	1.80918	2.0508	2.34649	2.61841	2.79533	2.85715	2.79919	2.59151	
1.82637	1.32505	0.759902	0.187845	-0.330343	-0.75635	-1.0442	-1.18516	-1.17757	-1.06016	-0.869049	-0.675191	-0.531417	-0.476223	-0.477695	-0.49187	-0.470501	-0.443847	-0.437235	-0.430485	-0.427441	-0.433708	-0.438288	-0.452013	-0.484624	-0.487706	-0.474376	-0.487943	-0.581281	-0.749837	-0.954806	-1.12649	-1.22005	-1.19101	-1.03302	-0.737021	-0.333759	0.151302	0.683683	1.19845	1.6637	2.03463	2.26327	2.36243	2.35482	2.23724	2.03662	1.82827	1.68086	1.61427	1.60906	1.63518	1.67034	1.70356	1.73135	1.75328	1.76936	1.78038	1.78728	1.79042	1.79006	1.78619	1.77848	1.76652	1.74928	1.7259	1.69577	1.65755	1.61004	1.55334	1.48956	1.42276	1.35895	1.30547	1.26809	1.24839	1.24283	1.24396	1.24361	1.23771	1.22929	1.22625	1.2351	1.25644	1.28546	1.31575	1.3425	1.36391	1.3819	1.40394	1.44639	1.53608	1.70162	1.94843	2.23245	2.47126	2.6021	2.61381	2.49977	2.23327	
1.44533	0.950236	0.411537	-0.114656	-0.574424	-0.928597	-1.14158	-1.21116	-1.14267	-0.973522	-0.763398	-0.585261	-0.487056	-0.47824	-0.49187	-0.468353	-0.418038	-0.387973	-0.401608	-0.386607	-0.372759	-0.399168	-0.393959	-0.394474	-0.438709	-0.481533	-0.48996	-0.472216	-0.516826	-0.646985	-0.849951	-1.04901	-1.19089	-1.20555	-1.08624	-0.810892	-0.399896	0.112865	0.693479	1.25969	1.76661	2.17912	2.44901	2.5817	2.60171	2.50431	2.3065	2.07963	1.90066	1.80129	1.76838	1.77232	1.78985	1.80877	1.82458	1.83559	1.84232	1.84632	1.84867	1.84943	1.84937	1.84839	1.84569	1.8412	1.83364	1.82126	1.80297	1.77815	1.74501	1.70204	1.64865	1.58588	1.51537	1.44044	1.36601	1.29718	1.23799	1.18997	1.1505	1.11357	1.07511	1.03871	1.0141	1.009	1.02313	1.04931	1.07875	1.10551	1.12906	1.15651	1.20558	1.30457	1.48063	1.73238	2.007	2.22096	2.3207	2.30216	2.15736	1.86401	
1.15295	0.680207	0.171307	-0.315644	-0.725986	-1.02859	-1.19019	-1.20268	-1.09155	-0.896404	-0.685858	-0.531658	-0.471308	-0.473597	-0.470501	-0.418038	-0.380504	-0.377856	-0.384444	-0.371318	-0.362165	-0.379723	-0.381332	-0.376892	-0.391348	-0.44036	-0.478994	-0.466393	-0.488288	-0.5796	-0.769724	-0.975208	-1.1447	-1.19406	-1.09788	-0.830058	-0.398954	0.140213	0.749718	1.34661	1.88056	2.32639	2.6338	2.79369	2.82826	2.73609	2.53084	2.28159	2.0712	1.93991	1.87885	1.85924	1.85707	1.8584	1.85783	1.85379	1.84891	1.84429	1.84042	1.8384	1.83864	1.84112	1.84526	1.84988	1.85456	1.85751	1.85544	1.84731	1.83129	1.8056	1.76813	1.71852	1.6572	1.58459	1.50234	1.41264	1.31849	1.2244	1.13583	1.05528	0.979091	0.903146	0.832029	0.778095	0.750692	0.748734	0.763092	0.783896	0.806785	0.837103	0.892838	1.00295	1.19277	1.45499	1.7304	1.93617	2.02682	2.00262	1.85326	1.5598	
0.963692	0.509065	0.021776	-0.436533	-0.816724	-1.0863	-1.20807	-1.18825	-1.04469	-0.831087	-0.632282	-0.497977	-0.464777	-0.462063	-0.443847	-0.387973	-0.377856	-0.399947	-0.384229	-0.376319	-0.380131	-0.37665	-0.391335	-0.395949	-0.371904	-0.412121	-0.455045	-0.463286	-0.469979	-0.539128	-0.704587	-0.911799	-1.09275	-1.1618	-1.06521	-0.789725	-0.341271	0.216635	0.838173	1.45144	2.00932	2.48347	2.81356	2.9819	3.01571	2.91991	2.70463	2.43408	2.19299	2.0276	1.9337	1.88535	1.8576	1.83619	1.81545	1.79576	1.77848	1.76407	1.75307	1.74845	1.74895	1.75477	1.76676	1.78172	1.79934	1.81868	1.83715	1.85123	1.85883	1.85709	1.84343	1.81479	1.77071	1.71066	1.63552	1.54688	1.44583	1.33302	1.21115	1.08796	0.970823	0.858279	0.746087	0.640492	0.55692	0.506054	0.485951	0.486773	0.500712	0.530139	0.591919	0.71459	0.921316	1.19967	1.48557	1.69709	1.79437	1.77924	1.63838	1.35503	
0.85694	0.412433	-0.0635249	-0.507487	-0.869731	-1.11671	-1.21449	-1.16877	-1.00815	-0.791873	-0.595085	-0.480935	-0.452541	-0.457251	-0.437235	-0.401608	-0.384444	-0.384229	-0.359077	-0.356397	-0.364919	-0.35471	-0.369099	-0.386803	-0.386726	-0.416307	-0.447933	-0.455619	-0.455723	-0.512544	-0.660705	-0.861719	-1.03731	-1.10025	-0.993619	-0.700447	-0.238391	0.323211	0.950126	1.58035	2.15598	2.6389	2.97067	3.13659	3.16518	3.06023	2.82758	2.52876	2.25159	2.04838	1.91976	1.84143	1.78719	1.74352	1.70351	1.66832	1.63658	1.61121	1.59411	1.58589	1.58684	1.59682	1.6156	1.64254	1.67493	1.71026	1.74833	1.78469	1.81756	1.84266	1.85783	1.85882	1.84285	1.80746	1.75078	1.67365	1.57823	1.4673	1.34071	1.19798	1.04791	0.902022	0.760118	0.61814	0.485169	0.379728	0.312877	0.281925	0.278889	0.303015	0.368582	0.502401	0.725088	1.01994	1.31913	1.54116	1.64938	1.64562	1.5138	1.23855	
0.805774	0.3654	-0.105881	-0.543239	-0.896655	-1.13182	-1.21622	-1.15645	-0.985041	-0.768778	-0.57767	-0.472529	-0.452095	-0.454968	-0.430485	-0.386607	-0.371318	-0.376319	-0.356397	-0.354249	-0.358778	-0.350124	-0.365061	-0.376693	-0.371902	-0.403751	-0.444252	-0.455073	-0.452859	-0.497934	-0.633255	-0.818234	-0.975427	-1.01696	-0.885826	-0.575775	-0.108623	0.453756	1.08946	1.73112	2.30518	2.7795	3.10621	3.26408	3.27552	3.14658	2.88557	2.55427	2.24253	2.0046	1.84362	1.73501	1.65385	1.58548	1.52399	1.46924	1.42299	1.38698	1.36376	1.35122	1.35268	1.36756	1.39315	1.43153	1.47942	1.53492	1.59467	1.65586	1.71495	1.76867	1.81271	1.84416	1.85901	1.85532	1.82916	1.77817	1.70093	1.59891	1.47859	1.34079	1.18205	1.01244	0.846321	0.68309	0.519955	0.370404	0.255445	0.185403	0.15807	0.171542	0.23667	0.377194	0.610875	0.917768	1.22748	1.45847	1.57551	1.57991	1.45387	1.18293	
0.791324	0.352902	-0.117093	-0.551685	-0.902137	-1.13482	-1.21442	-1.15537	-0.983365	-0.759836	-0.5743	-0.468278	-0.455003	-0.454971	-0.427441	-0.372759	-0.362165	-0.380131	-0.364919	-0.358778	-0.36556	-0.359912	-0.371509	-0.377805	-0.357218	-0.395061	-0.441498	-0.456797	-0.449921	-0.488158	-0.611367	-0.778489	-0.909452	-0.91677	-0.752608	-0.432178	0.0376408	0.610777	1.25448	1.88845	2.44753	2.91137	3.22248	3.35319	3.33356	3.17403	2.88195	2.51758	2.17115	1.8974	1.70258	1.56203	1.45301	1.35904	1.27716	1.20544	1.14683	1.10057	1.06923	1.05462	1.05619	1.07418	1.10877	1.15755	1.21867	1.29171	1.37289	1.46011	1.54758	1.63318	1.71078	1.77683	1.82556	1.85422	1.85984	1.83992	1.79368	1.71706	1.60892	1.47982	1.33161	1.15936	0.97617	0.796806	0.618806	0.442905	0.288297	0.177226	0.119063	0.115214	0.173894	0.314911	0.552945	0.865933	1.18218	1.41968	1.54318	1.55353	1.43231	1.16524	
0.803051	0.368727	-0.0991188	-0.536519	-0.891499	-1.12672	-1.21443	-1.16256	-0.993173	-0.774385	-0.582229	-0.473861	-0.451057	-0.456215	-0.433708	-0.399168	-0.379723	-0.37665	-0.35471	-0.350124	-0.359912	-0.347468	-0.362256	-0.380566	-0.382856	-0.413367	-0.444968	-0.454061	-0.446068	-0.484434	-0.598737	-0.740052	-0.83532	-0.800488	-0.611953	-0.275194	0.207272	0.789022	1.4288	2.04607	2.58985	3.03044	3.30414	3.39949	3.34612	3.14902	2.81683	2.41394	2.03144	1.72527	1.50021	1.33207	1.19723	1.08142	0.979843	0.892106	0.818484	0.762906	0.726036	0.708343	0.710329	0.731999	0.772572	0.831795	0.908317	0.997929	1.09963	1.20951	1.32419	1.43892	1.54947	1.65084	1.73796	1.80529	1.84825	1.86232	1.84511	1.80009	1.72196	1.60721	1.46999	1.31068	1.12612	0.933925	0.745698	0.55741	0.376633	0.228454	0.135067	0.106543	0.151462	0.285989	0.52172	0.835542	1.15561	1.39902	1.52906	1.54622	1.43231	1.17194	
0.837194	0.40891	-0.0566824	-0.495523	-0.858516	-1.11051	-1.21315	-1.17528	-1.02073	-0.806968	-0.609505	-0.486618	-0.457964	-0.456597	-0.438288	-0.393959	-0.381332	-0.391335	-0.369099	-0.365061	-0.371509	-0.362256	-0.379427	-0.391339	-0.379409	-0.411621	-0.448242	-0.4529	-0.448007	-0.484885	-0.590409	-0.704045	-0.752274	-0.681041	-0.465876	-0.108229	0.393374	0.98256	1.60902	2.20685	2.72516	3.12353	3.35592	3.41082	3.30896	3.0643	2.68807	2.24897	1.83521	1.5014	1.24827	1.05396	0.894389	0.756925	0.637138	0.534605	0.45166	0.388676	0.347063	0.326245	0.328611	0.353823	0.399575	0.46644	0.553146	0.658902	0.779524	0.91252	1.05358	1.19806	1.34125	1.47686	1.59977	1.70472	1.78696	1.84179	1.86392	1.8468	1.79986	1.71567	1.59313	1.44747	1.27514	1.07983	0.881958	0.686674	0.491932	0.315194	0.186143	0.126597	0.149933	0.27059	0.497641	0.80791	1.13046	1.38103	1.51988	1.54692	1.44506	1.19682	
0.890747	0.473416	0.0122523	-0.431667	-0.805849	-1.07692	-1.20648	-1.19573	-1.06357	-0.854761	-0.650504	-0.509739	-0.467603	-0.466727	-0.452013	-0.394474	-0.376892	-0.395949	-0.386803	-0.376693	-0.377807	-0.38057	-0.391346	-0.391249	-0.374054	-0.418526	-0.46087	-0.456588	-0.45065	-0.48851	-0.583992	-0.665708	-0.67539	-0.561482	-0.314401	0.0747761	0.596936	1.18232	1.7935	2.36759	2.84452	3.19643	3.37972	3.37473	3.22208	2.92875	2.50645	2.02978	1.58659	1.22756	0.952208	0.735706	0.557308	0.402624	0.270102	0.157401	0.0653301	-0.00437375	-0.0507487	-0.0713533	-0.0691362	-0.0435586	0.00755164	0.0816378	0.178258	0.294453	0.428866	0.580371	0.743086	0.914188	1.08788	1.25824	1.41956	1.56288	1.68527	1.77609	1.83867	1.86389	1.84495	1.79287	1.69762	1.56654	1.4099	1.22295	1.01975	0.817772	0.616056	0.420714	0.259981	0.165888	0.160473	0.259735	0.471666	0.774156	1.09828	1.35808	1.50911	1.55013	1.46591	1.23591	
0.961249	0.55955	0.107196	-0.34094	-0.729295	-1.0241	-1.19081	-1.21532	-1.11308	-0.924796	-0.714001	-0.549555	-0.477279	-0.477166	-0.484624	-0.438709	-0.391348	-0.371905	-0.386727	-0.371905	-0.357227	-0.382879	-0.37946	-0.374135	-0.408847	-0.458563	-0.48385	-0.453125	-0.45559	-0.499685	-0.589413	-0.630418	-0.598367	-0.440055	-0.154265	0.273866	0.810599	1.3889	1.98384	2.52116	2.94874	3.24806	3.36418	3.30038	3.09469	2.74075	2.27233	1.76086	1.29734	0.920871	0.629213	0.395648	0.200844	0.0337406	-0.110914	-0.230812	-0.326833	-0.397793	-0.444315	-0.467772	-0.465194	-0.43707	-0.38589	-0.309508	-0.208514	-0.0844857	0.0627006	0.228515	0.410404	0.604677	0.804518	1.00539	1.19946	1.38133	1.54248	1.67948	1.77609	1.84177	1.86223	1.83953	1.77649	1.6674	1.52647	1.35448	1.15394	0.946151	0.739668	0.533818	0.348372	0.219938	0.180502	0.251214	0.44131	0.731248	1.05547	1.32642	1.49319	1.55236	1.49145	1.28642	
1.04635	0.664785	0.225814	-0.221231	-0.625632	-0.948951	-1.15151	-1.22557	-1.16782	-1.01323	-0.802726	-0.617027	-0.498468	-0.475055	-0.487706	-0.481533	-0.44036	-0.412122	-0.416311	-0.403766	-0.395106	-0.413483	-0.411886	-0.419034	-0.459252	-0.484265	-0.474572	-0.447471	-0.468457	-0.533228	-0.600901	-0.607421	-0.519213	-0.30891	0.0232852	0.489943	1.03234	1.60415	2.17582	2.66406	3.03764	3.27215	3.31614	3.19011	2.91745	2.5106	1.99685	1.45736	0.977198	0.589967	0.286388	0.0434857	-0.161386	-0.334886	-0.481817	-0.604524	-0.700355	-0.772025	-0.819495	-0.840355	-0.838316	-0.81245	-0.75944	-0.682771	-0.582257	-0.455293	-0.304172	-0.130374	0.0647458	0.276074	0.498491	0.728194	0.953119	1.17146	1.36793	1.54248	1.68527	1.78695	1.84821	1.85967	1.82839	1.74775	1.62493	1.46991	1.27963	1.0698	0.858874	0.647353	0.444839	0.285624	0.209663	0.245801	0.407262	0.678983	1.0006	1.28374	1.46952	1.55055	1.51797	1.34491	
1.14193	0.78816	0.366628	-0.0772014	-0.489677	-0.842145	-1.08794	-1.21504	-1.21159	-1.10053	-0.91984	-0.721729	-0.563566	-0.485458	-0.474376	-0.48996	-0.478996	-0.455053	-0.447959	-0.444327	-0.441706	-0.445481	-0.449381	-0.463099	-0.487498	-0.478784	-0.458589	-0.465216	-0.519659	-0.590424	-0.624866	-0.574906	-0.430334	-0.164123	0.224039	0.720625	1.26694	1.82917	2.36325	2.79527	3.10917	3.26771	3.23498	3.04019	2.70647	2.24266	1.6833	1.12672	0.63819	0.251071	-0.0567194	-0.304017	-0.511174	-0.68698	-0.832153	-0.950649	-1.04348	-1.10817	-1.14966	-1.17079	-1.16848	-1.14294	-1.09687	-1.02719	-0.929704	-0.805448	-0.655386	-0.478692	-0.276209	-0.0551092	0.185981	0.433387	0.688229	0.93374	1.17146	1.38133	1.56288	1.70472	1.80528	1.85415	1.855	1.80612	1.70566	1.56813	1.39296	1.18669	0.972224	0.757142	0.544025	0.359673	0.247658	0.245078	0.371532	0.618536	0.933198	1.22814	1.43556	1.54164	1.54133	1.40638	
1.24166	0.922714	0.529527	0.0943537	-0.324459	-0.70084	-0.988923	-1.16777	-1.23201	-1.18244	-1.04596	-0.862342	-0.68389	-0.552554	-0.487943	-0.472219	-0.466404	-0.463324	-0.455737	-0.455406	-0.457653	-0.456059	-0.457116	-0.46458	-0.466456	-0.466031	-0.483318	-0.535884	-0.612571	-0.664807	-0.646228	-0.533969	-0.316558	0.0130937	0.449532	0.970255	1.51515	2.05722	2.544	2.91503	3.1591	3.23344	3.12282	2.85811	2.45987	1.94022	1.35118	0.781127	0.297209	-0.0877146	-0.389799	-0.635831	-0.837356	-1.00591	-1.14218	-1.24889	-1.33004	-1.38898	-1.42571	-1.44065	-1.43901	-1.41991	-1.37881	-1.31615	-1.22971	-1.1171	-0.976583	-0.803748	-0.604667	-0.377009	-0.127691	0.138316	0.413551	0.688229	0.953119	1.19946	1.41956	1.59977	1.73795	1.82554	1.85889	1.84231	1.76857	1.64963	1.49176	1.29458	1.07894	0.861038	0.641791	0.438566	0.293503	0.250419	0.3366	0.551949	0.853564	1.15797	1.3886	1.52221	1.55725	1.46606	
1.34123	1.06195	0.705416	0.289672	-0.127749	-0.518449	-0.847435	-1.08048	-1.2109	-1.22595	-1.15735	-1.01486	-0.85055	-0.692241	-0.581285	-0.51684	-0.48834	-0.470147	-0.456215	-0.454164	-0.45306	-0.452916	-0.461568	-0.474992	-0.494874	-0.524192	-0.58533	-0.66629	-0.732096	-0.734361	-0.644424	-0.454261	-0.171222	0.222568	0.705203	1.23914	1.77474	2.28784	2.71657	3.01891	3.18392	3.16976	2.97942	2.64453	2.18608	1.61575	1.0011	0.433199	-0.0375588	-0.40845	-0.699959	-0.935226	-1.12623	-1.2796	-1.40058	-1.4908	-1.55528	-1.59666	-1.6214	-1.63389	-1.63226	-1.61717	-1.59004	-1.54448	-1.47487	-1.37945	-1.25231	-1.09383	-0.902123	-0.678043	-0.426337	-0.151862	0.138316	0.433387	0.728194	1.00539	1.25824	1.47686	1.65084	1.77682	1.84412	1.85863	1.81397	1.71538	1.57531	1.39141	1.17814	0.958063	0.735293	0.518926	0.345523	0.262601	0.305	0.481973	0.762862	1.07205	1.32602	1.48876	1.56044	1.51811	
1.43359	1.20035	0.887775	0.503689	0.0948134	-0.300713	-0.65909	-0.93617	-1.13177	-1.22552	-1.22554	-1.14921	-1.02366	-0.879753	-0.749855	-0.647052	-0.579823	-0.539802	-0.514386	-0.502483	-0.498317	-0.505006	-0.522769	-0.552072	-0.596664	-0.666416	-0.750768	-0.823895	-0.842815	-0.774481	-0.599863	-0.335456	0.0275416	0.476722	0.989145	1.52783	2.04485	2.51471	2.87495	3.10228	3.18037	3.07608	2.80749	2.40515	1.88657	1.27493	0.652731	0.0955999	-0.353099	-0.704862	-0.978584	-1.19616	-1.36704	-1.49791	-1.59318	-1.65878	-1.70048	-1.72624	-1.73891	-1.74101	-1.74077	-1.73718	-1.72231	-1.6939	-1.64768	-1.57656	-1.47532	-1.33761	-1.16377	-0.950763	-0.704429	-0.426337	-0.127691	0.185981	0.498491	0.804518	1.08788	1.34125	1.54946	1.71078	1.8127	1.85777	1.84314	1.76696	1.6444	1.4759	1.26873	1.04769	0.822789	0.597878	0.401619	0.281702	0.279038	0.411978	0.663397	0.969966	1.24538	1.43833	1.54607	1.5548	
1.50969	1.33044	1.06688	0.727278	0.339905	-0.0486357	-0.423141	-0.742935	-0.988747	-1.14895	-1.22726	-1.22531	-1.16525	-1.06434	-0.954885	-0.850226	-0.770583	-0.707006	-0.666834	-0.647243	-0.640191	-0.652552	-0.681896	-0.726269	-0.792248	-0.864929	-0.9341	-0.961953	-0.907979	-0.750658	-0.490631	-0.14731	0.2747	0.768342	1.30542	1.83113	2.31672	2.73105	3.01432	3.16081	3.14683	2.95217	2.60762	2.14245	1.57015	0.929135	0.309336	-0.22058	-0.640313	-0.965072	-1.21629	-1.40915	-1.55395	-1.65445	-1.71914	-1.75294	-1.76466	-1.76288	-1.75747	-1.75559	-1.75564	-1.75834	-1.76409	-1.76334	-1.74795	-1.70945	-1.63733	-1.52994	-1.37917	-1.18554	-0.950763	-0.678043	-0.377009	-0.0551092	0.276074	0.604677	0.914188	1.19806	1.43892	1.63317	1.76867	1.84264	1.857	1.80521	1.7005	1.54802	1.34984	1.12948	0.903271	0.673182	0.459547	0.307114	0.260534	0.345741	0.558864	0.852664	1.14459	1.36817	1.51065	1.5688	
1.55928	1.44316	1.23406	0.948619	0.597148	0.225298	-0.146692	-0.486923	-0.777538	-1.00248	-1.14509	-1.22238	-1.22885	-1.19472	-1.12681	-1.05003	-0.978165	-0.9195	-0.879699	-0.855922	-0.849658	-0.861798	-0.894074	-0.938388	-0.992055	-1.05063	-1.07235	-1.03506	-0.892619	-0.65078	-0.307687	0.097971	0.580521	1.10483	1.63984	2.14046	2.58534	2.92837	3.12849	3.1894	3.07848	2.7974	2.38444	1.85977	1.24129	0.588963	-0.0109765	-0.50769	-0.89278	-1.1874	-1.40968	-1.5721	-1.68201	-1.74612	-1.77062	-1.76856	-1.74794	-1.72122	-1.6968	-1.68077	-1.68276	-1.70127	-1.72643	-1.75282	-1.77091	-1.76823	-1.73685	-1.66444	-1.54671	-1.37917	-1.16377	-0.902123	-0.604667	-0.276209	0.0647458	0.410404	0.743086	1.05358	1.32419	1.54758	1.71495	1.81755	1.85881	1.83117	1.74451	1.60819	1.42109	1.20318	0.976213	0.743203	0.517124	0.337618	0.250548	0.287032	0.454341	0.723215	1.0226	1.27546	1.45192	1.55465	
1.57386	1.52717	1.37868	1.15438	0.854371	0.514408	0.158697	-0.19415	-0.500101	-0.769108	-0.971783	-1.11618	-1.19665	-1.22908	-1.22117	-1.19426	-1.15374	-1.11438	-1.0835	-1.06375	-1.06138	-1.07239	-1.09137	-1.12488	-1.15511	-1.165	-1.12726	-1.00584	-0.783621	-0.451686	-0.0463829	0.41992	0.930533	1.46335	1.98881	2.44919	2.83565	3.09602	3.21167	3.18189	2.97432	2.61506	2.13982	1.56264	0.911182	0.263621	-0.302633	-0.756003	-1.10492	-1.36626	-1.55744	-1.68398	-1.75553	-1.77613	-1.7582	-1.71209	-1.65319	-1.59753	-1.55607	-1.53672	-1.53892	-1.56282	-1.60782	-1.66474	-1.7231	-1.76482	-1.77502	-1.74633	-1.66444	-1.52994	-1.33761	-1.09383	-0.803748	-0.478692	-0.130374	0.228515	0.580371	0.91252	1.20951	1.46011	1.65586	1.78469	1.85122	1.84728	1.77801	1.65697	1.48222	1.26858	1.0414	0.806842	0.572369	0.371505	0.249176	0.23901	0.355829	0.58731	0.880653	1.15755	1.36785	1.50979	
1.54814	1.57237	1.49023	1.33039	1.09518	0.796713	0.480206	0.14285	-0.181789	-0.468222	-0.715553	-0.906436	-1.04965	-1.14118	-1.19459	-1.21548	-1.21845	-1.21504	-1.20359	-1.19607	-1.19638	-1.19848	-1.20541	-1.21026	-1.20137	-1.15787	-1.05733	-0.861379	-0.563005	-0.167142	0.286897	0.787805	1.31145	1.84988	2.33026	2.7377	3.05646	3.22746	3.25767	3.13194	2.83301	2.40808	1.87733	1.25431	0.589739	-0.0325006	-0.556125	-0.965949	-1.27671	-1.50468	-1.66006	-1.74871	-1.7758	-1.75215	-1.68726	-1.60152	-1.50823	-1.42535	-1.36879	-1.34315	-1.34611	-1.37764	-1.44	-1.5269	-1.61993	-1.70224	-1.76072	-1.77502	-1.73685	-1.63733	-1.47532	-1.25231	-0.976583	-0.655386	-0.304172	0.0627006	0.428866	0.779524	1.09963	1.37289	1.59467	1.74833	1.83715	1.85543	1.80293	1.69561	1.53324	1.3254	1.09873	0.863414	0.623599	0.406748	0.255455	0.203584	0.269278	0.453066	0.723707	1.01339	1.25595	1.4332	
1.47983	1.56941	1.56021	1.46328	1.30244	1.06522	0.782816	0.488273	0.179597	-0.112957	-0.381009	-0.609537	-0.796324	-0.93786	-1.04321	-1.11205	-1.15567	-1.17955	-1.19411	-1.19997	-1.19857	-1.19628	-1.1865	-1.1639	-1.11832	-1.02749	-0.864759	-0.608056	-0.247622	0.192561	0.683288	1.19424	1.71958	2.21835	2.64663	3.00252	3.23195	3.31294	3.25721	3.03513	2.66041	2.18069	1.59914	0.946566	0.289041	-0.291433	-0.76548	-1.13335	-1.41051	-1.60465	-1.72578	-1.77222	-1.75635	-1.68409	-1.57443	-1.44996	-1.32999	-1.23855	-1.18397	-1.16138	-1.16399	-1.19239	-1.25382	-1.35211	-1.47553	-1.59822	-1.70224	-1.76482	-1.76823	-1.70945	-1.57656	-1.37945	-1.1171	-0.805448	-0.455293	-0.0844857	0.294453	0.658902	0.997929	1.29171	1.53492	1.71026	1.81868	1.85751	1.82125	1.72586	1.57467	1.37343	1.14804	0.912492	0.669472	0.44123	0.267491	0.180951	0.199319	0.32983	0.560994	0.845732	1.11424	1.32479	
1.37177	1.51099	1.57779	1.54906	1.45161	1.29605	1.07286	0.814291	0.540998	0.265095	0.00283183	-0.238099	-0.447812	-0.622905	-0.762669	-0.870052	-0.949952	-1.00355	-1.0385	-1.05656	-1.06086	-1.04962	-1.02444	-0.975969	-0.894052	-0.759866	-0.552846	-0.249983	0.147649	0.613184	1.10779	1.60933	2.1077	2.56059	2.93971	3.21035	3.34689	3.35032	3.20365	2.8937	2.46205	1.93496	1.31104	0.651403	0.0258396	-0.504977	-0.932304	-1.26148	-1.50884	-1.67164	-1.75846	-1.76655	-1.70649	-1.59379	-1.44408	-1.29026	-1.15986	-1.06645	-1.02702	-1.02528	-1.02491	-1.03088	-1.08102	-1.18375	-1.31964	-1.47553	-1.61993	-1.7231	-1.77091	-1.74795	-1.64768	-1.47487	-1.22971	-0.929704	-0.582257	-0.208514	0.178258	0.553146	0.908317	1.21867	1.47942	1.67493	1.79934	1.85456	1.83364	1.74927	1.60763	1.41275	1.18917	0.953777	0.708971	0.472966	0.282784	0.169522	0.148093	0.226123	0.40522	0.663071	0.942837	1.18471	
1.22983	1.40117	1.52782	1.57961	1.54624	1.45492	1.31146	1.11593	0.88832	0.644097	0.399963	0.166732	-0.0458473	-0.233124	-0.390882	-0.519163	-0.616714	-0.690986	-0.739752	-0.766142	-0.774218	-0.757807	-0.721423	-0.654439	-0.550151	-0.393287	-0.158818	0.168799	0.581656	1.04946	1.53126	2.01068	2.46712	2.86367	3.1617	3.34546	3.41037	3.32846	3.09024	2.71822	2.24497	1.67218	1.02643	0.386959	-0.190291	-0.667447	-1.05778	-1.3555	-1.5784	-1.71274	-1.76777	-1.74052	-1.64045	-1.4941	-1.31655	-1.15417	-1.03791	-0.970774	-0.951921	-0.956999	-0.955962	-0.952743	-0.979638	-1.05728	-1.18375	-1.35211	-1.5269	-1.66474	-1.75282	-1.76334	-1.6939	-1.54448	-1.31615	-1.02719	-0.682771	-0.309508	0.0816378	0.46644	0.831795	1.15755	1.43153	1.64254	1.78172	1.84988	1.8412	1.76652	1.63301	1.44376	1.22211	0.987067	0.741364	0.500284	0.298683	0.166348	0.114704	0.147254	0.269839	0.480444	0.747444	1.01184	
1.05413	1.25398	1.41414	1.53141	1.57918	1.55326	1.47305	1.34762	1.18434	0.99413	0.789083	0.581495	0.382095	0.199674	0.0387612	-0.0990263	-0.208204	-0.290636	-0.347894	-0.379889	-0.38651	-0.369868	-0.324626	-0.249236	-0.134131	0.036818	0.284963	0.61805	1.02877	1.47967	1.93157	2.36471	2.76054	3.08471	3.30678	3.42246	3.40547	3.23321	2.93172	2.51977	2.00621	1.40199	0.766013	0.170338	-0.351132	-0.784719	-1.14315	-1.42185	-1.62219	-1.73755	-1.76244	-1.70921	-1.57626	-1.40365	-1.21633	-1.05362	-0.969718	-0.949164	-0.949902	-0.954628	-0.953728	-0.949119	-0.950604	-0.979638	-1.08102	-1.25382	-1.44	-1.60782	-1.72643	-1.76409	-1.72231	-1.59004	-1.37881	-1.09687	-0.75944	-0.38589	0.00755164	0.399575	0.772572	1.10877	1.39315	1.6156	1.76676	1.84526	1.84569	1.77848	1.65144	1.46682	1.2469	1.01227	0.766168	0.521913	0.312817	0.167911	0.0956776	0.0937316	0.164776	0.316772	0.543742	0.807803	
0.842017	1.07229	1.2594	1.41067	1.52224	1.57545	1.56609	1.50476	1.40286	1.27119	1.11926	0.956291	0.790608	0.631628	0.486865	0.35924	0.251281	0.168563	0.110242	0.0767751	0.0703006	0.088254	0.135284	0.211705	0.327665	0.497352	0.73627	1.05488	1.44135	1.85506	2.25889	2.63542	2.97027	3.22786	3.37985	3.41547	3.31405	3.08252	2.74626	2.29851	1.75091	1.14729	0.554071	0.0133804	-0.456971	-0.860992	-1.19691	-1.46371	-1.64745	-1.74934	-1.75243	-1.68057	-1.5271	-1.34031	-1.15652	-1.00697	-0.948257	-0.950787	-0.950371	-0.942142	-0.943465	-0.951705	-0.949119	-0.952743	-1.03088	-1.19239	-1.37764	-1.56282	-1.70127	-1.75834	-1.73718	-1.61717	-1.41991	-1.14294	-0.81245	-0.43707	-0.0435586	0.353823	0.731999	1.07418	1.36756	1.59682	1.75477	1.84112	1.84839	1.78619	1.66352	1.48221	1.26363	1.02934	0.783096	0.536992	0.323373	0.170955	0.0862718	0.0615739	0.0928828	0.187905	0.35612	0.587473	
0.607571	0.849914	1.06782	1.24653	1.39089	1.49969	1.56277	1.57533	1.54139	1.47014	1.37218	1.25747	1.13397	1.00889	0.890379	0.784683	0.693576	0.620869	0.569346	0.539745	0.533023	0.550267	0.591665	0.660812	0.765164	0.917663	1.1347	1.42678	1.77721	2.14702	2.50002	2.81997	3.09052	3.27527	3.35039	3.31492	3.16383	2.90141	2.5317	2.0517	1.50342	0.939242	0.404746	-0.0804006	-0.516	-0.899323	-1.22526	-1.4836	-1.66051	-1.75174	-1.74691	-1.65975	-1.50226	-1.30704	-1.13234	-1.00446	-0.9523	-0.955091	-0.935758	-0.896529	-0.902971	-0.943465	-0.953728	-0.955962	-1.02491	-1.16399	-1.34611	-1.53892	-1.68276	-1.75564	-1.74077	-1.63226	-1.43901	-1.16848	-0.838316	-0.465194	-0.0691363	0.328611	0.710329	1.05619	1.35268	1.58684	1.74895	1.83864	1.84937	1.79006	1.66976	1.4902	1.27237	1.03828	0.791995	0.545008	0.329162	0.173024	0.0819577	0.0444033	0.04978	0.0998745	0.207165	0.380658	
0.386496	0.602479	0.831523	1.04026	1.21424	1.35462	1.46269	1.53525	1.56934	1.56604	1.53068	1.47127	1.39614	1.31219	1.22614	1.14534	1.07471	1.01691	0.975117	0.951106	0.945439	0.959607	0.993679	1.05132	1.13884	1.26911	1.45872	1.71507	2.02157	2.34046	2.63506	2.88998	3.09153	3.21028	3.23053	3.15595	2.97545	2.68211	2.28633	1.80839	1.30087	0.79927	0.32326	-0.120798	-0.534237	-0.907123	-1.2292	-1.4859	-1.66203	-1.75206	-1.74668	-1.65757	-1.50023	-1.30383	-1.1302	-1.0052	-0.953096	-0.9557	-0.93376	-0.889578	-0.896529	-0.942142	-0.954628	-0.956999	-1.02528	-1.16138	-1.34315	-1.53672	-1.68077	-1.75559	-1.74101	-1.63389	-1.44065	-1.17079	-0.840356	-0.467772	-0.0713535	0.326245	0.708343	1.05462	1.35122	1.58589	1.74845	1.8384	1.84943	1.79042	1.67034	1.49093	1.27316	1.03909	0.792794	0.545703	0.329538	0.172597	0.0793645	0.035946	0.027085	0.0479283	0.106349	0.216732	
0.213985	0.37262	0.57241	0.786584	0.987366	1.15936	1.29956	1.40939	1.48965	1.54053	1.56327	1.5612	1.53965	1.50432	1.46035	1.41326	1.36874	1.33069	1.3021	1.28533	1.28156	1.29155	1.31614	1.35769	1.42231	1.52226	1.67319	1.88278	2.13733	2.40038	2.63692	2.83493	2.98588	3.06378	3.05138	2.94786	2.73956	2.42791	2.04289	1.61214	1.16989	0.730706	0.301493	-0.118217	-0.51786	-0.888016	-1.20996	-1.4711	-1.65161	-1.75063	-1.75082	-1.67543	-1.51993	-1.33126	-1.14901	-1.00394	-0.947672	-0.951378	-0.948104	-0.93376	-0.935758	-0.950371	-0.949902	-0.951921	-1.02702	-1.18397	-1.36879	-1.55607	-1.6968	-1.75747	-1.73891	-1.6214	-1.42571	-1.14966	-0.819496	-0.444316	-0.0507495	0.347062	0.726034	1.06923	1.36376	1.59411	1.75307	1.84042	1.84867	1.78728	1.66526	1.48441	1.26601	1.03176	0.785478	0.539009	0.324266	0.168944	0.0764849	0.0315779	0.0163892	0.0213726	0.0482123	0.107826	
0.102768	0.198972	0.340545	0.519337	0.71542	0.90642	1.0767	1.21962	1.33441	1.42256	1.48606	1.52733	1.54957	1.55676	1.55282	1.54134	1.52621	1.51105	1.49857	1.49084	1.48921	1.49426	1.50684	1.52895	1.56675	1.63242	1.74234	1.90687	2.11535	2.33346	2.52758	2.68658	2.80311	2.85057	2.80985	2.68403	2.47099	2.1833	1.8514	1.4887	1.11288	0.723254	0.323228	-0.0789888	-0.474007	-0.842047	-1.16979	-1.4363	-1.62943	-1.74105	-1.76022	-1.70325	-1.56485	-1.38864	-1.20123	-1.03959	-0.962563	-0.948903	-0.951378	-0.9557	-0.955091	-0.950787	-0.949164	-0.970774	-1.06645	-1.23855	-1.42535	-1.59753	-1.72122	-1.76288	-1.72624	-1.59666	-1.38898	-1.10818	-0.772028	-0.397797	-0.00437863	0.388671	0.762899	1.10057	1.38697	1.61121	1.76406	1.84428	1.84632	1.78038	1.65441	1.47053	1.25088	1.01629	0.770071	0.525005	0.313411	0.161892	0.0724006	0.0286012	0.0115914	0.00947943	0.0194857	0.0469042	
0.0429215	0.0916843	0.173881	0.294068	0.447498	0.620687	0.796769	0.961501	1.10617	1.22722	1.32446	1.3995	1.45487	1.49374	1.51949	1.5352	1.54364	1.54738	1.54856	1.54871	1.54885	1.54956	1.55157	1.5571	1.5723	1.60954	1.68602	1.81409	1.98567	2.16857	2.32893	2.45488	2.54148	2.56644	2.51541	2.39981	2.22401	1.99641	1.73662	1.44062	1.11528	0.760387	0.37887	-0.0110808	-0.404099	-0.771253	-1.10642	-1.37973	-1.59161	-1.7192	-1.76813	-1.73445	-1.62753	-1.47454	-1.29404	-1.13062	-1.02013	-0.962563	-0.947672	-0.953096	-0.9523	-0.948257	-0.969718	-1.03791	-1.15986	-1.32999	-1.50823	-1.65319	-1.74794	-1.76467	-1.70048	-1.55529	-1.33004	-1.04349	-0.700371	-0.326854	0.0653036	0.451628	0.81845	1.14679	1.42296	1.63655	1.77845	1.84889	1.8423	1.76935	1.63728	1.44903	1.2277	0.992675	0.746643	0.503907	0.297275	0.151634	0.0668871	0.0257723	0.0092117	0.00467775	0.00720323	0.0179333	
0.0156784	0.03663	0.0763812	0.142403	0.23883	0.363708	0.508911	0.66286	0.814124	0.953931	1.07695	1.1809	1.26566	1.33257	1.38383	1.42198	1.44939	1.46818	1.48009	1.48641	1.48795	1.4852	1.47884	1.47098	1.46738	1.47996	1.52599	1.61947	1.7559	1.90665	2.03891	2.14186	2.21633	2.24734	2.22296	2.15536	2.04539	1.8874	1.69164	1.44791	1.1566	0.827608	0.461225	0.0802951	-0.30743	-0.676398	-1.01476	-1.30209	-1.53077	-1.68345	-1.76244	-1.76262	-1.69372	-1.57408	-1.41721	-1.26092	-1.13062	-1.03959	-1.00394	-1.0052	-1.00446	-1.00697	-1.05362	-1.15417	-1.29026	-1.44996	-1.60152	-1.71209	-1.76856	-1.75295	-1.65879	-1.49082	-1.24893	-0.950706	-0.604605	-0.230917	0.157271	0.534453	0.891939	1.20527	1.46907	1.66816	1.79562	1.85368	1.8355	1.75322	1.61332	1.41963	1.19639	0.960902	0.715322	0.476077	0.276368	0.138608	0.0601027	0.0226917	0.00764581	0.0027941	0.0025878	0.0060885	
