-0.143931	0.284806	0.783372	1.31029	1.83566	2.28881	2.63873	2.862	2.93485	2.88961	2.74957	2.51511	2.23028	1.9728	1.79058	1.68216	1.62239	1.58772	1.56657	1.555	1.55222	1.55793	1.57109	1.5898	1.61059	1.62927	1.64151	1.64092	1.62166	1.57959	1.51229	1.41806	1.29497	1.14181	0.958699	0.750571	0.534185	0.337729	0.186737	0.0896341	0.0373127	0.013511	0.00427768	0.00119141	0.000293767	6.45264e-05	1.27071e-05	2.27325e-06	4.11527e-07	1.58773e-07	2.13608e-07	3.72627e-07	6.2026e-07	9.63874e-07	1.41418e-06	2.06911e-06	3.70933e-06	1.12349e-05	5.11347e-05	0.000249015	0.00112435	0.00452394	0.0159709	0.0489112	0.128516	0.286656	0.53846	0.851739	1.15364	1.39146	1.56192	1.65109	1.62281	1.48951	1.27007	0.965086	0.616231	0.238857	-0.129235	-0.46405	-0.758936	-0.987133	-1.15889	-1.2658	-1.32335	-1.34391	-1.34191	-1.33391	-1.32294	-1.3158	-1.32234	-1.33128	-1.3399	-1.34544	-1.32818	-1.28227	-1.18318	-1.0256	-0.801712	-0.507729	
0.284806	0.765602	1.28565	1.81602	2.2995	2.67002	2.92752	3.04898	3.03378	2.9173	2.70343	2.40414	2.08493	1.81857	1.63246	1.51278	1.43369	1.37813	1.34055	1.3191	1.31382	1.32551	1.35217	1.39258	1.44338	1.49905	1.55481	1.60478	1.6398	1.6513	1.63216	1.57888	1.48995	1.36632	1.21083	1.02349	0.804559	0.569919	0.354419	0.190647	0.0882891	0.0352658	0.0122146	0.00369356	0.000982158	0.000231305	4.86192e-05	9.30424e-06	1.91245e-06	9.73541e-07	1.41704e-06	2.41759e-06	3.91324e-06	5.91839e-06	8.38443e-06	1.12001e-05	1.44467e-05	1.99653e-05	3.968e-05	0.000134839	0.000576551	0.00240113	0.00897528	0.0293501	0.0828051	0.199222	0.404768	0.691399	1.00129	1.26742	1.47057	1.61159	1.65608	1.59121	1.44417	1.20878	0.911608	0.58671	0.231915	-0.102128	-0.411651	-0.673489	-0.887683	-1.04815	-1.16448	-1.23801	-1.28158	-1.30449	-1.3133	-1.31731	-1.31585	-1.30816	-1.28637	-1.24928	-1.18224	-1.07396	-0.922929	-0.713367	-0.449987	-0.113934	
0.783372	1.28565	1.80687	2.30159	2.68614	2.95804	3.11899	3.13538	3.02794	2.82098	2.51495	2.15117	1.80816	1.54021	1.35058	1.21677	1.11638	1.04207	0.989904	0.959999	0.952896	0.969248	1.00786	1.0665	1.14324	1.23375	1.32977	1.4275	1.51888	1.59451	1.64306	1.65459	1.62203	1.54077	1.41401	1.25232	1.05861	0.828601	0.578362	0.3502	0.18165	0.0805995	0.0307344	0.0101458	0.00292312	0.000741082	0.000166937	3.44848e-05	8.36542e-06	5.60215e-06	8.55058e-06	1.42135e-05	2.23528e-05	3.29438e-05	4.56096e-05	5.95049e-05	7.3459e-05	8.67733e-05	0.000103034	0.000148328	0.000350548	0.00123791	0.00467525	0.0161903	0.0490903	0.127904	0.282864	0.526733	0.826675	1.11461	1.34719	1.52713	1.63922	1.64777	1.56976	1.41843	1.18227	0.906969	0.606478	0.291453	-0.00886954	-0.286793	-0.525499	-0.722971	-0.876266	-0.98921	-1.07208	-1.12364	-1.15304	-1.16398	-1.15559	-1.13081	-1.08466	-1.00796	-0.902334	-0.755663	-0.564205	-0.321833	-0.0214478	0.343763	
1.31029	1.81602	2.30159	2.69164	2.97017	3.15472	3.19842	3.09327	2.88205	2.57373	2.18646	1.78594	1.4414	1.17711	0.97919	0.826218	0.705979	0.615493	0.55038	0.513357	0.505638	0.52451	0.573548	0.647871	0.745806	0.866437	1.00195	1.14397	1.28581	1.4179	1.53094	1.61294	1.6541	1.64422	1.57235	1.44089	1.27014	1.06658	0.822661	0.558848	0.325661	0.161357	0.0681143	0.0246709	0.00773535	0.0021194	0.000514011	0.000116234	3.48809e-05	2.99148e-05	4.66417e-05	7.52902e-05	0.000114885	0.000164838	0.000222997	0.0002853	0.000346121	0.000399281	0.000440485	0.000475835	0.000557797	0.000929573	0.00252469	0.00838245	0.0267114	0.0751404	0.181416	0.370878	0.638544	0.933222	1.19317	1.40154	1.56427	1.65027	1.63959	1.56193	1.41577	1.20013	0.950686	0.679107	0.406068	0.143366	-0.0953055	-0.306593	-0.480743	-0.619884	-0.721473	-0.793497	-0.837657	-0.852267	-0.841843	-0.804111	-0.737806	-0.64271	-0.510325	-0.341094	-0.127265	0.130478	0.450694	0.841269	
1.83566	2.2995	2.68614	2.97017	3.16533	3.22736	3.12557	2.91001	2.60336	2.20499	1.76305	1.34836	1.00782	0.740456	0.531264	0.362858	0.230668	0.127202	0.0553585	0.0145855	0.00598704	0.0273809	0.0801888	0.164676	0.278211	0.417312	0.583745	0.766523	0.959655	1.14959	1.32549	1.47383	1.58294	1.6447	1.65195	1.58571	1.44701	1.26572	1.04807	0.786686	0.512954	0.284245	0.133298	0.0531787	0.018212	0.00541211	0.00142142	0.000359701	0.00013986	0.000146422	0.000228465	0.000357067	0.000527869	0.000736445	0.000972549	0.0012195	0.00145577	0.00165792	0.0018047	0.00188342	0.00190663	0.00197568	0.00251728	0.0050371	0.014042	0.0406088	0.105894	0.23789	0.452931	0.729126	1.00765	1.24257	1.43475	1.58317	1.65288	1.63866	1.56676	1.43698	1.25563	1.04046	0.807863	0.573855	0.35166	0.15017	-0.0248078	-0.170303	-0.283443	-0.363866	-0.411379	-0.43153	-0.418154	-0.375608	-0.302083	-0.194747	-0.0538508	0.122207	0.337879	0.606592	0.944892	1.36222	
2.28881	2.67002	2.95804	3.15472	3.22736	3.13502	2.92128	2.61888	2.21105	1.73687	1.26576	0.857496	0.528697	0.266628	0.0559657	-0.116267	-0.252981	-0.357486	-0.427011	-0.466606	-0.476717	-0.45353	-0.403741	-0.320109	-0.203375	-0.0553601	0.122934	0.327994	0.554451	0.792779	1.02967	1.24873	1.4338	1.56564	1.63843	1.65292	1.58205	1.43224	1.23867	1.00146	0.720977	0.444912	0.231817	0.102051	0.038265	0.0123729	0.00354822	0.00103877	0.000538595	0.000648856	0.000997619	0.00150545	0.00215275	0.00291636	0.00375529	0.0046108	0.00541244	0.006087	0.00656884	0.0068103	0.00679378	0.00655926	0.00630323	0.00672733	0.0100642	0.0224264	0.0574709	0.138361	0.290436	0.519624	0.792298	1.05157	1.26742	1.44742	1.58504	1.65143	1.6456	1.58547	1.47893	1.3342	1.16254	0.977511	0.789505	0.611394	0.450002	0.314689	0.204318	0.123377	0.0742443	0.0554624	0.0676791	0.111193	0.185594	0.291977	0.426508	0.597324	0.810256	1.08446	1.43314	1.85255	
2.63873	2.92752	3.11899	3.19842	3.12557	2.92128	2.62408	2.20994	1.71231	1.20785	0.747585	0.367935	0.0557636	-0.195693	-0.403918	-0.568599	-0.695524	-0.785911	-0.847522	-0.880944	-0.88948	-0.872522	-0.826995	-0.753692	-0.650349	-0.508254	-0.331122	-0.116719	0.125712	0.392413	0.669259	0.944107	1.19644	1.41496	1.56221	1.64027	1.64968	1.56126	1.39697	1.18667	0.923944	0.628051	0.362024	0.175682	0.0721725	0.0254705	0.00808043	0.00285919	0.00196554	0.00257217	0.00385254	0.00559855	0.00773035	0.0101542	0.0127332	0.0152927	0.0176379	0.0195773	0.0209449	0.0216212	0.0215481	0.0207448	0.0193436	0.017726	0.0169852	0.0201884	0.034963	0.0767945	0.169037	0.332534	0.564379	0.826093	1.06787	1.26985	1.43924	1.56993	1.64272	1.65477	1.61624	1.53739	1.42786	1.29982	1.16269	1.02508	0.894126	0.778847	0.685264	0.614851	0.569703	0.554065	0.564324	0.603572	0.669884	0.761562	0.882036	1.03686	1.2397	1.51199	1.86393	2.26438	
2.862	3.04898	3.13538	3.09327	2.91001	2.61888	2.20994	1.70202	1.18169	0.684492	0.256705	-0.0998099	-0.391035	-0.625632	-0.808919	-0.947864	-1.0461	-1.11632	-1.15834	-1.17937	-1.18544	-1.17434	-1.14426	-1.09258	-1.0101	-0.897206	-0.743224	-0.543558	-0.30263	-0.020749	0.282963	0.60226	0.905308	1.18304	1.42018	1.57149	1.64894	1.63727	1.52219	1.34038	1.10491	0.814307	0.514764	0.274236	0.123308	0.0476883	0.0170907	0.00763434	0.00665103	0.00901593	0.0130435	0.0182071	0.0242312	0.0308149	0.0375826	0.0441044	0.0499376	0.0546711	0.0579647	0.0595795	0.0593985	0.0574388	0.0538621	0.0490158	0.043602	0.0392335	0.0398399	0.0542385	0.0987035	0.195191	0.359682	0.583948	0.830679	1.05813	1.25013	1.41045	1.53661	1.61881	1.65363	1.64524	1.60035	1.52862	1.44169	1.3485	1.2561	1.16945	1.09671	1.04162	1.00609	0.992666	1.00173	1.03311	1.08613	1.16081	1.26224	1.39958	1.59589	1.87192	2.21874	2.57453	
2.93485	3.03378	3.02794	2.88205	2.60336	2.21105	1.71231	1.18169	0.664012	0.195077	-0.192218	-0.518137	-0.770771	-0.970662	-1.11185	-1.21095	-1.27094	-1.30161	-1.31889	-1.32482	-1.32524	-1.3201	-1.31336	-1.29308	-1.25011	-1.17736	-1.06136	-0.900181	-0.684791	-0.420061	-0.107969	0.229309	0.587348	0.914648	1.21365	1.44801	1.59425	1.65656	1.60762	1.46367	1.25774	0.988036	0.676939	0.393296	0.193203	0.0824772	0.0343965	0.0198078	0.0203721	0.0276292	0.0383618	0.0513119	0.0657048	0.0807788	0.0957078	0.109645	0.121788	0.131444	0.138067	0.141287	0.140926	0.137005	0.129746	0.119584	0.107209	0.0937738	0.0815041	0.0751199	0.084143	0.124585	0.216001	0.370361	0.577974	0.806626	1.0217	1.20678	1.36089	1.484	1.57353	1.62851	1.65027	1.64201	1.61082	1.56548	1.51418	1.46225	1.41494	1.37761	1.35346	1.34379	1.3505	1.37262	1.4104	1.46593	1.54634	1.66992	1.86279	2.13553	2.45334	2.73941	
2.88961	2.9173	2.82098	2.57373	2.20499	1.73687	1.20785	0.684492	0.195077	-0.220754	-0.576675	-0.856845	-1.07122	-1.21408	-1.30323	-1.33709	-1.34631	-1.3346	-1.32236	-1.31273	-1.30677	-1.31511	-1.32842	-1.33984	-1.34612	-1.3294	-1.27297	-1.16717	-0.994218	-0.764308	-0.465807	-0.12837	0.24324	0.621946	0.972981	1.27756	1.49494	1.62598	1.64937	1.55575	1.38225	1.14064	0.836414	0.525978	0.282085	0.134632	0.0673726	0.0489783	0.0552558	0.0732285	0.0971128	0.12422	0.152833	0.181464	0.208711	0.233301	0.254144	0.270369	0.281333	0.286617	0.286027	0.279583	0.267527	0.25033	0.228714	0.203732	0.177009	0.151369	0.132149	0.12906	0.157057	0.232981	0.366189	0.548496	0.754641	0.956285	1.13582	1.28728	1.40991	1.50458	1.57299	1.61668	1.63791	1.64114	1.63228	1.61697	1.59923	1.58315	1.57203	1.56759	1.57093	1.58228	1.60276	1.63721	1.69883	1.81267	2.00318	2.26622	2.54639	2.76624	
2.74957	2.70343	2.51495	2.18646	1.76305	1.26576	0.747585	0.256705	-0.192218	-0.576675	-0.889626	-1.11569	-1.26649	-1.33755	-1.35395	-1.32655	-1.27817	-1.22859	-1.18174	-1.15632	-1.15352	-1.16509	-1.19724	-1.2468	-1.30074	-1.33941	-1.35485	-1.31615	-1.21718	-1.03683	-0.784062	-0.455077	-0.0808174	0.32037	0.712079	1.07494	1.36111	1.55625	1.64977	1.61567	1.48004	1.26987	0.985785	0.666825	0.391488	0.21251	0.129232	0.111767	0.130365	0.166298	0.209995	0.256623	0.30327	0.347788	0.388461	0.42394	0.453212	0.475542	0.490419	0.497533	0.496741	0.48806	0.471663	0.447903	0.417336	0.380791	0.339492	0.295366	0.251651	0.214021	0.191947	0.198941	0.249393	0.351406	0.499891	0.676873	0.860004	1.03162	1.18178	1.30678	1.40699	1.48459	1.54186	1.58131	1.60622	1.62056	1.62773	1.63049	1.63117	1.6314	1.63196	1.63401	1.64054	1.66056	1.7139	1.82953	2.02678	2.2836	2.52809	2.68939	
2.51511	2.40414	2.15117	1.78594	1.34836	0.857496	0.367935	-0.0998099	-0.518137	-0.856845	-1.11569	-1.27871	-1.35387	-1.34966	-1.28894	-1.19617	-1.09805	-1.01741	-0.963587	-0.930265	-0.92232	-0.941775	-0.980778	-1.04743	-1.1364	-1.23545	-1.31944	-1.35893	-1.33468	-1.22508	-1.02587	-0.739221	-0.38201	0.0306401	0.450913	0.855981	1.20297	1.45839	1.61618	1.64515	1.55385	1.37856	1.12478	0.816233	0.5279	0.329785	0.238402	0.228106	0.264292	0.321834	0.386786	0.452161	0.5143	0.571047	0.621047	0.663446	0.697694	0.723416	0.740375	0.748438	0.747545	0.737702	0.718983	0.691537	0.655629	0.611673	0.560304	0.502589	0.440392	0.376981	0.317942	0.272136	0.251597	0.26887	0.331835	0.438944	0.578858	0.734996	0.891317	1.0359	1.162	1.2674	1.35259	1.41924	1.46953	1.50607	1.53156	1.5482	1.5577	1.56136	1.56019	1.55611	1.55447	1.5687	1.62393	1.75028	1.9573	2.20335	2.4069	2.51188	
2.23028	2.08493	1.80816	1.4414	1.00782	0.528697	0.0557636	-0.391035	-0.770771	-1.07122	-1.26649	-1.35387	-1.3445	-1.25854	-1.12868	-0.99213	-0.872906	-0.790136	-0.734713	-0.70627	-0.703229	-0.716063	-0.752793	-0.81825	-0.916796	-1.04478	-1.18411	-1.299	-1.35954	-1.33009	-1.2035	-0.963405	-0.636191	-0.235702	0.199899	0.635441	1.03243	1.34329	1.5588	1.64997	1.60922	1.47483	1.26182	0.983124	0.703384	0.501568	0.409481	0.407741	0.45891	0.532672	0.611679	0.687772	0.757448	0.819253	0.872608	0.917244	0.952954	0.979579	0.99705	1.00534	1.00443	0.994307	0.975009	0.946562	0.909052	0.862652	0.807582	0.744139	0.672977	0.595515	0.514518	0.434872	0.364376	0.313595	0.293841	0.313463	0.374275	0.470439	0.590482	0.720966	0.849886	0.968718	1.07275	1.16018	1.231	1.28614	1.32709	1.35537	1.37228	1.37888	1.37648	1.36801	1.36138	1.37442	1.43647	1.57629	1.7911	2.02315	2.19132	2.25891	
1.9728	1.81857	1.54021	1.17711	0.740456	0.266628	-0.195693	-0.625632	-0.970662	-1.21408	-1.33755	-1.34966	-1.25854	-1.10746	-0.929635	-0.776402	-0.670877	-0.614643	-0.592862	-0.573058	-0.566059	-0.580751	-0.598649	-0.633257	-0.705766	-0.833629	-1.0016	-1.17298	-1.30599	-1.35784	-1.30345	-1.13123	-0.846999	-0.467105	-0.0282841	0.425809	0.860243	1.22047	1.48916	1.64097	1.65718	1.57325	1.41304	1.18138	0.927517	0.731302	0.637433	0.635872	0.690583	0.769094	0.852246	0.931287	1.00292	1.06612	1.12057	1.16598	1.20209	1.22888	1.24642	1.25472	1.25381	1.24367	1.22428	1.19563	1.15764	1.11039	1.05415	0.989129	0.91548	0.833535	0.744215	0.649407	0.552677	0.460149	0.380653	0.324509	0.300887	0.314649	0.364319	0.442432	0.53804	0.639955	0.739143	0.829552	0.907736	0.972065	1.02203	1.05776	1.07967	1.08841	1.0855	1.07517	1.06829	1.08717	1.16468	1.3264	1.55714	1.78809	1.94459	2.00546	
1.79058	1.63246	1.35058	0.97919	0.531264	0.0559657	-0.403918	-0.808919	-1.11185	-1.30323	-1.35395	-1.28894	-1.12868	-0.929635	-0.744246	-0.620293	-0.568149	-0.551377	-0.540611	-0.531374	-0.529873	-0.534864	-0.54611	-0.556205	-0.581469	-0.660593	-0.813004	-1.00961	-1.20093	-1.3263	-1.35005	-1.24104	-1.00497	-0.657431	-0.228398	0.235551	0.698227	1.10042	1.41932	1.6335	1.71535	1.69297	1.59455	1.41703	1.19266	0.998995	0.894091	0.881274	0.929805	1.00671	1.09065	1.17117	1.24422	1.30836	1.36292	1.40755	1.4424	1.468	1.48464	1.49242	1.49156	1.48202	1.4636	1.43617	1.39939	1.35277	1.29621	1.23008	1.1547	1.0704	0.977689	0.877538	0.771225	0.660927	0.550656	0.446935	0.35877	0.296104	0.266615	0.272379	0.30878	0.36652	0.435118	0.505654	0.571776	0.629435	0.676215	0.710758	0.732444	0.741434	0.739471	0.732198	0.733522	0.76989	0.876261	1.07324	1.33344	1.58017	1.74585	1.81779	
1.68216	1.51278	1.21677	0.826218	0.362858	-0.116267	-0.568599	-0.947864	-1.21095	-1.33709	-1.32655	-1.19617	-0.99213	-0.776402	-0.620293	-0.548276	-0.555271	-0.563584	-0.550442	-0.540908	-0.539614	-0.54266	-0.555967	-0.564957	-0.545517	-0.567376	-0.673081	-0.859309	-1.07958	-1.25983	-1.34757	-1.30337	-1.12144	-0.808774	-0.392474	0.0730539	0.557018	0.996975	1.36511	1.64618	1.80283	1.84803	1.80833	1.67576	1.47141	1.27319	1.15279	1.12663	1.16853	1.24362	1.32708	1.40635	1.47668	1.53639	1.58523	1.62378	1.65345	1.67496	1.68866	1.69498	1.69426	1.68647	1.67125	1.64815	1.61679	1.57629	1.52525	1.46316	1.38994	1.30579	1.21097	1.10667	0.994596	0.876442	0.753996	0.629523	0.506849	0.392949	0.298107	0.232656	0.201774	0.202765	0.226974	0.264075	0.305361	0.344782	0.37854	0.404354	0.421013	0.428448	0.42876	0.428934	0.445472	0.507814	0.65111	0.889314	1.18326	1.45033	1.62898	1.71044	
1.62239	1.43369	1.11638	0.705979	0.230668	-0.252981	-0.695524	-1.0461	-1.27094	-1.34631	-1.27817	-1.09805	-0.872906	-0.670877	-0.568149	-0.555271	-0.574546	-0.5594	-0.510567	-0.512789	-0.526138	-0.504459	-0.528551	-0.57269	-0.566308	-0.554365	-0.595166	-0.743926	-0.963604	-1.17955	-1.32111	-1.33486	-1.19683	-0.921276	-0.521777	-0.0587093	0.44488	0.926445	1.34739	1.69745	1.92914	2.03414	2.03617	1.93192	1.74062	1.54018	1.40939	1.37224	1.40513	1.47187	1.54606	1.61502	1.67402	1.72192	1.75967	1.78901	1.81136	1.82689	1.83629	1.84084	1.8403	1.83474	1.82424	1.80741	1.78372	1.75284	1.71316	1.66279	1.60048	1.52557	1.43736	1.33547	1.22123	1.09698	0.965748	0.830617	0.69362	0.556267	0.422865	0.303461	0.210896	0.153154	0.128685	0.128612	0.142253	0.161049	0.179519	0.194585	0.20477	0.21007	0.213048	0.221825	0.254838	0.343284	0.521015	0.794781	1.1151	1.39546	1.57968	1.66124	
1.58772	1.37813	1.04207	0.615493	0.127202	-0.357486	-0.785911	-1.11632	-1.30161	-1.3346	-1.22859	-1.01741	-0.790136	-0.614643	-0.551377	-0.563584	-0.5594	-0.518675	-0.464908	-0.474484	-0.491906	-0.461251	-0.483757	-0.540274	-0.562763	-0.559781	-0.559842	-0.677427	-0.874818	-1.11247	-1.28317	-1.34306	-1.24153	-1.00093	-0.614847	-0.148255	0.373034	0.900526	1.38152	1.79595	2.08632	2.23073	2.258	2.17564	1.99975	1.8007	1.65816	1.60299	1.61684	1.66551	1.72316	1.77684	1.82094	1.85526	1.88094	1.90005	1.91258	1.92018	1.92457	1.92683	1.92659	1.92387	1.91892	1.91051	1.89678	1.87637	1.8491	1.81252	1.765	1.70476	1.63128	1.54275	1.43823	1.31806	1.18392	1.03983	0.891224	0.742033	0.592688	0.444693	0.307546	0.196508	0.121895	0.0824326	0.0683168	0.0682287	0.0737495	0.0800659	0.0850462	0.0886566	0.0938453	0.109615	0.155764	0.264404	0.467552	0.76556	1.10104	1.38552	1.56764	1.64219	
1.56657	1.34055	0.989904	0.55038	0.0553585	-0.427011	-0.847522	-1.15834	-1.31889	-1.32236	-1.18174	-0.963587	-0.734713	-0.592862	-0.540611	-0.550442	-0.510567	-0.464908	-0.460128	-0.467688	-0.470416	-0.464409	-0.460077	-0.477365	-0.531877	-0.547868	-0.548937	-0.639907	-0.817695	-1.05873	-1.249	-1.34112	-1.26985	-1.04551	-0.670588	-0.193847	0.357042	0.933009	1.46912	1.93092	2.2559	2.42434	2.47368	2.41211	2.24522	2.03756	1.87447	1.79557	1.78747	1.8167	1.8564	1.89181	1.9175	1.93417	1.94291	1.94607	1.94472	1.94255	1.94122	1.9396	1.93984	1.94161	1.94294	1.94515	1.94584	1.94165	1.9314	1.91265	1.88336	1.84075	1.78367	1.71137	1.62246	1.51666	1.39329	1.25257	1.09758	0.935742	0.774548	0.61474	0.45542	0.305927	0.183956	0.101222	0.0555729	0.0357239	0.0297201	0.0294415	0.0309162	0.0334595	0.0400796	0.060343	0.114946	0.236473	0.455329	0.767136	1.10924	1.39252	1.56935	1.63522	
1.555	1.3191	0.959999	0.513357	0.0145855	-0.466606	-0.880944	-1.17937	-1.32482	-1.31273	-1.15632	-0.930265	-0.70627	-0.573058	-0.531374	-0.540908	-0.512789	-0.474484	-0.467688	-0.469483	-0.466303	-0.467112	-0.469507	-0.486119	-0.529986	-0.53837	-0.537481	-0.615787	-0.787324	-1.02698	-1.23006	-1.33741	-1.27998	-1.06367	-0.685202	-0.186303	0.40335	1.02536	1.59919	2.08503	2.42974	2.61966	2.68627	2.62957	2.45487	2.23165	2.04924	1.94896	1.91807	1.92297	1.93725	1.94638	1.94744	1.94037	1.92839	1.91301	1.89863	1.88595	1.87688	1.87148	1.87209	1.87848	1.8883	1.90137	1.91604	1.93111	1.94211	1.94747	1.94295	1.92637	1.89345	1.84301	1.77267	1.6826	1.57367	1.44652	1.30089	1.13707	0.963182	0.790835	0.621602	0.452967	0.29539	0.16895	0.0852086	0.0397786	0.0196111	0.0124571	0.0109388	0.0125971	0.0198655	0.0424244	0.101414	0.229625	0.456451	0.774783	1.11912	1.40028	1.57283	1.63262	
1.55222	1.31382	0.952896	0.505638	0.00598704	-0.476717	-0.88948	-1.18544	-1.32524	-1.30677	-1.15352	-0.92232	-0.703229	-0.566059	-0.529873	-0.539614	-0.526138	-0.491906	-0.470416	-0.466303	-0.467363	-0.466828	-0.477492	-0.504847	-0.534318	-0.537023	-0.531887	-0.610309	-0.781677	-1.02063	-1.22456	-1.33133	-1.27334	-1.05362	-0.652073	-0.119227	0.509088	1.16486	1.75644	2.25293	2.61328	2.8151	2.87829	2.80981	2.62341	2.38574	2.18208	2.05479	1.99373	1.96786	1.95231	1.93306	1.90783	1.87616	1.84282	1.80869	1.77827	1.75274	1.73425	1.72655	1.72734	1.73713	1.75745	1.78398	1.81534	1.84956	1.8827	1.91297	1.93523	1.9471	1.9442	1.92383	1.88254	1.81714	1.7272	1.61344	1.48022	1.32905	1.15702	0.972416	0.790488	0.612696	0.436182	0.274486	0.149463	0.0703482	0.0293304	0.0118031	0.00598133	0.00620669	0.0133432	0.036519	0.0967686	0.226838	0.455826	0.775937	1.12098	1.40179	1.57347	1.63195	
1.55793	1.32551	0.969248	0.52451	0.0273809	-0.45353	-0.872522	-1.17434	-1.3201	-1.31511	-1.16509	-0.941775	-0.716063	-0.580751	-0.534864	-0.54266	-0.504459	-0.461251	-0.464409	-0.467112	-0.466828	-0.466014	-0.461728	-0.472204	-0.526367	-0.541451	-0.541898	-0.624573	-0.797988	-1.03718	-1.23479	-1.32846	-1.25437	-1.00582	-0.571209	0.00507839	0.669478	1.33784	1.9329	2.4378	2.80223	2.99234	3.03877	2.95707	2.75231	2.48902	2.25712	2.10141	2.01065	1.9548	1.90754	1.85726	1.80105	1.74188	1.68221	1.62665	1.5775	1.54018	1.51438	1.5017	1.50313	1.51855	1.54674	1.58655	1.63741	1.69393	1.75387	1.81206	1.86573	1.90879	1.93802	1.94864	1.93893	1.90486	1.84489	1.75637	1.63761	1.49664	1.33822	1.15699	0.962934	0.773314	0.587602	0.404914	0.243691	0.125749	0.0555771	0.0214221	0.0080074	0.00532713	0.0113872	0.0338178	0.0928384	0.220824	0.447249	0.76563	1.11114	1.39451	1.56962	1.63221	
1.57109	1.35217	1.00786	0.573548	0.0801888	-0.403741	-0.826995	-1.14426	-1.31336	-1.32842	-1.19724	-0.980778	-0.752793	-0.598649	-0.54611	-0.555967	-0.528551	-0.483757	-0.460077	-0.469507	-0.477492	-0.461728	-0.467323	-0.499282	-0.545147	-0.552631	-0.553144	-0.650502	-0.836608	-1.07454	-1.25542	-1.3261	-1.21163	-0.918956	-0.433534	0.181368	0.864251	1.53536	2.13193	2.63488	2.97941	3.14481	3.17353	3.06443	2.82501	2.5338	2.27763	2.09484	1.97198	1.88083	1.79685	1.71199	1.62363	1.53573	1.4513	1.37502	1.31064	1.25943	1.22441	1.2074	1.2093	1.22996	1.2685	1.32265	1.38945	1.46775	1.55292	1.64089	1.72713	1.80608	1.87299	1.92165	1.94784	1.9472	1.91725	1.85882	1.77031	1.64581	1.49664	1.32902	1.13695	0.935108	0.739323	0.546165	0.360286	0.205289	0.0997275	0.0414408	0.0153494	0.00717702	0.0108312	0.0312447	0.0869111	0.209355	0.428937	0.742356	1.08822	1.37723	1.56027	1.63256	
1.5898	1.39258	1.0665	0.647871	0.164676	-0.320109	-0.753692	-1.09258	-1.29308	-1.33984	-1.2468	-1.04743	-0.81825	-0.633257	-0.556205	-0.564957	-0.57269	-0.540274	-0.477365	-0.486119	-0.504847	-0.472204	-0.499282	-0.561341	-0.57028	-0.559756	-0.569803	-0.700022	-0.904878	-1.13506	-1.28442	-1.30707	-1.14021	-0.787405	-0.247621	0.397556	1.0902	1.75724	2.34746	2.829	3.13814	3.27586	3.27088	3.11833	2.84681	2.52692	2.24189	2.02817	1.87255	1.74597	1.62764	1.50816	1.38839	1.27107	1.16144	1.0631	0.980311	0.916745	0.873678	0.8544	0.856526	0.880415	0.927961	0.99554	1.08175	1.18238	1.29378	1.41178	1.53039	1.64473	1.74825	1.836	1.90284	1.94275	1.95192	1.92383	1.86289	1.77031	1.63761	1.48021	1.30083	1.09729	0.889923	0.688456	0.488949	0.305073	0.162971	0.0740911	0.0291777	0.011769	0.0111056	0.0281651	0.0786056	0.192402	0.401018	0.705978	1.05155	1.34883	1.54404	1.63119	
1.61059	1.44338	1.14324	0.745806	0.278211	-0.203375	-0.650349	-1.0101	-1.25011	-1.34612	-1.30074	-1.1364	-0.916796	-0.705766	-0.581469	-0.545517	-0.566308	-0.562763	-0.531877	-0.529986	-0.534318	-0.526367	-0.545147	-0.57028	-0.554943	-0.551413	-0.618697	-0.783224	-1.00613	-1.20459	-1.31342	-1.26329	-1.029	-0.60574	-0.0187517	0.646128	1.34186	1.99857	2.56833	3.01106	3.27815	3.37533	3.32175	3.12827	2.81581	2.45923	2.1503	1.90979	1.72308	1.56025	1.40438	1.24962	1.09701	0.952542	0.818332	0.701532	0.604497	0.530492	0.480536	0.45526	0.458179	0.488639	0.543445	0.622245	0.723159	0.843664	0.980658	1.12679	1.27917	1.43017	1.57345	1.70203	1.80896	1.88946	1.93704	1.95344	1.92383	1.85882	1.75637	1.61343	1.4465	1.25245	1.03927	0.828228	0.620627	0.418079	0.243836	0.121117	0.0514793	0.0202307	0.0126681	0.0248716	0.0684555	0.17089	0.364544	0.657017	1.00059	1.30795	1.51915	1.62562	
1.62927	1.49905	1.23375	0.866437	0.417312	-0.0553601	-0.508254	-0.897206	-1.17736	-1.3294	-1.33941	-1.23545	-1.04478	-0.833629	-0.660593	-0.567376	-0.554365	-0.559781	-0.547868	-0.53837	-0.537023	-0.541452	-0.552634	-0.559763	-0.551425	-0.594424	-0.721923	-0.915404	-1.12412	-1.27541	-1.31164	-1.18612	-0.871417	-0.376862	0.247142	0.925569	1.61439	2.24984	2.78416	3.17716	3.39261	3.43525	3.33131	3.08724	2.72584	2.34559	2.01112	1.74353	1.52354	1.32647	1.13522	0.948897	0.766983	0.596731	0.442906	0.307773	0.196898	0.112063	0.055898	0.0310115	0.0337825	0.0646692	0.126847	0.216817	0.332702	0.472418	0.629853	0.802442	0.984872	1.16921	1.34979	1.51948	1.66939	1.79533	1.88507	1.93704	1.95192	1.91725	1.84489	1.72719	1.57366	1.39324	1.1837	0.964753	0.750011	0.536675	0.338077	0.18243	0.0838561	0.0339882	0.0163806	0.0220165	0.0573698	0.146241	0.321195	0.596566	0.935034	1.25297	1.48328	1.61289	
1.64151	1.55481	1.32977	1.00195	0.583745	0.122934	-0.331122	-0.743224	-1.06136	-1.27297	-1.35485	-1.31944	-1.18411	-1.0016	-0.813004	-0.673081	-0.595166	-0.559842	-0.548937	-0.537482	-0.531888	-0.541903	-0.553159	-0.569842	-0.618783	-0.722059	-0.884701	-1.07528	-1.23985	-1.322	-1.2744	-1.05341	-0.658562	-0.104717	0.546856	1.22647	1.90067	2.50355	2.98742	3.32087	3.47301	3.4548	3.29584	2.99313	2.59248	2.18348	1.82649	1.539	1.28836	1.05875	0.833777	0.615392	0.408028	0.214823	0.0428887	-0.103049	-0.222989	-0.312518	-0.372329	-0.402467	-0.398969	-0.3627	-0.2973	-0.201622	-0.0757042	0.0758463	0.251842	0.447985	0.658106	0.8746	1.09321	1.29954	1.49334	1.65684	1.79533	1.88946	1.94275	1.9472	1.90486	1.81713	1.6826	1.51665	1.31798	1.0966	0.874841	0.654858	0.440037	0.255877	0.126813	0.0542441	0.0232051	0.0203839	0.0464063	0.120162	0.273187	0.526401	0.85505	1.18225	1.43373	1.5893	
1.64092	1.60478	1.4275	1.14397	0.766523	0.327994	-0.116719	-0.543558	-0.900181	-1.16717	-1.31615	-1.35893	-1.299	-1.17298	-1.00961	-0.859309	-0.743926	-0.677427	-0.639908	-0.615789	-0.610318	-0.624602	-0.650583	-0.700227	-0.783678	-0.916251	-1.0764	-1.22508	-1.32149	-1.31597	-1.17496	-0.867095	-0.392251	0.210441	0.873326	1.54625	2.19444	2.74704	3.1693	3.43462	3.51466	3.43348	3.21337	2.8519	2.41372	1.98288	1.61489	1.30042	1.02455	0.761594	0.509947	0.265281	0.0367584	-0.171521	-0.356631	-0.512562	-0.637109	-0.731557	-0.792997	-0.819815	-0.81691	-0.783736	-0.715496	-0.6145	-0.483254	-0.32187	-0.132332	0.0815822	0.312233	0.557733	0.805272	1.05088	1.28235	1.49334	1.66939	1.80896	1.90284	1.94784	1.93893	1.88254	1.77267	1.62245	1.43821	1.22111	0.994021	0.768872	0.544218	0.337825	0.179507	0.0816007	0.0339661	0.0207412	0.0366173	0.0944773	0.223189	0.44913	0.761586	1.09451	1.36791	1.55089	
1.62166	1.6398	1.51888	1.28581	0.959655	0.554451	0.125712	-0.30263	-0.684791	-0.994218	-1.21718	-1.33468	-1.35954	-1.30599	-1.20093	-1.07958	-0.963604	-0.874819	-0.817699	-0.787339	-0.781725	-0.79813	-0.836988	-0.905788	-1.00809	-1.1278	-1.24569	-1.32802	-1.33996	-1.24136	-1.00603	-0.60592	-0.0741525	0.559076	1.22134	1.87509	2.48051	2.97025	3.32384	3.51161	3.51487	3.36924	3.08368	2.66864	2.20113	1.75617	1.37505	1.04491	0.743408	0.453924	0.175084	-0.0892735	-0.335059	-0.553233	-0.743008	-0.900483	-1.02475	-1.11494	-1.17488	-1.20525	-1.20185	-1.16545	-1.09953	-1.00222	-0.871597	-0.708134	-0.511228	-0.287998	-0.0383909	0.228876	0.505088	0.783627	1.05088	1.29954	1.51948	1.70203	1.836	1.92165	1.94864	1.92383	1.84301	1.71137	1.54274	1.33543	1.10648	0.876726	0.646247	0.424069	0.239921	0.115859	0.0491486	0.0237027	0.0289061	0.0709208	0.174147	0.368271	0.6568	0.989056	1.2834	1.49467	
1.57959	1.6513	1.59451	1.4179	1.14959	0.792779	0.392413	-0.020749	-0.420061	-0.764308	-1.03683	-1.22508	-1.33009	-1.35784	-1.3263	-1.25983	-1.17955	-1.11247	-1.05876	-1.02705	-1.02086	-1.03781	-1.07611	-1.1386	-1.21175	-1.28843	-1.34286	-1.34391	-1.26762	-1.07863	-0.757114	-0.291884	0.290244	0.935698	1.57819	2.20131	2.74803	3.1654	3.44267	3.54483	3.47204	3.26237	2.91177	2.4511	1.96267	1.51394	1.12634	0.777733	0.453583	0.142381	-0.155885	-0.433877	-0.687629	-0.910051	-1.09805	-1.25171	-1.36953	-1.45434	-1.50771	-1.53	-1.5277	-1.49979	-1.43979	-1.34856	-1.22397	-1.063	-0.868354	-0.639461	-0.380351	-0.0983044	0.199994	0.505088	0.805272	1.09321	1.34979	1.57345	1.74825	1.87299	1.93802	1.9442	1.89345	1.78367	1.63128	1.43735	1.21092	0.977439	0.743166	0.510633	0.305291	0.15602	0.068765	0.0296135	0.0238983	0.0509115	0.128961	0.288118	0.54448	0.866564	1.17792	1.418	
1.51229	1.63216	1.64306	1.53094	1.32549	1.02967	0.669259	0.282963	-0.107969	-0.465807	-0.784062	-1.02587	-1.2035	-1.30345	-1.35005	-1.34757	-1.32112	-1.2832	-1.24911	-1.23039	-1.22553	-1.23727	-1.26116	-1.29638	-1.33601	-1.35029	-1.33396	-1.25591	-1.09759	-0.829045	-0.435162	0.0874849	0.687311	1.3207	1.93592	2.51086	2.98303	3.32354	3.51685	3.53088	3.3876	3.11333	2.70201	2.20905	1.71264	1.26628	0.872546	0.513071	0.168296	-0.160874	-0.473404	-0.758819	-1.01322	-1.22999	-1.40797	-1.54696	-1.65099	-1.72202	-1.76674	-1.78913	-1.78659	-1.75968	-1.71003	-1.63271	-1.52236	-1.37585	-1.1893	-0.965582	-0.70383	-0.413108	-0.0983044	0.228876	0.557733	0.8746	1.16921	1.43017	1.64473	1.80608	1.90879	1.9471	1.92637	1.84075	1.70476	1.52556	1.30577	1.07033	0.833226	0.594279	0.372611	0.200453	0.0923214	0.0384801	0.0218574	0.0353507	0.090082	0.213311	0.430166	0.729977	1.05001	1.31819	
1.41806	1.57888	1.65459	1.61294	1.47383	1.24873	0.944107	0.60226	0.229309	-0.12837	-0.455077	-0.739221	-0.963405	-1.13123	-1.24104	-1.30338	-1.3349	-1.3432	-1.34158	-1.33877	-1.33493	-1.337	-1.34428	-1.34202	-1.32431	-1.28323	-1.19437	-1.05204	-0.819378	-0.495266	-0.0456519	0.493161	1.10136	1.70679	2.27479	2.78451	3.17645	3.43615	3.53866	3.46935	3.26206	2.92546	2.46505	1.95429	1.46329	1.0258	0.627587	0.254395	-0.104737	-0.446063	-0.764801	-1.05079	-1.29748	-1.50247	-1.66155	-1.78039	-1.86131	-1.91087	-1.93846	-1.94835	-1.94733	-1.93444	-1.90279	-1.84821	-1.75998	-1.63249	-1.46533	-1.2514	-0.996382	-0.70383	-0.380351	-0.0383909	0.312233	0.658106	0.984872	1.27917	1.53039	1.72713	1.86573	1.93523	1.94295	1.88336	1.765	1.60047	1.38994	1.15469	0.915399	0.672628	0.439061	0.247165	0.118881	0.0499637	0.0226671	0.0245076	0.0591018	0.148105	0.320705	0.585281	0.900576	1.19247	
1.29497	1.48995	1.62203	1.6541	1.58294	1.4338	1.19644	0.905308	0.587348	0.24324	-0.0808174	-0.38201	-0.636192	-0.847001	-1.00498	-1.12148	-1.197	-1.24211	-1.27162	-1.28482	-1.28509	-1.27989	-1.26138	-1.22781	-1.16939	-1.07782	-0.938092	-0.739933	-0.465282	-0.0946319	0.377005	0.929126	1.513	2.06216	2.57949	3.01045	3.31851	3.4923	3.50419	3.3638	3.09862	2.70409	2.211	1.70219	1.22647	0.798034	0.397331	0.0137967	-0.358398	-0.706931	-1.02588	-1.30383	-1.53547	-1.71674	-1.84964	-1.93653	-1.98845	-2.01358	-2.02092	-2.02113	-2.02112	-2.02026	-2.01033	-1.98041	-1.92237	-1.82683	-1.6843	-1.49344	-1.2514	-0.965582	-0.639461	-0.287998	0.0815822	0.447985	0.802442	1.12679	1.41178	1.64089	1.81206	1.91297	1.94747	1.91265	1.81252	1.66279	1.46316	1.23007	0.98911	0.744051	0.50223	0.294063	0.147197	0.0634326	0.025886	0.0180361	0.0364914	0.095542	0.223143	0.441419	0.734529	1.03955	
1.14181	1.36632	1.54077	1.64422	1.6447	1.56564	1.41496	1.18304	0.914648	0.621946	0.32037	0.0306397	-0.235704	-0.467116	-0.657478	-0.808963	-0.921949	-1.00306	-1.05151	-1.07867	-1.08688	-1.07158	-1.03551	-0.974303	-0.879849	-0.748537	-0.574135	-0.34196	-0.0405031	0.348566	0.819208	1.35186	1.8819	2.38668	2.83009	3.17136	3.40067	3.48461	3.41629	3.21823	2.89851	2.45935	1.95754	1.46663	1.01346	0.592861	0.186479	-0.20572	-0.584153	-0.935802	-1.24823	-1.51388	-1.72186	-1.87572	-1.97115	-2.01951	-2.03042	-2.01609	-1.99682	-1.9862	-1.98731	-2.00004	-2.02003	-2.03107	-2.01281	-1.95585	-1.85025	-1.6843	-1.46533	-1.1893	-0.868354	-0.511228	-0.132332	0.251842	0.629853	0.980658	1.29378	1.55292	1.75387	1.8827	1.94211	1.9314	1.8491	1.71316	1.52525	1.29621	1.05415	0.807562	0.560218	0.339159	0.175863	0.0780539	0.0308566	0.0151247	0.0215972	0.0568043	0.143203	0.309022	0.561696	0.86189	
0.958699	1.21083	1.41401	1.57235	1.65195	1.63843	1.56221	1.42018	1.21365	0.972981	0.712078	0.450911	0.199889	-0.0283313	-0.228594	-0.393196	-0.524152	-0.621762	-0.688377	-0.725607	-0.733243	-0.716213	-0.666037	-0.586589	-0.474855	-0.327296	-0.136719	0.103736	0.408759	0.78757	1.2416	1.7336	2.21441	2.64571	2.99819	3.26849	3.41402	3.4101	3.28284	3.03667	2.66936	2.20727	1.72172	1.26141	0.828255	0.413608	0.00175295	-0.399541	-0.7813	-1.12977	-1.43166	-1.67675	-1.85787	-1.97391	-2.02906	-2.03188	-1.99719	-1.94523	-1.88932	-1.85252	-1.8569	-1.89966	-1.9564	-2.00597	-2.03509	-2.0226	-1.95585	-1.82683	-1.63249	-1.37585	-1.063	-0.708134	-0.32187	0.0758463	0.472418	0.843664	1.18238	1.46775	1.69393	1.84956	1.93111	1.94165	1.87637	1.75284	1.57629	1.35277	1.11039	0.862648	0.611655	0.380715	0.203457	0.0928951	0.0368296	0.0147343	0.0129232	0.0310244	0.0838078	0.198016	0.396223	0.667994	
0.750572	1.02349	1.25232	1.44089	1.58571	1.65292	1.64027	1.57149	1.44801	1.27756	1.07494	0.855972	0.635397	0.425623	0.234834	0.070605	-0.066102	-0.167898	-0.23968	-0.280215	-0.288893	-0.26764	-0.214345	-0.130493	-0.0145483	0.138411	0.326219	0.559243	0.848525	1.20481	1.62082	2.05572	2.46339	2.81115	3.09808	3.29222	3.34573	3.28096	3.11295	2.82034	2.42305	1.97003	1.52096	1.09318	0.676215	0.260802	-0.155146	-0.562465	-0.945148	-1.28829	-1.57491	-1.79858	-1.946	-2.02262	-2.03109	-1.97967	-1.89724	-1.8035	-1.71921	-1.67221	-1.67759	-1.73368	-1.82252	-1.91536	-1.9929	-2.03509	-2.01281	-1.92237	-1.75998	-1.52236	-1.22397	-0.871597	-0.483254	-0.0757042	0.332702	0.723159	1.08175	1.38945	1.63741	1.81534	1.91604	1.94584	1.89678	1.78372	1.61679	1.39939	1.15764	0.909051	0.655626	0.417321	0.228656	0.107017	0.04307	0.0158376	0.00861243	0.0157204	0.0443222	0.114632	0.253587	0.474266	
0.534186	0.804559	1.05861	1.27014	1.44701	1.58205	1.64968	1.64894	1.59425	1.49494	1.3611	1.20293	1.03227	0.859586	0.695889	0.54968	0.424674	0.3244	0.254906	0.215787	0.205412	0.229174	0.27968	0.362009	0.473717	0.612983	0.780931	0.987515	1.24118	1.55318	1.91199	2.28213	2.61896	2.90055	3.11395	3.2201	3.21181	3.1138	2.90529	2.57918	2.18551	1.76846	1.36517	0.963864	0.555924	0.137513	-0.284648	-0.694319	-1.07559	-1.41076	-1.68176	-1.88143	-1.99703	-2.0315	-1.99281	-1.89099	-1.7531	-1.61621	-1.5095	-1.45254	-1.45921	-1.52734	-1.64183	-1.78222	-1.91536	-2.00597	-2.03107	-1.98041	-1.84821	-1.63271	-1.34856	-1.00222	-0.6145	-0.201622	0.216817	0.622245	0.99554	1.32265	1.58655	1.78398	1.90137	1.94515	1.91051	1.80741	1.64815	1.43617	1.19563	0.946562	0.691536	0.4479	0.25032	0.119549	0.0489245	0.0175846	0.00693019	0.00770937	0.0210949	0.059333	0.145151	0.302457	
0.337729	0.569919	0.828601	1.06658	1.26572	1.43224	1.56126	1.63727	1.65656	1.62598	1.55622	1.45826	1.34273	1.2184	1.09366	0.977609	0.878131	0.795927	0.736468	0.702687	0.69451	0.713316	0.757417	0.826873	0.918522	1.03041	1.1673	1.33384	1.54242	1.8038	2.10707	2.41442	2.68081	2.88714	3.02442	3.07578	3.03787	2.90686	2.66398	2.33861	1.98417	1.61959	1.25573	0.871176	0.467813	0.0430788	-0.381326	-0.79608	-1.171	-1.50081	-1.75429	-1.93216	-2.01989	-2.0123	-1.9353	-1.78825	-1.60581	-1.44703	-1.33088	-1.26654	-1.27419	-1.35065	-1.47551	-1.64183	-1.82252	-1.9564	-2.02003	-2.01033	-1.90279	-1.71003	-1.43979	-1.09953	-0.715496	-0.2973	0.126847	0.543445	0.927961	1.2685	1.54674	1.75745	1.8883	1.94294	1.91892	1.82424	1.67125	1.4636	1.22428	0.975009	0.718983	0.471663	0.267526	0.129741	0.0538528	0.0193597	0.0065637	0.00405434	0.00909608	0.0272818	0.0735466	0.170624	
0.186738	0.354419	0.578362	0.822661	1.04807	1.23867	1.39697	1.52219	1.60762	1.64935	1.64967	1.61574	1.55711	1.48337	1.40203	1.32018	1.24646	1.18599	1.14089	1.11445	1.10868	1.12228	1.15681	1.20894	1.27716	1.36067	1.46087	1.58332	1.74305	1.94931	2.19026	2.42754	2.62339	2.76902	2.86412	2.88745	2.81934	2.65972	2.41882	2.13592	1.83848	1.52382	1.18736	0.810707	0.408658	-0.0214671	-0.447216	-0.864617	-1.23573	-1.55916	-1.80078	-1.95946	-2.02453	-1.98538	-1.87173	-1.69403	-1.48711	-1.32386	-1.23819	-1.20938	-1.21196	-1.24961	-1.35065	-1.52734	-1.73368	-1.89966	-2.00004	-2.02026	-1.93444	-1.75968	-1.49979	-1.16545	-0.783736	-0.3627	0.0646692	0.488639	0.880415	1.22996	1.51855	1.73713	1.87848	1.94161	1.92387	1.83474	1.68647	1.48202	1.24367	0.994307	0.737702	0.48806	0.279583	0.137004	0.0574397	0.0207619	0.0066817	0.00261734	0.00367297	0.0111291	0.0328043	0.0843584	
0.0896346	0.190647	0.3502	0.558848	0.786686	1.00146	1.18667	1.34037	1.46366	1.55568	1.61535	1.64387	1.64539	1.6266	1.59442	1.5545	1.5128	1.47602	1.44777	1.43065	1.42674	1.43598	1.45807	1.49061	1.53169	1.57962	1.63521	1.70757	1.81207	1.95936	2.14046	2.32219	2.47283	2.58506	2.65257	2.64704	2.55802	2.40725	2.21176	1.99266	1.7526	1.47347	1.15186	0.781526	0.376222	-0.0536249	-0.483419	-0.898355	-1.27135	-1.58629	-1.82666	-1.96881	-2.02417	-1.96669	-1.82434	-1.63621	-1.41542	-1.25101	-1.21359	-1.23967	-1.23465	-1.21196	-1.27419	-1.45921	-1.67759	-1.8569	-1.98731	-2.02112	-1.94733	-1.78659	-1.5277	-1.20185	-0.81691	-0.398969	0.0337825	0.458179	0.856526	1.2093	1.50313	1.72734	1.87209	1.93984	1.92659	1.8403	1.69426	1.49156	1.25381	1.00443	0.747545	0.496741	0.286027	0.140926	0.0593993	0.0215548	0.006836	0.00212548	0.00152627	0.00405503	0.0128638	0.0364229	
0.0373132	0.0882892	0.18165	0.325661	0.512954	0.720977	0.923943	1.1049	1.2577	1.38204	1.47914	1.55048	1.59813	1.62545	1.63712	1.63763	1.63074	1.62072	1.61144	1.60529	1.60373	1.60738	1.61512	1.62552	1.63654	1.64722	1.66085	1.68841	1.74652	1.84893	1.98935	2.13597	2.25576	2.33921	2.38182	2.36608	2.29675	2.19826	2.07058	1.91205	1.71334	1.45646	1.14429	0.777766	0.3729	-0.0565081	-0.486752	-0.901242	-1.27454	-1.58845	-1.82913	-1.96938	-2.02433	-1.96504	-1.81949	-1.63083	-1.40842	-1.24375	-1.21257	-1.24564	-1.23967	-1.20938	-1.26654	-1.45254	-1.67221	-1.85252	-1.9862	-2.02113	-1.94835	-1.78913	-1.53	-1.20525	-0.819815	-0.402467	0.0310115	0.45526	0.8544	1.2074	1.5017	1.72655	1.87148	1.9396	1.92683	1.84084	1.69498	1.49242	1.25472	1.00534	0.748438	0.497533	0.286617	0.141287	0.0595797	0.0216231	0.0068223	0.00194719	0.000771834	0.00135422	0.00444628	0.0137424	
0.0135115	0.0352659	0.0805995	0.161357	0.284245	0.444911	0.628047	0.814281	0.987907	1.14006	1.26759	1.37062	1.45084	1.5107	1.55343	1.58268	1.6016	1.61281	1.61889	1.6217	1.62225	1.62091	1.61704	1.60961	1.59742	1.58078	1.56416	1.55881	1.58249	1.65054	1.75803	1.87428	1.96815	2.03576	2.0828	2.0999	2.08851	2.05855	1.99312	1.87927	1.70579	1.46346	1.16074	0.7971	0.39847	-0.0308918	-0.456999	-0.873927	-1.24508	-1.56679	-1.80759	-1.96258	-2.0246	-1.98079	-1.8602	-1.67911	-1.46872	-1.30485	-1.22938	-1.21257	-1.21359	-1.23819	-1.33088	-1.5095	-1.71921	-1.88932	-1.99682	-2.02092	-1.93846	-1.76674	-1.50771	-1.17488	-0.792997	-0.372329	0.055898	0.480536	0.873678	1.22441	1.51438	1.73425	1.87688	1.94122	1.92457	1.83629	1.68866	1.48464	1.24642	0.99705	0.740375	0.490419	0.281333	0.138067	0.0579647	0.0209454	0.00657178	0.00182094	0.000519946	0.000447883	0.00136491	0.00454673	
0.00427812	0.0122147	0.0307344	0.0681142	0.133298	0.231814	0.36201	0.514691	0.676596	0.834983	0.980527	1.10793	1.21514	1.30227	1.37078	1.42297	1.46147	1.48852	1.50601	1.5154	1.51751	1.51254	1.50013	1.47944	1.44973	1.41168	1.36983	1.33572	1.32842	1.36576	1.44725	1.54781	1.64156	1.72937	1.81971	1.89834	1.95328	1.98171	1.95898	1.873	1.71979	1.4893	1.19649	0.84182	0.449359	0.026423	-0.39689	-0.812419	-1.18616	-1.5152	-1.76548	-1.93948	-2.02188	-2.0068	-1.92264	-1.76766	-1.57929	-1.41881	-1.30485	-1.24375	-1.25101	-1.32386	-1.44703	-1.61621	-1.8035	-1.94523	-2.01609	-2.01358	-1.91087	-1.72202	-1.45434	-1.11494	-0.731557	-0.312518	0.112063	0.530492	0.916745	1.25943	1.54018	1.75274	1.88594	1.94255	1.92018	1.82689	1.67496	1.468	1.22888	0.979579	0.723416	0.475542	0.270369	0.131444	0.0546711	0.0195774	0.00608763	0.00166158	0.000418205	0.000174123	0.000379477	0.00132627	
0.00119178	0.00369361	0.0101458	0.0246708	0.0531776	0.102044	0.175644	0.274049	0.392471	0.522764	0.655868	0.783849	0.900924	1.00358	1.09016	1.16048	1.21527	1.25573	1.283	1.29806	1.3015	1.29347	1.27371	1.24168	1.1971	1.14125	1.07952	1.02483	0.99852	1.02252	1.10248	1.2188	1.34646	1.48273	1.63119	1.76952	1.87526	1.94284	1.94906	1.88216	1.7459	1.52916	1.24918	0.908483	0.524677	0.113538	-0.307046	-0.717296	-1.09774	-1.43135	-1.69901	-1.8935	-2.00359	-2.0291	-1.98245	-1.8709	-1.72207	-1.57929	-1.46872	-1.40842	-1.41542	-1.48711	-1.60581	-1.7531	-1.89724	-1.99719	-2.03042	-1.98845	-1.86131	-1.65099	-1.36953	-1.02475	-0.637109	-0.222989	0.196898	0.604497	0.980311	1.31063	1.5775	1.77827	1.89863	1.94472	1.91258	1.81136	1.65345	1.4424	1.20209	0.952954	0.697694	0.453212	0.254144	0.121788	0.0499376	0.017638	0.00541256	0.00145651	0.00035015	9.31902e-05	0.000101095	0.000343752	
0.000294054	0.00098219	0.00292306	0.00773487	0.018209	0.0382471	0.072079	0.122871	0.191395	0.275512	0.370694	0.471183	0.571194	0.665752	0.751071	0.824585	0.884816	0.931105	0.963286	0.981417	0.9856	0.975875	0.952216	0.914704	0.864025	0.802683	0.737406	0.682433	0.660676	0.69684	0.800588	0.954442	1.12949	1.31511	1.51038	1.69063	1.82844	1.91984	1.94801	1.89845	1.77877	1.58149	1.31738	0.994231	0.625055	0.226492	-0.185669	-0.592385	-0.974155	-1.31563	-1.59879	-1.81801	-1.95865	-2.02759	-2.02566	-1.96442	-1.8709	-1.76766	-1.67911	-1.63083	-1.63621	-1.69403	-1.78825	-1.89099	-1.97967	-2.03188	-2.01951	-1.93653	-1.78039	-1.54696	-1.25171	-0.900483	-0.512562	-0.10305	0.307772	0.701531	1.0631	1.37501	1.62665	1.80869	1.91301	1.94607	1.90004	1.78901	1.62378	1.40755	1.16598	0.917244	0.663446	0.42394	0.233301	0.109645	0.0441044	0.0152927	0.00461082	0.00121964	0.000286071	6.35032e-05	2.98648e-05	8.02908e-05	
