0.422328	0.80615	1.17137	1.52966	1.84881	2.12333	2.32494	2.41476	2.41207	2.32417	2.14974	1.94254	1.77865	1.69033	1.6612	1.6606	1.66753	1.67369	1.67697	1.67822	1.67844	1.67781	1.67565	1.66999	1.65829	1.63736	1.60283	1.55126	1.47996	1.38639	1.2678	1.12194	0.94941	0.755703	0.554009	0.36574	0.21331	0.108536	0.0479051	0.0183347	0.0061036	0.0017762	0.000454516	0.000102901	2.07359e-05	3.74083e-06	6.07674e-07	9.00503e-08	1.40828e-08	6.55094e-09	1.10562e-08	2.12922e-08	3.81261e-08	6.29622e-08	9.67084e-08	1.43572e-07	2.46855e-07	7.44736e-07	3.88647e-06	2.28725e-05	0.000126053	0.000622561	0.00271571	0.0103555	0.0341559	0.0963498	0.229794	0.458984	0.765816	1.08208	1.34541	1.54679	1.67697	1.69567	1.60809	1.43248	1.16435	0.846925	0.48798	0.12092	-0.221591	-0.533701	-0.791133	-0.997753	-1.15005	-1.25212	-1.31683	-1.35082	-1.3676	-1.37579	-1.37011	-1.35613	-1.32553	-1.26706	-1.17559	-1.03091	-0.838096	-0.587955	-0.287657	0.0547056	
0.80615	1.1483	1.50209	1.85065	2.15832	2.41461	2.56271	2.59381	2.53938	2.39794	2.18925	1.98294	1.83656	1.75565	1.71495	1.69042	1.67097	1.6535	1.63876	1.62948	1.62737	1.63229	1.64396	1.6596	1.6754	1.6874	1.68999	1.67597	1.6402	1.57911	1.49097	1.37403	1.22715	1.05026	0.845167	0.622703	0.408652	0.233972	0.11559	0.0491344	0.0180148	0.00572765	0.00158966	0.000387831	8.3747e-05	1.61108e-05	2.78007e-06	4.39021e-07	7.93912e-08	4.9931e-08	8.78734e-08	1.64595e-07	2.86384e-07	4.60571e-07	6.86888e-07	9.5471e-07	1.25529e-06	1.68401e-06	3.10998e-06	1.11228e-05	5.66232e-05	0.00028905	0.00133482	0.00543156	0.0192251	0.0585163	0.151384	0.329272	0.59814	0.911945	1.19911	1.42911	1.60559	1.69719	1.68055	1.58272	1.39522	1.13388	0.842321	0.514476	0.189923	-0.120687	-0.394834	-0.62879	-0.813534	-0.955446	-1.05748	-1.12411	-1.16317	-1.17591	-1.16614	-1.13303	-1.07426	-0.978671	-0.845703	-0.670167	-0.444784	-0.179022	0.129321	0.457043	
1.17137	1.50209	1.85189	2.17691	2.4613	2.65401	2.7169	2.68733	2.58006	2.38809	2.15501	1.94942	1.80295	1.70443	1.63191	1.57131	1.51842	1.47209	1.43713	1.41632	1.41137	1.42279	1.44925	1.48909	1.53761	1.58878	1.63864	1.67823	1.69819	1.68966	1.64683	1.56697	1.44958	1.29827	1.11634	0.90235	0.663147	0.428867	0.238981	0.113791	0.0463179	0.0162019	0.00490613	0.00129633	0.000301227	6.20165e-05	1.14085e-05	1.93736e-06	4.25138e-07	3.55119e-07	6.36333e-07	1.15648e-06	1.95332e-06	3.0597e-06	4.45938e-06	6.06727e-06	7.73238e-06	9.29316e-06	1.08612e-05	1.44098e-05	3.24194e-05	0.000129894	0.000600404	0.00258451	0.00981944	0.0323305	0.0910847	0.217034	0.433286	0.72317	1.02383	1.27983	1.48767	1.64164	1.70101	1.67066	1.57332	1.39125	1.15433	0.887796	0.602763	0.32199	0.0568854	-0.180192	-0.381804	-0.544639	-0.664496	-0.750962	-0.802749	-0.821354	-0.808822	-0.763279	-0.684214	-0.571775	-0.417191	-0.223639	0.0076287	0.26925	0.554164	0.856029	
1.52966	1.85065	2.17691	2.47539	2.69573	2.7885	2.78244	2.70398	2.53213	2.28321	2.02431	1.80985	1.64736	1.51993	1.41135	1.31416	1.22699	1.15376	1.10114	1.07025	1.06234	1.08027	1.11971	1.18072	1.25998	1.3497	1.44354	1.53605	1.61708	1.67641	1.702	1.68534	1.61914	1.50138	1.34192	1.15178	0.927446	0.672645	0.423762	0.227447	0.103521	0.0401073	0.0133285	0.00383314	0.000962505	0.000212841	4.19127e-05	7.76718e-06	2.19102e-06	2.33231e-06	4.17599e-06	7.34726e-06	1.20313e-05	1.83369e-05	2.61022e-05	3.48182e-05	4.36468e-05	5.15488e-05	5.75593e-05	6.15531e-05	6.76551e-05	0.000101234	0.000285861	0.00114167	0.00454126	0.0161133	0.0494814	0.129572	0.286089	0.528943	0.821925	1.10012	1.3314	1.52401	1.65826	1.70044	1.66963	1.5792	1.42258	1.22067	0.989309	0.74851	0.511555	0.293928	0.0992075	-0.0629284	-0.192476	-0.283993	-0.338689	-0.361035	-0.346648	-0.297663	-0.213986	-0.0913544	0.0642447	0.25372	0.467787	0.707447	0.962202	1.23663	
1.84881	2.15832	2.4613	2.69573	2.81204	2.83005	2.77572	2.6203	2.36444	2.06942	1.79918	1.5783	1.39458	1.23316	1.08347	0.947086	0.826508	0.731899	0.662737	0.623059	0.613615	0.635299	0.687769	0.767126	0.871775	0.999512	1.13778	1.2813	1.41846	1.54037	1.63483	1.69104	1.69965	1.64903	1.53087	1.36109	1.15982	0.921289	0.650675	0.393998	0.201429	0.0869047	0.0318577	0.0100171	0.00272864	0.000650373	0.000137812	2.85588e-05	1.09418e-05	1.39982e-05	2.46906e-05	4.19622e-05	6.65259e-05	9.85341e-05	0.000136854	0.000178848	0.000220556	0.000257262	0.000284344	0.000298353	0.000298851	0.000294866	0.000334702	0.000632491	0.0020229	0.00728817	0.0241041	0.0692378	0.16942	0.349394	0.605093	0.888909	1.14438	1.35791	1.53788	1.65985	1.70107	1.67765	1.60141	1.4779	1.31765	1.13508	0.943272	0.756363	0.584343	0.436654	0.31656	0.227463	0.17125	0.152266	0.164579	0.213081	0.295992	0.410099	0.553015	0.72142	0.909939	1.11325	1.33105	1.57267	
2.12333	2.41461	2.65401	2.7885	2.83005	2.79915	2.66022	2.40685	2.09803	1.78963	1.51616	1.27482	1.05427	0.848175	0.657557	0.488909	0.346644	0.235518	0.154737	0.109567	0.100689	0.123024	0.183644	0.276601	0.40016	0.552849	0.730003	0.922349	1.11957	1.30706	1.47153	1.59842	1.67648	1.70115	1.66047	1.53754	1.35625	1.14118	0.883579	0.598496	0.343502	0.165473	0.0671482	0.0231644	0.00686681	0.00176993	0.000406633	9.80084e-05	5.26872e-05	7.60028e-05	0.00013067	0.00021405	0.000328033	0.00047154	0.000638285	0.000816457	0.000989813	0.00113996	0.00124936	0.00130454	0.00129887	0.0012359	0.00113941	0.00109948	0.00145894	0.00343733	0.010789	0.0330314	0.0889683	0.204715	0.398128	0.654412	0.923478	1.16037	1.36032	1.52883	1.64678	1.69892	1.69253	1.63907	1.54804	1.43005	1.29756	1.15925	1.02569	0.903663	0.804298	0.729267	0.680702	0.663043	0.674895	0.716833	0.787277	0.881724	1.00068	1.13463	1.28143	1.44024	1.62454	1.84953	
2.32494	2.56271	2.7169	2.78244	2.77572	2.66022	2.41982	2.11405	1.78481	1.46412	1.17169	0.895644	0.639466	0.399186	0.185757	-0.00117121	-0.15406	-0.273287	-0.353471	-0.399439	-0.409456	-0.38419	-0.326007	-0.230442	-0.0967535	0.0687815	0.267586	0.489647	0.731393	0.976671	1.21226	1.4181	1.57786	1.66937	1.70057	1.65733	1.52127	1.32734	1.09396	0.813376	0.520017	0.27922	0.125532	0.0475924	0.0153841	0.00430158	0.00108505	0.000321888	0.000240579	0.000369624	0.000614535	0.000968114	0.00143172	0.00199445	0.00262785	0.00328669	0.0039138	0.00444778	0.00483219	0.00502443	0.0050028	0.00477053	0.00435855	0.0038369	0.00337597	0.0034921	0.00581855	0.0149742	0.0417329	0.105441	0.229658	0.425661	0.673332	0.926575	1.14969	1.3387	1.49707	1.61489	1.68275	1.70212	1.68	1.62449	1.54757	1.45984	1.37028	1.28427	1.20938	1.15236	1.11618	1.10123	1.11134	1.14341	1.19652	1.26857	1.35423	1.44905	1.5551	1.68192	1.84759	2.06639	
2.41476	2.59381	2.68733	2.70398	2.6203	2.40685	2.11405	1.78326	1.43141	1.1031	0.785612	0.482997	0.197086	-0.0633249	-0.291469	-0.481034	-0.63038	-0.738031	-0.811354	-0.852768	-0.862512	-0.8409	-0.787471	-0.699071	-0.576476	-0.410168	-0.204542	0.0363373	0.30648	0.591362	0.880711	1.15007	1.38999	1.57366	1.67138	1.70103	1.63883	1.48266	1.27312	1.01428	0.711654	0.422979	0.210123	0.0874913	0.0308564	0.00939512	0.00266031	0.00103604	0.00101807	0.00159435	0.0025477	0.00385081	0.00548527	0.00739316	0.00946884	0.0115665	0.0135165	0.0151465	0.0163047	0.0168795	0.0168145	0.0161165	0.0148547	0.013157	0.0112156	0.00935499	0.00832024	0.0101339	0.0199981	0.0490907	0.115795	0.240064	0.428464	0.66082	0.898368	1.11132	1.29242	1.44302	1.56049	1.64153	1.6866	1.69822	1.6818	1.64648	1.60145	1.5543	1.50929	1.47267	1.44892	1.4394	1.44577	1.46699	1.50131	1.54591	1.59614	1.65329	1.72356	1.8236	1.97521	2.1852	
2.41207	2.53938	2.58006	2.53213	2.36444	2.09803	1.78481	1.43141	1.07987	0.733292	0.382027	0.0545681	-0.251529	-0.511845	-0.730193	-0.89844	-1.02327	-1.11241	-1.16634	-1.19468	-1.20189	-1.18896	-1.14847	-1.08046	-0.978358	-0.835461	-0.648902	-0.412331	-0.134363	0.180097	0.50893	0.840704	1.13471	1.3978	1.58475	1.68215	1.69613	1.60059	1.42183	1.18914	0.89877	0.584558	0.318872	0.145352	0.0558929	0.018653	0.00615297	0.00328918	0.00390042	0.00603847	0.00922798	0.0133499	0.0182801	0.0237981	0.0295855	0.0352546	0.040391	0.0445995	0.0475474	0.048998	0.0488345	0.04707	0.0438472	0.0394256	0.034163	0.0285062	0.0230529	0.0188477	0.0182365	0.0266131	0.0546413	0.118537	0.234409	0.406321	0.61762	0.837994	1.04188	1.21815	1.36479	1.48198	1.57093	1.63339	1.67096	1.68717	1.68764	1.67912	1.66643	1.65343	1.64384	1.64015	1.6426	1.65123	1.66416	1.67895	1.69511	1.71727	1.75901	1.84578	2.00046	2.21051	
2.32417	2.39794	2.38809	2.28321	2.06942	1.78963	1.46412	1.1031	0.733292	0.345069	-0.0188625	-0.36015	-0.651709	-0.895501	-1.07707	-1.21343	-1.29596	-1.34709	-1.37246	-1.3833	-1.38717	-1.37854	-1.36347	-1.3317	-1.26732	-1.1647	-1.01217	-0.803249	-0.543465	-0.22731	0.117862	0.4889	0.849999	1.17002	1.43771	1.61161	1.69712	1.67363	1.53954	1.33533	1.06814	0.749662	0.445012	0.220908	0.0925567	0.0343052	0.0138698	0.0101002	0.0132515	0.0198733	0.0289225	0.0399499	0.0524817	0.065886	0.0793986	0.0921952	0.10347	0.11251	0.118744	0.121785	0.121443	0.117741	0.110906	0.101369	0.0897308	0.0767419	0.063269	0.0503357	0.0393827	0.0330175	0.0364475	0.059065	0.114173	0.214233	0.362343	0.546781	0.74554	0.937404	1.10906	1.25481	1.37386	1.46824	1.54052	1.59298	1.62845	1.65072	1.66388	1.67081	1.67387	1.67487	1.67425	1.67189	1.66678	1.65845	1.64986	1.65116	1.68523	1.78253	1.95464	2.16121	
2.14974	2.18925	2.15501	2.02431	1.79918	1.51616	1.17169	0.785612	0.382027	-0.0188625	-0.392251	-0.725687	-0.990384	-1.19146	-1.31997	-1.39158	-1.42112	-1.42101	-1.41731	-1.40878	-1.40252	-1.40993	-1.42108	-1.42418	-1.41207	-1.37116	-1.27453	-1.12092	-0.891278	-0.601021	-0.246649	0.133997	0.534566	0.912172	1.24767	1.4976	1.65159	1.70098	1.624	1.45346	1.21378	0.90648	0.579565	0.31147	0.142463	0.0600702	0.0311452	0.0289231	0.0392289	0.0562382	0.0776698	0.10221	0.128606	0.155496	0.181474	0.205198	0.225488	0.241385	0.252174	0.257388	0.256804	0.250449	0.238591	0.22175	0.200689	0.176418	0.150167	0.123353	0.0975831	0.0748321	0.0579938	0.0518884	0.0642377	0.105179	0.183829	0.302803	0.45488	0.625292	0.797754	0.959315	1.10204	1.22276	1.32168	1.40042	1.46103	1.50585	1.53759	1.55865	1.5708	1.5752	1.5724	1.56229	1.54474	1.5212	1.49817	1.49258	1.53406	1.65072	1.83541	2.02605	
1.94254	1.98294	1.94942	1.80985	1.5783	1.27482	0.895644	0.482997	0.0545681	-0.36015	-0.725687	-1.02188	-1.2382	-1.36982	-1.43009	-1.4305	-1.39645	-1.34678	-1.29855	-1.27293	-1.26773	-1.2796	-1.31658	-1.36585	-1.41388	-1.43608	-1.41314	-1.32761	-1.16075	-0.91352	-0.586707	-0.199937	0.223349	0.640682	1.02991	1.35047	1.57078	1.68843	1.67474	1.54458	1.33455	1.04784	0.714554	0.413963	0.208363	0.103264	0.0690584	0.0743997	0.0997272	0.135509	0.177162	0.221834	0.267177	0.311067	0.351636	0.387337	0.416978	0.439692	0.454874	0.462145	0.461335	0.452462	0.435738	0.411584	0.380652	0.343873	0.30251	0.258188	0.212875	0.168859	0.128827	0.0961485	0.0753815	0.0726832	0.0952679	0.149218	0.236365	0.352438	0.488062	0.631744	0.7728	0.903184	1.01813	1.11563	1.19543	1.25821	1.30518	1.3378	1.35731	1.36453	1.35991	1.34361	1.31639	1.28191	1.25121	1.24807	1.30645	1.44808	1.64739	1.83116	
1.77865	1.83656	1.80295	1.64736	1.39458	1.05427	0.639466	0.197086	-0.251529	-0.651709	-0.990384	-1.2382	-1.38818	-1.44185	-1.41795	-1.33926	-1.24086	-1.14947	-1.08546	-1.04754	-1.03697	-1.0592	-1.10751	-1.18386	-1.28149	-1.3753	-1.43551	-1.43113	-1.33938	-1.15163	-0.863317	-0.499841	-0.0748545	0.372765	0.803389	1.18301	1.46553	1.64511	1.69469	1.61037	1.43209	1.17165	0.846104	0.528434	0.297195	0.177242	0.14557	0.166985	0.215399	0.276193	0.341721	0.407546	0.470661	0.528844	0.580486	0.6245	0.660188	0.687074	0.704838	0.713289	0.712351	0.702034	0.682432	0.653759	0.616365	0.570761	0.517708	0.458389	0.394518	0.328382	0.262862	0.20147	0.148357	0.108308	0.0865626	0.0881516	0.116571	0.172321	0.252243	0.350127	0.458163	0.568479	0.67435	0.770834	0.854753	0.924329	0.978744	1.01783	1.04175	1.05074	1.04503	1.0252	0.993396	0.956306	0.930489	0.94634	1.03995	1.22344	1.45361	1.65247	
1.69033	1.75565	1.70443	1.51993	1.23316	0.848175	0.399186	-0.0633249	-0.511845	-0.895501	-1.19146	-1.36982	-1.44185	-1.40644	-1.30265	-1.1595	-1.01746	-0.909005	-0.835509	-0.803645	-0.799855	-0.813159	-0.85983	-0.945713	-1.07255	-1.21788	-1.35041	-1.43115	-1.42554	-1.31232	-1.08572	-0.751282	-0.337797	0.121883	0.581083	1.00757	1.34656	1.58176	1.6902	1.65421	1.51049	1.2814	0.97735	0.661656	0.421945	0.29971	0.279073	0.321393	0.393884	0.47696	0.56072	0.640356	0.713369	0.778372	0.834649	0.881851	0.919738	0.948062	0.966666	0.975501	0.974525	0.963742	0.943195	0.912947	0.873176	0.824137	0.766074	0.699382	0.624849	0.543865	0.458542	0.371915	0.288116	0.212251	0.149963	0.106632	0.0862786	0.0905384	0.118257	0.165888	0.22838	0.300073	0.375379	0.449287	0.517658	0.577309	0.62594	0.662001	0.684554	0.693144	0.68784	0.66973	0.642535	0.616303	0.612866	0.667539	0.814787	1.05337	1.32328	1.54556	
1.6612	1.71495	1.63191	1.41135	1.08347	0.657557	0.185757	-0.291469	-0.730193	-1.07707	-1.31997	-1.43009	-1.41795	-1.30265	-1.12497	-0.940459	-0.79076	-0.707216	-0.671985	-0.648253	-0.640554	-0.657523	-0.681331	-0.733484	-0.844726	-1.01201	-1.20147	-1.35858	-1.43732	-1.40229	-1.23794	-0.951119	-0.563557	-0.103283	0.37565	0.836933	1.22299	1.50782	1.67015	1.68294	1.57775	1.38728	1.11984	0.826763	0.596396	0.48127	0.472227	0.52945	0.616221	0.710495	0.802053	0.886822	0.963175	1.03052	1.08865	1.13737	1.17629	1.20521	1.22414	1.23314	1.23215	1.22117	1.20025	1.16933	1.12841	1.07778	1.01778	0.948584	0.870385	0.783646	0.689269	0.588673	0.484345	0.380332	0.282342	0.197245	0.131677	0.0900515	0.0731345	0.0781735	0.100348	0.134383	0.175463	0.21945	0.262817	0.302578	0.336283	0.362024	0.378457	0.38484	0.381224	0.369171	0.353776	0.347879	0.377264	0.479477	0.683619	0.973223	1.27447	1.51104	
1.6606	1.69042	1.57131	1.31416	0.947086	0.488909	-0.00117121	-0.481034	-0.89844	-1.21343	-1.39158	-1.4305	-1.33926	-1.1595	-0.940459	-0.758551	-0.643637	-0.607204	-0.604759	-0.592239	-0.586571	-0.600006	-0.605824	-0.612987	-0.681098	-0.822578	-1.02833	-1.23785	-1.3891	-1.4306	-1.3374	-1.10098	-0.742659	-0.291588	0.19411	0.680496	1.10459	1.43178	1.64408	1.70761	1.64779	1.50607	1.28938	1.03362	0.820478	0.709875	0.702077	0.761398	0.851325	0.949176	1.04431	1.13227	1.21125	1.28065	1.34003	1.38899	1.42727	1.45536	1.47367	1.4823	1.48135	1.4708	1.45053	1.42044	1.38003	1.32895	1.26752	1.19614	1.11517	1.02497	0.926324	0.820102	0.707149	0.589008	0.468684	0.351506	0.245297	0.1587	0.097833	0.0636305	0.0520391	0.056601	0.0711058	0.0908059	0.112356	0.133327	0.151827	0.166362	0.175834	0.179644	0.178006	0.17288	0.17039	0.185444	0.246419	0.390964	0.640978	0.965802	1.28225	1.51917	
1.66753	1.67097	1.51842	1.22699	0.826508	0.346644	-0.15406	-0.63038	-1.02327	-1.29596	-1.42112	-1.39645	-1.24086	-1.01746	-0.79076	-0.643637	-0.604583	-0.616082	-0.6263	-0.598885	-0.582923	-0.613568	-0.624375	-0.609644	-0.61046	-0.688256	-0.878197	-1.10928	-1.31707	-1.42263	-1.39141	-1.20195	-0.881143	-0.44403	0.0435825	0.547918	1.00266	1.36436	1.62342	1.74304	1.73878	1.65466	1.49324	1.27375	1.071	0.955014	0.939766	0.996229	1.08782	1.1893	1.28747	1.37642	1.45435	1.52081	1.57561	1.61906	1.65229	1.67656	1.69226	1.69938	1.69858	1.68979	1.67237	1.64635	1.61119	1.56555	1.50841	1.43962	1.35926	1.26746	1.16484	1.05312	0.933956	0.808779	0.678821	0.545643	0.413002	0.288759	0.183735	0.106666	0.0594123	0.0368749	0.030874	0.0340377	0.0413707	0.0499516	0.0580916	0.0647267	0.0691641	0.0711037	0.0709901	0.071132	0.0784803	0.109548	0.194458	0.369963	0.650833	0.994903	1.31361	1.54176	
1.67369	1.6535	1.47209	1.15376	0.731899	0.235518	-0.273287	-0.738031	-1.11241	-1.34709	-1.42101	-1.34678	-1.14947	-0.909005	-0.707216	-0.607204	-0.616082	-0.628186	-0.607978	-0.581654	-0.57283	-0.593217	-0.616638	-0.627656	-0.606833	-0.630088	-0.78201	-1.00102	-1.24266	-1.38958	-1.41454	-1.26759	-0.981055	-0.557126	-0.0719458	0.440444	0.924065	1.32035	1.62541	1.80631	1.8647	1.83652	1.71828	1.52072	1.32005	1.19813	1.17869	1.23449	1.32618	1.42554	1.51806	1.59858	1.66661	1.72212	1.76622	1.80025	1.82653	1.84522	1.85668	1.86186	1.86125	1.85482	1.84202	1.82185	1.7941	1.75827	1.71197	1.654	1.58324	1.49926	1.40099	1.28896	1.16506	1.03201	0.893179	0.751162	0.606906	0.461911	0.322982	0.202881	0.113321	0.0572885	0.0286032	0.0173674	0.0151189	0.016605	0.0191633	0.0215741	0.0233008	0.0242464	0.0250512	0.0283381	0.0417763	0.083203	0.184007	0.379822	0.679425	1.03215	1.34679	1.56366	
1.67697	1.63876	1.43713	1.10114	0.662737	0.154737	-0.353471	-0.811354	-1.16634	-1.37246	-1.41731	-1.29855	-1.08546	-0.835509	-0.671985	-0.604759	-0.6263	-0.607978	-0.532642	-0.528487	-0.543393	-0.520812	-0.559244	-0.628219	-0.612692	-0.619907	-0.725437	-0.929397	-1.18131	-1.35924	-1.422	-1.30746	-1.04119	-0.636793	-0.150649	0.369921	0.876417	1.31077	1.66736	1.91035	2.02454	2.0351	1.94062	1.75647	1.56195	1.44063	1.41712	1.46501	1.54576	1.632	1.71035	1.777	1.83121	1.87332	1.90537	1.92915	1.9462	1.95673	1.96238	1.96573	1.96534	1.9614	1.95503	1.94332	1.92499	1.8997	1.8658	1.82133	1.76438	1.69417	1.60954	1.50881	1.39189	1.25936	1.11396	0.960887	0.805803	0.650856	0.495442	0.344691	0.213117	0.115236	0.0546352	0.0236546	0.01074	0.00661993	0.00596192	0.00633953	0.00685265	0.0073789	0.0086572	0.0135589	0.0303347	0.0778411	0.188357	0.396551	0.706809	1.06279	1.37219	1.57951	
1.67822	1.62948	1.41632	1.07025	0.623059	0.109567	-0.399439	-0.852768	-1.19468	-1.3833	-1.40878	-1.27293	-1.04754	-0.803645	-0.648253	-0.592239	-0.598885	-0.581654	-0.528487	-0.530025	-0.54604	-0.52285	-0.545936	-0.596654	-0.591793	-0.605075	-0.697101	-0.895279	-1.14605	-1.34134	-1.42078	-1.32588	-1.07439	-0.678696	-0.190871	0.340851	0.872635	1.34862	1.75794	2.05218	2.20094	2.23046	2.15223	1.98417	1.79684	1.66963	1.632	1.66366	1.72848	1.7991	1.86144	1.9113	1.94712	1.97151	1.986	1.99412	1.99622	1.99633	1.99593	1.99581	1.99589	1.99605	1.99635	1.99606	1.99305	1.98367	1.96751	1.94084	1.90215	1.84834	1.77935	1.69339	1.59041	1.47011	1.33204	1.17734	1.01113	0.842742	0.6772	0.512382	0.352046	0.212741	0.111085	0.0500078	0.019759	0.00734141	0.00313675	0.0020244	0.001899	0.00223795	0.00371936	0.00934139	0.0277125	0.0783048	0.193903	0.408562	0.724108	1.08109	1.38683	1.58828	
1.67844	1.62737	1.41137	1.06234	0.613615	0.100689	-0.409456	-0.862512	-1.20189	-1.38717	-1.40252	-1.26773	-1.03697	-0.799855	-0.640554	-0.586571	-0.582923	-0.57283	-0.543393	-0.54604	-0.555738	-0.540391	-0.553433	-0.581855	-0.582472	-0.598006	-0.691996	-0.888443	-1.13688	-1.3353	-1.41801	-1.33039	-1.08376	-0.683813	-0.191022	0.358593	0.923703	1.44188	1.89261	2.21482	2.37755	2.42037	2.35841	2.19762	2.00356	1.86313	1.81176	1.82853	1.87553	1.92462	1.96267	1.98672	1.99705	1.99768	1.99033	1.9797	1.96734	1.95654	1.94907	1.9436	1.94429	1.9505	1.95845	1.96977	1.98196	1.99218	1.99822	1.99584	1.98272	1.95469	1.90931	1.84415	1.75766	1.65105	1.52532	1.38191	1.21989	1.0422	0.86148	0.685968	0.512343	0.34442	0.201511	0.100933	0.0431924	0.0159464	0.00524346	0.00171584	0.000798124	0.000922003	0.00242143	0.00822783	0.0270062	0.0783604	0.195182	0.411366	0.72813	1.0853	1.39015	1.59022	
1.67781	1.63229	1.42279	1.08027	0.635299	0.123024	-0.38419	-0.8409	-1.18896	-1.37854	-1.40993	-1.2796	-1.0592	-0.813159	-0.657523	-0.600006	-0.613568	-0.593217	-0.520812	-0.52285	-0.540391	-0.513169	-0.544751	-0.613165	-0.603249	-0.612386	-0.70655	-0.905824	-1.15641	-1.34576	-1.4186	-1.3201	-1.06206	-0.653782	-0.141108	0.433104	1.03005	1.58407	2.05677	2.38442	2.55365	2.60818	2.54724	2.37534	2.17152	2.0231	1.95776	1.95233	1.97216	1.99135	2.00017	1.99515	1.97877	1.9531	1.92353	1.89187	1.86311	1.8376	1.82006	1.81176	1.81266	1.82289	1.84225	1.86861	1.89803	1.92973	1.95866	1.98299	1.99682	1.99818	1.98224	1.94719	1.88829	1.80437	1.69442	1.56116	1.41056	1.241	1.05271	0.861477	0.677176	0.495299	0.322265	0.180616	0.086067	0.0348799	0.0121214	0.00368596	0.00109933	0.000729295	0.00206089	0.00766499	0.0259072	0.0759982	0.190512	0.403649	0.717979	1.07496	1.38202	1.58543	
1.67565	1.64396	1.44925	1.11971	0.687769	0.183644	-0.326007	-0.787471	-1.14847	-1.36347	-1.42108	-1.31658	-1.10751	-0.85983	-0.681331	-0.605824	-0.624375	-0.616638	-0.559244	-0.545936	-0.553433	-0.544751	-0.579805	-0.631412	-0.610528	-0.622594	-0.742109	-0.954572	-1.20279	-1.37182	-1.42026	-1.28996	-1.01082	-0.578467	-0.0436937	0.563462	1.19278	1.76315	2.23501	2.55826	2.7305	2.78006	2.70108	2.51708	2.30541	2.14141	2.05374	2.02267	2.01397	2.00233	1.97897	1.94058	1.89182	1.83581	1.77864	1.72336	1.67428	1.6362	1.60996	1.59719	1.5986	1.61423	1.64294	1.68329	1.73412	1.79001	1.84741	1.90222	1.94902	1.98342	2.00011	1.99622	1.96832	1.9142	1.83293	1.72066	1.57919	1.41988	1.241	1.0422	0.842731	0.650792	0.461579	0.287231	0.152551	0.0685838	0.0261865	0.00857605	0.00250421	0.000999645	0.00189861	0.00697022	0.0238778	0.0708963	0.179807	0.38546	0.693627	1.04979	1.36193	1.57324	
1.66999	1.6596	1.48909	1.18072	0.767126	0.276601	-0.230442	-0.699071	-1.08046	-1.3317	-1.42418	-1.36585	-1.18386	-0.945713	-0.733484	-0.612987	-0.609644	-0.627656	-0.628219	-0.596654	-0.581855	-0.613165	-0.631412	-0.621251	-0.603417	-0.643678	-0.814202	-1.03878	-1.27185	-1.40173	-1.40834	-1.23828	-0.922357	-0.455318	0.110083	0.750809	1.39597	1.96291	2.4228	2.73582	2.89538	2.92148	2.82273	2.62268	2.38932	2.2081	2.1024	2.04543	2.0024	1.95344	1.8908	1.81603	1.73244	1.64592	1.561	1.48312	1.41588	1.36235	1.32589	1.30715	1.30923	1.33182	1.37181	1.42841	1.49798	1.57767	1.66324	1.74941	1.83151	1.90311	1.95948	1.99436	2.003	1.98136	1.92781	1.84549	1.72938	1.57919	1.41056	1.21989	1.01112	0.805778	0.606768	0.412328	0.242396	0.12077	0.0508443	0.0182043	0.00564992	0.00181572	0.00184327	0.00606976	0.020996	0.0634113	0.163746	0.357594	0.655505	1.00949	1.329	1.5524	
1.65829	1.6754	1.53761	1.25998	0.871775	0.40016	-0.0967535	-0.576476	-0.978358	-1.26732	-1.41207	-1.41388	-1.28149	-1.07255	-0.844726	-0.681098	-0.61046	-0.606833	-0.612692	-0.591793	-0.582472	-0.603249	-0.610528	-0.603417	-0.628985	-0.734457	-0.934451	-1.16089	-1.34813	-1.42906	-1.36771	-1.1524	-0.788305	-0.282836	0.318621	0.985333	1.62601	2.17567	2.61675	2.90621	3.03477	3.03281	2.9085	2.67637	2.42553	2.23252	2.10158	2.01247	1.93237	1.84503	1.74413	1.63144	1.51268	1.3926	1.27937	1.17578	1.08847	1.02038	0.974586	0.954017	0.956218	0.981757	1.03242	1.10456	1.1955	1.30131	1.416	1.53657	1.65436	1.76445	1.85972	1.93491	1.98478	2.0038	1.98882	1.93227	1.84549	1.72066	1.56116	1.38191	1.17734	0.960878	0.751111	0.545376	0.350277	0.192266	0.0890819	0.0349063	0.0117022	0.00360746	0.00203358	0.0050819	0.0175592	0.0542221	0.143494	0.321443	0.604506	0.953801	1.28189	1.52105	
1.63736	1.6874	1.58878	1.3497	0.999512	0.552849	0.0687815	-0.410168	-0.835461	-1.1647	-1.37116	-1.43608	-1.3753	-1.21788	-1.01201	-0.822578	-0.688256	-0.630088	-0.619907	-0.605075	-0.598006	-0.612386	-0.622594	-0.643678	-0.734457	-0.892484	-1.09649	-1.28894	-1.41282	-1.42343	-1.29668	-1.01812	-0.602236	-0.0560056	0.577726	1.25021	1.87172	2.39663	2.80743	3.05564	3.1448	3.11099	2.94646	2.68408	2.41977	2.20381	2.05179	1.93165	1.8137	1.68361	1.54114	1.38813	1.23351	1.08236	0.940729	0.81574	0.710483	0.629813	0.574814	0.54677	0.549924	0.58377	0.644009	0.729848	0.839201	0.967498	1.11186	1.26437	1.41912	1.56987	1.70826	1.82684	1.91982	1.97806	2.00295	1.98882	1.92781	1.83293	1.69442	1.52532	1.33204	1.11396	0.893162	0.678727	0.468219	0.280311	0.142202	0.0608449	0.0221065	0.00704148	0.00273536	0.0041962	0.0139426	0.044169	0.120562	0.278962	0.542127	0.882729	1.21906	1.47669	
1.60283	1.68999	1.63864	1.44354	1.13778	0.730003	0.267586	-0.204542	-0.648902	-1.01217	-1.27453	-1.41314	-1.43551	-1.35041	-1.20147	-1.02833	-0.878197	-0.78201	-0.725437	-0.697101	-0.691996	-0.70655	-0.74211	-0.814205	-0.934458	-1.09651	-1.26777	-1.39409	-1.43974	-1.36819	-1.16682	-0.832624	-0.363265	0.222033	0.873751	1.53683	2.12577	2.61498	2.98128	3.17641	3.22343	3.14771	2.93718	2.6487	2.36427	2.136	1.96151	1.80302	1.64564	1.47358	1.29072	1.10113	0.91076	0.729782	0.563128	0.415002	0.293162	0.199269	0.137244	0.109529	0.112532	0.146945	0.215762	0.315318	0.44232	0.594945	0.765302	0.948675	1.13894	1.32814	1.50649	1.67057	1.80636	1.91512	1.97806	2.0038	1.98136	1.9142	1.80437	1.65105	1.47011	1.25936	1.032	0.808749	0.58885	0.379594	0.209203	0.0972976	0.0382604	0.0129276	0.0043112	0.00363447	0.0105243	0.0341316	0.0966651	0.232629	0.470634	0.796908	1.13916	1.41668	
1.55126	1.67597	1.67823	1.53605	1.2813	0.922349	0.489647	0.0363373	-0.412331	-0.803249	-1.12092	-1.32761	-1.43113	-1.43115	-1.35858	-1.23785	-1.10928	-1.00102	-0.929397	-0.895279	-0.888443	-0.905826	-0.954578	-1.0388	-1.16094	-1.28904	-1.39425	-1.44191	-1.39914	-1.25014	-0.977756	-0.58117	-0.0691099	0.542019	1.1962	1.83022	2.37478	2.82015	3.12839	3.26394	3.26487	3.13805	2.8833	2.5702	2.27235	2.03183	1.8276	1.64038	1.4395	1.22775	1.00253	0.776615	0.554934	0.345253	0.157224	-0.00614817	-0.141619	-0.243479	-0.312241	-0.346941	-0.343003	-0.301066	-0.22584	-0.117366	0.0242291	0.193382	0.386174	0.597827	0.822086	1.04743	1.26981	1.47529	1.65844	1.80636	1.91982	1.98478	2.003	1.96832	1.88829	1.75766	1.59041	1.39189	1.16506	0.933947	0.707102	0.484107	0.287054	0.144194	0.0611335	0.0220659	0.00717937	0.00362772	0.00762994	0.0249078	0.073547	0.185321	0.393203	0.697939	1.04123	1.33871	
1.47996	1.6402	1.69819	1.61708	1.41846	1.11957	0.731393	0.30648	-0.134363	-0.543465	-0.891278	-1.16075	-1.33938	-1.42554	-1.43732	-1.3891	-1.31707	-1.24266	-1.18131	-1.14605	-1.13689	-1.15642	-1.20282	-1.27195	-1.34838	-1.41335	-1.44074	-1.40045	-1.27441	-1.04987	-0.716165	-0.279507	0.271503	0.891549	1.52758	2.11781	2.61051	3.0008	3.23873	3.31298	3.26383	3.08251	2.78821	2.45447	2.1492	1.89621	1.66857	1.44219	1.20244	0.950606	0.690886	0.431057	0.182739	-0.0496542	-0.257227	-0.434807	-0.578382	-0.687464	-0.758299	-0.789598	-0.786221	-0.7474	-0.668788	-0.552558	-0.40154	-0.217502	-0.00575903	0.231547	0.482724	0.742417	1.0016	1.24744	1.47529	1.67057	1.82684	1.93491	1.99436	1.99622	1.94719	1.84415	1.69339	1.50881	1.28896	1.05312	0.820089	0.588604	0.371587	0.20008	0.0909695	0.0350554	0.0117434	0.00439133	0.00549428	0.0171042	0.0527539	0.140061	0.313929	0.588907	0.925177	1.2404	
1.38639	1.57911	1.68966	1.67641	1.54037	1.30706	0.976671	0.591362	0.180097	-0.22731	-0.601021	-0.91352	-1.15163	-1.31232	-1.40229	-1.4306	-1.42263	-1.38958	-1.35924	-1.34135	-1.33532	-1.34582	-1.37199	-1.4022	-1.43017	-1.42576	-1.37254	-1.25695	-1.05741	-0.775697	-0.393782	0.081485	0.644016	1.25194	1.85562	2.38642	2.81968	3.14352	3.30481	3.32032	3.21799	2.98285	2.6563	2.31147	2.00544	1.73844	1.48456	1.22457	0.947294	0.656483	0.364046	0.0758154	-0.19549	-0.443357	-0.661976	-0.845889	-0.993773	-1.10344	-1.17616	-1.21271	-1.20863	-1.16461	-1.08474	-0.966995	-0.811622	-0.621346	-0.39583	-0.142566	0.132123	0.422379	0.714675	1.0016	1.26981	1.50649	1.70826	1.85972	1.95948	2.00011	1.98224	1.90931	1.77935	1.60954	1.40099	1.16484	0.926321	0.689251	0.458452	0.262452	0.127173	0.0521255	0.0183031	0.00609592	0.00424094	0.0110624	0.0354171	0.0996221	0.237525	0.474727	0.792805	1.11977	
1.2678	1.49097	1.64683	1.702	1.63483	1.47153	1.21226	0.880711	0.50893	0.117862	-0.246649	-0.586707	-0.863317	-1.08572	-1.23794	-1.3374	-1.39141	-1.41454	-1.42201	-1.42081	-1.41811	-1.41889	-1.42105	-1.41029	-1.37203	-1.30529	-1.18221	-1.00203	-0.748271	-0.42362	-0.0149022	0.467191	1.0303	1.60988	2.15889	2.62079	2.99065	3.23722	3.32263	3.28392	3.12678	2.84496	2.4979	2.15215	1.84848	1.56821	1.28856	0.991283	0.680403	0.357781	0.03724	-0.272584	-0.560823	-0.819519	-1.04285	-1.22833	-1.37184	-1.4767	-1.54377	-1.57341	-1.57033	-1.53361	-1.45879	-1.34618	-1.19436	-1.0011	-0.770802	-0.505139	-0.212402	0.100828	0.422379	0.742417	1.04743	1.32814	1.56987	1.76445	1.90311	1.98342	1.99818	1.95469	1.84834	1.69417	1.49926	1.26746	1.02497	0.783642	0.543843	0.328275	0.168393	0.0730406	0.0269726	0.00883737	0.00388416	0.00684027	0.0220987	0.066089	0.168693	0.362002	0.64878	0.976314	
1.12194	1.37403	1.56697	1.68534	1.69104	1.59842	1.4181	1.15007	0.840704	0.4889	0.133997	-0.199937	-0.499841	-0.751282	-0.951119	-1.10098	-1.20195	-1.2676	-1.3075	-1.32601	-1.33083	-1.32134	-1.29311	-1.24543	-1.16704	-1.04524	-0.878139	-0.650092	-0.371741	-0.0214818	0.387269	0.877851	1.40653	1.93781	2.42178	2.81048	3.11001	3.27323	3.29182	3.20371	2.9936	2.67661	2.32362	1.989	1.68764	1.39179	1.08588	0.75732	0.41332	0.0625306	-0.28032	-0.605148	-0.902228	-1.16201	-1.38199	-1.55847	-1.69375	-1.78978	-1.84879	-1.8769	-1.87392	-1.83976	-1.77366	-1.66946	-1.52664	-1.34212	-1.11267	-0.845615	-0.542229	-0.212402	0.132123	0.482724	0.822086	1.13894	1.41912	1.65436	1.83151	1.94902	1.99682	1.98272	1.90215	1.76438	1.58324	1.35926	1.11517	0.870384	0.624844	0.394493	0.212759	0.0971024	0.037626	0.0126122	0.00434754	0.00425419	0.0127551	0.0404989	0.111262	0.258169	0.501099	0.812997	
0.94941	1.22715	1.44958	1.61914	1.69965	1.67648	1.57786	1.38999	1.13471	0.849999	0.534566	0.223349	-0.0748545	-0.337797	-0.563558	-0.742662	-0.881155	-0.981105	-1.04137	-1.07499	-1.08553	-1.0667	-1.02165	-0.94497	-0.830866	-0.674893	-0.476447	-0.230255	0.0635558	0.407297	0.807423	1.26223	1.74516	2.22652	2.6253	2.94182	3.16629	3.24971	3.21528	3.08025	2.82385	2.49126	2.15001	1.83155	1.53085	1.21873	0.884371	0.526632	0.156786	-0.216119	-0.575697	-0.909667	-1.20791	-1.46352	-1.66976	-1.83023	-1.94359	-2.01789	-2.06338	-2.08518	-2.08292	-2.05634	-2.00544	-1.9244	-1.80207	-1.63214	-1.41623	-1.15134	-0.845615	-0.505139	-0.142566	0.231547	0.597827	0.948675	1.26437	1.53657	1.74941	1.90222	1.98299	1.99584	1.94084	1.82133	1.654	1.43962	1.19614	0.948584	0.699381	0.458384	0.258163	0.123239	0.0498886	0.017304	0.00549157	0.00296718	0.00683925	0.0227101	0.0673781	0.17003	0.360326	0.63764	
0.755703	1.05026	1.29827	1.50138	1.64903	1.70115	1.66937	1.57366	1.3978	1.17002	0.912172	0.640682	0.372765	0.121882	-0.103286	-0.291601	-0.444089	-0.55735	-0.637561	-0.681034	-0.69012	-0.668877	-0.61061	-0.516548	-0.38802	-0.220512	-0.0143686	0.228129	0.507375	0.825164	1.19408	1.60531	2.0431	2.43766	2.75666	3.00934	3.15195	3.17108	3.09606	2.91642	2.63048	2.30524	1.98879	1.6884	1.38269	1.05253	0.69331	0.308656	-0.0843859	-0.47241	-0.842283	-1.17694	-1.47029	-1.70985	-1.89761	-2.03138	-2.11782	-2.16711	-2.18629	-2.18951	-2.18953	-2.18433	-2.15973	-2.10359	-2.0091	-1.86448	-1.66546	-1.41623	-1.11267	-0.770802	-0.39583	-0.00575903	0.386174	0.765302	1.11186	1.416	1.66324	1.84741	1.95866	1.99822	1.96751	1.8658	1.71197	1.50841	1.26752	1.01778	0.766074	0.517707	0.302505	0.150143	0.063169	0.0226845	0.00714014	0.00259278	0.00351413	0.0115703	0.0370504	0.102065	0.237597	0.463178	
0.554009	0.845167	1.11634	1.34192	1.53087	1.66047	1.70057	1.67138	1.58475	1.43771	1.24767	1.02991	0.803388	0.58108	0.375636	0.194047	0.0433307	-0.0728444	-0.153486	-0.198783	-0.210482	-0.183394	-0.12524	-0.0305946	0.0991158	0.263924	0.457624	0.679988	0.928153	1.21088	1.53122	1.88754	2.24746	2.56401	2.82289	2.99699	3.06799	3.04729	2.93541	2.71971	2.43163	2.13758	1.85195	1.56353	1.24967	0.898933	0.516674	0.111973	-0.299924	-0.699311	-1.07311	-1.40444	-1.68328	-1.90324	-2.05927	-2.15755	-2.20769	-2.21816	-2.21231	-2.20808	-2.20871	-2.21373	-2.21798	-2.20143	-2.14178	-2.03285	-1.86448	-1.63214	-1.34212	-1.0011	-0.621346	-0.217502	0.193382	0.594945	0.967498	1.30131	1.57767	1.79001	1.92973	1.99218	1.98367	1.8997	1.75827	1.56555	1.32895	1.07778	0.824137	0.570761	0.343873	0.176413	0.0767223	0.0284298	0.00909956	0.00277967	0.00190086	0.00535397	0.0183255	0.0551673	0.141527	0.305939	
0.36574	0.622703	0.90235	1.15178	1.36109	1.53754	1.65733	1.70103	1.68215	1.61161	1.4976	1.35047	1.183	1.00755	0.836871	0.680236	0.54695	0.437268	0.36075	0.317609	0.306914	0.331971	0.38802	0.477808	0.598305	0.741715	0.908212	1.09195	1.2934	1.51952	1.77841	2.07023	2.36321	2.61695	2.79788	2.90038	2.93366	2.88232	2.7361	2.51099	2.25267	2.00133	1.74256	1.45956	1.13261	0.764014	0.359921	-0.060695	-0.48547	-0.89094	-1.26532	-1.58673	-1.84927	-2.04139	-2.16079	-2.21734	-2.21675	-2.1783	-2.13091	-2.10028	-2.10409	-2.13983	-2.18723	-2.22078	-2.21139	-2.14178	-2.0091	-1.80207	-1.52664	-1.19436	-0.811622	-0.40154	0.0242291	0.44232	0.839201	1.1955	1.49798	1.73412	1.89803	1.98196	1.99305	1.92499	1.7941	1.61119	1.38003	1.12841	0.873176	0.616365	0.380652	0.200688	0.0897274	0.0341493	0.0111695	0.00325453	0.00127	0.00229429	0.00810189	0.0265893	0.0751803	0.180642	
0.21331	0.408652	0.663147	0.927446	1.15982	1.35625	1.52127	1.63883	1.69613	1.69712	1.65159	1.57078	1.46552	1.34651	1.22274	1.10363	0.999381	0.914232	0.850655	0.813791	0.806379	0.824643	0.87315	0.945875	1.03995	1.15146	1.27771	1.41182	1.55862	1.72684	1.92912	2.16006	2.38599	2.56389	2.67967	2.74983	2.75831	2.67449	2.5169	2.31892	2.11194	1.90341	1.66046	1.37583	1.03528	0.650062	0.229905	-0.204726	-0.637528	-1.04619	-1.41553	-1.72643	-1.96614	-2.13001	-2.21096	-2.21674	-2.16867	-2.08047	-1.97652	-1.90763	-1.91593	-1.99626	-2.10052	-2.1817	-2.22078	-2.20143	-2.10359	-1.9244	-1.66946	-1.34618	-0.966995	-0.552558	-0.117366	0.315318	0.729848	1.10456	1.42841	1.68329	1.86861	1.96977	1.99606	1.94332	1.82185	1.64635	1.42044	1.16933	0.912947	0.653759	0.411583	0.22175	0.101368	0.0394235	0.0131506	0.00382469	0.00112094	0.000980764	0.0032007	0.0113545	0.0352897	0.0941063	
0.108536	0.233972	0.428867	0.672645	0.921289	1.14118	1.32734	1.48266	1.60059	1.67363	1.70098	1.68842	1.64507	1.58155	1.50695	1.42865	1.3546	1.29382	1.24822	1.22086	1.21484	1.22897	1.26425	1.31654	1.38339	1.46139	1.54328	1.62751	1.7191	1.82865	1.96808	2.1324	2.29334	2.41948	2.50729	2.55611	2.53531	2.44069	2.31323	2.17077	2.01734	1.83779	1.6026	1.31212	0.958045	0.561678	0.127144	-0.314325	-0.755663	-1.16273	-1.52774	-1.82671	-2.04232	-2.17975	-2.21801	-2.17359	-2.07725	-1.93962	-1.7958	-1.70788	-1.71823	-1.82194	-1.96954	-2.10052	-2.18723	-2.21798	-2.15973	-2.00544	-1.77366	-1.45879	-1.08474	-0.668788	-0.22584	0.215762	0.644009	1.03242	1.37181	1.64294	1.84225	1.95845	1.99635	1.95503	1.84202	1.67237	1.45053	1.20025	0.943195	0.682432	0.435738	0.238591	0.110906	0.0438469	0.0148541	0.00435969	0.00116193	0.000497566	0.00114574	0.0042847	0.0145638	0.0429165	
0.0479051	0.11559	0.238981	0.423762	0.650675	0.883579	1.09396	1.27312	1.42183	1.53953	1.62399	1.67471	1.69452	1.68947	1.6674	1.63512	1.59803	1.56329	1.53647	1.5201	1.51594	1.52539	1.54617	1.57672	1.61323	1.65054	1.68391	1.71431	1.74726	1.7971	1.87989	1.99618	2.12054	2.22068	2.28539	2.31051	2.28457	2.22389	2.15736	2.0752	1.9637	1.79914	1.56545	1.26886	0.904623	0.499957	0.0566757	-0.390275	-0.834717	-1.2423	-1.60087	-1.89097	-2.08892	-2.19876	-2.20674	-2.11495	-1.96267	-1.7859	-1.61705	-1.51276	-1.5254	-1.64782	-1.82194	-1.99626	-2.13983	-2.21373	-2.18433	-2.05634	-1.83976	-1.53361	-1.16461	-0.7474	-0.301066	0.146945	0.58377	0.981757	1.33182	1.61423	1.82289	1.9505	1.99605	1.9614	1.85482	1.68979	1.4708	1.22117	0.963742	0.702034	0.452462	0.250449	0.117741	0.04707	0.0161165	0.00477153	0.0012446	0.000350488	0.000393206	0.00143175	0.00527709	0.0170824	
0.0183347	0.0491344	0.113791	0.227447	0.393998	0.598496	0.813376	1.01428	1.18914	1.33532	1.45343	1.54446	1.6098	1.65198	1.67533	1.68505	1.68539	1.68009	1.67372	1.66924	1.668	1.67083	1.67628	1.68267	1.68652	1.68427	1.67444	1.6588	1.64597	1.65413	1.70192	1.7894	1.88765	1.96306	2.01095	2.0425	2.05721	2.06202	2.06104	2.02533	1.93656	1.78003	1.54714	1.24425	0.877987	0.465338	0.0212823	-0.43236	-0.873659	-1.28625	-1.63557	-1.92509	-2.11088	-2.20139	-2.19831	-2.07011	-1.87607	-1.67911	-1.48942	-1.36236	-1.37832	-1.5254	-1.71823	-1.91593	-2.10409	-2.20871	-2.18953	-2.08292	-1.87392	-1.57033	-1.20863	-0.786221	-0.343003	0.112532	0.549924	0.956218	1.30923	1.5986	1.81266	1.94429	1.99589	1.96534	1.86125	1.69858	1.48135	1.23215	0.974525	0.712351	0.461335	0.256804	0.121443	0.0488345	0.0168146	0.00500312	0.00130135	0.000314449	0.000151948	0.000428557	0.00168163	0.00593908	
0.00610364	0.0180148	0.0463179	0.103521	0.201429	0.343502	0.520017	0.711654	0.898767	1.06812	1.2137	1.33414	1.43043	1.50453	1.55914	1.59786	1.6243	1.64118	1.65097	1.65582	1.65688	1.65435	1.64771	1.63541	1.6154	1.58578	1.54594	1.49857	1.45424	1.43221	1.45154	1.51303	1.5915	1.66191	1.73021	1.81119	1.89325	1.96338	2.01086	2.00362	1.92791	1.77629	1.54496	1.24165	0.875525	0.461994	0.0180331	-0.43639	-0.877183	-1.29045	-1.6385	-1.92831	-2.11256	-2.2011	-2.19741	-2.06524	-1.86705	-1.66856	-1.47635	-1.34608	-1.36236	-1.51276	-1.70788	-1.90763	-2.10028	-2.20808	-2.18951	-2.08518	-1.8769	-1.57341	-1.21271	-0.789598	-0.346941	0.109529	0.54677	0.954017	1.30715	1.59719	1.81176	1.9436	1.99581	1.96573	1.86186	1.69938	1.4823	1.23314	0.975501	0.713289	0.462145	0.257388	0.121785	0.048998	0.0168795	0.00502451	0.00130512	0.000302106	8.27193e-05	0.000119719	0.000473436	0.0018094	
0.00177624	0.00572765	0.0162019	0.0401073	0.0869047	0.165473	0.279219	0.422978	0.584548	0.749608	0.906216	1.04669	1.16733	1.26718	1.34702	1.40867	1.45466	1.48743	1.50884	1.5204	1.52301	1.51684	1.5015	1.47583	1.43837	1.38771	1.32366	1.25019	1.1794	1.13257	1.13258	1.18639	1.27611	1.38097	1.50434	1.65085	1.79447	1.91082	1.98691	1.99587	1.93102	1.78535	1.55786	1.26173	0.897063	0.490727	0.0468238	-0.401552	-0.845497	-1.25388	-1.61049	-1.89994	-2.09507	-2.19994	-2.20441	-2.1038	-1.94108	-1.75903	-1.58561	-1.47635	-1.48942	-1.61705	-1.7958	-1.97652	-2.13091	-2.21231	-2.18629	-2.06338	-1.84879	-1.54377	-1.17616	-0.758299	-0.312241	0.137244	0.574814	0.974586	1.32589	1.60996	1.82006	1.94907	1.99593	1.96238	1.85668	1.69226	1.47367	1.22414	0.966666	0.704838	0.454874	0.252174	0.118744	0.0475474	0.0163047	0.0048322	0.00124948	0.000285136	6.22462e-05	3.55668e-05	0.000118934	0.000485361	
0.000454544	0.00158966	0.00490613	0.0133285	0.0318577	0.0671481	0.125531	0.210117	0.318841	0.444853	0.578845	0.711676	0.836074	0.947196	1.04238	1.12061	1.18212	1.22783	1.25883	1.27599	1.27992	1.27075	1.24817	1.21148	1.15986	1.09292	1.01211	0.923631	0.842058	0.791941	0.800518	0.879364	1.01212	1.17287	1.35486	1.55372	1.73769	1.8807	1.97475	1.99579	1.93907	1.80444	1.58617	1.29996	0.944817	0.547121	0.110186	-0.332033	-0.774545	-1.18121	-1.54546	-1.84215	-2.05379	-2.18583	-2.21646	-2.16261	-2.05519	-1.90825	-1.75903	-1.66856	-1.67911	-1.7859	-1.93962	-2.08047	-2.1783	-2.21816	-2.16711	-2.01789	-1.78978	-1.4767	-1.10344	-0.687464	-0.243479	0.199269	0.629813	1.02038	1.36235	1.6362	1.8376	1.95654	1.99633	1.95673	1.84522	1.67656	1.45536	1.20521	0.948062	0.687074	0.439692	0.241385	0.11251	0.0445995	0.0151465	0.00444779	0.00113998	0.000257411	5.24728e-05	1.44478e-05	2.74171e-05	0.000115319	
0.000102924	0.000387834	0.00129633	0.00383313	0.0100171	0.023164	0.0475898	0.0874753	0.145265	0.220492	0.309708	0.40744	0.507542	0.604324	0.693197	0.770844	0.83513	0.884908	0.919699	0.939367	0.943909	0.933338	0.907638	0.866878	0.811448	0.742647	0.663945	0.583389	0.516968	0.490148	0.530864	0.650988	0.831921	1.04081	1.26297	1.49232	1.69894	1.85686	1.96314	1.99748	1.95205	1.83243	1.62804	1.35561	1.01653	0.629646	0.206984	-0.229269	-0.663845	-1.07284	-1.44112	-1.75004	-1.98431	-2.14299	-2.21518	-2.21063	-2.15394	-2.05519	-1.94108	-1.86705	-1.87607	-1.96267	-2.07725	-2.16867	-2.21675	-2.20769	-2.11782	-1.94359	-1.69375	-1.37184	-0.993773	-0.578382	-0.141619	0.293162	0.710483	1.08847	1.41588	1.67428	1.86311	1.96734	1.99622	1.9462	1.82653	1.65229	1.42727	1.17629	0.919738	0.660188	0.416978	0.225488	0.10347	0.040391	0.0135165	0.0039138	0.000989817	0.000220581	4.38102e-05	8.69504e-06	6.35694e-06	2.44748e-05	
2.07534e-05	8.37488e-05	0.000301225	0.000962483	0.00272847	0.00686561	0.0153765	0.0308131	0.0556729	0.091568	0.138566	0.195019	0.257904	0.323436	0.387706	0.447144	0.498778	0.540333	0.570218	0.587427	0.591433	0.582117	0.559759	0.525093	0.479472	0.425246	0.366665	0.311787	0.275461	0.281012	0.354431	0.50709	0.720043	0.957052	1.19913	1.44234	1.66202	1.83099	1.9477	1.99756	1.96797	1.86486	1.68047	1.42691	1.10739	0.738464	0.33195	-0.0918532	-0.518916	-0.925235	-1.29893	-1.61782	-1.87642	-2.06236	-2.17506	-2.22126	-2.21063	-2.16261	-2.1038	-2.06524	-2.07011	-2.11495	-2.17359	-2.21674	-2.21734	-2.15755	-2.03138	-1.83023	-1.55847	-1.22833	-0.845889	-0.434807	-0.00614819	0.415002	0.815739	1.17578	1.48312	1.72336	1.89187	1.9797	1.99412	1.92915	1.80025	1.61906	1.38899	1.13737	0.881851	0.6245	0.387337	0.205198	0.0921952	0.0352546	0.0115665	0.00328669	0.000816458	0.000178851	3.48442e-05	6.22908e-06	1.86227e-06	4.723e-06	
