-0.0590152	0.106336	0.314776	0.571825	0.855507	1.15868	1.45078	1.72401	1.95698	2.11404	2.19589	2.18114	2.04905	1.82815	1.54222	1.18995	0.799693	0.442989	0.177437	0.0177124	-0.0549503	-0.0683389	-0.041463	0.0135862	0.093216	0.19517	0.316244	0.456234	0.611103	0.773669	0.938112	1.09773	1.24509	1.37016	1.46254	1.51226	1.50813	1.44486	1.33352	1.18662	0.999806	0.771361	0.52858	0.316223	0.164302	0.0743132	0.0294687	0.0104041	0.00344595	0.00131827	0.000882006	0.000996066	0.00130233	0.00171486	0.00229645	0.0034209	0.00640534	0.0150843	0.0387484	0.0955229	0.211754	0.409927	0.684188	0.984048	1.2384	1.40832	1.49525	1.48868	1.36291	1.13452	0.836389	0.477058	0.0950225	-0.26981	-0.602188	-0.863317	-1.04219	-1.1345	-1.14542	-1.08414	-0.976342	-0.844524	-0.718723	-0.614473	-0.542882	-0.492785	-0.461109	-0.439554	-0.430684	-0.426494	-0.428155	-0.436748	-0.450436	-0.469287	-0.488492	-0.493919	-0.47921	-0.422507	-0.326637	-0.198449	
0.106336	0.309993	0.548773	0.803852	1.05375	1.30329	1.5316	1.73364	1.87612	1.94001	1.93031	1.82077	1.61334	1.34283	1.01856	0.63895	0.251288	-0.0759517	-0.302513	-0.430398	-0.483906	-0.490244	-0.46253	-0.409948	-0.334106	-0.233947	-0.1099	0.0355887	0.205	0.392614	0.592089	0.794238	0.989808	1.16858	1.31959	1.43407	1.50472	1.51525	1.45412	1.33758	1.18322	0.984752	0.742598	0.49237	0.283029	0.140837	0.0611075	0.0236104	0.00873838	0.00394683	0.003047	0.00352721	0.00450626	0.00569737	0.00703052	0.00865382	0.0113278	0.0175563	0.0339709	0.074802	0.163595	0.326401	0.571236	0.865113	1.14068	1.34425	1.46817	1.51188	1.44803	1.27348	1.0223	0.705096	0.3426	-0.0191246	-0.364339	-0.663419	-0.899513	-1.05867	-1.13456	-1.14714	-1.09482	-1.01275	-0.90675	-0.806942	-0.715475	-0.648131	-0.60049	-0.56482	-0.545823	-0.540772	-0.542057	-0.556172	-0.58116	-0.601127	-0.61516	-0.597596	-0.527297	-0.401711	-0.237732	-0.0705232	
0.314776	0.548773	0.788797	0.99867	1.20823	1.40537	1.56066	1.67452	1.71655	1.6923	1.59908	1.41474	1.15977	0.859901	0.511592	0.127313	-0.232305	-0.512995	-0.691904	-0.786221	-0.823835	-0.825189	-0.803997	-0.760606	-0.697798	-0.61335	-0.501379	-0.364627	-0.201211	-0.0111956	0.201988	0.432217	0.669257	0.900511	1.11166	1.28637	1.41584	1.49964	1.51656	1.45158	1.32768	1.16254	0.947244	0.690408	0.438427	0.240522	0.114729	0.0489656	0.0206016	0.0110549	0.00956541	0.0111867	0.0139761	0.0172059	0.0205667	0.0239554	0.0276597	0.0331065	0.0446438	0.0726534	0.136587	0.262772	0.469815	0.744055	1.03011	1.26423	1.42263	1.51023	1.50818	1.39494	1.19507	0.928846	0.601456	0.254298	-0.0923342	-0.415619	-0.682408	-0.902769	-1.04733	-1.12976	-1.1495	-1.12219	-1.06325	-0.991581	-0.916063	-0.850378	-0.794636	-0.757187	-0.732673	-0.720391	-0.728814	-0.742267	-0.760169	-0.771062	-0.74658	-0.667078	-0.513569	-0.317894	-0.106543	0.0941335	
0.571825	0.803852	0.99867	1.17444	1.34446	1.45277	1.52204	1.54638	1.50285	1.41033	1.24715	1.00983	0.726251	0.411192	0.056395	-0.304714	-0.615665	-0.834804	-0.962477	-1.02432	-1.04817	-1.04818	-1.03685	-1.01051	-0.968671	-0.907753	-0.824205	-0.7094	-0.564745	-0.386573	-0.17895	0.0560023	0.310476	0.575223	0.835107	1.07687	1.27207	1.41178	1.50123	1.5131	1.43737	1.30362	1.1227	0.886135	0.617687	0.373443	0.196699	0.0937318	0.0455183	0.0287663	0.0270039	0.031501	0.038395	0.0460773	0.0537857	0.0610764	0.0677995	0.0745336	0.0838022	0.102549	0.145528	0.236409	0.399735	0.639766	0.920228	1.17689	1.36674	1.4898	1.54212	1.49427	1.34969	1.13805	0.859055	0.538112	0.212001	-0.121487	-0.419987	-0.669705	-0.87281	-1.01219	-1.10302	-1.14013	-1.14262	-1.1149	-1.07493	-1.03155	-0.991478	-0.961385	-0.940107	-0.930733	-0.932343	-0.938013	-0.93451	-0.90459	-0.812411	-0.645777	-0.414413	-0.157066	0.0869981	0.327867	
0.855507	1.05375	1.20823	1.34446	1.41651	1.43898	1.44235	1.37817	1.2661	1.10998	0.889178	0.623251	0.337141	0.0274306	-0.307333	-0.619573	-0.85956	-1.00771	-1.08435	-1.11665	-1.12834	-1.13292	-1.13125	-1.12832	-1.1162	-1.08861	-1.04302	-0.969492	-0.863555	-0.716238	-0.529334	-0.302483	-0.0457922	0.235289	0.521957	0.803001	1.06832	1.27587	1.42227	1.50843	1.50316	1.4119	1.26487	1.06203	0.804072	0.534228	0.31197	0.167728	0.094648	0.068749	0.0678593	0.0781457	0.092689	0.108348	0.1236	0.137548	0.14964	0.15983	0.169318	0.182295	0.208962	0.268363	0.385966	0.579239	0.834302	1.09854	1.31462	1.46539	1.55795	1.57201	1.48648	1.32691	1.10714	0.823291	0.51871	0.210729	-0.100087	-0.376968	-0.617733	-0.809477	-0.952986	-1.04919	-1.10761	-1.13411	-1.13952	-1.12774	-1.11366	-1.09834	-1.08764	-1.08192	-1.07499	-1.0629	-1.0246	-0.930228	-0.759575	-0.504741	-0.208047	0.0852449	0.352208	0.614683	
1.15868	1.30329	1.40537	1.45277	1.43898	1.40777	1.3171	1.17183	1.0108	0.802765	0.558257	0.296317	0.0300549	-0.262462	-0.551759	-0.791393	-0.945738	-1.0266	-1.05739	-1.06567	-1.07155	-1.07905	-1.09074	-1.10811	-1.12491	-1.13948	-1.1365	-1.11209	-1.05605	-0.960728	-0.817995	-0.626032	-0.384845	-0.107329	0.203799	0.509823	0.810933	1.08781	1.29802	1.44598	1.51614	1.48543	1.37777	1.21324	0.985927	0.716722	0.465356	0.28393	0.184657	0.148853	0.15039	0.169597	0.195355	0.222263	0.247746	0.270427	0.289471	0.304485	0.315866	0.325879	0.34092	0.374699	0.4495	0.589193	0.799922	1.05058	1.28277	1.45656	1.57403	1.63541	1.61145	1.49992	1.3328	1.10844	0.831253	0.542087	0.250435	-0.0321725	-0.289265	-0.515768	-0.702782	-0.850175	-0.957215	-1.0325	-1.08098	-1.11052	-1.12465	-1.12934	-1.1316	-1.12632	-1.11266	-1.07369	-0.986494	-0.822563	-0.56592	-0.242324	0.0950764	0.402883	0.68754	0.948926	
1.45078	1.5316	1.56066	1.52204	1.44235	1.3171	1.13821	0.960593	0.755854	0.520679	0.27756	0.0408256	-0.202546	-0.453766	-0.672589	-0.821445	-0.89973	-0.920281	-0.91886	-0.912613	-0.911483	-0.921554	-0.945716	-0.978024	-1.01986	-1.06717	-1.11111	-1.14229	-1.14204	-1.10689	-1.01649	-0.877422	-0.6728	-0.422412	-0.122296	0.211626	0.537953	0.857838	1.13286	1.34046	1.48	1.52197	1.46714	1.34628	1.1631	0.920205	0.663615	0.457258	0.334537	0.288255	0.291918	0.320539	0.358176	0.396648	0.432191	0.463067	0.488395	0.507749	0.521198	0.529869	0.537405	0.552618	0.592311	0.680075	0.834777	1.04952	1.28094	1.47484	1.61051	1.69818	1.72765	1.67163	1.54286	1.36923	1.1467	0.884849	0.610421	0.336474	0.0771468	-0.16006	-0.368352	-0.546467	-0.690968	-0.805316	-0.889221	-0.95158	-0.994309	-1.02097	-1.03267	-1.03033	-1.00233	-0.931977	-0.790507	-0.555201	-0.229814	0.136037	0.487543	0.797373	1.07563	1.30196	
1.72401	1.73364	1.67452	1.54638	1.37817	1.17183	0.960593	0.742012	0.498824	0.269064	0.054192	-0.141851	-0.350024	-0.534135	-0.67345	-0.739167	-0.754675	-0.739752	-0.720296	-0.708274	-0.700896	-0.713749	-0.739708	-0.779109	-0.83668	-0.903678	-0.981608	-1.05749	-1.11944	-1.14983	-1.13104	-1.04977	-0.903999	-0.681993	-0.412862	-0.0873185	0.260218	0.60943	0.937348	1.20448	1.40807	1.52738	1.54164	1.47564	1.34714	1.15122	0.913691	0.697898	0.555358	0.495137	0.495419	0.528147	0.57289	0.618536	0.660088	0.695547	0.724148	0.745618	0.759995	0.767838	0.771043	0.774657	0.789688	0.835	0.933247	1.09604	1.30474	1.51047	1.66876	1.77326	1.83417	1.83551	1.75733	1.61689	1.43694	1.22055	0.977435	0.723142	0.471294	0.232402	0.0147612	-0.176845	-0.340793	-0.477715	-0.5885	-0.672436	-0.734932	-0.777473	-0.797068	-0.792884	-0.748692	-0.64408	-0.450177	-0.154414	0.214188	0.596932	0.938545	1.2318	1.47737	1.64626	
1.95698	1.87612	1.71655	1.50285	1.2661	1.0108	0.755854	0.498824	0.267047	0.0696621	-0.100159	-0.265773	-0.419874	-0.534668	-0.591122	-0.601645	-0.582345	-0.562461	-0.53854	-0.52524	-0.525242	-0.53168	-0.550896	-0.586661	-0.635795	-0.704001	-0.797712	-0.899485	-1.0085	-1.09295	-1.14683	-1.13464	-1.05836	-0.897212	-0.65932	-0.356243	-0.0080212	0.358122	0.726849	1.0528	1.3199	1.5182	1.61576	1.61918	1.55368	1.41611	1.21364	0.999472	0.837269	0.754954	0.740877	0.767458	0.810888	0.857042	0.899359	0.935319	0.964117	0.985565	0.999705	1.00682	1.0078	1.00523	1.00542	1.02106	1.07178	1.17753	1.34235	1.53949	1.72051	1.85117	1.93227	1.97121	1.95278	1.86385	1.71822	1.535	1.32509	1.09936	0.86952	0.644866	0.432017	0.237919	0.066618	-0.0794572	-0.203053	-0.301895	-0.376519	-0.427699	-0.45265	-0.442028	-0.380435	-0.240168	0.00148928	0.34149	0.732532	1.10635	1.42153	1.68213	1.87444	1.96466	
2.11404	1.94001	1.6923	1.41033	1.10998	0.802765	0.520679	0.269064	0.0696621	-0.0882352	-0.222806	-0.343534	-0.428417	-0.474973	-0.483558	-0.476231	-0.458514	-0.44033	-0.429456	-0.421467	-0.420502	-0.425398	-0.433218	-0.454818	-0.485678	-0.533838	-0.60557	-0.711173	-0.840031	-0.97402	-1.08403	-1.14564	-1.13435	-1.03889	-0.857053	-0.591018	-0.252206	0.122495	0.520893	0.904108	1.23902	1.518	1.70656	1.78923	1.78841	1.70776	1.54311	1.33381	1.14939	1.03646	0.997625	1.00918	1.04503	1.08761	1.12806	1.16278	1.19061	1.21129	1.22483	1.23138	1.23135	1.2259	1.21821	1.21555	1.2316	1.28554	1.39372	1.55411	1.73656	1.89683	2.00829	2.07295	2.09597	2.06707	1.97787	1.8363	1.65726	1.45521	1.24439	1.03711	0.840277	0.658052	0.493761	0.350821	0.229579	0.129181	0.0518187	-0.000593349	-0.0238225	-0.00444533	0.0775355	0.250545	0.52993	0.894924	1.28273	1.62466	1.89837	2.1055	2.21853	2.21286	
2.19589	1.93031	1.59908	1.24715	0.889178	0.558257	0.27756	0.054192	-0.100159	-0.222806	-0.311856	-0.374458	-0.402639	-0.414326	-0.414447	-0.412556	-0.406774	-0.404012	-0.400656	-0.398742	-0.399437	-0.399626	-0.402389	-0.407678	-0.418264	-0.438523	-0.476079	-0.548259	-0.662593	-0.809804	-0.963276	-1.08554	-1.1481	-1.12354	-0.995336	-0.775485	-0.460931	-0.0821006	0.342246	0.781292	1.18817	1.54665	1.8224	1.98148	2.03716	2.00215	1.86992	1.66672	1.46176	1.31672	1.24954	1.2426	1.26839	1.30573	1.34302	1.37541	1.40131	1.4204	1.4328	1.43868	1.43826	1.43203	1.42129	1.40956	1.40458	1.42004	1.47354	1.57775	1.72708	1.89217	2.03476	2.13263	2.18573	2.19796	2.16494	2.08219	1.95321	1.78791	1.60007	1.40585	1.21908	1.0476	0.894671	0.761625	0.649699	0.557852	0.48682	0.440003	0.424717	0.456269	0.559772	0.7611	1.06626	1.43734	1.80088	2.09807	2.31864	2.45656	2.47926	2.38106	
2.18114	1.82077	1.41474	1.00983	0.623251	0.296317	0.0408256	-0.141851	-0.265773	-0.343534	-0.374458	-0.382444	-0.377678	-0.388092	-0.402831	-0.413836	-0.413869	-0.406699	-0.407594	-0.404261	-0.402754	-0.40752	-0.406548	-0.409995	-0.417534	-0.421321	-0.423046	-0.448771	-0.521879	-0.65359	-0.817983	-0.984479	-1.10095	-1.1446	-1.08166	-0.907765	-0.618676	-0.236574	0.21385	0.704919	1.17953	1.60695	1.9536	2.17538	2.27596	2.27657	2.17397	1.98246	1.7646	1.59144	1.49528	1.46637	1.47752	1.50496	1.53492	1.56139	1.58237	1.5976	1.60736	1.61191	1.61148	1.6062	1.59644	1.58349	1.57079	1.56587	1.58142	1.63251	1.7285	1.86253	2.00888	2.13561	2.22281	2.26735	2.27209	2.23733	2.16234	2.04902	1.90335	1.73664	1.56439	1.40104	1.25573	1.13173	1.02944	0.948006	0.88688	0.849267	0.844657	0.891195	1.01609	1.242	1.56306	1.9263	2.25431	2.5003	2.65988	2.71953	2.6489	2.45894	
2.04905	1.61334	1.15977	0.726251	0.337141	0.0300549	-0.202546	-0.350024	-0.419874	-0.428417	-0.402639	-0.377678	-0.381969	-0.407437	-0.428387	-0.418489	-0.404219	-0.395836	-0.389973	-0.384991	-0.380716	-0.385091	-0.393526	-0.397831	-0.410063	-0.430027	-0.433306	-0.426011	-0.443964	-0.528237	-0.676871	-0.859161	-1.02354	-1.1218	-1.11131	-0.979557	-0.713597	-0.326178	0.150314	0.683244	1.20798	1.68348	2.08108	2.35388	2.4948	2.52842	2.45536	2.27912	2.05218	1.85067	1.72047	1.66176	1.65033	1.66137	1.67913	1.69597	1.70929	1.71877	1.72474	1.72745	1.72717	1.72392	1.71759	1.70842	1.69742	1.68768	1.6861	1.70371	1.75258	1.83934	1.95749	2.0861	2.19896	2.27767	2.31624	2.31608	2.28011	2.21077	2.11033	1.98293	1.83777	1.68903	1.55128	1.43415	1.34078	1.27036	1.22141	1.19618	1.20487	1.26803	1.41316	1.65807	1.9843	2.32697	2.60969	2.79694	2.88728	2.86129	2.69585	2.41513	
1.82815	1.34283	0.859901	0.411192	0.0274306	-0.262462	-0.453766	-0.534135	-0.534668	-0.474973	-0.414326	-0.388092	-0.407437	-0.430118	-0.424444	-0.388811	-0.366667	-0.358294	-0.345028	-0.339389	-0.339453	-0.341571	-0.35121	-0.361669	-0.372476	-0.405846	-0.434443	-0.434618	-0.423605	-0.45817	-0.566228	-0.740143	-0.920231	-1.05801	-1.09129	-0.990352	-0.736956	-0.343589	0.148031	0.703734	1.25728	1.76277	2.19935	2.51895	2.69897	2.76054	2.7088	2.54122	2.30134	2.06805	1.89927	1.80605	1.76851	1.76095	1.76483	1.77061	1.77532	1.77845	1.78012	1.78084	1.78078	1.77993	1.77806	1.7747	1.76989	1.76412	1.75976	1.76297	1.78285	1.82872	1.90537	2.00772	2.11978	2.2203	2.29224	2.32734	2.32499	2.28885	2.22341	2.13182	2.01738	1.88787	1.75701	1.64011	1.5474	1.48174	1.44188	1.42869	1.45156	1.53148	1.69471	1.9526	2.27499	2.58879	2.82209	2.94992	2.97188	2.8653	2.61709	2.26138	
1.54222	1.01856	0.511592	0.056395	-0.307333	-0.551759	-0.672589	-0.67345	-0.591122	-0.483558	-0.414447	-0.402831	-0.428387	-0.424444	-0.37935	-0.335797	-0.329513	-0.337851	-0.316241	-0.319153	-0.326916	-0.311205	-0.327648	-0.336339	-0.327007	-0.351076	-0.399753	-0.43743	-0.426014	-0.428216	-0.488793	-0.63458	-0.813488	-0.968487	-1.01972	-0.933036	-0.690782	-0.299229	0.189251	0.746822	1.318	1.84888	2.31758	2.67422	2.88202	2.95784	2.91407	2.74748	2.49366	2.23057	2.02497	1.89798	1.83371	1.80553	1.79264	1.78515	1.77958	1.77493	1.77128	1.76961	1.76981	1.77189	1.77578	1.7803	1.78498	1.78933	1.79287	1.7968	1.80613	1.8277	1.86861	1.93257	2.01692	2.11044	2.19678	2.2608	2.29262	2.28926	2.2538	2.19184	2.10719	2.00199	1.88243	1.76244	1.65897	1.58368	1.5405	1.5311	1.5637	1.65778	1.83652	2.10374	2.4189	2.7038	2.8927	2.96938	2.93262	2.75824	2.44291	2.02752	
1.18995	0.63895	0.127313	-0.304714	-0.619573	-0.791393	-0.821445	-0.739167	-0.601645	-0.476231	-0.412556	-0.413836	-0.418489	-0.388811	-0.335797	-0.330298	-0.340728	-0.333078	-0.317455	-0.322318	-0.328663	-0.317736	-0.323438	-0.337137	-0.338816	-0.32728	-0.354507	-0.407799	-0.420377	-0.417827	-0.442311	-0.55177	-0.704635	-0.848839	-0.905042	-0.820985	-0.592009	-0.215223	0.259176	0.809921	1.3948	1.94606	2.43181	2.80579	3.02639	3.10704	3.06536	2.89746	2.63027	2.3384	2.09583	1.93258	1.83702	1.78324	1.75022	1.72771	1.71014	1.69627	1.68689	1.68233	1.68284	1.68836	1.69854	1.71277	1.72931	1.74744	1.76663	1.78467	1.80201	1.82128	1.84701	1.88355	1.93391	1.99757	2.06782	2.13392	2.18396	2.20778	2.20007	2.16253	2.10169	2.02202	1.92384	1.81127	1.69874	1.60558	1.5463	1.52901	1.5632	1.66632	1.8568	2.13019	2.43661	2.6947	2.84495	2.87739	2.78885	2.55517	2.18259	1.71737	
0.799693	0.251288	-0.232305	-0.615665	-0.85956	-0.945738	-0.89973	-0.754675	-0.582345	-0.458514	-0.406774	-0.413869	-0.404219	-0.366667	-0.329513	-0.340728	-0.344827	-0.318624	-0.316121	-0.317653	-0.31321	-0.317297	-0.316757	-0.326369	-0.350409	-0.330293	-0.342001	-0.382934	-0.411566	-0.405165	-0.409247	-0.4731	-0.593167	-0.708072	-0.754227	-0.670928	-0.462055	-0.111893	0.35104	0.899548	1.48746	2.04029	2.52582	2.90527	3.13256	3.21348	3.1671	2.98963	2.70234	2.37807	2.09689	1.89561	1.7678	1.68861	1.63694	1.5991	1.56906	1.54602	1.53129	1.52354	1.52441	1.53362	1.54973	1.5737	1.60294	1.6356	1.67085	1.70761	1.74315	1.77705	1.80972	1.84337	1.87922	1.9192	1.96287	2.00685	2.04583	2.07268	2.07926	2.05861	2.01073	1.94347	1.86232	1.76558	1.65569	1.54863	1.4675	1.43197	1.45793	1.56259	1.75913	2.0344	2.33014	2.56304	2.6792	2.67324	2.5405	2.25896	1.84419	1.34681	
0.442989	-0.0759517	-0.512995	-0.834804	-1.00771	-1.0266	-0.920281	-0.739752	-0.562461	-0.44033	-0.404012	-0.406699	-0.395836	-0.358294	-0.337851	-0.333078	-0.318624	-0.288624	-0.301681	-0.296287	-0.282688	-0.304404	-0.29351	-0.29712	-0.328351	-0.332477	-0.344199	-0.370746	-0.400148	-0.389852	-0.375982	-0.399322	-0.474218	-0.549136	-0.579053	-0.509047	-0.321183	0.0125901	0.466506	1.00372	1.57831	2.12124	2.60169	2.98012	3.20336	3.27197	3.20849	3.0121	2.70103	2.34595	2.02939	1.79337	1.63604	1.53252	1.46104	1.40577	1.36314	1.33139	1.3101	1.29975	1.30086	1.31346	1.33674	1.36978	1.41225	1.46193	1.51511	1.57156	1.62785	1.68257	1.73327	1.77993	1.82223	1.86015	1.8939	1.92155	1.94089	1.9495	1.9455	1.92518	1.88101	1.81158	1.72682	1.63331	1.52779	1.41318	1.30995	1.24773	1.25376	1.34961	1.5449	1.81838	2.1043	2.31792	2.41005	2.37884	2.21909	1.9119	1.48067	0.97941	
0.177437	-0.302513	-0.691904	-0.962477	-1.08435	-1.05739	-0.91886	-0.720296	-0.53854	-0.429456	-0.400656	-0.407594	-0.389973	-0.345028	-0.316241	-0.317455	-0.316121	-0.301681	-0.303738	-0.30213	-0.297082	-0.303946	-0.301393	-0.306108	-0.320848	-0.313434	-0.324472	-0.35929	-0.391691	-0.374756	-0.33492	-0.315524	-0.341878	-0.384799	-0.406926	-0.345041	-0.170983	0.152888	0.592856	1.10612	1.66259	2.19541	2.66223	3.02327	3.22756	3.27499	3.18957	2.97146	2.6351	2.24924	1.89767	1.62808	1.44044	1.312	1.21962	1.14949	1.09529	1.05508	1.02709	1.01488	1.01618	1.03143	1.06199	1.10391	1.15818	1.22296	1.29628	1.37479	1.45602	1.53621	1.61302	1.68274	1.74408	1.79482	1.83528	1.86427	1.87973	1.87897	1.85886	1.82155	1.76895	1.69356	1.59391	1.48289	1.36757	1.24442	1.12142	1.02825	1.00353	1.0786	1.26418	1.53327	1.81364	2.01875	2.10231	2.06458	1.89995	1.59195	1.16899	0.68601	
0.0177124	-0.430398	-0.786221	-1.02432	-1.11665	-1.06567	-0.912613	-0.708274	-0.52524	-0.421467	-0.398742	-0.404261	-0.384991	-0.339389	-0.319153	-0.322318	-0.317653	-0.296287	-0.30213	-0.299065	-0.29156	-0.303521	-0.2997	-0.301364	-0.323507	-0.317427	-0.32207	-0.347403	-0.375456	-0.344574	-0.277972	-0.215899	-0.205386	-0.226711	-0.245403	-0.185709	-0.0148801	0.296047	0.713653	1.20634	1.74681	2.25661	2.69454	3.0297	3.21022	3.23162	3.11765	2.86972	2.50194	2.08366	1.69947	1.40034	1.18667	1.03814	0.929192	0.846272	0.780554	0.732015	0.700171	0.68478	0.686568	0.70523	0.740089	0.791192	0.856991	0.934831	1.02432	1.12204	1.22666	1.3328	1.43837	1.53843	1.62976	1.70773	1.76939	1.81337	1.83788	1.84303	1.82646	1.78186	1.71418	1.62985	1.52116	1.38934	1.2507	1.11163	0.971815	0.850659	0.790662	0.835064	1.0018	1.26276	1.54102	1.74724	1.83536	1.80584	1.65219	1.35877	0.955969	0.497942	
-0.0549502	-0.483906	-0.823835	-1.04817	-1.12834	-1.07155	-0.911483	-0.700896	-0.525242	-0.420502	-0.399437	-0.402754	-0.380716	-0.339453	-0.326916	-0.328663	-0.31321	-0.282688	-0.297082	-0.29156	-0.275888	-0.299194	-0.287655	-0.291043	-0.324327	-0.325271	-0.325375	-0.336638	-0.353489	-0.303426	-0.206707	-0.110053	-0.0716808	-0.0798196	-0.0970296	-0.0349856	0.137661	0.432445	0.828905	1.30566	1.81949	2.29539	2.70435	3.00878	3.15437	3.13863	2.9886	2.70654	2.30797	1.86044	1.44947	1.12556	0.89123	0.724109	0.60004	0.503774	0.430158	0.37551	0.339815	0.322446	0.324429	0.345417	0.384577	0.441985	0.516683	0.608507	0.71338	0.829866	0.954876	1.08547	1.21712	1.34619	1.46812	1.57891	1.67345	1.74768	1.79759	1.819	1.81504	1.7853	1.72025	1.62814	1.51644	1.37742	1.21866	1.05889	0.903973	0.76284	0.67152	0.680855	0.820238	1.0667	1.34188	1.55306	1.65162	1.63636	1.49952	1.22482	0.842235	0.404888	
-0.0683387	-0.490244	-0.825189	-1.04818	-1.13292	-1.07905	-0.921554	-0.713749	-0.53168	-0.425398	-0.399626	-0.40752	-0.385091	-0.341571	-0.311205	-0.317736	-0.317297	-0.304404	-0.303946	-0.303522	-0.299196	-0.305689	-0.303454	-0.308232	-0.319676	-0.308698	-0.308759	-0.32879	-0.325491	-0.249821	-0.116296	0.00274299	0.0516208	0.0466117	0.0356404	0.108271	0.273683	0.55552	0.942809	1.39637	1.87548	2.32197	2.69421	2.95357	3.0567	3.0008	2.81362	2.49532	2.06407	1.58729	1.15297	0.809161	0.558735	0.378276	0.244222	0.141682	0.0623792	0.00330541	-0.0359215	-0.053437	-0.0515867	-0.0300619	0.0130458	0.0753497	0.156158	0.254732	0.371081	0.502375	0.646053	0.799058	0.956757	1.11523	1.26845	1.41154	1.53908	1.6471	1.73104	1.78771	1.80693	1.79568	1.75343	1.67085	1.56045	1.42593	1.2626	1.08697	0.917935	0.764131	0.650379	0.626403	0.732502	0.956523	1.22362	1.43838	1.54747	1.54653	1.42645	1.16937	0.803285	0.380383	
-0.0414623	-0.46253	-0.803997	-1.03685	-1.13125	-1.09074	-0.945716	-0.739708	-0.550896	-0.433218	-0.402389	-0.406548	-0.393526	-0.35121	-0.327648	-0.323438	-0.316757	-0.293511	-0.301395	-0.299707	-0.287671	-0.303481	-0.297182	-0.298712	-0.321508	-0.316078	-0.315725	-0.315898	-0.288794	-0.175187	-0.0188706	0.112633	0.158114	0.150231	0.154261	0.232406	0.395282	0.674555	1.04692	1.47297	1.92491	2.333	2.65556	2.87187	2.92806	2.82642	2.59572	2.23782	1.77359	1.27392	0.823519	0.469464	0.21006	0.0234166	-0.116901	-0.224756	-0.307497	-0.367713	-0.406123	-0.425652	-0.423549	-0.400311	-0.35785	-0.293537	-0.209032	-0.104362	0.0195076	0.160006	0.317176	0.486589	0.665059	0.84839	1.03082	1.20795	1.37062	1.51584	1.63342	1.7235	1.78332	1.79929	1.7818	1.7256	1.62805	1.50309	1.34863	1.16917	0.989068	0.826127	0.698176	0.646565	0.71729	0.911828	1.16433	1.37898	1.49666	1.50861	1.40462	1.16448	0.812443	0.400127	
0.0135879	-0.409948	-0.760606	-1.01051	-1.12832	-1.10811	-0.978024	-0.779109	-0.586661	-0.454818	-0.407678	-0.409995	-0.397831	-0.361669	-0.336339	-0.337137	-0.32637	-0.297125	-0.306121	-0.3014	-0.29113	-0.30841	-0.298969	-0.304228	-0.332717	-0.321544	-0.31098	-0.294293	-0.235884	-0.0928147	0.0809793	0.205099	0.243261	0.24128	0.253965	0.337006	0.503428	0.783863	1.1413	1.54469	1.96405	2.32346	2.60297	2.76748	2.76528	2.61705	2.34212	1.94772	1.45307	0.935396	0.475538	0.117607	-0.143262	-0.332313	-0.471759	-0.578729	-0.658529	-0.716978	-0.755322	-0.772856	-0.771088	-0.749461	-0.706787	-0.645121	-0.563272	-0.458295	-0.332765	-0.185876	-0.020076	0.161969	0.357824	0.561494	0.768988	0.972891	1.16905	1.34754	1.50843	1.63269	1.72719	1.7833	1.79456	1.76831	1.69593	1.58577	1.44615	1.27461	1.08968	0.918782	0.781111	0.708188	0.744989	0.905646	1.13773	1.34857	1.47318	1.49752	1.41048	1.18905	0.8521	0.450064	
0.0932201	-0.334106	-0.697798	-0.968671	-1.1162	-1.12491	-1.01986	-0.83668	-0.635795	-0.485678	-0.418264	-0.417534	-0.410063	-0.372476	-0.327008	-0.338818	-0.350416	-0.328372	-0.320911	-0.323674	-0.324721	-0.320499	-0.322948	-0.334497	-0.345017	-0.306803	-0.287989	-0.269922	-0.177303	-0.00640432	0.174973	0.282027	0.306742	0.308129	0.33367	0.426476	0.603822	0.887186	1.22946	1.61128	1.99191	2.30467	2.53372	2.63538	2.582	2.38236	2.06375	1.62968	1.10874	0.579161	0.12163	-0.230918	-0.483227	-0.665067	-0.798489	-0.898486	-0.975432	-1.02934	-1.06235	-1.07849	-1.0765	-1.05673	-1.02033	-0.963046	-0.883626	-0.78447	-0.663033	-0.518079	-0.351714	-0.16402	0.0416342	0.260167	0.489493	0.718453	0.945088	1.15577	1.34745	1.51529	1.64468	1.73892	1.78606	1.7905	1.7492	1.66045	1.53783	1.38133	1.19926	1.02194	0.875651	0.78602	0.792345	0.917658	1.1252	1.32927	1.45999	1.49733	1.42951	1.23054	0.912072	0.522854	
0.195179	-0.233946	-0.61335	-0.907753	-1.08861	-1.13948	-1.06717	-0.903678	-0.704001	-0.533838	-0.438523	-0.421322	-0.430027	-0.405846	-0.351079	-0.32729	-0.330326	-0.332575	-0.313705	-0.318104	-0.326806	-0.31183	-0.3217	-0.329972	-0.315671	-0.299722	-0.292362	-0.252415	-0.110865	0.0823218	0.254065	0.330397	0.351911	0.354122	0.39598	0.505453	0.701166	0.98782	1.31606	1.67493	2.01297	2.27616	2.44858	2.4917	2.37721	2.12438	1.76612	1.29529	0.756868	0.223846	-0.222661	-0.559797	-0.798201	-0.965559	-1.08757	-1.17542	-1.23782	-1.28344	-1.31164	-1.32395	-1.32229	-1.30696	-1.27614	-1.22779	-1.16202	-1.07446	-0.961897	-0.824668	-0.663381	-0.475011	-0.267448	-0.0376539	0.20181	0.45313	0.699967	0.945079	1.169	1.37032	1.53779	1.66867	1.75376	1.79044	1.78178	1.72019	1.6165	1.4779	1.30551	1.12495	0.969783	0.865636	0.845146	0.935753	1.1163	1.31138	1.44794	1.4994	1.45355	1.28186	0.986742	0.614083	
0.316261	-0.109897	-0.501379	-0.824205	-1.04302	-1.1365	-1.11111	-0.981608	-0.797712	-0.60557	-0.476079	-0.423046	-0.433306	-0.434447	-0.399767	-0.354553	-0.342144	-0.344604	-0.325517	-0.324529	-0.330643	-0.318994	-0.3336	-0.338412	-0.322976	-0.323436	-0.302932	-0.212409	-0.027722	0.166856	0.303179	0.351663	0.364029	0.384999	0.451864	0.583969	0.802998	1.08885	1.40506	1.73887	2.03057	2.24144	2.35368	2.33113	2.15568	1.85833	1.45545	0.955206	0.401278	-0.121095	-0.547344	-0.856732	-1.07141	-1.21642	-1.31736	-1.38915	-1.43846	-1.47041	-1.48924	-1.49748	-1.49641	-1.48639	-1.46556	-1.43017	-1.37849	-1.30709	-1.21154	-1.092	-0.941879	-0.764767	-0.559664	-0.329594	-0.0800412	0.183877	0.453129	0.718448	0.972863	1.20782	1.41093	1.57655	1.69956	1.76982	1.79295	1.762	1.68002	1.56003	1.402	1.22265	1.05884	0.940565	0.895927	0.95333	1.10551	1.28985	1.43219	1.49889	1.47738	1.33789	1.07234	0.72093	
0.456267	0.0355952	-0.364626	-0.7094	-0.969492	-1.11209	-1.14229	-1.05749	-0.899485	-0.711173	-0.548259	-0.448773	-0.426015	-0.434635	-0.43749	-0.407991	-0.383496	-0.372236	-0.362893	-0.355333	-0.35254	-0.357839	-0.364079	-0.366098	-0.363672	-0.35346	-0.287505	-0.140089	0.05168	0.217547	0.309441	0.340293	0.365003	0.407792	0.505879	0.673279	0.912154	1.19797	1.50409	1.80494	2.04599	2.2006	2.24934	2.16128	1.92507	1.57952	1.13984	0.615089	0.0590451	-0.442871	-0.836527	-1.11188	-1.29386	-1.41188	-1.48658	-1.53368	-1.56071	-1.57623	-1.58399	-1.58736	-1.58712	-1.58307	-1.57377	-1.55661	-1.52786	-1.47887	-1.40807	-1.30918	-1.17953	-1.01856	-0.823832	-0.600394	-0.35015	-0.0800412	0.20181	0.489491	0.768977	1.03077	1.26819	1.46706	1.62586	1.73131	1.78534	1.78578	1.72834	1.62713	1.4858	1.31235	1.14151	1.00884	0.941384	0.966887	1.08965	1.26147	1.40946	1.49241	1.49689	1.39369	1.16408	0.840664	
0.61116	0.205012	-0.201209	-0.564745	-0.863555	-1.05605	-1.14204	-1.11944	-1.0085	-0.840031	-0.662594	-0.521884	-0.443984	-0.423678	-0.426255	-0.421103	-0.413551	-0.405064	-0.402746	-0.398058	-0.395598	-0.397136	-0.400158	-0.393342	-0.377124	-0.331892	-0.22785	-0.0722843	0.0947034	0.212916	0.273507	0.304778	0.353742	0.43987	0.579207	0.779545	1.0376	1.32327	1.61156	1.87296	2.062	2.15667	2.13827	1.97969	1.68678	1.30112	0.82494	0.282575	-0.264918	-0.734246	-1.0833	-1.31519	-1.457	-1.53905	-1.58204	-1.6012	-1.60613	-1.60211	-1.59595	-1.59271	-1.59328	-1.5973	-1.60327	-1.606	-1.5995	-1.57933	-1.53805	-1.46956	-1.36809	-1.23086	-1.05596	-0.845142	-0.600394	-0.329594	-0.037654	0.260166	0.56149	0.848369	1.11513	1.34576	1.53673	1.6768	1.76147	1.79277	1.76226	1.68043	1.55632	1.39255	1.21747	1.07056	0.980692	0.974873	1.06679	1.22371	1.37679	1.4768	1.50816	1.44456	1.25691	0.967206	
0.773765	0.392634	-0.0111916	-0.386572	-0.716238	-0.960728	-1.10689	-1.14983	-1.09295	-0.974021	-0.809809	-0.653612	-0.52832	-0.458453	-0.429096	-0.420298	-0.411441	-0.404268	-0.404728	-0.40114	-0.400708	-0.402949	-0.396525	-0.386484	-0.361427	-0.301862	-0.193388	-0.0580528	0.0670861	0.153799	0.209231	0.267797	0.363625	0.4908	0.67665	0.91336	1.18527	1.46461	1.72981	1.94732	2.07798	2.10674	2.01859	1.7914	1.44579	1.01813	0.514935	-0.0351279	-0.559724	-0.984361	-1.28092	-1.46264	-1.55952	-1.60163	-1.60771	-1.59311	-1.56847	-1.54412	-1.52523	-1.51595	-1.51731	-1.52855	-1.54823	-1.57366	-1.5982	-1.61062	-1.60528	-1.57105	-1.50334	-1.39664	-1.24643	-1.05596	-0.823832	-0.559664	-0.267448	0.041634	0.357823	0.665052	0.956722	1.21696	1.4377	1.61051	1.72488	1.7849	1.78227	1.72116	1.61428	1.46269	1.28667	1.12658	1.01449	0.977256	1.03612	1.17457	1.33123	1.44889	1.50712	1.48487	1.34574	1.09588	
0.938262	0.592122	0.201994	-0.178948	-0.529334	-0.817995	-1.01649	-1.13104	-1.14683	-1.08404	-0.963299	-0.818072	-0.677183	-0.567225	-0.491676	-0.449828	-0.4269	-0.413331	-0.406267	-0.40153	-0.401859	-0.399401	-0.398456	-0.390669	-0.366012	-0.311765	-0.225645	-0.120529	-0.0185851	0.0645271	0.142424	0.250278	0.395956	0.583845	0.815377	1.07724	1.3589	1.62587	1.85908	2.02359	2.09051	2.05154	1.89006	1.59504	1.20313	0.740298	0.213035	-0.333504	-0.821183	-1.19016	-1.42522	-1.55189	-1.59913	-1.5967	-1.56463	-1.51687	-1.46703	-1.42176	-1.38903	-1.37473	-1.37635	-1.39407	-1.43007	-1.47719	-1.52702	-1.57428	-1.60583	-1.61212	-1.58447	-1.51314	-1.39664	-1.23086	-1.01856	-0.764767	-0.475011	-0.16402	0.161968	0.486586	0.799046	1.08541	1.33256	1.53525	1.67912	1.76605	1.79018	1.75031	1.66057	1.52273	1.34912	1.17788	1.04419	0.975284	0.998204	1.113	1.27001	1.40554	1.49018	1.50856	1.4233	1.2213	
1.09795	0.794288	0.432228	0.0560042	-0.302482	-0.626032	-0.877423	-1.04977	-1.13465	-1.14566	-1.08562	-0.984799	-0.860219	-0.743296	-0.643035	-0.572113	-0.516987	-0.484317	-0.463819	-0.450508	-0.449692	-0.451972	-0.455728	-0.461454	-0.449716	-0.414049	-0.340172	-0.239959	-0.131824	-0.0201821	0.108513	0.278709	0.487652	0.723595	0.991929	1.2806	1.55953	1.80218	1.99543	2.09923	2.09771	1.98672	1.75064	1.39322	0.958106	0.462546	-0.0766056	-0.605329	-1.0431	-1.34741	-1.51863	-1.58715	-1.58427	-1.53665	-1.46422	-1.38374	-1.30874	-1.2515	-1.21434	-1.19625	-1.1984	-1.22033	-1.26125	-1.32282	-1.40008	-1.48053	-1.55266	-1.60064	-1.61501	-1.58447	-1.50334	-1.36809	-1.17953	-0.941879	-0.663381	-0.351714	-0.0200761	0.317175	0.646049	0.954859	1.22658	1.45569	1.62657	1.73876	1.78859	1.76981	1.69638	1.57284	1.40471	1.22521	1.07144	0.971129	0.955143	1.03949	1.19098	1.3435	1.45446	1.51057	1.48113	1.33596	
1.2454	0.989879	0.669272	0.310479	-0.0457917	-0.384845	-0.672801	-0.904004	-1.05838	-1.13443	-1.14841	-1.102	-1.02677	-0.929169	-0.835576	-0.753364	-0.689131	-0.643359	-0.610369	-0.59323	-0.588616	-0.593572	-0.604887	-0.615771	-0.610323	-0.566291	-0.487669	-0.362879	-0.22213	-0.0564319	0.130814	0.370643	0.630309	0.9199	1.2214	1.51655	1.77914	1.99224	2.13334	2.16654	2.09482	1.90878	1.59666	1.1842	0.713109	0.189711	-0.353444	-0.847985	-1.22376	-1.4574	-1.5627	-1.57407	-1.52168	-1.43142	-1.32659	-1.22208	-1.13538	-1.07125	-1.0326	-1.0189	-1.02013	-1.03811	-1.08255	-1.15117	-1.24155	-1.34894	-1.45335	-1.54304	-1.60064	-1.61212	-1.57105	-1.46956	-1.30918	-1.092	-0.824668	-0.518079	-0.185876	0.160005	0.502374	0.829861	1.12201	1.37469	1.57113	1.70603	1.77948	1.78158	1.7235	1.61365	1.45322	1.26881	1.09761	0.967342	0.910383	0.956672	1.09356	1.25956	1.39727	1.4877	1.51128	1.42999	
1.37058	1.16868	0.900532	0.575227	0.23529	-0.10733	-0.422416	-0.682009	-0.897282	-1.03916	-1.12452	-1.14772	-1.13068	-1.08062	-1.01968	-0.951759	-0.892082	-0.843334	-0.810091	-0.791826	-0.783525	-0.788714	-0.80401	-0.807545	-0.79174	-0.732499	-0.615485	-0.449237	-0.24865	-0.0267867	0.23593	0.533919	0.850404	1.1734	1.48472	1.78127	2.01609	2.18577	2.26139	2.22162	2.07717	1.81072	1.42888	0.968824	0.46401	-0.0787907	-0.60954	-1.05635	-1.36204	-1.52504	-1.56696	-1.52501	-1.42673	-1.30023	-1.16909	-1.05488	-0.973024	-0.925404	-0.899176	-0.884942	-0.886602	-0.903439	-0.932738	-0.986585	-1.07558	-1.1949	-1.32789	-1.45335	-1.55266	-1.60583	-1.60528	-1.53805	-1.40807	-1.21154	-0.961897	-0.663033	-0.332765	0.0195075	0.37108	0.713379	1.02432	1.29625	1.51498	1.67033	1.76482	1.78717	1.74376	1.64633	1.49459	1.30848	1.12341	0.966167	0.868113	0.869408	0.979864	1.15149	1.3155	1.43826	1.50854	1.49288	
1.46307	1.31972	1.11168	0.835113	0.521957	0.203797	-0.122309	-0.412919	-0.659552	-0.857905	-0.998145	-1.08996	-1.13314	-1.1422	-1.12471	-1.09644	-1.06409	-1.02949	-1.00588	-0.991182	-0.985299	-0.988701	-0.991022	-0.980198	-0.935416	-0.83506	-0.665271	-0.443425	-0.182322	0.103222	0.42764	0.773561	1.12873	1.46502	1.79245	2.06304	2.25285	2.37209	2.37161	2.25756	2.03602	1.68843	1.24599	0.747748	0.213143	-0.341416	-0.842255	-1.22719	-1.45936	-1.55476	-1.54021	-1.45069	-1.31733	-1.16454	-1.02826	-0.920833	-0.858129	-0.833152	-0.820307	-0.811242	-0.812108	-0.822534	-0.836834	-0.866833	-0.938831	-1.05394	-1.1949	-1.34894	-1.48053	-1.57428	-1.61062	-1.57933	-1.47887	-1.30709	-1.07446	-0.78447	-0.458295	-0.104362	0.254732	0.608507	0.934829	1.22296	1.4619	1.63544	1.74688	1.78743	1.75835	1.67218	1.52909	1.34374	1.14869	0.968917	0.832298	0.784219	0.855473	1.0197	1.20601	1.36068	1.47066	1.51629	
1.51291	1.43423	1.2864	1.07688	0.803001	0.509814	0.211583	-0.0875006	-0.356937	-0.593395	-0.782772	-0.927633	-1.02749	-1.09225	-1.12361	-1.13542	-1.13342	-1.12761	-1.11785	-1.11046	-1.10906	-1.10419	-1.09299	-1.05891	-0.978982	-0.833467	-0.613675	-0.332916	-0.0178779	0.325206	0.695519	1.08452	1.45791	1.80553	2.11251	2.33556	2.48731	2.53675	2.45329	2.26816	1.96242	1.54135	1.05129	0.517535	-0.0406367	-0.589153	-1.04473	-1.3606	-1.52231	-1.55771	-1.49489	-1.36673	-1.20725	-1.04423	-0.917334	-0.842496	-0.814486	-0.812189	-0.803434	-0.785643	-0.788127	-0.806338	-0.812236	-0.817134	-0.853248	-0.938831	-1.07558	-1.24155	-1.40008	-1.52702	-1.5982	-1.5995	-1.52786	-1.37849	-1.16202	-0.883626	-0.563272	-0.209032	0.156158	0.516683	0.856991	1.15818	1.41225	1.6029	1.72915	1.78441	1.76803	1.69208	1.55715	1.37409	1.17268	0.975618	0.80562	0.707933	0.729208	0.869013	1.06728	1.25304	1.39754	1.49442	
1.50889	1.50491	1.41588	1.27208	1.06832	0.810903	0.53782	0.259689	-0.00990557	-0.258214	-0.477967	-0.661368	-0.807658	-0.918566	-0.9984	-1.05318	-1.08622	-1.10669	-1.11692	-1.12074	-1.11802	-1.10868	-1.0807	-1.02094	-0.905349	-0.713525	-0.440704	-0.110596	0.251981	0.636559	1.04179	1.44781	1.82007	2.15239	2.42076	2.60779	2.69716	2.65774	2.50315	2.24227	1.85187	1.37342	0.844927	0.280485	-0.294557	-0.813518	-1.21044	-1.45542	-1.55773	-1.54224	-1.445	-1.28696	-1.11681	-0.957363	-0.851592	-0.812816	-0.806	-0.812382	-0.801485	-0.775482	-0.779352	-0.806129	-0.811751	-0.805291	-0.817134	-0.866833	-0.986585	-1.15117	-1.32282	-1.47719	-1.57366	-1.606	-1.55661	-1.43017	-1.22779	-0.963046	-0.645121	-0.293537	0.0753497	0.441985	0.791192	1.10391	1.36978	1.57369	1.71273	1.78015	1.77417	1.70679	1.57907	1.39904	1.19416	0.985054	0.788723	0.645912	0.611616	0.709479	0.901859	1.11333	1.29084	1.42634	
1.44572	1.51547	1.49968	1.41179	1.27585	1.08772	0.857461	0.608032	0.353474	0.10875	-0.118024	-0.319025	-0.491602	-0.633452	-0.745732	-0.831055	-0.896041	-0.939444	-0.967899	-0.983161	-0.981969	-0.967082	-0.923547	-0.840363	-0.692128	-0.461789	-0.153369	0.210394	0.602811	1.00899	1.4269	1.82943	2.18924	2.49238	2.71963	2.84391	2.84839	2.73895	2.5167	2.1684	1.70818	1.19	0.626143	0.0363953	-0.533321	-1.00523	-1.33693	-1.51839	-1.57343	-1.52029	-1.39746	-1.22365	-1.04949	-0.908397	-0.82662	-0.812953	-0.809273	-0.785857	-0.762019	-0.750163	-0.751416	-0.765853	-0.791773	-0.811751	-0.812236	-0.836834	-0.932738	-1.08255	-1.26125	-1.43007	-1.54823	-1.60327	-1.57377	-1.46556	-1.27614	-1.02033	-0.706787	-0.35785	0.0130457	0.384577	0.740088	1.06199	1.33674	1.54973	1.69854	1.77574	1.77792	1.71715	1.59519	1.41819	1.2118	0.995145	0.780061	0.600481	0.512226	0.555424	0.719182	0.941288	1.15099	1.31839	
1.33445	1.45436	1.51661	1.50123	1.42221	1.29777	1.13189	0.933979	0.716428	0.492386	0.273758	0.0701726	-0.112119	-0.270901	-0.404294	-0.509624	-0.592128	-0.652884	-0.693097	-0.714776	-0.717682	-0.696305	-0.644225	-0.543427	-0.373856	-0.121086	0.210045	0.595834	1.00152	1.41495	1.82932	2.21622	2.54474	2.79961	2.96435	3.01483	2.95416	2.77807	2.46949	2.04675	1.54453	0.991535	0.395285	-0.204069	-0.74027	-1.15234	-1.42409	-1.5563	-1.57861	-1.50123	-1.36161	-1.18167	-1.00671	-0.882746	-0.814038	-0.8082	-0.800944	-0.756296	-0.728036	-0.729884	-0.728797	-0.73028	-0.765853	-0.806129	-0.806338	-0.822534	-0.903439	-1.03811	-1.22033	-1.39407	-1.52855	-1.5973	-1.58307	-1.48639	-1.30696	-1.05673	-0.749461	-0.400312	-0.0300622	0.345417	0.70523	1.03142	1.31346	1.53362	1.68835	1.77189	1.7799	1.72381	1.60589	1.43126	1.22442	1.00352	0.776473	0.570303	0.436504	0.421703	0.536538	0.743852	0.975554	1.17637	
1.18759	1.33782	1.45163	1.51308	1.50828	1.44535	1.33818	1.19707	1.03152	0.850343	0.66269	0.477472	0.303722	0.146434	0.0073938	-0.109772	-0.20251	-0.273531	-0.321983	-0.347824	-0.351796	-0.327297	-0.268444	-0.156974	0.0243608	0.289357	0.632148	1.02138	1.42266	1.82384	2.21378	2.56359	2.84237	3.0408	3.14436	3.13235	3.00306	2.74474	2.36407	1.89816	1.36413	0.776892	0.160544	-0.417842	-0.900615	-1.25272	-1.47582	-1.57794	-1.5794	-1.49147	-1.34274	-1.16088	-0.988903	-0.86737	-0.803916	-0.786794	-0.775179	-0.744697	-0.728178	-0.73486	-0.732897	-0.728797	-0.751416	-0.779352	-0.788127	-0.812108	-0.886602	-1.02013	-1.1984	-1.37635	-1.51731	-1.59328	-1.58712	-1.49641	-1.32229	-1.0765	-0.77109	-0.42355	-0.0515883	0.324427	0.686566	1.01617	1.30086	1.52441	1.68284	1.76981	1.78077	1.72715	1.61141	1.43812	1.23115	1.00807	0.774191	0.551142	0.384201	0.318344	0.374684	0.540121	0.767875	0.996808	
1.00078	1.18347	1.32771	1.43729	1.50278	1.51469	1.47507	1.39315	1.28014	1.14633	1.00033	0.849214	0.700484	0.561458	0.435874	0.325464	0.234352	0.163779	0.114246	0.0871959	0.0840427	0.108449	0.169368	0.281059	0.461606	0.72327	1.05729	1.43082	1.81157	2.1838	2.53651	2.842	3.07108	3.21447	3.25521	3.17218	2.96713	2.64513	2.22561	1.73018	1.16169	0.552236	-0.0508052	-0.5811	-1.00495	-1.30893	-1.50111	-1.58777	-1.58166	-1.49116	-1.34102	-1.15895	-0.987572	-0.865604	-0.803009	-0.7839	-0.771687	-0.744239	-0.729358	-0.736667	-0.73486	-0.729884	-0.750163	-0.775482	-0.785643	-0.811242	-0.884942	-1.0189	-1.19625	-1.37473	-1.51595	-1.59271	-1.58736	-1.49748	-1.32395	-1.07849	-0.772863	-0.42566	-0.053446	0.322437	0.684771	1.01487	1.29974	1.52353	1.68233	1.7696	1.78083	1.72745	1.6119	1.43866	1.23141	1.00719	0.769827	0.537583	0.350235	0.247034	0.249162	0.356873	0.548312	0.779604	
0.772303	0.98498	1.16254	1.30342	1.41105	1.48236	1.51218	1.49976	1.44989	1.37093	1.27209	1.16145	1.04573	0.932071	0.826749	0.732973	0.653318	0.590712	0.546388	0.521731	0.519136	0.541824	0.598703	0.703014	0.872985	1.11989	1.43458	1.78552	2.13811	2.47448	2.78488	3.04158	3.21443	3.29369	3.26642	3.11934	2.86447	2.5095	2.06063	1.53363	0.945248	0.346746	-0.208592	-0.680225	-1.05477	-1.32738	-1.50693	-1.5894	-1.58839	-1.50122	-1.35732	-1.17611	-1.00147	-0.879025	-0.811774	-0.804857	-0.79634	-0.752809	-0.726082	-0.729358	-0.728178	-0.728036	-0.762019	-0.801485	-0.803434	-0.820307	-0.899176	-1.0326	-1.21434	-1.38904	-1.52524	-1.59596	-1.584	-1.48925	-1.31167	-1.06238	-0.755358	-0.406164	-0.035967	0.339768	0.700124	1.02705	1.31006	1.53125	1.68687	1.77126	1.78011	1.72473	1.60735	1.43279	1.22486	0.999902	0.760916	0.52473	0.327426	0.202006	0.163986	0.215384	0.349677	0.547287	
0.529453	0.742794	0.947183	1.12224	1.2631	1.37177	1.44919	1.49438	1.50716	1.49001	1.44812	1.38804	1.316	1.23796	1.16022	1.08814	1.02514	0.974277	0.937836	0.91746	0.915396	0.935431	0.985289	1.07831	1.23168	1.45659	1.74457	2.06392	2.37781	2.66832	2.92686	3.12731	3.24126	3.26341	3.18776	3.00334	2.71895	2.33685	1.86146	1.32012	0.748189	0.199159	-0.296459	-0.71546	-1.05764	-1.3163	-1.49514	-1.58663	-1.59707	-1.52357	-1.39122	-1.21424	-1.03866	-0.902104	-0.823491	-0.813445	-0.809182	-0.778369	-0.752809	-0.744239	-0.744697	-0.756296	-0.785857	-0.812382	-0.812189	-0.833152	-0.925405	-1.07125	-1.2515	-1.42178	-1.54414	-1.60215	-1.57629	-1.47049	-1.28355	-1.02948	-0.717144	-0.367903	0.0030981	0.375296	0.731804	1.05488	1.33121	1.54587	1.69615	1.77484	1.77839	1.71873	1.59757	1.42039	1.21129	0.985637	0.745967	0.509129	0.309232	0.17416	0.112549	0.12164	0.198319	0.338787	
0.316996	0.492511	0.690212	0.885187	1.05861	1.20235	1.3157	1.4004	1.45815	1.49062	1.50024	1.49074	1.46646	1.43173	1.39101	1.34904	1.30985	1.27663	1.25207	1.23828	1.23743	1.25327	1.29281	1.3687	1.49737	1.69055	1.9414	2.21942	2.4883	2.73055	2.93967	3.09335	3.16515	3.15092	3.04566	2.83513	2.52525	2.12282	1.64433	1.1306	0.612364	0.127358	-0.313242	-0.697097	-1.02194	-1.28041	-1.46822	-1.57628	-1.60493	-1.55293	-1.43952	-1.27368	-1.10174	-0.944535	-0.844159	-0.811005	-0.806505	-0.809182	-0.79634	-0.771687	-0.77518	-0.800944	-0.809273	-0.806	-0.814488	-0.858133	-0.973033	-1.1354	-1.30877	-1.46709	-1.56857	-1.6063	-1.56097	-1.43881	-1.23829	-0.976017	-0.659227	-0.308289	0.0615214	0.429272	0.77968	1.09447	1.3624	1.56842	1.70962	1.77918	1.77503	1.70909	1.58224	1.40123	1.19057	0.964118	0.724252	0.488862	0.291182	0.15516	0.0835902	0.0676696	0.100957	0.183782	
0.164952	0.283081	0.437986	0.615882	0.797935	0.967499	1.11444	1.23496	1.32922	1.39913	1.44727	1.47666	1.49073	1.49296	1.48655	1.47475	1.46072	1.44718	1.43639	1.43034	1.43102	1.44175	1.46907	1.52488	1.62556	1.78429	1.99729	2.23721	2.46865	2.67316	2.84558	2.96665	3.0092	2.96719	2.83725	2.60704	2.28883	1.90036	1.46052	1.00811	0.557285	0.127913	-0.271633	-0.63795	-0.95576	-1.22452	-1.42455	-1.55447	-1.60602	-1.58336	-1.49454	-1.35269	-1.18852	-1.02397	-0.900688	-0.833419	-0.811005	-0.813445	-0.804857	-0.7839	-0.786794	-0.8082	-0.812954	-0.812819	-0.842504	-0.920853	-1.05493	-1.22216	-1.3839	-1.51716	-1.59358	-1.60192	-1.53472	-1.39056	-1.17725	-0.900741	-0.581379	-0.227734	0.13848	0.500475	0.843014	1.14641	1.40297	1.59668	1.72571	1.78357	1.76943	1.69514	1.56083	1.37506	1.16257	0.935212	0.695523	0.463183	0.270965	0.139431	0.0668706	0.039844	0.0474468	0.0876547	
