0.14813	0.0482623	0.011819	0.00221964	0.000327059	3.86299e-05	3.72713e-06	2.98586e-07	2.03596e-08	3.19799e-09	1.5342e-08	9.30834e-08	4.56815e-07	1.79485e-06	5.63281e-06	1.41828e-05	2.89987e-05	4.89756e-05	6.95795e-05	8.43372e-05	8.8075e-05	7.94754e-05	6.15778e-05	4.0477e-05	2.22122e-05	9.98863e-06	3.63694e-06	1.06376e-06	2.48552e-07	4.63714e-08	6.94572e-09	8.4339e-10	8.39966e-11	6.94477e-12	4.82207e-13	2.84187e-14	1.43525e-15	6.26488e-17	2.38152e-18	7.9372e-20	2.33312e-21	6.08073e-23	1.41174e-24	2.93179e-26	5.46634e-28	9.18042e-30	1.39293e-31	2.16653e-33	4.08459e-33	5.30629e-32	5.58339e-31	4.7065e-30	3.17613e-29	1.70106e-28	6.94898e-28	2.03597e-27	4.41888e-27	9.00784e-27	1.97895e-26	2.00443e-25	1.0515e-23	5.63125e-22	2.72805e-20	1.18876e-18	4.64042e-17	1.61536e-15	4.98874e-14	1.35892e-12	3.24341e-11	6.73171e-10	1.20445e-08	1.83924e-07	2.36927e-06	2.53998e-05	0.000223059	0.00157547	0.00876476	0.0375568	0.12146	0.293876	0.543016	0.815844	1.07745	1.31965	1.53571	1.71203	1.84864	1.94384	1.99718	2.01635	2.00332	1.9577	1.87151	1.74202	1.57479	1.36503	1.12817	0.869276	0.597863	0.339591	
0.0482623	0.0129797	0.00268231	0.000433866	5.60146e-05	5.87857e-06	5.09735e-07	3.74357e-08	6.37705e-09	3.44843e-08	2.35949e-07	1.3127e-06	5.87284e-06	2.1044e-05	6.05145e-05	0.000141026	0.000270804	0.000436809	0.000602446	0.000719039	0.000748472	0.000680906	0.000538734	0.000367162	0.000212555	0.000102508	4.0497e-05	1.29471e-05	3.31897e-06	6.79638e-07	1.11513e-07	1.47832e-08	1.60124e-09	1.43419e-10	1.0748e-11	6.81349e-13	3.69015e-14	1.72269e-15	6.98704e-17	2.4794e-18	7.74583e-20	2.14217e-21	5.27024e-23	1.15848e-24	2.28406e-26	4.05305e-28	6.49407e-30	1.16943e-31	3.48866e-31	4.31839e-30	4.32697e-29	3.48113e-28	2.24757e-27	1.15463e-26	4.54851e-26	1.3014e-25	2.78686e-25	5.52302e-25	1.01813e-24	1.3867e-24	1.93078e-24	3.49323e-23	1.74731e-21	8.08358e-20	3.35768e-18	1.24658e-16	4.11697e-15	1.20302e-13	3.09141e-12	6.93783e-11	1.34908e-09	2.2525e-08	3.19581e-07	3.80685e-06	3.75494e-05	0.00030185	0.00194249	0.00981637	0.0382446	0.113481	0.257546	0.461445	0.68963	0.910224	1.11052	1.27982	1.41541	1.51333	1.57683	1.60263	1.58504	1.52843	1.43815	1.30981	1.14705	0.9524	0.735108	0.50639	0.294707	0.136333	
0.011819	0.00268231	0.000476571	6.73888e-05	7.71318e-06	7.26025e-07	5.76041e-08	1.06482e-08	6.43147e-08	4.92065e-07	3.07509e-06	1.55056e-05	6.27052e-05	0.000203232	0.000531602	0.00113976	0.00204508	0.00313651	0.00418322	0.00490527	0.00508684	0.00467059	0.00378499	0.0026862	0.00164778	0.000856775	0.000369735	0.000130207	3.6924e-05	8.36758e-06	1.5156e-06	2.20894e-07	2.61804e-08	2.55374e-09	2.075e-10	1.42046e-11	8.27767e-13	4.14475e-14	1.79804e-15	6.80786e-17	2.26448e-18	6.65566e-20	1.73746e-21	4.04694e-23	8.44491e-25	1.58451e-26	2.68285e-28	5.98794e-30	2.73008e-29	3.21504e-28	3.06531e-27	2.35182e-26	1.4516e-25	7.14804e-25	2.71409e-24	7.57782e-24	1.60018e-23	3.09585e-23	5.52624e-23	7.37917e-23	7.15034e-23	5.19956e-23	1.20898e-22	4.61958e-21	2.03322e-19	8.0386e-18	2.834e-16	8.86466e-15	2.44636e-13	5.91844e-12	1.24616e-10	2.26488e-09	3.51985e-08	4.62739e-07	5.0832e-06	4.60105e-05	0.000337847	0.00197906	0.00909814	0.032415	0.089298	0.193243	0.340289	0.509779	0.679435	0.833389	0.959479	1.05267	1.11153	1.13383	1.11891	1.06705	0.980599	0.861082	0.711764	0.54429	0.372998	0.219617	0.105993	0.0402718	
0.00221964	0.000433866	6.73888e-05	8.44164e-06	8.65746e-07	7.44843e-08	1.49526e-08	1.00037e-07	8.49626e-07	5.91953e-06	3.33754e-05	0.000151028	0.00054641	0.00158596	0.00374114	0.00732775	0.0122139	0.0177198	0.0227512	0.0261318	0.0269752	0.0250402	0.0208624	0.0154938	0.0101233	0.00570966	0.00271277	0.00106212	0.000336543	8.52545e-05	1.72084e-05	2.78075e-06	3.63285e-07	3.88358e-08	3.43971e-09	2.55435e-10	1.60788e-11	8.66379e-13	4.0314e-14	1.63259e-15	5.79389e-17	1.813e-18	5.02944e-20	1.2429e-21	2.74798e-23	5.45655e-25	9.77253e-27	3.00029e-28	1.95303e-27	2.18501e-26	1.9805e-25	1.44776e-24	8.53482e-24	4.02534e-23	1.47226e-22	4.00808e-22	8.33994e-22	1.57518e-21	2.72393e-21	3.58854e-21	3.48069e-21	2.49006e-21	1.39158e-21	9.4682e-22	1.07595e-20	4.38364e-19	1.6464e-17	5.50116e-16	1.62631e-14	4.22881e-13	9.60718e-12	1.89256e-10	3.20509e-09	4.62085e-08	5.60886e-07	5.66063e-06	4.68446e-05	0.000313177	0.00166654	0.00697256	0.0228133	0.0588041	0.122167	0.211435	0.316273	0.423627	0.52022	0.596018	0.644103	0.662074	0.650126	0.607962	0.537184	0.444072	0.337852	0.231437	0.138035	0.0690749	0.0279544	0.00891332	
0.000327059	5.60146e-05	7.71318e-06	8.65746e-07	8.11251e-08	1.77068e-08	1.3022e-07	1.21997e-06	9.41599e-06	5.89881e-05	0.000296796	0.0011907	0.0038053	0.00977369	0.0205846	0.0365424	0.0562165	0.0767192	0.0943731	0.105793	0.108593	0.10214	0.0878606	0.0686307	0.0480402	0.0295873	0.0156163	0.00687264	0.00246301	0.000706165	0.000160703	2.90911e-05	4.22672e-06	4.98933e-07	4.8477e-08	3.92613e-09	2.68157e-10	1.56088e-11	7.81576e-13	3.39471e-14	1.28842e-15	4.30091e-17	1.27006e-18	3.33483e-20	7.82152e-22	1.64529e-23	3.12146e-25	1.5117e-26	1.27408e-25	1.3523e-24	1.16405e-23	8.09875e-23	4.55529e-22	2.05587e-21	7.23789e-21	1.9196e-20	3.93268e-20	7.25114e-20	1.21518e-19	1.57879e-19	1.53356e-19	1.11628e-19	6.4284e-20	3.43072e-20	1.65926e-20	2.6074e-20	8.17214e-19	2.90569e-17	9.18051e-16	2.55861e-14	6.25118e-13	1.32951e-11	2.44197e-10	3.83893e-09	5.11314e-08	5.70456e-07	5.26416e-06	3.96385e-05	0.000240232	0.0011578	0.00440568	0.0132658	0.032073	0.0638072	0.107537	0.158462	0.209521	0.253021	0.282435	0.293942	0.286254	0.260208	0.219045	0.168865	0.117301	0.0716343	0.0372951	0.0160458	0.00554837	0.00151691	
3.86299e-05	5.87857e-06	7.26025e-07	7.44843e-08	1.77068e-08	1.42153e-07	1.46087e-06	1.24222e-05	8.60172e-05	0.000478932	0.00212139	0.00743169	0.0206567	0.0462993	0.0861202	0.137453	0.193996	0.247786	0.290901	0.317261	0.323504	0.308968	0.275371	0.227167	0.171278	0.115917	0.068598	0.0343591	0.0141311	0.00465575	0.00121191	0.000248927	4.06621e-05	5.3484e-06	5.74374e-07	5.10523e-08	3.80333e-09	2.40202e-10	1.2991e-11	6.0708e-13	2.47067e-14	8.8182e-16	2.77729e-17	7.76095e-19	1.93363e-20	4.31393e-22	8.6925e-24	7.70529e-25	7.55922e-24	7.60093e-23	6.20594e-22	4.10437e-21	2.20002e-20	9.49119e-20	3.2137e-19	8.2952e-19	1.67173e-18	3.00894e-18	4.88876e-18	6.26141e-18	6.09117e-18	4.51314e-18	2.68469e-18	1.46411e-18	7.00197e-19	2.54471e-19	1.05447e-19	1.33416e-18	4.44338e-17	1.32389e-15	3.46811e-14	7.93525e-13	1.57414e-11	2.68479e-10	3.90009e-09	4.77478e-08	4.86937e-07	4.08465e-06	2.78215e-05	0.000152045	0.000661111	0.00228407	0.00632544	0.0142961	0.0269749	0.0436182	0.0620234	0.0789832	0.0912125	0.0961955	0.0928513	0.0819115	0.0656471	0.0472472	0.0300292	0.0164409	0.00755025	0.00283483	0.000852679	0.000203556	
3.72713e-06	5.09735e-07	5.76041e-08	1.49526e-08	1.3022e-07	1.46087e-06	1.3621e-05	0.000103797	0.000637229	0.00310837	0.0119171	0.0357796	0.0849313	0.163708	0.266413	0.380317	0.491347	0.586696	0.657588	0.698044	0.707176	0.685666	0.632785	0.551219	0.448368	0.334419	0.223371	0.128872	0.0618176	0.0238353	0.00722454	0.00171057	0.000318356	4.71734e-05	5.64981e-06	5.5518e-07	4.53874e-08	3.1258e-09	1.83364e-10	9.25171e-12	4.0495e-13	1.54925e-14	5.2152e-16	1.55381e-17	4.11871e-19	9.75835e-21	2.09978e-22	3.89378e-23	4.06701e-22	3.86828e-21	2.99148e-20	1.87802e-19	9.58007e-19	3.946e-18	1.28377e-17	3.22151e-17	6.38008e-17	1.12089e-16	1.76648e-16	2.22957e-16	2.17234e-16	1.63887e-16	1.00638e-16	5.61179e-17	2.73129e-17	1.02214e-17	2.97045e-18	7.36315e-19	1.98668e-18	5.9118e-17	1.65556e-15	4.06247e-14	8.67148e-13	1.59753e-11	2.5178e-10	3.36138e-09	3.75984e-08	3.48179e-07	2.63651e-06	1.61322e-05	7.90153e-05	0.000308578	0.000965045	0.002448	0.00512585	0.00904385	0.0137652	0.018419	0.0219446	0.02342	0.022427	0.0192503	0.0147378	0.00994877	0.00581743	0.00287925	0.00117953	0.000391855	0.00010409	2.202e-05	
2.98586e-07	3.74357e-08	1.06482e-08	1.00037e-07	1.21997e-06	1.24222e-05	0.000103797	0.000700693	0.00375936	0.0157841	0.0513016	0.129144	0.256999	0.421823	0.60022	0.770955	0.920232	1.03774	1.12121	1.16856	1.17948	1.15428	1.09237	0.994827	0.864109	0.704632	0.528899	0.353153	0.200317	0.092193	0.0332351	0.00924776	0.00199295	0.000337083	4.55021e-05	4.98557e-06	4.5038e-07	3.40163e-08	2.17454e-09	1.18927e-10	5.61687e-12	2.3098e-13	8.33002e-15	2.65133e-16	7.48962e-18	1.88716e-19	4.39518e-21	1.88856e-21	1.9778e-20	1.77642e-19	1.29907e-18	7.72894e-18	3.74627e-17	1.47125e-16	4.59375e-16	1.11936e-15	2.17609e-15	3.73122e-15	5.70682e-15	7.09605e-15	6.92507e-15	5.32088e-15	3.37056e-15	1.92251e-15	9.53511e-16	3.69015e-16	1.11915e-16	2.70949e-17	5.37724e-18	3.1445e-18	6.8667e-17	1.79914e-15	4.11884e-14	8.16501e-13	1.38988e-11	2.01264e-10	2.45354e-09	2.48947e-08	2.07721e-07	1.40846e-06	7.68202e-06	3.35008e-05	0.000116914	0.000329326	0.000758687	0.00145173	0.00235299	0.00329284	0.00403089	0.00434497	0.00413323	0.00346498	0.00254579	0.00162018	0.000876864	0.000395539	0.000146022	4.34287e-05	1.03147e-05	1.95675e-06	
2.03596e-08	6.37705e-09	6.43147e-08	8.49626e-07	9.41599e-06	8.60172e-05	0.000637229	0.00375936	0.0173275	0.0613178	0.165011	0.341046	0.564178	0.796848	1.01515	1.2081	1.36855	1.49345	1.58004	1.6333	1.64705	1.61668	1.54952	1.44801	1.30819	1.13475	0.929926	0.704846	0.47173	0.262748	0.115144	0.0384971	0.00979177	0.00191978	0.000295675	3.64751e-05	3.66943e-06	3.05857e-07	2.14171e-08	1.27503e-09	6.52083e-11	2.89083e-12	1.11968e-13	3.81514e-15	1.15055e-16	3.08787e-18	8.07653e-20	8.53922e-20	8.66217e-19	7.33309e-18	5.06148e-17	2.8486e-16	1.30964e-15	4.89617e-15	1.4653e-14	3.46235e-14	6.59893e-14	1.10409e-13	1.6399e-13	2.00844e-13	1.9633e-13	1.53656e-13	1.00333e-13	5.85649e-14	2.96424e-14	1.18777e-14	3.76623e-15	9.59044e-16	1.98398e-16	3.37013e-17	7.16899e-18	6.99849e-17	1.7004e-15	3.61498e-14	6.62042e-13	1.0351e-11	1.36791e-10	1.5112e-09	1.3793e-08	1.02773e-07	6.18385e-07	2.98168e-06	1.14984e-05	3.56426e-05	8.96584e-05	0.000185016	0.000317846	0.000463036	0.000580063	0.000630401	0.000596432	0.000490128	0.000347178	0.000209283	0.000105424	4.36562e-05	1.46498e-05	3.93884e-06	8.44938e-07	1.45137e-07	
3.19799e-09	3.44843e-08	4.92065e-07	5.91953e-06	5.89881e-05	0.000478932	0.00310837	0.0157841	0.0613178	0.178852	0.390447	0.659542	0.932375	1.19219	1.42879	1.63555	1.7982	1.92294	2.00253	2.04426	2.05423	2.03152	1.97543	1.87836	1.73797	1.55796	1.33695	1.0901	0.82471	0.548204	0.295393	0.121167	0.037123	0.00858113	0.00152828	0.000214519	2.42339e-05	2.24413e-06	1.73055e-07	1.12642e-08	6.26072e-10	3.00116e-11	1.25156e-12	4.57485e-14	1.47546e-15	4.22512e-17	1.37574e-18	3.52688e-18	3.40292e-17	2.70939e-16	1.76129e-15	9.3568e-15	4.072e-14	1.44662e-13	4.14345e-13	9.4796e-13	1.76876e-12	2.887e-12	4.16719e-12	5.02636e-12	4.9217e-12	3.92369e-12	2.63891e-12	1.57716e-12	8.15964e-13	3.3899e-13	1.12562e-13	3.02061e-14	6.60993e-15	1.18759e-15	1.7589e-16	2.38366e-17	6.3612e-17	1.39703e-15	2.74303e-14	4.61257e-13	6.57789e-12	7.8706e-11	7.81026e-10	6.35085e-09	4.18344e-08	2.21224e-07	9.35103e-07	3.16577e-06	8.63888e-06	1.91298e-05	3.46941e-05	5.2392e-05	6.69332e-05	7.32316e-05	6.89787e-05	5.57408e-05	3.82251e-05	2.19142e-05	1.03256e-05	3.94977e-06	1.21362e-06	2.97377e-07	5.80982e-08	9.20984e-09	
1.5342e-08	2.35949e-07	3.07509e-06	3.33754e-05	0.000296796	0.00212139	0.0119171	0.0513016	0.165011	0.390447	0.692373	0.998737	1.30154	1.58692	1.82963	2.02002	2.15693	2.24677	2.30562	2.33491	2.34129	2.32618	2.28583	2.2154	2.10883	1.94929	1.73933	1.4759	1.18136	0.877224	0.566573	0.286896	0.10758	0.0297832	0.00621423	0.00100279	0.000128249	1.32794e-05	1.13357e-06	8.1008e-08	4.90985e-09	2.55206e-10	1.14853e-11	4.5124e-13	1.55885e-14	4.77396e-16	2.4827e-17	1.31322e-16	1.19367e-15	8.91632e-15	5.44546e-14	2.72405e-13	1.11957e-12	3.77185e-12	1.03216e-11	2.28253e-11	4.16264e-11	6.62601e-11	9.30197e-11	1.10498e-10	1.08382e-10	8.80051e-11	6.09134e-11	3.72992e-11	1.97609e-11	8.52505e-12	2.96982e-12	8.41648e-13	1.95287e-13	3.72894e-14	5.87517e-15	7.64752e-16	8.43506e-17	5.48032e-17	9.96179e-16	1.79461e-14	2.75106e-13	3.54926e-12	3.80974e-11	3.36128e-10	2.40864e-09	1.38756e-08	6.38574e-08	2.34625e-07	6.90709e-07	1.63421e-06	3.11833e-06	4.86329e-06	6.31769e-06	6.95054e-06	6.52306e-06	5.19702e-06	3.46292e-06	1.89458e-06	8.38599e-07	2.9789e-07	8.43264e-08	1.89598e-08	3.43627e-09	1.33478e-09	
9.30834e-08	1.3127e-06	1.55056e-05	0.000151028	0.0011907	0.00743169	0.0357796	0.129144	0.341046	0.659542	0.998737	1.33962	1.66997	1.93618	2.14549	2.29035	2.38006	2.42521	2.4371	2.43823	2.4384	2.438	2.4345	2.41232	2.34907	2.24016	2.06916	1.83694	1.54329	1.20267	0.864073	0.523835	0.240231	0.0803173	0.0198129	0.00370465	0.000539805	6.28138e-05	5.95951e-06	4.69091e-07	3.10844e-08	1.75564e-09	8.54116e-11	3.61173e-12	1.33796e-13	4.40562e-15	5.49408e-16	4.36862e-15	3.71955e-14	2.59919e-13	1.48708e-12	6.9852e-12	2.70404e-11	8.61894e-11	2.24887e-10	4.79777e-10	8.53608e-10	1.32452e-09	1.81003e-09	2.11786e-09	2.08086e-09	1.72049e-09	1.2245e-09	7.68797e-10	4.17952e-10	1.87573e-10	6.86985e-11	2.06112e-11	5.08477e-12	1.03484e-12	1.74026e-13	2.41922e-14	2.78427e-15	2.6773e-16	5.31572e-17	6.15183e-16	1.00803e-14	1.39693e-13	1.61495e-12	1.53854e-11	1.193e-10	7.44507e-10	3.7095e-09	1.47132e-08	4.65067e-08	1.17127e-07	2.34478e-07	3.76455e-07	4.9608e-07	5.48292e-07	5.13015e-07	4.03833e-07	2.62279e-07	1.37342e-07	5.73203e-08	1.8994e-08	4.9799e-09	1.04587e-09	4.59883e-10	5.62393e-09	
4.56815e-07	5.87284e-06	6.27052e-05	0.00054641	0.0038053	0.0206567	0.0849313	0.256999	0.564178	0.932375	1.30154	1.66997	1.96793	2.20834	2.35898	2.43436	2.44104	2.40815	2.3689	2.33728	2.32909	2.34764	2.38451	2.42342	2.44554	2.41319	2.30878	2.11959	1.8585	1.52624	1.15327	0.784665	0.427727	0.171499	0.0500344	0.0108637	0.0018076	0.000236847	2.50146e-05	2.17139e-06	1.5746e-07	9.67004e-09	5.08793e-10	2.31634e-11	9.2034e-13	3.32954e-14	1.4371e-14	1.28906e-13	1.02364e-12	6.66963e-12	3.5629e-11	1.56641e-10	5.69389e-10	1.71244e-09	4.25053e-09	8.72898e-09	1.5119e-08	2.28557e-08	3.04318e-08	3.50835e-08	3.45288e-08	2.90578e-08	2.12468e-08	1.36905e-08	7.65532e-09	3.58143e-09	1.38237e-09	4.40307e-10	1.15854e-10	2.52143e-11	4.54086e-12	6.76419e-13	8.34069e-14	8.54096e-15	7.31362e-16	7.112e-17	3.28892e-16	4.83256e-15	5.99485e-14	6.14174e-13	5.1303e-12	3.452e-11	1.85329e-10	7.89949e-10	2.67015e-09	7.13501e-09	1.49492e-08	2.4639e-08	3.28715e-08	3.64721e-08	3.40391e-08	2.65197e-08	1.68334e-08	8.45818e-09	3.33917e-09	1.03629e-09	2.56063e-10	1.29363e-10	1.68229e-09	2.99464e-08	
1.79485e-06	2.1044e-05	0.000203232	0.00158596	0.00977369	0.0462993	0.163708	0.421823	0.796848	1.19219	1.58692	1.93618	2.20834	2.37403	2.44498	2.41635	2.32268	2.19531	2.06175	1.96853	1.9461	1.99815	2.11254	2.24935	2.36505	2.43746	2.42604	2.32484	2.10801	1.80891	1.42867	1.03518	0.640041	0.300627	0.102604	0.0257202	0.00486905	0.000716461	8.405e-05	8.03081e-06	6.36208e-07	4.24167e-08	2.4101e-09	1.17962e-10	5.02186e-12	2.21807e-13	3.80339e-13	3.35084e-12	2.47157e-11	1.49576e-10	7.43184e-10	3.04659e-09	1.03621e-08	2.93134e-08	6.90315e-08	1.36118e-07	2.28952e-07	3.36947e-07	4.37538e-07	4.97234e-07	4.90178e-07	4.19608e-07	3.14943e-07	2.0851e-07	1.20245e-07	5.87824e-08	2.39785e-08	8.1345e-09	2.29114e-09	5.3529e-10	1.03638e-10	1.6606e-11	2.20182e-12	2.42201e-13	2.22182e-14	1.71222e-15	1.20965e-16	1.54045e-16	1.9621e-15	2.15386e-14	1.93082e-13	1.39519e-12	8.03862e-12	3.66796e-11	1.32122e-10	3.73521e-10	8.17376e-10	1.37968e-09	1.8605e-09	2.07108e-09	1.92877e-09	1.48937e-09	9.26076e-10	4.4747e-10	1.67592e-10	4.95685e-11	2.92737e-11	4.05153e-10	7.75937e-09	1.28127e-07	
5.63281e-06	6.05145e-05	0.000531602	0.00374114	0.0205846	0.0861202	0.266413	0.60022	1.01515	1.42879	1.82963	2.14549	2.35898	2.44498	2.39817	2.25316	2.02564	1.768	1.54812	1.41227	1.37994	1.45511	1.62737	1.87043	2.12302	2.32122	2.43647	2.42516	2.28831	2.03096	1.67587	1.26404	0.847371	0.451073	0.17656	0.0504442	0.0107638	0.0017656	0.000228664	2.39226e-05	2.06083e-06	1.48544e-07	9.08023e-09	4.76141e-10	2.17037e-11	1.77645e-12	9.22038e-12	7.61818e-11	5.19596e-10	2.90759e-09	1.33763e-08	5.09048e-08	1.61334e-07	4.27746e-07	9.52715e-07	1.79848e-06	2.92929e-06	4.19273e-06	5.31471e-06	5.95762e-06	5.88233e-06	5.11818e-06	3.94031e-06	2.68418e-06	1.60137e-06	8.2029e-07	3.54771e-07	1.28667e-07	3.89571e-08	9.81473e-09	2.05223e-09	3.55279e-10	5.087e-11	6.03483e-12	5.95946e-13	4.93195e-14	3.44776e-15	2.09236e-16	6.7416e-17	6.68292e-16	6.40406e-15	4.95249e-14	3.05175e-13	1.48574e-12	5.68582e-12	1.69644e-11	3.87042e-11	6.67668e-11	9.0884e-11	1.01455e-10	9.43111e-11	7.22636e-11	4.41025e-11	2.05349e-11	7.42906e-12	5.22342e-12	7.70612e-11	1.59075e-09	2.84984e-08	4.36143e-07	
1.41828e-05	0.000141026	0.00113976	0.00732775	0.0365424	0.137453	0.380317	0.770955	1.2081	1.63555	2.02002	2.29035	2.43436	2.41635	2.25316	1.95695	1.57402	1.18413	0.845215	0.618073	0.561118	0.691552	0.970677	1.33619	1.73343	2.09091	2.33458	2.44053	2.39511	2.19576	1.87556	1.46455	1.0337	0.602536	0.263577	0.0842514	0.019982	0.00361339	0.000511904	5.81826e-05	5.41336e-06	4.19312e-07	2.74265e-08	1.53331e-09	7.59242e-11	2.44084e-11	1.96897e-10	1.50266e-09	9.42802e-09	4.85237e-08	2.05596e-07	7.22588e-07	2.12371e-06	5.25485e-06	1.10292e-05	1.98649e-05	3.12265e-05	4.34116e-05	5.37623e-05	5.94924e-05	5.88277e-05	5.19795e-05	4.1022e-05	2.88039e-05	1.7841e-05	9.60758e-06	4.42214e-06	1.72211e-06	5.63276e-07	1.53838e-07	3.49267e-08	6.56724e-09	1.02052e-09	1.31177e-10	1.4004e-11	1.24968e-12	9.39455e-14	5.9987e-15	3.29449e-16	3.38842e-17	1.88963e-16	1.55417e-15	1.02119e-14	5.28942e-14	2.14498e-13	6.73945e-13	1.60064e-12	2.81679e-12	3.86611e-12	4.32629e-12	4.01529e-12	3.05581e-12	1.83407e-12	8.38736e-13	7.15194e-13	1.12623e-11	2.51625e-10	4.91345e-09	8.25538e-08	1.18045e-06	
2.89987e-05	0.000270804	0.00204508	0.0122139	0.0562165	0.193996	0.491347	0.920232	1.36855	1.7982	2.15693	2.38006	2.44104	2.32268	2.02564	1.57402	1.03592	0.456875	-0.0762653	-0.435722	-0.524991	-0.320116	0.123397	0.68837	1.25829	1.77088	2.16636	2.38845	2.44098	2.30487	2.02992	1.63031	1.19041	0.739224	0.351957	0.123105	0.031868	0.00625893	0.000957996	0.000117069	1.16603e-05	9.63218e-07	6.69673e-08	3.97101e-09	2.44461e-10	4.38199e-10	3.64304e-09	2.54784e-08	1.46156e-07	6.87498e-07	2.66591e-06	8.60019e-06	2.33066e-05	5.35549e-05	0.00010547	0.000180528	0.000272824	0.000367755	0.000445225	0.000486777	0.000481998	0.000432085	0.000349459	0.000253486	0.000163674	9.30197e-05	4.5765e-05	1.92352e-05	6.83624e-06	2.0367e-06	5.05287e-07	1.03839e-07	1.7617e-08	2.46713e-09	2.86159e-10	2.76585e-11	2.24493e-12	1.54293e-13	9.05467e-15	4.57772e-16	2.49626e-17	4.41305e-17	3.03088e-16	1.66596e-15	7.1425e-15	2.35872e-14	5.82394e-14	1.04388e-13	1.4433e-13	1.61851e-13	1.50011e-13	1.1352e-13	6.84259e-14	7.24751e-14	1.21905e-12	2.9704e-11	6.3729e-10	1.18487e-08	1.89039e-07	2.55891e-06	
4.89756e-05	0.000436809	0.00313651	0.0177198	0.0767192	0.247786	0.586696	1.03774	1.49345	1.92294	2.24677	2.42521	2.40815	2.19531	1.768	1.18413	0.456875	-0.353542	-1.07681	-1.5433	-1.65651	-1.39537	-0.809907	-0.0289604	0.763885	1.43491	1.9593	2.30541	2.43977	2.37345	2.13551	1.75502	1.31421	0.851339	0.430471	0.161054	0.0446027	0.0093478	0.00152182	0.000197169	2.07599e-05	1.80812e-06	1.32244e-07	8.29604e-09	1.23591e-09	7.47403e-09	5.77414e-08	3.67397e-07	1.91285e-06	8.16152e-06	2.87457e-05	8.4498e-05	0.000209735	0.000444966	0.000818135	0.00132463	0.00191608	0.00249859	0.00295759	0.00319749	0.00317008	0.00288073	0.00238811	0.0017945	0.00121351	0.000731173	0.000386482	0.000176373	6.8578e-05	2.24542e-05	6.13402e-06	1.3881e-06	2.58954e-07	3.97712e-08	5.0418e-09	5.306e-10	4.67136e-11	3.46978e-12	2.19316e-13	1.1894e-14	5.57834e-16	2.38525e-17	8.83472e-18	4.67133e-17	2.112e-16	7.31829e-16	1.87638e-15	3.42074e-15	4.76069e-15	5.34863e-15	4.95357e-15	3.81377e-15	5.20577e-15	9.39966e-14	2.5253e-12	6.01905e-11	1.25142e-09	2.24972e-08	3.46216e-07	4.50778e-06	
6.95795e-05	0.000602446	0.00418322	0.0227512	0.0943731	0.290901	0.657588	1.12121	1.58004	2.00253	2.30562	2.4371	2.3689	2.06175	1.54812	0.845215	-0.0762653	-1.07681	-1.92638	-2.45554	-2.58215	-2.28924	-1.61754	-0.681867	0.314385	1.15366	1.77221	2.21452	2.42321	2.40618	2.20354	1.84313	1.40152	0.932483	0.490441	0.192026	0.0557334	0.0122312	0.00208127	0.000281206	3.08027e-05	2.78442e-06	2.10974e-07	1.48156e-08	1.37033e-08	1.10464e-07	7.75068e-07	4.44957e-06	2.08412e-05	7.99242e-05	0.00025337	0.000672741	0.00151739	0.00295235	0.00503884	0.00767608	0.0105758	0.0133031	0.0153883	0.0164594	0.0163375	0.0150424	0.0127935	0.00999229	0.00711292	0.00456789	0.00260918	0.00130188	0.000558281	0.00020269	6.15349e-05	1.54738e-05	3.20163e-06	5.4356e-07	7.585e-08	8.74616e-09	8.39769e-10	6.77292e-11	4.62965e-12	2.70539e-13	1.36249e-14	5.9579e-16	2.29614e-17	1.93552e-18	5.59789e-18	2.02408e-17	5.38343e-17	9.96992e-17	1.39573e-16	1.57156e-16	1.49142e-16	2.57102e-16	5.1046e-15	1.52388e-13	4.06885e-12	9.53808e-11	1.94758e-09	3.43326e-08	5.17134e-07	6.57547e-06	
8.43372e-05	0.000719039	0.00490527	0.0261318	0.105793	0.317261	0.698044	1.16856	1.6333	2.04426	2.33491	2.43823	2.33728	1.96853	1.41227	0.618073	-0.435722	-1.5433	-2.45554	-3.01439	-3.14732	-2.83943	-2.12653	-1.11117	0.00810145	0.971896	1.65507	2.14399	2.41092	2.41527	2.24334	1.88782	1.4504	0.98097	0.526385	0.211096	0.062911	0.0141832	0.00247678	0.00034281	3.83862e-05	3.53972e-06	2.74616e-07	3.70558e-08	1.80256e-07	1.38004e-06	8.69716e-06	4.45999e-05	0.000185918	0.000633761	0.00178861	0.00424557	0.00862324	0.0152713	0.0240423	0.0342617	0.044742	0.054111	0.0610799	0.0646304	0.0642267	0.0599309	0.0523866	0.0426843	0.0321469	0.0221327	0.0137485	0.00755941	0.00360855	0.00146812	0.000500882	0.00014152	3.28197e-05	6.21915e-06	9.63518e-07	1.22646e-07	1.29261e-08	1.13826e-09	8.45411e-11	5.34471e-12	2.90093e-13	1.36249e-14	5.57722e-16	2.00521e-17	7.66411e-19	5.1925e-19	1.38275e-18	2.59782e-18	3.65877e-18	4.2481e-18	9.15137e-18	2.03538e-16	6.73925e-15	2.01153e-13	5.30874e-12	1.23008e-10	2.48277e-09	4.32569e-08	6.43722e-07	8.08121e-06	
8.8075e-05	0.000748472	0.00508684	0.0269752	0.108593	0.323504	0.707176	1.17948	1.64705	2.05423	2.34129	2.4384	2.32909	1.9461	1.37994	0.561118	-0.524991	-1.65651	-2.58215	-3.14732	-3.28161	-2.97052	-2.24891	-1.21641	-0.0687918	0.926987	1.62745	2.125	2.40738	2.41607	2.25228	1.89646	1.46191	0.992785	0.534891	0.215621	0.0646542	0.0146694	0.00257737	0.000358729	4.03692e-05	3.74079e-06	3.13842e-07	2.67126e-07	2.08542e-06	1.43561e-05	8.03587e-05	0.00036362	0.00133139	0.0039804	0.00987142	0.020701	0.0374949	0.0599843	0.0866109	0.114873	0.141694	0.164331	0.180638	0.188899	0.18796	0.177965	0.160237	0.136575	0.109227	0.0810482	0.0550727	0.0336331	0.0180534	0.00833114	0.00323708	0.00104162	0.000274266	5.86976e-05	1.02026e-05	1.44664e-06	1.68649e-07	1.63211e-08	1.32441e-09	9.10081e-11	5.34471e-12	2.70539e-13	1.1894e-14	4.57319e-16	1.54763e-17	4.74457e-19	4.42428e-20	6.11407e-20	8.90014e-20	2.36579e-19	5.88934e-18	2.16651e-16	7.23447e-15	2.15e-13	5.6508e-12	1.30445e-10	2.62394e-09	4.55736e-08	6.762e-07	8.46447e-06	
7.94754e-05	0.000680906	0.00467059	0.0250402	0.10214	0.308968	0.685666	1.15428	1.61668	2.03152	2.32618	2.438	2.34764	1.99815	1.45511	0.691552	-0.320116	-1.39537	-2.28924	-2.83943	-2.97052	-2.66708	-1.96635	-0.974725	0.106749	1.03025	1.69189	2.16756	2.41549	2.41339	2.2315	1.87489	1.43499	0.965665	0.515185	0.205108	0.0606207	0.0135509	0.00234719	0.000322455	3.58674e-05	3.31428e-06	5.46124e-07	2.698e-06	2.01022e-05	0.000122451	0.000600692	0.00236268	0.00747825	0.0193	0.0414504	0.0758791	0.121556	0.17485	0.231082	0.285022	0.332553	0.370354	0.396271	0.409037	0.4076	0.39209	0.363677	0.323733	0.274616	0.219853	0.163787	0.111675	0.0680064	0.0360454	0.0161946	0.00603136	0.00183183	0.000449256	8.87362e-05	1.41697e-05	1.84417e-06	1.97652e-07	1.76369e-08	1.32441e-09	8.45411e-11	4.62965e-12	2.19316e-13	9.05464e-15	3.27977e-16	1.04853e-17	2.98083e-19	8.85096e-21	4.42102e-21	1.15527e-19	4.78022e-18	1.80658e-16	6.10347e-15	1.833e-13	4.86432e-12	1.13292e-10	2.29776e-09	4.02185e-08	6.01183e-07	7.58072e-06	
6.15778e-05	0.000538734	0.00378499	0.0208624	0.0878606	0.275371	0.632785	1.09237	1.54952	1.97543	2.28583	2.4345	2.38451	2.11254	1.62737	0.970677	0.123397	-0.809907	-1.61754	-2.12653	-2.24891	-1.96635	-1.32293	-0.439663	0.483277	1.25709	1.84086	2.25058	2.42972	2.39692	2.17967	1.81355	1.37152	0.903737	0.468992	0.180794	0.0516192	0.0111442	0.00186655	0.000248451	2.68623e-05	2.69332e-06	3.12577e-06	2.39665e-05	0.000158404	0.000841623	0.00355972	0.0119516	0.0320968	0.070294	0.129003	0.204674	0.28998	0.37724	0.460592	0.534397	0.596722	0.644884	0.676258	0.69054	0.688979	0.67136	0.636548	0.585296	0.520481	0.444563	0.359939	0.272589	0.188566	0.115748	0.0610145	0.0267783	0.00955883	0.0027344	0.00062342	0.00011361	1.66906e-05	1.99925e-06	1.97652e-07	1.63211e-08	1.13826e-09	6.77292e-11	3.46978e-12	1.54293e-13	5.99861e-15	2.05214e-16	6.2131e-18	1.67383e-19	5.66013e-21	7.56632e-20	3.21836e-18	1.23116e-16	4.20935e-15	1.27963e-13	3.43855e-12	8.11302e-11	1.66795e-09	2.96172e-08	4.49597e-07	5.76532e-06	
4.0477e-05	0.000367162	0.0026862	0.0154938	0.0686307	0.227167	0.551219	0.994827	1.44801	1.87836	2.2154	2.41232	2.42342	2.24935	1.87043	1.33619	0.68837	-0.0289604	-0.681867	-1.11117	-1.21641	-0.974725	-0.439663	0.259864	0.961077	1.56516	2.04299	2.34066	2.44379	2.35048	2.09837	1.70903	1.26899	0.810145	0.400843	0.146319	0.0395279	0.0080875	0.00128671	0.000163103	1.70733e-05	4.20319e-06	2.44463e-05	0.000174416	0.00100332	0.00457214	0.0163518	0.0458977	0.102613	0.188246	0.29446	0.409379	0.524241	0.634163	0.735107	0.824292	0.898321	0.956429	0.995558	1.01346	1.01149	0.989426	0.946246	0.884689	0.807595	0.715788	0.612858	0.501538	0.386277	0.272209	0.169187	0.0888465	0.0380297	0.0129538	0.00347362	0.000734071	0.000123346	1.66906e-05	1.84417e-06	1.68649e-07	1.29261e-08	8.39769e-10	4.67136e-11	2.24493e-12	9.39455e-14	3.44752e-15	1.11634e-16	3.20729e-18	8.29804e-20	4.11185e-20	1.69539e-18	6.58395e-17	2.28767e-15	7.07597e-14	1.93726e-12	4.6642e-11	9.80232e-10	1.78291e-08	2.77892e-07	3.66895e-06	
2.22122e-05	0.000212555	0.00164778	0.0101233	0.0480402	0.171278	0.448368	0.864109	1.30819	1.73797	2.10883	2.34907	2.44554	2.36505	2.12302	1.73343	1.25829	0.763885	0.314385	0.00810145	-0.0687918	0.106749	0.483277	0.961077	1.45285	1.90522	2.24058	2.41525	2.42992	2.26716	1.97391	1.56919	1.13165	0.687008	0.31714	0.10726	0.026858	0.00510991	0.000758987	9.03511e-05	1.09648e-05	2.18029e-05	0.000163668	0.00101958	0.00502038	0.0192434	0.0569498	0.131017	0.241302	0.373506	0.512744	0.65344	0.791741	0.925099	1.04521	1.15212	1.23821	1.30262	1.34663	1.36829	1.36585	1.33956	1.29133	1.22272	1.13229	1.02223	0.899388	0.764268	0.625393	0.484591	0.346147	0.216983	0.112928	0.0467652	0.0150654	0.00376135	0.000734071	0.00011361	1.41697e-05	1.44664e-06	1.22646e-07	8.74616e-09	5.306e-10	2.76585e-11	1.24968e-12	4.93195e-14	1.71172e-15	5.25589e-17	1.43566e-18	4.90111e-20	6.24772e-19	2.50519e-17	9.00745e-16	2.88631e-14	8.19691e-13	2.05014e-11	4.48346e-10	8.50231e-09	1.38481e-07	1.91563e-06	
9.98863e-06	0.000102508	0.000856775	0.00570966	0.0295873	0.115917	0.334419	0.704632	1.13475	1.55796	1.94929	2.24016	2.41319	2.43746	2.32122	2.09091	1.77088	1.43491	1.15366	0.971896	0.926987	1.03025	1.25709	1.56516	1.90522	2.19881	2.38254	2.44391	2.35998	2.13749	1.80156	1.38735	0.962273	0.543157	0.227916	0.0697657	0.0158747	0.00276196	0.000377672	4.30352e-05	1.93181e-05	0.000130981	0.000883409	0.00471806	0.019531	0.0616958	0.148283	0.277814	0.43027	0.591423	0.759678	0.930996	1.09507	1.24682	1.38008	1.49263	1.58611	1.65531	1.69983	1.72042	1.71816	1.69286	1.64345	1.56927	1.47169	1.35516	1.21767	1.06316	0.896846	0.725623	0.558301	0.398976	0.249268	0.126854	0.0500696	0.0150654	0.00347362	0.00062342	8.87362e-05	1.02026e-05	9.63518e-07	7.585e-08	5.0418e-09	2.86159e-10	1.4004e-11	5.95946e-13	2.22181e-14	7.30459e-16	2.13e-17	5.5726e-19	1.78709e-19	6.95482e-18	2.61572e-16	8.7811e-15	2.61711e-13	6.88291e-12	1.58632e-10	3.17848e-09	5.48602e-08	8.06947e-07	
3.63694e-06	4.0497e-05	0.000369735	0.00271277	0.0156163	0.068598	0.223371	0.528899	0.929926	1.33695	1.73933	2.06916	2.30878	2.42604	2.43647	2.33458	2.16636	1.9593	1.77221	1.65507	1.62745	1.69189	1.84086	2.04299	2.24058	2.38254	2.45196	2.39289	2.22552	1.94867	1.58221	1.17579	0.766472	0.389704	0.14473	0.0392723	0.00798729	0.0012538	0.000156836	2.54794e-05	9.00008e-05	0.000651693	0.00379216	0.0171007	0.0584987	0.149941	0.292137	0.460353	0.642378	0.838395	1.03898	1.229	1.40778	1.56866	1.71077	1.83009	1.92308	1.99231	2.03887	2.06152	2.05898	2.03143	1.98025	1.90649	1.80841	1.68395	1.53793	1.37325	1.19169	0.999567	0.798355	0.60463	0.425934	0.26055	0.126854	0.0467652	0.0129538	0.0027344	0.000449256	5.86976e-05	6.21915e-06	5.4356e-07	3.97712e-08	2.46713e-09	1.31177e-10	6.03483e-12	2.42201e-13	8.54092e-15	2.66307e-16	7.38346e-18	2.15818e-19	1.45688e-18	5.75385e-17	2.0375e-15	6.4183e-14	1.7882e-12	4.37754e-11	9.34499e-10	1.72455e-08	2.72344e-07	
1.06376e-06	1.29471e-05	0.000130207	0.00106212	0.00687264	0.0343591	0.128872	0.353153	0.704846	1.0901	1.4759	1.83694	2.11959	2.32484	2.42516	2.44053	2.38845	2.30541	2.21452	2.14399	2.125	2.16756	2.25058	2.34066	2.41525	2.44391	2.39289	2.25968	2.01316	1.70379	1.32137	0.936733	0.554293	0.245271	0.0786853	0.0186107	0.00334179	0.000469219	5.7833e-05	5.57825e-05	0.00040833	0.00260037	0.0128889	0.0484689	0.135565	0.282554	0.463084	0.662219	0.882322	1.10526	1.32151	1.52862	1.71759	1.88523	2.02467	2.13908	2.23142	2.29728	2.33835	2.35681	2.3548	2.33201	2.28618	2.21507	2.11799	1.99889	1.85379	1.6813	1.48861	1.27856	1.0615	0.837174	0.620661	0.425934	0.249268	0.112928	0.0380297	0.00955883	0.00183183	0.000274266	3.28197e-05	3.20163e-06	2.58954e-07	1.7617e-08	1.02052e-09	5.087e-11	2.20182e-12	8.34069e-14	2.78422e-15	8.23954e-17	2.17823e-18	2.84179e-19	9.75222e-18	3.65796e-16	1.22334e-14	3.62757e-13	9.47882e-12	2.16714e-10	4.3e-09	7.33481e-08	
2.48552e-07	3.31897e-06	3.6924e-05	0.000336543	0.00246301	0.0141311	0.0618176	0.200317	0.47173	0.82471	1.18136	1.54329	1.8585	2.10801	2.28831	2.39511	2.44098	2.43977	2.42321	2.41092	2.40738	2.41549	2.42972	2.44379	2.42992	2.35998	2.22552	2.01316	1.74234	1.39848	1.03813	0.680703	0.347973	0.129811	0.0353735	0.00722448	0.00113875	0.00014446	3.90391e-05	0.000217133	0.0015154	0.00832604	0.0349004	0.108873	0.250173	0.438465	0.648934	0.886407	1.12997	1.37207	1.60592	1.8175	2.00664	2.16825	2.30329	2.40945	2.48538	2.53741	2.57078	2.58607	2.58441	2.56558	2.52857	2.47235	2.39082	2.27837	2.13806	1.97103	1.77663	1.56113	1.32335	1.08186	0.837174	0.60463	0.398976	0.216983	0.0888465	0.0267783	0.00603136	0.00104162	0.00014152	1.54738e-05	1.3881e-06	1.03839e-07	6.56724e-09	3.55279e-10	1.6606e-11	6.76419e-13	2.41922e-14	7.64681e-16	2.14851e-17	5.68391e-19	1.30428e-18	5.14662e-17	1.83158e-15	5.79448e-14	1.62023e-12	3.97786e-11	8.51032e-10	1.5728e-08	
4.63714e-08	6.79638e-07	8.36758e-06	8.52545e-05	0.000706165	0.00465575	0.0238353	0.092193	0.262748	0.548204	0.877224	1.20267	1.52624	1.80891	2.03096	2.19576	2.30487	2.37345	2.40618	2.41527	2.41607	2.41339	2.39692	2.35048	2.26716	2.13749	1.94867	1.70379	1.39848	1.07174	0.746651	0.423563	0.179154	0.0554505	0.0127787	0.00225236	0.000312572	4.46764e-05	9.93353e-05	0.000746924	0.00458153	0.0216521	0.0767079	0.199725	0.386834	0.603929	0.850157	1.11353	1.37683	1.63305	1.87007	2.0837	2.26247	2.41305	2.527	2.6104	2.67198	2.71561	2.74191	2.75325	2.75202	2.73793	2.70833	2.6612	2.59575	2.50686	2.38568	2.2289	2.04405	1.8237	1.58389	1.32335	1.0615	0.798355	0.558301	0.346147	0.169187	0.0610145	0.0161946	0.00323708	0.000500882	6.15349e-05	6.13402e-06	5.05287e-07	3.49267e-08	2.05223e-09	1.03638e-10	4.54086e-12	1.74026e-13	5.87516e-15	1.75811e-16	4.69161e-18	2.48017e-19	5.75997e-18	2.18202e-16	7.36999e-15	2.20665e-13	5.82111e-12	1.34357e-10	2.69163e-09	
6.94572e-09	1.11513e-07	1.5156e-06	1.72084e-05	0.000160703	0.00121191	0.00722454	0.0332351	0.115144	0.295393	0.566573	0.864073	1.15327	1.42867	1.67587	1.87556	2.02992	2.13551	2.20354	2.24334	2.25228	2.2315	2.17967	2.09837	1.97391	1.80156	1.58221	1.32137	1.03813	0.746651	0.451092	0.209634	0.0723297	0.0186186	0.00365113	0.000559015	7.16454e-05	4.26499e-05	0.000309847	0.00213123	0.0114498	0.0466699	0.140709	0.311519	0.530507	0.777763	1.05551	1.33498	1.61518	1.87502	2.11011	2.31137	2.47685	2.59897	2.68628	2.74776	2.78301	2.79629	2.79737	2.79566	2.79591	2.7976	2.79494	2.77801	2.7377	2.67093	2.57764	2.44738	2.27326	2.06655	1.8237	1.56113	1.27856	0.999567	0.725623	0.484591	0.272209	0.115748	0.0360454	0.00833114	0.00146812	0.00020269	2.24542e-05	2.0367e-06	1.53838e-07	9.81473e-09	5.3529e-10	2.52143e-11	1.03484e-12	3.72894e-14	1.18758e-15	3.36235e-17	8.622e-19	5.39507e-19	2.09884e-17	7.56508e-16	2.42397e-14	6.86541e-13	1.70783e-11	3.70408e-10	
8.4339e-10	1.47832e-08	2.20894e-07	2.78075e-06	2.90911e-05	0.000248927	0.00171057	0.00924776	0.0384971	0.121167	0.286896	0.523835	0.784665	1.03518	1.26404	1.46455	1.63031	1.75502	1.84313	1.88782	1.89646	1.87489	1.81355	1.70903	1.56919	1.38735	1.17579	0.936733	0.680703	0.423563	0.209634	0.078974	0.022448	0.00487073	0.000822559	0.000111286	2.31102e-05	0.000107996	0.000830712	0.00510007	0.0241162	0.0854628	0.222571	0.431668	0.676599	0.955513	1.25075	1.54774	1.83146	2.09273	2.31589	2.49875	2.63292	2.72469	2.77898	2.79257	2.77514	2.74524	2.71858	2.70425	2.70588	2.7231	2.75133	2.7802	2.79293	2.7715	2.70899	2.61004	2.46633	2.27326	2.04405	1.77663	1.48861	1.19169	0.896846	0.625393	0.386277	0.188566	0.0680064	0.0180534	0.00360855	0.000558281	6.8578e-05	6.83624e-06	5.63276e-07	3.89571e-08	2.29114e-09	1.15854e-10	5.08477e-12	1.95287e-13	6.60993e-15	1.98396e-16	5.31026e-18	1.65843e-19	1.65683e-18	6.35603e-17	2.1767e-15	6.60901e-14	1.76862e-12	4.14358e-11	
8.39966e-11	1.60124e-09	2.61804e-08	3.63285e-07	4.22672e-06	4.06621e-05	0.000318356	0.00199295	0.00979177	0.037123	0.10758	0.240231	0.427727	0.640041	0.847371	1.0337	1.19041	1.31421	1.40152	1.4504	1.46191	1.43499	1.37152	1.26899	1.13165	0.962273	0.766472	0.554293	0.347973	0.179154	0.0723297	0.022448	0.00536044	0.0009972	0.000147188	2.03106e-05	3.22712e-05	0.00026862	0.00189028	0.0104191	0.0437813	0.136746	0.31432	0.55199	0.821554	1.12536	1.43531	1.7419	2.02579	2.27545	2.48423	2.63584	2.73685	2.78676	2.77918	2.7294	2.66468	2.60575	2.56355	2.54279	2.54511	2.57036	2.61641	2.67762	2.74138	2.78498	2.78141	2.72003	2.61004	2.44738	2.2289	1.97103	1.6813	1.37325	1.06316	0.764268	0.501538	0.272589	0.111675	0.0336331	0.00755941	0.00130188	0.000176373	1.92352e-05	1.72211e-06	1.28667e-07	8.1345e-09	4.40307e-10	2.06112e-11	8.41648e-13	3.02061e-14	9.59044e-16	2.70931e-17	6.86846e-19	1.23836e-19	4.43108e-18	1.61924e-16	5.26064e-15	1.51108e-13	3.81399e-12	
6.94477e-12	1.43419e-10	2.55374e-09	3.88358e-08	4.98933e-07	5.3484e-06	4.71734e-05	0.000337083	0.00191978	0.00858113	0.0297832	0.0803173	0.171499	0.300627	0.451073	0.602536	0.739224	0.851339	0.932483	0.98097	0.992785	0.965665	0.903737	0.810145	0.687008	0.543157	0.389704	0.245271	0.129811	0.0554505	0.0186186	0.00487073	0.000997188	0.00016171	2.16584e-05	9.38454e-06	7.13327e-05	0.000575781	0.00370914	0.0185556	0.0701975	0.196466	0.407711	0.667129	0.961224	1.28253	1.6019	1.91363	2.19158	2.42931	2.60827	2.72882	2.78716	2.77028	2.69628	2.6012	2.51161	2.44026	2.39211	2.36901	2.37158	2.39977	2.45276	2.5283	2.62036	2.71389	2.77938	2.78141	2.70899	2.57764	2.38568	2.13806	1.85379	1.53793	1.21767	0.899388	0.612858	0.359939	0.163787	0.0550727	0.0137485	0.00260918	0.000386482	4.5765e-05	4.42214e-06	3.54771e-07	2.39785e-08	1.38237e-09	6.86985e-11	2.96982e-12	1.12562e-13	3.76623e-15	1.11915e-16	2.96929e-18	7.66268e-20	2.60989e-19	1.01027e-17	3.50515e-16	1.07823e-14	2.9239e-13	
4.82207e-13	1.0748e-11	2.075e-10	3.43971e-09	4.8477e-08	5.74374e-07	5.64981e-06	4.55021e-05	0.000295675	0.00152828	0.00621423	0.0198129	0.0500344	0.102604	0.17656	0.263577	0.351957	0.430471	0.490441	0.526385	0.534891	0.515185	0.468992	0.400843	0.31714	0.227916	0.14473	0.0786853	0.0353735	0.0127787	0.00365111	0.000822491	0.000146974	2.1164e-05	3.80204e-06	1.54992e-05	0.00014237	0.00107317	0.00639707	0.0294004	0.101529	0.259014	0.496208	0.773807	1.08802	1.4207	1.74978	2.05692	2.32967	2.54513	2.69646	2.7816	2.77643	2.693	2.57524	2.45847	2.35923	2.28343	2.23314	2.20917	2.21184	2.24111	2.29659	2.3773	2.48072	2.5995	2.71389	2.78498	2.7715	2.67093	2.50686	2.27837	1.99889	1.68395	1.35516	1.02223	0.715788	0.444563	0.219853	0.0810482	0.0221327	0.00456789	0.000731173	9.30197e-05	9.60758e-06	8.2029e-07	5.87824e-08	3.58143e-09	1.87573e-10	8.52505e-12	3.3899e-13	1.18777e-14	3.69015e-16	1.02214e-17	2.53931e-19	1.85716e-20	5.34692e-19	1.97701e-17	6.49831e-16	1.88832e-14	
2.84187e-14	6.81349e-13	1.42046e-11	2.55435e-10	3.92613e-09	5.10523e-08	5.5518e-07	4.98557e-06	3.64751e-05	0.000214519	0.00100279	0.00370465	0.0108637	0.0257202	0.0504442	0.0842514	0.123105	0.161054	0.192026	0.211096	0.215621	0.205108	0.180794	0.146319	0.10726	0.0697657	0.0392723	0.0186107	0.00722446	0.0022523	0.000558748	0.000110333	1.74765e-05	2.44313e-06	2.86377e-06	2.82833e-05	0.000249215	0.00176734	0.00985412	0.0421196	0.1347	0.318729	0.575142	0.869188	1.20062	1.53909	1.87342	2.17595	2.4374	2.62956	2.7569	2.79052	2.72092	2.59266	2.45354	2.32816	2.22522	2.14752	2.09618	2.07174	2.07446	2.10431	2.16098	2.24384	2.35158	2.48072	2.62036	2.74138	2.79293	2.7377	2.59575	2.39082	2.11799	1.80841	1.47169	1.13229	0.807595	0.520481	0.274616	0.109227	0.0321469	0.00711292	0.00121351	0.000163674	1.7841e-05	1.60137e-06	1.20245e-07	7.65532e-09	4.17952e-10	1.97609e-11	8.15964e-13	2.96424e-14	9.53511e-16	2.73129e-17	7.00191e-19	1.66862e-20	2.45645e-20	9.53459e-19	3.34182e-17	1.03807e-15	
1.43525e-15	3.69015e-14	8.27767e-13	1.60788e-11	2.68157e-10	3.80333e-09	4.53874e-08	4.5038e-07	3.66943e-06	2.42339e-05	0.000128249	0.000539805	0.0018076	0.00486905	0.0107638	0.019982	0.031868	0.0446027	0.0557334	0.062911	0.0646542	0.0606207	0.0516192	0.0395279	0.026858	0.0158747	0.00798728	0.00334176	0.00113857	0.000311714	6.82535e-05	1.1986e-05	1.72535e-06	5.59993e-07	4.50134e-06	4.60343e-05	0.000386526	0.00260163	0.0137178	0.0552571	0.166249	0.371516	0.64248	0.949267	1.29194	1.6379	1.97082	2.27158	2.51461	2.69194	2.78858	2.7664	2.64963	2.49733	2.3489	2.21989	2.11512	2.03627	1.98422	1.95946	1.96221	1.99246	2.04992	2.13403	2.24384	2.3773	2.5283	2.67762	2.7802	2.77801	2.6612	2.47235	2.21507	1.90649	1.56927	1.22272	0.884689	0.585296	0.323733	0.136575	0.0426843	0.00999229	0.0017945	0.000253486	2.88039e-05	2.68418e-06	2.0851e-07	1.36905e-08	7.68797e-10	3.72992e-11	1.57716e-12	5.85649e-14	1.92251e-15	5.61179e-17	1.46411e-18	3.43184e-20	1.67319e-21	3.9681e-20	1.47977e-18	4.90292e-17	
6.26488e-17	1.72269e-15	4.14475e-14	8.66379e-13	1.56088e-11	2.40202e-10	3.1258e-09	3.40163e-08	3.05857e-07	2.24413e-06	1.32794e-05	6.28138e-05	0.000236847	0.000716461	0.0017656	0.00361339	0.00625893	0.0093478	0.0122312	0.0141832	0.0146694	0.0135509	0.0111442	0.0080875	0.00510991	0.00276195	0.00125374	0.000468785	0.000142157	3.4665e-05	6.78819e-06	1.0746e-06	1.7808e-07	5.82247e-07	6.73618e-06	6.64068e-05	0.000535043	0.00345255	0.0174323	0.0671512	0.193114	0.413975	0.695414	1.01346	1.36219	1.71211	2.04508	2.3404	2.56891	2.73531	2.79661	2.72948	2.58434	2.42027	2.26762	2.13674	2.03081	1.95117	1.8986	1.8736	1.87638	1.90692	1.96495	2.04992	2.16098	2.29659	2.45276	2.61641	2.75133	2.79494	2.70833	2.52857	2.28618	1.98025	1.64345	1.29133	0.946246	0.636548	0.363677	0.160237	0.0523866	0.0127935	0.00238811	0.000349459	4.1022e-05	3.94031e-06	3.14943e-07	2.12468e-08	1.2245e-09	6.09134e-11	2.63891e-12	1.00333e-13	3.37056e-15	1.00638e-16	2.68469e-18	6.42845e-20	1.41966e-21	1.46192e-21	5.68755e-20	2.00606e-18	
