2.32326e-09	4.33e-11	5.87383e-13	5.90361e-15	4.44727e-17	2.52497e-19	1.07969e-21	3.44957e-24	8.09275e-27	9.33495e-29	1.59735e-26	2.00088e-24	1.56745e-22	7.53677e-21	2.20941e-19	4.23623e-18	5.45301e-17	2.05579e-16	4.00424e-16	8.02241e-16	1.09934e-15	5.46917e-16	3.1635e-16	1.37269e-16	1.92503e-17	1.5185e-18	5.90744e-20	1.26203e-21	1.61038e-23	1.28079e-25	6.39957e-28	1.9505e-30	3.30938e-33	2.39272e-36	0	0	0	0	0	0	0	0	0	0	0	0	0	0	0	0	0	0	0	0	0	0	0	0	0	0	0	0	0	0	0	0	0	4.21629e-37	1.19138e-33	1.52956e-30	1.18139e-27	6.12683e-25	2.25517e-22	6.07277e-20	1.21551e-17	1.81955e-15	2.03392e-13	1.6834e-11	1.01567e-09	4.36297e-08	1.29078e-06	2.51509e-05	0.000305212	0.00218561	0.00930104	0.0269134	0.055113	0.0882933	0.115605	0.127333	0.119422	0.0945935	0.0616482	0.0318643	0.0119317	0.00298005	0.000444845	4.03493e-05	2.32223e-06	8.8538e-08	
4.33e-11	6.79163e-13	7.78827e-15	6.61798e-17	4.1976e-19	1.98902e-21	6.99479e-24	1.79624e-26	2.19296e-28	4.45045e-26	6.85521e-24	6.87301e-22	4.42973e-20	1.7936e-18	4.52932e-17	7.55322e-16	8.26914e-15	3.02582e-14	5.83007e-14	1.07157e-13	1.40395e-13	7.77996e-14	4.63318e-14	2.0315e-14	3.08825e-15	2.80733e-16	1.30191e-17	3.3707e-19	5.30138e-21	5.32203e-23	3.48175e-25	1.47646e-27	3.90772e-30	5.85856e-33	3.79423e-36	0	0	0	0	0	0	0	0	0	0	0	0	0	0	0	0	0	0	0	0	0	0	0	0	0	0	0	0	0	0	0	0	0	1.01571e-36	2.70213e-33	3.25423e-30	2.34803e-27	1.13224e-24	3.85422e-22	9.53871e-20	1.74197e-17	2.35867e-15	2.36015e-13	1.72646e-11	9.06088e-10	3.3177e-08	8.15029e-07	1.27579e-05	0.00012008	0.000663885	0.00240524	0.00626782	0.0113917	0.0157388	0.0176206	0.0163505	0.0123887	0.00725054	0.00300961	0.000903259	0.00017062	1.93192e-05	1.36771e-06	6.32202e-08	1.9792e-09	
5.87383e-13	7.78827e-15	7.54993e-17	5.40012e-19	2.8572e-21	1.11264e-23	3.14171e-26	4.09872e-28	9.63423e-26	1.7667e-23	2.17316e-21	1.7846e-19	9.60121e-18	3.30043e-16	7.19676e-15	1.04202e-13	9.72709e-13	3.43836e-12	6.54602e-12	1.11589e-11	1.40024e-11	8.5617e-12	5.23433e-12	2.32381e-12	3.85598e-13	4.02765e-14	2.21596e-15	6.89466e-17	1.31786e-18	1.6328e-20	1.34935e-22	7.49579e-25	2.76123e-27	6.45932e-30	8.67611e-33	5.08927e-36	0	0	0	0	0	0	0	0	0	0	0	0	0	0	0	0	0	0	0	0	0	0	0	0	0	0	0	0	0	0	0	0	0	2.02359e-36	5.05199e-33	5.68617e-30	3.81645e-27	1.70273e-24	5.32952e-22	1.20395e-19	1.98952e-17	2.41206e-15	2.13317e-13	1.35668e-11	6.06039e-10	1.83631e-08	3.59557e-07	4.28274e-06	2.96905e-05	0.000129948	0.000420353	0.000829921	0.00118124	0.0013337	0.00123078	0.000910353	0.000498065	0.000171878	4.25069e-05	6.30601e-06	5.63643e-07	3.21592e-08	1.22179e-09	3.18995e-11	
5.90361e-15	6.61798e-17	5.40012e-19	3.22149e-21	1.4003e-23	4.37593e-26	6.17731e-28	1.65252e-25	3.52169e-23	5.15108e-21	5.17836e-19	3.53455e-17	1.60111e-15	4.6901e-14	8.82294e-13	1.10447e-11	8.7858e-11	2.98137e-10	5.59934e-10	8.93907e-10	1.07706e-09	7.19535e-10	4.50686e-10	2.03149e-10	3.71253e-11	4.45594e-12	2.90597e-13	1.08268e-14	2.49524e-16	3.76311e-18	3.84159e-20	2.69733e-22	1.30217e-24	4.24093e-27	8.89006e-30	1.08168e-32	5.79882e-36	0	0	0	0	0	0	0	0	0	0	0	0	0	0	0	0	0	0	0	0	0	0	0	0	0	0	0	0	0	0	0	0	0	3.37473e-36	7.87625e-33	8.24871e-30	5.12389e-27	2.10254e-24	6.0083e-22	1.22835e-19	1.81749e-17	1.94701e-15	1.49605e-13	8.08675e-12	2.98062e-10	7.15502e-09	1.05151e-07	8.91669e-07	4.60392e-06	1.79917e-05	3.75431e-05	5.43902e-05	6.17075e-05	5.67676e-05	4.13977e-05	2.16832e-05	6.43027e-06	1.33538e-06	1.59874e-07	1.15872e-08	5.4424e-10	1.72516e-11	3.79193e-13	
4.44727e-17	4.1976e-19	2.8572e-21	1.4003e-23	4.88367e-26	7.56892e-28	2.27388e-25	5.52849e-23	9.39169e-21	1.12141e-18	9.35015e-17	5.3511e-15	2.04909e-13	5.1141e-12	8.26494e-11	8.88159e-10	5.99841e-09	1.93758e-08	3.58132e-08	5.40134e-08	6.27093e-08	4.52972e-08	2.90336e-08	1.33401e-08	2.71626e-09	3.75734e-10	2.91292e-11	1.30063e-12	3.604e-14	6.56618e-16	8.16821e-18	7.08972e-20	4.3281e-22	1.8479e-24	5.39414e-27	1.02443e-29	1.13925e-32	5.62337e-36	0	0	0	0	0	0	0	0	0	0	0	0	0	0	0	0	0	0	0	0	0	0	0	0	0	0	0	0	0	0	0	0	0	4.74973e-36	1.03167e-32	1.00012e-29	5.71459e-27	2.14107e-24	5.53712e-22	1.01345e-19	1.3245e-17	1.23189e-15	8.03425e-14	3.57457e-12	1.03889e-10	1.8527e-09	1.88943e-08	1.13279e-07	5.22614e-07	1.13356e-06	1.66105e-06	1.89021e-06	1.7355e-06	1.25423e-06	6.37691e-07	1.66841e-07	2.94708e-08	2.90182e-09	1.73634e-10	6.80713e-12	1.81684e-13	3.37752e-15	
2.52497e-19	1.98902e-21	1.11264e-23	4.37593e-26	7.56892e-28	2.52729e-25	6.90921e-23	1.33866e-20	1.85538e-18	1.83544e-16	1.28043e-14	6.16875e-13	1.99658e-11	4.22854e-10	5.82471e-09	5.31597e-08	3.02713e-07	9.19899e-07	1.66729e-06	2.3942e-06	2.69036e-06	2.07804e-06	1.36271e-06	6.42002e-07	1.47868e-07	2.37203e-08	2.20129e-09	1.18421e-10	3.95258e-12	8.67906e-14	1.30607e-15	1.38254e-17	1.0439e-19	5.63791e-22	2.15794e-24	5.70754e-27	9.90772e-30	1.0145e-32	4.63945e-36	0	0	0	0	0	0	0	0	0	0	0	0	0	0	0	0	0	0	3.26925e-44	3.74782e-43	6.68843e-43	6.31928e-43	2.95756e-43	4.61085e-45	0	0	0	0	0	0	0	0	0	5.67076e-36	1.14024e-32	1.01684e-29	5.30497e-27	1.79861e-24	4.1634e-22	6.72804e-20	7.62879e-18	6.01529e-16	3.22252e-14	1.12632e-12	2.41268e-11	2.92651e-10	2.01607e-09	1.07817e-08	2.40572e-08	3.55284e-08	4.05117e-08	3.71475e-08	2.66813e-08	1.32792e-08	3.1271e-09	4.73843e-10	3.88664e-11	1.94254e-12	6.41006e-14	1.4471e-15	2.27624e-17	
1.07969e-21	6.99479e-24	3.14171e-26	6.17731e-28	2.27388e-25	6.90921e-23	1.5051e-20	2.37863e-18	2.72993e-16	2.25717e-14	1.32275e-12	5.3633e-11	1.46092e-09	2.60379e-08	3.01925e-07	2.30436e-06	1.09477e-05	3.07798e-05	5.43846e-05	7.48566e-05	8.18517e-05	6.68174e-05	4.48844e-05	2.18815e-05	5.81508e-06	1.09286e-06	1.22832e-07	8.04507e-09	3.2565e-10	8.63959e-12	1.56954e-13	2.01181e-15	1.85366e-17	1.23865e-19	5.99833e-22	2.08043e-24	5.02959e-27	8.03863e-30	7.62549e-33	3.24781e-36	0	0	0	0	0	0	0	0	0	0	0	0	0	0	5.27559e-43	3.45422e-42	8.36874e-42	1.44431e-40	1.46115e-39	2.59233e-39	2.45027e-39	1.1574e-39	3.47582e-41	6.91186e-42	2.71831e-42	2.26165e-43	0	0	0	0	0	0	0	5.75786e-36	1.06502e-32	8.67135e-30	4.09325e-27	1.24186e-24	2.53703e-22	3.55468e-20	3.41348e-18	2.20712e-16	9.26057e-15	2.37057e-13	3.39792e-12	2.672e-11	1.63314e-10	3.72339e-10	5.52994e-10	6.31465e-10	5.7849e-10	4.13667e-10	2.02615e-10	4.36017e-11	5.69661e-12	3.92351e-13	1.64917e-14	4.59932e-16	8.78706e-18	1.16525e-19	
3.44957e-24	1.79624e-26	4.09872e-28	1.65252e-25	5.52849e-23	1.33866e-20	2.37863e-18	3.11232e-16	2.98418e-14	2.07064e-12	1.01908e-10	3.46194e-09	7.86553e-08	1.16367e-06	1.11499e-05	6.96161e-05	0.000271927	0.000690407	0.00117731	0.001561	0.001671	0.00142449	0.000983912	0.000503847	0.000158541	3.5454e-05	4.91269e-06	3.98448e-07	1.9808e-08	6.3984e-10	1.4073e-11	2.18009e-13	2.43381e-15	1.98521e-17	1.18961e-19	5.22024e-22	1.65484e-24	3.6831e-27	5.45266e-30	4.81658e-33	1.91913e-36	0	0	0	0	0	0	0	0	0	0	0	6.31928e-43	1.63045e-41	2.09887e-39	1.33913e-38	3.22608e-38	2.94118e-37	2.63561e-36	4.64563e-36	4.39311e-36	2.09632e-36	9.6024e-38	2.67545e-38	1.05486e-38	9.30872e-40	8.90261e-42	2.05057e-43	0	0	0	0	0	0	4.97292e-36	8.39738e-33	6.18521e-30	2.612e-27	6.99117e-25	1.23759e-22	1.4672e-20	1.15369e-18	5.82777e-17	1.78157e-15	3.00996e-14	2.69237e-13	1.86051e-12	4.31429e-12	6.43486e-12	7.35583e-12	6.7341e-12	4.79947e-12	2.32177e-12	4.61891e-13	5.21461e-14	3.02767e-15	1.07327e-16	2.53038e-18	4.07733e-20	4.5214e-22	
8.09275e-27	2.19296e-28	9.63423e-26	3.52169e-23	9.39169e-21	1.85538e-18	2.72993e-16	2.98418e-14	2.40052e-12	1.39762e-10	5.75071e-09	1.62164e-07	3.02794e-06	3.64134e-05	0.000280524	0.00138874	0.0043759	0.00968702	0.0156522	0.0200203	0.0211109	0.0185843	0.0133173	0.00734946	0.00282822	0.000770318	0.000135048	1.3919e-05	8.67171e-07	3.45813e-08	9.28389e-10	1.74339e-11	2.35359e-13	2.32657e-15	1.70183e-17	9.23996e-20	3.70528e-22	1.08111e-24	2.22828e-27	3.07116e-30	2.53729e-33	9.49367e-37	0	0	0	0	0	0	0	0	0	1.57545e-41	2.64252e-39	6.12556e-38	3.86249e-36	2.39905e-35	5.7452e-35	3.66789e-34	2.91874e-33	5.10725e-33	4.8322e-33	2.33201e-33	1.47226e-34	4.78426e-35	1.89187e-35	1.77083e-36	3.39408e-38	9.24629e-40	5.97879e-42	0	0	0	0	0	0	3.64555e-36	5.56805e-33	3.6681e-30	1.36606e-27	3.16656e-25	4.73922e-23	4.59503e-21	2.8168e-19	1.03215e-17	2.0577e-16	2.09215e-15	1.62124e-14	3.81146e-14	5.70378e-14	6.52546e-14	5.97077e-14	4.24447e-14	2.03295e-14	3.77241e-15	3.67809e-16	1.80075e-17	5.37853e-19	1.06824e-20	1.4406e-22	1.31754e-24	
9.33495e-29	4.45045e-26	1.7667e-23	5.15108e-21	1.12141e-18	1.83544e-16	2.25717e-14	2.07064e-12	1.39762e-10	6.79878e-09	2.31736e-07	5.34233e-06	8.01379e-05	0.000759028	0.00451459	0.0169606	0.0421465	0.077678	0.114913	0.140824	0.146975	0.132633	0.100609	0.0624889	0.0304217	0.0104504	0.00240496	0.000327401	2.63641e-05	1.32669e-06	4.41012e-08	1.01211e-09	1.657e-11	1.98075e-13	1.7555e-15	1.1631e-17	5.76859e-20	2.1283e-22	5.74846e-25	1.10261e-27	1.42081e-30	1.10191e-33	3.88436e-37	0	0	0	0	0	0	7.92787e-50	1.87586e-40	5.97472e-38	5.0775e-36	1.06213e-34	4.36266e-33	2.63477e-32	6.27013e-32	3.13778e-31	2.22056e-30	3.8537e-30	3.64838e-30	1.78304e-30	1.46693e-31	5.24294e-32	2.08035e-32	2.0664e-33	5.97402e-35	1.8942e-36	2.33766e-38	7.98817e-41	0	0	0	0	0	0	2.25791e-36	3.08367e-33	1.79088e-30	5.77335e-28	1.13067e-25	1.38249e-23	1.04309e-21	4.62061e-20	1.09235e-18	1.26498e-17	1.09262e-16	2.59818e-16	3.89851e-16	4.46303e-16	4.08195e-16	2.89577e-16	1.37566e-16	2.39776e-17	2.01205e-18	8.27812e-20	2.07349e-21	3.44271e-23	3.83483e-25	2.83025e-27	
1.59735e-26	6.85521e-24	2.17316e-21	5.17836e-19	9.35015e-17	1.28043e-14	1.32275e-12	1.01908e-10	5.75071e-09	2.31736e-07	6.44716e-06	0.000118742	0.00138298	0.00983688	0.0425436	0.114795	0.220487	0.327906	0.422928	0.485705	0.501306	0.465691	0.38763	0.285182	0.177095	0.0805319	0.025536	0.00485937	0.000529804	3.47712e-05	1.46324e-06	4.16178e-08	8.32641e-10	1.20646e-11	1.29218e-13	1.03657e-15	6.26916e-18	2.85878e-20	9.75748e-23	2.45114e-25	4.39314e-28	5.31133e-31	3.87893e-34	1.29179e-37	0	0	0	0	1.58557e-48	1.42188e-39	6.70856e-37	1.04409e-34	5.95329e-33	1.12746e-31	3.38401e-30	1.98436e-29	4.69084e-29	1.95413e-28	1.23055e-27	2.11571e-27	2.00439e-27	9.93587e-28	1.02866e-28	3.93861e-29	1.569e-29	1.65534e-30	6.43976e-32	2.34899e-33	4.20882e-35	2.91562e-37	6.61244e-40	0	0	0	0	0	0	1.17271e-36	1.41148e-33	7.0928e-31	1.93064e-28	3.08612e-26	2.93174e-24	1.59298e-22	4.50787e-21	5.97604e-20	5.7288e-19	1.37551e-18	2.06847e-18	2.36924e-18	2.1662e-18	1.53412e-18	7.23803e-19	1.19152e-19	8.54796e-21	2.93325e-22	6.10571e-24	8.36611e-26	7.53884e-28	3.09755e-29	
2.00088e-24	6.87301e-22	1.7846e-19	3.53455e-17	5.3511e-15	6.16875e-13	5.3633e-11	3.46194e-09	1.62164e-07	5.34233e-06	0.000118742	0.00168984	0.0145292	0.0723228	0.210303	0.396961	0.596635	0.774283	0.905104	0.982834	1.00094	0.958704	0.858546	0.708311	0.518121	0.319984	0.145519	0.0416677	0.00658264	0.000591359	3.25362e-05	1.17109e-06	2.90003e-08	5.12724e-10	6.64639e-12	6.43418e-14	4.70553e-16	2.61357e-18	1.1014e-20	3.49299e-23	8.19189e-26	1.37645e-28	1.56588e-31	1.07962e-34	3.40436e-38	0	0	1.5063e-47	7.71418e-39	4.82808e-36	1.10367e-33	1.11522e-31	4.76881e-30	8.19492e-29	1.91109e-27	1.0862e-26	2.5494e-26	9.1738e-26	5.13921e-25	8.74184e-25	8.28865e-25	4.17533e-25	5.31425e-26	2.14947e-26	8.60212e-27	9.65305e-28	4.75545e-29	1.97871e-30	4.62978e-32	4.89692e-34	2.28327e-36	3.84316e-39	0	0	0	0	0	0	5.05151e-37	5.25871e-34	2.23e-31	4.95033e-29	6.13915e-27	4.1869e-25	1.43989e-23	2.2046e-22	2.33896e-21	5.6631e-21	8.53174e-21	9.77664e-21	8.93629e-21	6.31977e-21	2.96416e-21	4.62874e-22	2.80867e-23	7.93792e-25	1.35317e-26	1.49956e-28	7.77123e-30	4.32347e-27	
1.56745e-22	4.42973e-20	9.60121e-18	1.60111e-15	2.04909e-13	1.99658e-11	1.46092e-09	7.86553e-08	3.02794e-06	8.01379e-05	0.00138298	0.0145292	0.0860046	0.275136	0.527674	0.806522	1.06994	1.2913	1.46512	1.57321	1.59924	1.53911	1.40224	1.20762	0.969897	0.69331	0.421356	0.187262	0.0465542	0.00611446	0.000459612	2.15378e-05	6.72079e-07	1.46519e-08	2.31003e-10	2.69911e-12	2.37651e-14	1.59286e-16	8.16129e-19	3.19056e-21	9.4329e-24	2.07119e-26	3.27062e-29	3.50856e-32	2.28795e-35	6.8422e-39	9.03777e-47	3.19273e-38	2.48961e-35	7.52544e-33	1.10762e-30	8.14367e-29	2.76816e-27	4.322e-26	8.12869e-25	4.46852e-24	1.04075e-23	3.31605e-23	1.65098e-22	2.77387e-22	2.63259e-22	1.35071e-22	2.0794e-23	8.81169e-24	3.54527e-24	4.23994e-25	2.5494e-26	1.20285e-27	3.48113e-29	5.01921e-31	3.62068e-33	1.25888e-35	1.67935e-38	0	0	0	0	0	0	1.77646e-37	1.55985e-34	5.39054e-32	9.27165e-30	8.23085e-28	3.5214e-26	6.31434e-25	7.40299e-24	1.80562e-23	2.72455e-23	3.12326e-23	2.85412e-23	2.016e-23	9.4072e-24	1.39834e-24	7.0617e-26	1.61186e-27	2.20028e-29	1.40791e-30	8.43158e-28	4.21169e-25	
7.53677e-21	1.7936e-18	3.30043e-16	4.6901e-14	5.1141e-12	4.22854e-10	2.60379e-08	1.16367e-06	3.64134e-05	0.000759028	0.00983688	0.0723228	0.275136	0.573152	0.926062	1.27046	1.60991	1.93252	2.19826	2.36487	2.40508	2.3123	2.10172	1.80768	1.47485	1.13486	0.781611	0.446889	0.175993	0.0359851	0.00388248	0.000244715	9.82358e-06	2.67411e-07	5.16176e-09	7.29357e-11	7.7146e-13	6.20058e-15	3.82065e-17	1.81051e-19	6.58034e-22	1.81689e-24	3.74048e-27	5.55747e-30	5.62685e-33	3.47278e-36	1.05879e-37	9.78602e-35	3.6795e-32	7.13817e-30	7.58178e-28	4.30807e-26	1.20495e-24	1.70999e-23	2.65733e-22	1.40918e-21	3.25475e-21	9.34517e-21	4.12837e-20	6.83729e-20	6.49639e-20	3.40425e-20	6.26569e-21	2.76736e-21	1.12037e-21	1.43177e-22	1.02594e-23	5.46721e-25	1.89634e-26	3.51074e-28	3.4958e-30	1.88922e-32	5.21687e-35	5.7577e-38	0	0	0	0	0	0	4.9868e-38	3.56596e-35	9.53663e-33	1.17096e-30	6.46467e-29	1.38717e-27	1.79663e-26	4.41075e-26	6.66465e-26	7.64242e-26	6.98241e-26	4.92682e-26	2.28858e-26	3.24727e-27	1.33221e-28	2.38291e-30	1.71797e-31	1.10484e-28	6.00724e-26	2.43829e-23	
2.20941e-19	4.52932e-17	7.19676e-15	8.82294e-13	8.26494e-11	5.82471e-09	3.01925e-07	1.11499e-05	0.000280524	0.00451459	0.0425436	0.210303	0.527674	0.926062	1.34311	1.7984	2.28648	2.75155	3.12731	3.35957	3.41527	3.28654	2.9916	2.57265	2.09033	1.61126	1.17476	0.758789	0.388991	0.120111	0.0189275	0.00163371	8.53924e-05	2.9221e-06	6.92319e-08	1.18188e-09	1.49564e-11	1.43122e-13	1.04938e-15	5.93942e-18	2.60039e-20	8.77553e-23	2.25941e-25	4.35353e-28	6.07359e-31	5.79333e-34	3.05226e-34	1.37011e-31	3.30067e-29	4.60561e-27	3.74946e-25	1.70691e-23	4.01459e-22	5.17565e-21	6.75385e-20	3.44389e-19	7.88145e-19	2.06601e-18	8.08073e-18	1.31595e-17	1.25203e-17	6.72336e-18	1.46693e-18	6.73011e-19	2.74475e-19	3.76107e-20	3.16071e-21	1.89827e-22	7.73971e-24	1.77526e-25	2.29725e-27	1.72164e-29	7.40508e-32	1.69372e-34	1.59387e-37	0	0	0	0	0	0	1.08122e-38	5.97644e-36	1.13799e-33	8.61533e-32	2.2889e-30	3.2777e-29	8.09426e-29	1.22452e-28	1.40456e-28	1.28303e-28	9.04481e-29	4.18442e-29	5.68006e-30	1.82397e-31	1.28256e-32	8.82736e-30	5.37131e-27	2.42908e-24	8.34894e-22	
4.23623e-18	7.55322e-16	1.04202e-13	1.10447e-11	8.88159e-10	5.31597e-08	2.30436e-06	6.96161e-05	0.00138874	0.0169606	0.114795	0.396961	0.806522	1.27046	1.7984	2.4186	3.07558	3.68557	4.16949	4.4655	4.53618	4.37264	3.99549	3.45256	2.81365	2.16187	1.57603	1.08316	0.632473	0.263322	0.0572781	0.00653896	0.000433617	1.82507e-05	5.20332e-07	1.05292e-08	1.56386e-10	1.74634e-12	1.49095e-14	9.83865e-17	5.04688e-19	2.01393e-21	6.22273e-24	1.47229e-26	2.61455e-29	3.44656e-32	4.03722e-31	1.16101e-28	2.00811e-26	2.14029e-24	1.38433e-22	5.1651e-21	1.03576e-19	1.2112e-18	1.34148e-17	6.55108e-17	1.48394e-16	3.58702e-16	1.23895e-15	1.97783e-15	1.88486e-15	1.04144e-15	2.67648e-16	1.27274e-16	5.23612e-17	7.72753e-18	7.53522e-19	5.09781e-20	2.41405e-21	6.70733e-23	1.08806e-24	1.06463e-26	6.36397e-29	2.27e-31	4.43044e-34	3.63475e-37	0	0	0	0	0	0	1.72113e-39	6.75625e-37	7.86416e-35	2.73997e-33	4.34679e-32	1.0792e-31	1.63441e-31	1.87519e-31	1.71266e-31	1.20636e-31	5.56051e-32	7.23406e-33	5.75968e-34	4.24715e-31	3.04764e-28	1.58546e-25	6.18136e-23	1.84154e-20	
5.45301e-17	8.26914e-15	9.72709e-13	8.7858e-11	5.99841e-09	3.02713e-07	1.09477e-05	0.000271927	0.0043759	0.0421465	0.220487	0.596635	1.06994	1.60991	2.28648	3.07558	3.88975	4.63165	5.21345	5.56702	5.65122	5.45629	5.00484	4.34953	3.56738	2.75149	1.99883	1.38045	0.872877	0.427012	0.123405	0.0180386	0.00145535	7.18639e-05	2.34557e-06	5.34288e-08	8.82638e-10	1.08668e-11	1.01619e-13	7.30835e-16	4.07039e-18	1.7585e-20	5.87005e-23	1.49819e-25	2.86722e-28	1.36392e-30	3.22529e-28	6.65153e-26	8.77066e-24	7.39981e-22	3.88885e-20	1.20637e-18	2.08e-17	2.20039e-16	2.0823e-15	9.68957e-15	2.1695e-14	4.87376e-14	1.48242e-13	2.31105e-13	2.20682e-13	1.26078e-13	3.79746e-14	1.86918e-14	7.77113e-15	1.24221e-15	1.39597e-16	1.06511e-17	5.81712e-19	1.93006e-20	3.83704e-22	4.72889e-24	3.69903e-26	1.83606e-28	5.59309e-31	9.52226e-34	6.92698e-37	0	0	0	0	0	0	1.84771e-40	4.3954e-38	2.24233e-36	3.95373e-35	9.86465e-35	1.49542e-34	1.71609e-34	1.56714e-34	1.10304e-34	5.06818e-35	2.4052e-35	1.97304e-32	1.50731e-29	8.37761e-27	3.50369e-24	1.12492e-21	2.80411e-19	
2.05579e-16	3.02582e-14	3.43836e-12	2.98137e-10	1.93758e-08	9.19899e-07	3.07798e-05	0.000690407	0.00968702	0.077678	0.327906	0.774283	1.2913	1.93252	2.75155	3.68557	4.63165	5.48374	6.14716	6.54866	6.64412	6.42304	5.9097	5.16063	4.25869	3.30447	2.40502	1.65404	1.07564	0.585406	0.201962	0.0360961	0.00358418	0.000216934	8.60667e-06	2.36203e-07	4.66576e-09	6.83072e-11	7.57179e-13	6.45166e-15	4.2672e-17	2.20187e-19	8.86623e-22	2.77232e-24	6.65762e-27	7.37916e-28	1.73632e-25	2.7261e-23	2.83943e-21	1.93885e-19	8.3947e-18	2.18344e-16	3.25085e-15	3.09869e-14	2.51414e-13	1.1076e-12	2.44677e-12	5.14036e-12	1.37315e-11	2.08079e-11	1.99184e-11	1.18361e-11	4.15994e-12	2.11805e-12	8.91993e-13	1.55555e-13	2.00713e-14	1.73227e-15	1.08767e-16	4.27282e-18	1.02638e-19	1.55791e-21	1.53863e-23	1.00077e-25	4.24612e-28	1.12901e-30	1.70514e-33	1.11456e-36	0	0	0	0	0	0	1.13387e-41	1.11992e-39	2.2049e-38	5.52647e-38	8.38517e-38	9.6245e-38	8.78798e-38	6.18242e-38	7.12713e-38	7.6829e-35	8.42038e-32	6.32767e-29	3.45514e-26	1.4175e-23	4.45632e-21	1.08521e-18	
4.00424e-16	5.83007e-14	6.54602e-12	5.59934e-10	3.58132e-08	1.66729e-06	5.43846e-05	0.00117731	0.0156522	0.114913	0.422928	0.905104	1.46512	2.19826	3.12731	4.16949	5.21345	6.14716	6.87095	7.3079	7.41167	7.17126	6.61216	5.79369	4.80298	3.74597	2.73625	1.87868	1.22671	0.708104	0.268513	0.0565656	0.00657634	0.000451196	1.96942e-05	5.8143e-07	1.21575e-08	1.86242e-10	2.14218e-12	1.88226e-14	1.27784e-16	6.74364e-19	2.76949e-21	8.81266e-24	2.28403e-26	3.66274e-25	6.6618e-23	8.24911e-21	6.93725e-19	3.8858e-17	1.39686e-15	3.05765e-14	3.93448e-13	3.36015e-12	2.33894e-11	9.67465e-11	2.10328e-10	4.15292e-10	9.72266e-10	1.424e-09	1.36729e-09	8.50943e-10	3.47446e-10	1.82984e-10	7.83131e-11	1.50373e-11	2.2254e-12	2.1835e-13	1.57625e-14	7.30212e-16	2.10224e-17	3.87592e-19	4.72691e-21	3.8878e-23	2.16368e-25	8.01844e-28	1.89225e-30	2.56879e-33	1.52479e-36	0	0	0	0	0	0	2.56892e-43	5.6828e-42	1.43046e-41	2.17216e-41	2.49366e-41	2.27666e-41	3.93477e-41	8.96641e-38	1.59084e-34	1.7299e-31	1.28952e-28	6.98307e-26	2.8404e-23	8.85017e-21	2.13504e-18	
8.02241e-16	1.07157e-13	1.11589e-11	8.93907e-10	5.40134e-08	2.3942e-06	7.48566e-05	0.001561	0.0200203	0.140824	0.485705	0.982834	1.57321	2.36487	3.35957	4.4655	5.56702	6.54866	7.3079	7.76564	7.87429	7.62255	7.03659	6.17738	5.1345	4.01702	2.9422	2.02037	1.31858	0.778819	0.312571	0.0723145	0.00901721	0.000646894	2.90566e-05	8.74463e-07	1.85327e-08	2.86716e-10	3.32258e-12	2.93655e-14	2.00294e-16	1.0611e-18	4.37182e-21	1.39517e-23	6.69196e-25	1.31154e-22	1.87917e-20	1.87543e-18	1.29027e-16	5.9712e-15	1.787e-13	3.29072e-12	3.65084e-11	2.77187e-10	1.65209e-09	6.3466e-09	1.35295e-08	2.52044e-08	5.16762e-08	7.26677e-08	7.00393e-08	4.60112e-08	2.17095e-08	1.18345e-08	5.17077e-09	1.10619e-09	1.88042e-10	2.11333e-11	1.75954e-12	9.6112e-14	3.30539e-15	7.34615e-17	1.09141e-18	1.11037e-20	7.82281e-23	3.80554e-25	1.25234e-27	2.65737e-30	3.27676e-33	1.78155e-36	0	0	0	0	0	0	0	0	0	0	1.14364e-43	4.69915e-40	8.96916e-37	1.05559e-33	8.57537e-31	5.10059e-28	2.29918e-25	8.02043e-23	2.19189e-20	4.72115e-18	
1.09934e-15	1.40395e-13	1.40024e-11	1.07706e-09	6.27093e-08	2.69036e-06	8.18517e-05	0.001671	0.0211109	0.146975	0.501306	1.00094	1.59924	2.40508	3.41527	4.53618	5.65122	6.64412	7.41167	7.87429	7.98408	7.72968	7.13742	6.26865	5.21352	4.08184	2.99171	2.05468	1.34068	0.795378	0.323609	0.0764398	0.00966491	0.000699045	3.15553e-05	9.52707e-07	2.0235e-08	3.13541e-10	3.63765e-12	3.21788e-14	2.19638e-16	1.16425e-18	4.79904e-21	1.62351e-23	2.11571e-22	3.4374e-20	3.96379e-18	3.2296e-16	1.82995e-14	7.01058e-13	1.7434e-11	2.68874e-10	2.55704e-09	1.70764e-08	8.6751e-08	3.05063e-07	6.34246e-07	1.11784e-06	2.01056e-06	2.69481e-06	2.60951e-06	1.82431e-06	9.87543e-07	5.58163e-07	2.50651e-07	6.0658e-08	1.18929e-08	1.54738e-09	1.49557e-10	9.66833e-12	3.97634e-13	1.06256e-14	1.9093e-16	2.37096e-18	2.06876e-20	1.27505e-22	5.51092e-25	1.63126e-27	3.1448e-30	3.55229e-33	1.78155e-36	0	0	0	0	0	0	0	0	0	2.41561e-43	9.55442e-40	1.75292e-36	1.98028e-33	1.54211e-30	8.7816e-28	3.78569e-25	1.26186e-22	3.29331e-20	6.77318e-18	
5.46917e-16	7.77996e-14	8.5617e-12	7.19535e-10	4.52972e-08	2.07804e-06	6.68174e-05	0.00142449	0.0185843	0.132633	0.465691	0.958704	1.53911	2.3123	3.28654	4.37264	5.45629	6.42304	7.17126	7.62255	7.72968	7.48146	6.90384	6.05729	5.03061	3.93193	2.87735	1.97557	1.28962	0.756828	0.298348	0.067101	0.00820317	0.000581469	2.59239e-05	7.76387e-07	1.63989e-08	2.5309e-10	2.92759e-12	2.58381e-14	1.76038e-16	9.31756e-19	3.83711e-21	2.94858e-22	5.13045e-20	6.70207e-18	6.29911e-16	4.21676e-14	1.97044e-12	6.23054e-11	1.27902e-09	1.63726e-08	1.3218e-07	7.65131e-07	3.28876e-06	1.03825e-05	2.08747e-05	3.48501e-05	5.53021e-05	7.01647e-05	6.83267e-05	5.11919e-05	3.14693e-05	1.85019e-05	8.62813e-06	2.40872e-06	5.48658e-07	8.38797e-08	9.5101e-09	7.33351e-10	3.62697e-11	1.16785e-12	2.53298e-14	3.81286e-16	4.06646e-18	3.10677e-20	1.70221e-22	6.6199e-25	1.7806e-27	3.1448e-30	3.27676e-33	1.52479e-36	0	0	0	0	0	0	0	0	1.80869e-44	9.98148e-41	2.39355e-37	3.39211e-34	3.22133e-31	2.19089e-28	1.10989e-25	4.29028e-23	1.28389e-20	2.99711e-18	
3.1635e-16	4.63318e-14	5.23433e-12	4.50686e-10	2.90336e-08	1.36271e-06	4.48844e-05	0.000983912	0.0133173	0.100609	0.38763	0.858546	1.40224	2.10172	2.9916	3.99549	5.00484	5.9097	6.61216	7.03659	7.13742	6.90384	6.36091	5.56696	4.60763	3.58698	2.61632	1.79687	1.17262	0.665065	0.243821	0.048421	0.00535027	0.000354001	1.50671e-05	4.36935e-07	9.01709e-09	1.36768e-10	1.56097e-12	1.36308e-14	9.20668e-17	4.83803e-19	2.29451e-21	6.31219e-20	9.20358e-18	9.78752e-16	7.54384e-14	4.15279e-12	1.59431e-10	4.12702e-09	6.90937e-08	7.23645e-07	4.88703e-06	2.40246e-05	8.64503e-05	0.000238682	0.000457621	0.000722795	0.0010236	0.00122429	0.00119985	0.000966448	0.000665049	0.000409255	0.000201516	6.65343e-05	1.78066e-05	3.26528e-06	4.41122e-07	4.11016e-08	2.47067e-09	9.65414e-11	2.53491e-12	4.61804e-14	5.97967e-16	5.58933e-18	3.7982e-20	1.87304e-22	6.6199e-25	1.63126e-27	2.65737e-30	2.56879e-33	1.11456e-36	0	0	0	0	0	0	0	0	1.75704e-41	6.7837e-38	1.21001e-34	1.32273e-31	9.91229e-29	5.39642e-26	2.20687e-23	6.91378e-21	1.67718e-18	
1.37269e-16	2.0315e-14	2.32381e-12	2.03149e-10	1.33401e-08	6.42002e-07	2.18815e-05	0.000503847	0.00734946	0.0624889	0.285182	0.708311	1.20762	1.80768	2.57265	3.45256	4.34953	5.16063	5.79369	6.17738	6.26865	6.05729	5.56696	4.85276	3.9954	3.09271	2.24822	1.54842	1.00037	0.524791	0.171364	0.0282228	0.00255498	0.000141298	5.16059e-06	1.31512e-07	2.43202e-09	3.35715e-11	3.52998e-13	2.86737e-15	1.81544e-17	9.02688e-20	6.46764e-20	1.03557e-17	1.22847e-15	1.07e-13	6.76767e-12	3.05038e-10	9.53238e-09	1.99124e-07	2.66749e-06	2.23741e-05	0.000123711	0.000501798	0.00148982	0.00347649	0.00620413	0.00921369	0.011863	0.0134105	0.0132276	0.0113977	0.00861657	0.00561733	0.00300274	0.00120819	0.000386499	8.74724e-05	1.44071e-05	1.65377e-06	1.22899e-07	5.90352e-09	1.89199e-10	4.18581e-12	6.57109e-14	7.46439e-16	6.20888e-18	3.7982e-20	1.70221e-22	5.51092e-25	1.25234e-27	1.89225e-30	1.70514e-33	6.92698e-37	0	0	0	0	0	0	0	7.2217e-42	2.79991e-38	5.01656e-35	5.51026e-32	4.15077e-29	2.27257e-26	9.3517e-24	2.95012e-21	7.21272e-19	
1.92503e-17	3.08825e-15	3.85598e-13	3.71253e-11	2.71626e-09	1.47868e-07	5.81508e-06	0.000158541	0.00282822	0.0304217	0.177095	0.518121	0.969897	1.47485	2.09033	2.81365	3.56738	4.25869	4.80298	5.1345	5.21352	5.03061	4.60763	3.9954	3.26821	2.51553	1.8284	1.26328	0.779552	0.360185	0.0934815	0.0124837	0.000939313	4.38663e-05	1.3668e-06	2.99164e-08	4.77186e-10	5.69353e-12	5.17489e-14	3.62598e-16	1.97163e-18	6.26703e-20	9.57838e-18	1.25432e-15	1.21808e-13	8.6958e-12	4.49301e-10	1.64173e-08	4.1102e-07	6.77498e-06	7.05797e-05	0.000459701	0.00201721	0.00648227	0.0155704	0.0295632	0.0471064	0.0646926	0.0775548	0.0839687	0.0832458	0.0754694	0.061425	0.0434589	0.0263818	0.0133188	0.00522839	0.00151842	0.000315373	4.58849e-05	4.32511e-06	2.60662e-07	1.03442e-08	2.80366e-10	5.35515e-12	7.38174e-14	7.46439e-16	5.58933e-18	3.10677e-20	1.27505e-22	3.80554e-25	8.01844e-28	1.12901e-30	9.52226e-34	3.63475e-37	0	0	0	0	0	0	5.59576e-43	2.30905e-39	4.40191e-36	5.14534e-33	4.12705e-30	2.4087e-27	1.05839e-24	3.57365e-22	9.38138e-20	
1.5185e-18	2.80733e-16	4.02765e-14	4.45594e-12	3.75734e-10	2.37203e-08	1.09286e-06	3.5454e-05	0.000770318	0.0104504	0.0805319	0.319984	0.69331	1.13486	1.61126	2.16187	2.75149	3.30447	3.74597	4.01702	4.08184	3.93193	3.58698	3.09271	2.51553	1.93308	1.41177	0.95725	0.53389	0.201865	0.0384057	0.00387146	0.000231017	8.89694e-06	2.3513e-07	4.45395e-09	6.2383e-11	6.60541e-13	5.36918e-15	3.38322e-17	2.03945e-19	7.26777e-18	1.04254e-15	1.11798e-13	8.8973e-12	5.18395e-10	2.16637e-08	6.31182e-07	1.23539e-05	0.000155376	0.00120713	0.00584581	0.0194687	0.0470502	0.0892196	0.135852	0.18375	0.226467	0.257055	0.271735	0.270109	0.25214	0.218709	0.174336	0.126257	0.0802201	0.0401457	0.0156934	0.00431959	0.000830115	0.000103069	8.03588e-06	4.03813e-07	1.36108e-08	3.19093e-10	5.35515e-12	6.57109e-14	5.97967e-16	4.06646e-18	2.06876e-20	7.82281e-23	2.16368e-25	4.24612e-28	5.59309e-31	4.43044e-34	1.59387e-37	0	0	0	0	0	0	1.81293e-41	6.90736e-38	1.21478e-34	1.30814e-31	9.64816e-29	5.16505e-26	2.07521e-23	6.38187e-21	
5.90744e-20	1.30191e-17	2.21596e-15	2.90597e-13	2.91292e-11	2.20129e-09	1.22832e-07	4.91269e-06	0.000135048	0.00240496	0.025536	0.145519	0.421356	0.781611	1.17476	1.57603	1.99883	2.40502	2.73625	2.9422	2.99171	2.87735	2.61632	2.24822	1.8284	1.41177	1.01909	0.628199	0.299286	0.0779208	0.0104525	0.000794841	3.76345e-05	1.18984e-06	2.64103e-08	4.26639e-10	5.14682e-12	4.72112e-14	3.33219e-16	1.84303e-18	4.4956e-18	7.01356e-16	8.24872e-14	7.25622e-12	4.71581e-10	2.22173e-08	7.38895e-07	1.67432e-05	0.000247099	0.00225671	0.0123148	0.0419362	0.100208	0.176717	0.26256	0.345725	0.416805	0.473855	0.512761	0.531593	0.529488	0.506549	0.463767	0.403613	0.32991	0.245276	0.160373	0.0866407	0.0337555	0.00907211	0.00156658	0.00016529	1.08717e-05	4.66171e-07	1.36108e-08	2.80366e-10	4.18581e-12	4.61804e-14	3.81286e-16	2.37096e-18	1.11037e-20	3.8878e-23	1.00077e-25	1.83606e-28	2.27e-31	1.69372e-34	5.7577e-38	0	0	0	0	0	0	2.57283e-40	9.30016e-37	1.5483e-33	1.57434e-30	1.09329e-27	5.49285e-25	2.06344e-22	
1.26203e-21	3.3707e-19	6.89466e-17	1.08268e-14	1.30063e-12	1.18421e-10	8.04507e-09	3.98448e-07	1.3919e-05	0.000327401	0.00485937	0.0416677	0.187262	0.446889	0.758789	1.08316	1.38045	1.65404	1.87868	2.02037	2.05468	1.97557	1.79687	1.54842	1.26328	0.95725	0.628199	0.334958	0.109696	0.018969	0.00180965	0.000104083	3.89099e-06	9.99827e-08	1.8391e-09	2.49339e-11	2.54354e-13	1.97949e-15	1.18567e-17	2.27905e-18	3.77089e-16	4.84029e-14	4.67926e-12	3.36835e-10	1.77343e-08	6.65716e-07	1.72094e-05	0.000292645	0.00309118	0.0191086	0.0680259	0.156443	0.265604	0.385241	0.503637	0.612656	0.710623	0.792089	0.850018	0.878856	0.875606	0.840615	0.777463	0.692117	0.591588	0.480589	0.360978	0.242572	0.136971	0.0545825	0.014051	0.00213766	0.000192942	1.08717e-05	4.03813e-07	1.03442e-08	1.89199e-10	2.53491e-12	2.53298e-14	1.9093e-16	1.09141e-18	4.72691e-21	1.53863e-23	3.69903e-26	6.36397e-29	7.40508e-32	5.21687e-35	1.67935e-38	0	0	0	0	0	0	2.21102e-39	7.60567e-36	1.20204e-32	1.15721e-29	7.58553e-27	3.58513e-24	
1.61038e-23	5.30138e-21	1.31786e-18	2.49524e-16	3.604e-14	3.95258e-12	3.2565e-10	1.9808e-08	8.67171e-07	2.63641e-05	0.000529804	0.00658264	0.0465542	0.175993	0.388991	0.632473	0.872877	1.07564	1.22671	1.31858	1.34068	1.28962	1.17262	1.00037	0.779552	0.53389	0.299286	0.109696	0.0231513	0.0027284	0.000190113	8.40838e-06	2.50353e-07	5.24562e-09	7.99004e-11	9.05493e-13	7.7566e-15	5.07086e-17	1.11946e-18	1.58674e-16	2.215e-14	2.34387e-12	1.86049e-10	1.08916e-08	4.58851e-07	1.34451e-05	0.000261616	0.00317935	0.0224035	0.0864389	0.196582	0.334217	0.489438	0.644761	0.804768	0.965144	1.1142	1.2384	1.32628	1.36976	1.36487	1.31205	1.21614	1.08596	0.933529	0.772414	0.613283	0.458306	0.304833	0.172256	0.0687005	0.0162161	0.00213766	0.00016529	8.03588e-06	2.60662e-07	5.90352e-09	9.65414e-11	1.16785e-12	1.06256e-14	7.34615e-17	3.87592e-19	1.55791e-21	4.72889e-24	1.06463e-26	1.72164e-29	1.88922e-32	1.25888e-35	3.84316e-39	0	0	0	0	0	0	1.31588e-38	4.30401e-35	6.45106e-32	5.87268e-29	3.62834e-26	
1.28079e-25	5.32203e-23	1.6328e-20	3.76311e-18	6.56618e-16	8.67906e-14	8.63959e-12	6.3984e-10	3.45813e-08	1.32669e-06	3.47712e-05	0.000591359	0.00611446	0.0359851	0.120111	0.263322	0.427012	0.585406	0.708104	0.778819	0.795378	0.756828	0.665065	0.524791	0.360185	0.201865	0.0779208	0.018969	0.0027284	0.000232023	1.22824e-05	4.28413e-07	1.03203e-08	1.77938e-10	2.25366e-12	2.13499e-14	1.53005e-16	1.08956e-18	5.06052e-17	7.66452e-15	8.8556e-13	7.73081e-11	5.01923e-09	2.36781e-07	7.8544e-06	0.000175063	0.00246317	0.0201589	0.0882918	0.213071	0.374524	0.558625	0.756067	0.976326	1.2118	1.44498	1.65677	1.83003	1.95109	2.01056	2.00388	1.93157	1.79918	1.61699	1.39946	1.16427	0.93056	0.714698	0.521386	0.33918	0.184949	0.0687005	0.014051	0.00156658	0.000103069	4.32511e-06	1.22899e-07	2.47067e-09	3.62697e-11	3.97634e-13	3.30539e-15	2.10224e-17	1.02638e-19	3.83704e-22	1.08806e-24	2.29725e-27	3.4958e-30	3.62068e-33	2.28327e-36	6.61244e-40	0	0	0	0	0	0	5.83288e-38	1.81058e-34	2.56814e-31	2.20541e-28	
6.39957e-28	3.48175e-25	1.34935e-22	3.84159e-20	8.16821e-18	1.30607e-15	1.56954e-13	1.4073e-11	9.28389e-10	4.41012e-08	1.46324e-06	3.25362e-05	0.000459612	0.00388248	0.0189275	0.0572781	0.123405	0.201962	0.268513	0.312571	0.323609	0.298348	0.243821	0.171364	0.0934815	0.0384057	0.0104525	0.00180965	0.000190113	1.22824e-05	5.11284e-07	1.43839e-08	2.84338e-10	4.06681e-12	4.29696e-14	3.39948e-16	2.08214e-18	1.16564e-17	1.91353e-15	2.41299e-13	2.31592e-11	1.66754e-09	8.81587e-08	3.31908e-06	8.52644e-05	0.00140814	0.0137842	0.0727053	0.201984	0.378361	0.585918	0.82096	1.09831	1.40948	1.73269	2.04412	2.32143	2.54528	2.70034	2.77616	2.76766	2.67541	2.50559	2.26968	1.98388	1.66823	1.34552	1.03952	0.770676	0.543285	0.33918	0.172256	0.0545825	0.00907211	0.000830115	4.58849e-05	1.65377e-06	4.11016e-08	7.33351e-10	9.66833e-12	9.6112e-14	7.30212e-16	4.27282e-18	1.93006e-20	6.70733e-23	1.77526e-25	3.51074e-28	5.01921e-31	4.89692e-34	2.91562e-37	7.98817e-41	0	0	0	0	0	0	2.01412e-37	5.91899e-34	7.92358e-31	
1.9505e-30	1.47646e-27	7.49579e-25	2.69733e-22	7.08972e-20	1.38254e-17	2.01181e-15	2.18009e-13	1.74339e-11	1.01211e-09	4.16178e-08	1.17109e-06	2.15378e-05	0.000244715	0.00163371	0.00653896	0.0180386	0.0360961	0.0565656	0.0723145	0.0764398	0.067101	0.048421	0.0282228	0.0124837	0.00387146	0.000794841	0.000104083	8.40838e-06	4.28413e-07	1.43839e-08	3.31805e-10	5.43605e-12	6.48046e-14	5.71355e-16	3.76695e-18	1.81306e-18	3.21158e-16	4.43917e-14	4.70569e-12	3.77722e-10	2.25225e-08	9.70681e-07	2.91042e-05	0.000575634	0.00697891	0.0472264	0.166074	0.344885	0.567634	0.827102	1.14759	1.52359	1.93146	2.34383	2.73378	3.07657	3.35085	3.53979	3.63188	3.62157	3.50946	3.30236	3.01287	2.65882	2.26231	1.84864	1.44498	1.07843	0.770676	0.521386	0.304833	0.136971	0.0337555	0.00431959	0.000315373	1.44071e-05	4.41122e-07	9.5101e-09	1.49557e-10	1.75954e-12	1.57625e-14	1.08767e-16	5.81712e-19	2.41405e-21	7.73971e-24	1.89634e-26	3.48113e-29	4.62978e-32	4.20882e-35	2.33766e-38	5.97879e-42	0	0	0	0	0	0	5.58183e-37	1.54864e-33	
3.30938e-33	3.90772e-30	2.76123e-27	1.30217e-24	4.3281e-22	1.0439e-19	1.85366e-17	2.43381e-15	2.35359e-13	1.657e-11	8.32641e-10	2.90003e-08	6.72079e-07	9.82358e-06	8.53924e-05	0.000433617	0.00145535	0.00358418	0.00657634	0.00901721	0.00966491	0.00820317	0.00535027	0.00255498	0.000939313	0.000231017	3.76345e-05	3.89099e-06	2.50353e-07	1.03203e-08	2.84338e-10	5.43605e-12	7.42131e-14	7.38006e-16	5.41018e-18	1.95356e-19	3.29541e-17	5.08092e-15	6.05224e-13	5.51164e-11	3.77549e-09	1.90038e-07	6.80281e-06	0.000165493	0.00256817	0.0233151	0.11194	0.281206	0.506362	0.773295	1.11452	1.53433	2.01042	2.5134	3.01283	3.47927	3.88573	4.209	4.43082	4.5387	4.52663	4.39526	4.15196	3.81042	3.38997	2.91467	2.41212	1.91208	1.44498	1.03952	0.714698	0.458306	0.242572	0.0866407	0.0156934	0.00151842	8.74724e-05	3.26528e-06	8.38797e-08	1.54738e-09	2.11333e-11	2.1835e-13	1.73227e-15	1.06511e-17	5.09781e-20	1.89827e-22	5.46721e-25	1.20285e-27	1.97871e-30	2.34899e-33	1.8942e-36	9.24629e-40	2.05057e-43	0	0	0	0	0	0	1.26745e-36	
2.39272e-36	5.85856e-33	6.45932e-30	4.24093e-27	1.8479e-24	5.63791e-22	1.23865e-19	1.98521e-17	2.32657e-15	1.98075e-13	1.20646e-11	5.12724e-10	1.46519e-08	2.67411e-07	2.9221e-06	1.82507e-05	7.18639e-05	0.000216934	0.000451196	0.000646894	0.000699045	0.000581469	0.000354001	0.000141298	4.38663e-05	8.89694e-06	1.18984e-06	9.99827e-08	5.24562e-09	1.77938e-10	4.06681e-12	6.48046e-14	7.38006e-16	6.10101e-18	4.59102e-20	2.0815e-18	3.71386e-16	5.12766e-14	5.43956e-12	4.37796e-10	2.6225e-08	1.13756e-06	3.43789e-05	0.000685623	0.00836182	0.0564444	0.195437	0.40814	0.669931	1.00559	1.43987	1.95751	2.52926	3.12261	3.70461	4.24347	4.71014	5.07972	5.33258	5.45538	5.44164	5.29208	5.0146	4.62385	4.14059	3.59067	3.0038	2.41212	1.84864	1.34552	0.93056	0.613283	0.360978	0.160373	0.0401457	0.00522839	0.000386499	1.78066e-05	5.48658e-07	1.18929e-08	1.88042e-10	2.2254e-12	2.00713e-14	1.39597e-16	7.53522e-19	3.16071e-21	1.02594e-23	2.5494e-26	4.75545e-29	6.43976e-32	5.97402e-35	3.39408e-38	8.90261e-42	0	0	0	0	0	0	0	
0	3.79423e-36	8.67611e-33	8.89006e-30	5.39414e-27	2.15794e-24	5.99833e-22	1.18961e-19	1.70183e-17	1.7555e-15	1.29218e-13	6.64639e-12	2.31003e-10	5.16176e-09	6.92319e-08	5.20332e-07	2.34557e-06	8.60667e-06	1.96942e-05	2.90566e-05	3.15553e-05	2.59239e-05	1.50671e-05	5.16059e-06	1.3668e-06	2.3513e-07	2.64103e-08	1.8391e-09	7.99004e-11	2.25366e-12	4.29696e-14	5.71355e-16	5.40953e-18	3.74068e-20	1.34247e-19	2.60586e-17	3.94961e-15	4.64338e-13	4.19139e-11	2.85953e-09	1.44183e-07	5.20904e-06	0.000129234	0.0020772	0.0199967	0.104912	0.288066	0.533782	0.841668	1.25654	1.78079	2.3892	3.04911	3.72559	4.38341	4.9887	5.51056	5.92254	6.20384	6.34028	6.32502	6.15881	5.85003	5.41421	4.87338	4.255	3.59067	2.91467	2.26231	1.66823	1.16427	0.772414	0.480589	0.245276	0.0802201	0.0133188	0.00120819	6.65343e-05	2.40872e-06	6.0658e-08	1.10619e-09	1.50373e-11	1.55555e-13	1.24221e-15	7.72753e-18	3.76107e-20	1.43177e-22	4.23994e-25	9.65305e-28	1.65534e-30	2.0664e-33	1.77083e-36	9.30872e-40	2.26165e-43	0	0	0	0	0	0	
0	0	5.08927e-36	1.08168e-32	1.02443e-29	5.70754e-27	2.08043e-24	5.22024e-22	9.23996e-20	1.1631e-17	1.03657e-15	6.43418e-14	2.69911e-12	7.29357e-11	1.18188e-09	1.05292e-08	5.34288e-08	2.36203e-07	5.8143e-07	8.74463e-07	9.52707e-07	7.76387e-07	4.36935e-07	1.31512e-07	2.99164e-08	4.45395e-09	4.26639e-10	2.49339e-11	9.05493e-13	2.13499e-14	3.39948e-16	3.75919e-18	2.93535e-20	2.31727e-21	5.26374e-19	1.00003e-16	1.47579e-14	1.68101e-12	1.46069e-10	9.51029e-09	4.52183e-07	1.51449e-05	0.000339779	0.00476162	0.0380326	0.159374	0.377374	0.651627	1.01645	1.50761	2.11267	2.8017	3.53973	4.28976	5.01458	5.67852	6.24908	6.69845	7.0048	7.15327	7.13667	6.95579	6.61941	6.14385	5.55222	4.87338	4.14059	3.38997	2.65882	1.98388	1.39946	0.933529	0.591588	0.32991	0.126257	0.0263818	0.00300274	0.000201516	8.62813e-06	2.50651e-07	5.17077e-09	7.83131e-11	8.91993e-13	7.77113e-15	5.23612e-17	2.74475e-19	1.12037e-21	3.54527e-24	8.60212e-27	1.569e-29	2.08035e-32	1.89187e-35	1.05486e-38	2.71831e-42	0	0	0	0	0	0	
0	0	0	5.79882e-36	1.13925e-32	9.90772e-30	5.02959e-27	1.65484e-24	3.70528e-22	5.76859e-20	6.26916e-18	4.70553e-16	2.37651e-14	7.7146e-13	1.49564e-11	1.56386e-10	8.82638e-10	4.66576e-09	1.21575e-08	1.85327e-08	2.0235e-08	1.63989e-08	9.01709e-09	2.43202e-09	4.77186e-10	6.2383e-11	5.14682e-12	2.54354e-13	7.7566e-15	1.53004e-16	2.02757e-18	1.84929e-20	1.39932e-22	6.84859e-21	1.60616e-18	2.92654e-16	4.13598e-14	4.5031e-12	3.73077e-10	2.30817e-08	1.03788e-06	3.26422e-05	0.000679939	0.00867696	0.060994	0.215442	0.455708	0.760361	1.18128	1.73869	2.41219	3.16924	3.97308	4.785	5.56616	6.27937	6.89082	7.37158	7.69896	7.85752	7.83979	7.64661	7.28707	6.77814	6.14385	5.41421	4.62385	3.81042	3.01287	2.26968	1.61699	1.08596	0.692117	0.403613	0.174336	0.0434589	0.00561733	0.000409255	1.85019e-05	5.58163e-07	1.18345e-08	1.82984e-10	2.11805e-12	1.86918e-14	1.27274e-16	6.73011e-19	2.76736e-21	8.81169e-24	2.14947e-26	3.93861e-29	5.24294e-32	4.78426e-35	2.67545e-38	6.91186e-42	0	0	0	0	0	0	
0	0	0	0	5.62337e-36	1.0145e-32	8.03863e-30	3.6831e-27	1.08111e-24	2.1283e-22	2.85878e-20	2.61357e-18	1.59286e-16	6.20058e-15	1.43122e-13	1.74634e-12	1.08668e-11	6.83072e-11	1.86242e-10	2.86716e-10	3.13541e-10	2.5309e-10	1.36768e-10	3.35715e-11	5.69353e-12	6.60541e-13	4.72112e-14	1.97949e-15	5.0705e-17	8.33764e-19	9.11918e-21	6.83483e-23	2.33668e-22	5.82075e-20	1.13504e-17	1.73048e-15	2.05392e-13	1.88123e-11	1.31162e-09	6.82763e-08	2.58402e-06	6.85786e-05	0.0012142	0.0133674	0.0829695	0.26459	0.519475	0.853384	1.32153	1.93155	2.65886	3.4693	4.32474	5.18513	6.01039	6.76215	7.40557	7.91087	8.25469	8.42113	8.40252	8.19972	7.82209	7.28707	6.61941	5.85003	5.0146	4.15196	3.30236	2.50559	1.79918	1.21614	0.777463	0.463767	0.218709	0.061425	0.00861657	0.000665049	3.14693e-05	9.87543e-07	2.17095e-08	3.47446e-10	4.15994e-12	3.79746e-14	2.67648e-16	1.46693e-18	6.26569e-21	2.0794e-23	5.31425e-26	1.02866e-28	1.46693e-31	1.47226e-34	9.6024e-38	3.47582e-41	4.61085e-45	0	0	0	0	0	
0	0	0	0	0	4.63945e-36	7.62549e-33	5.45266e-30	2.22828e-27	5.74846e-25	9.75748e-23	1.1014e-20	8.16129e-19	3.82065e-17	1.04938e-15	1.49095e-14	1.01619e-13	7.57179e-13	2.14218e-12	3.32258e-12	3.63765e-12	2.92759e-12	1.56097e-12	3.52998e-13	5.17489e-14	5.36918e-15	3.33219e-16	1.18468e-17	2.53893e-19	3.4509e-21	3.07105e-23	2.05836e-24	5.92234e-22	1.44887e-19	2.76186e-17	4.0996e-15	4.71288e-13	4.15295e-11	2.76144e-09	1.35542e-07	4.76729e-06	0.000115531	0.00183377	0.017897	0.0998013	0.299598	0.564902	0.922518	1.42458	2.0714	2.83619	3.68376	4.57506	5.46914	6.32501	7.10354	7.76915	8.29147	8.64669	8.8186	8.79938	8.58991	8.19972	7.64661	6.95579	6.15881	5.29208	4.39526	3.50946	2.67541	1.93157	1.31205	0.840615	0.506549	0.25214	0.0754694	0.0113977	0.000966448	5.11919e-05	1.82431e-06	4.60112e-08	8.50943e-10	1.18361e-11	1.26078e-13	1.04144e-15	6.72336e-18	3.40425e-20	1.35071e-22	4.17533e-25	9.93587e-28	1.78304e-30	2.33201e-33	2.09632e-36	1.1574e-39	2.95756e-43	0	0	0	0	0	
0	0	0	0	0	0	3.24781e-36	4.81658e-33	3.07116e-30	1.10261e-27	2.45114e-25	3.49299e-23	3.19056e-21	1.81051e-19	5.93942e-18	9.83865e-17	7.30835e-16	6.45166e-15	1.88226e-14	2.93655e-14	3.21788e-14	2.58381e-14	1.36308e-14	2.86737e-15	3.62598e-16	3.38321e-17	1.82142e-18	5.46618e-20	9.7165e-22	1.07592e-23	8.27469e-26	2.71883e-24	8.548e-22	2.08326e-19	3.9528e-17	5.834e-15	6.65888e-13	5.81409e-11	3.81967e-09	1.8447e-07	6.34505e-06	0.000149033	0.00226438	0.020866	0.109551	0.318097	0.589745	0.960907	1.48124	2.14768	2.93243	3.79978	4.71017	5.62216	6.49432	7.28708	7.96448	8.49585	8.85713	9.03195	9.0124	8.79938	8.40252	7.83979	7.13667	6.32502	5.44164	4.52663	3.62157	2.76766	2.00388	1.36487	0.875606	0.529488	0.270109	0.0832458	0.0132276	0.00119985	6.83267e-05	2.60951e-06	7.00393e-08	1.36729e-09	1.99184e-11	2.20682e-13	1.88486e-15	1.25203e-17	6.49639e-20	2.63259e-22	8.28865e-25	2.00439e-27	3.64838e-30	4.8322e-33	4.39311e-36	2.45027e-39	6.31928e-43	0	0	0	0	0	
