3.73829e-05	2.61851e-06	1.38816e-07	5.70909e-09	1.85955e-10	4.87969e-12	1.04629e-13	1.85456e-15	2.74629e-17	1.39318e-18	3.12279e-17	7.12086e-16	1.22586e-14	1.56684e-13	1.4619e-12	9.66477e-12	4.24306e-11	1.14537e-10	2.03869e-10	2.89195e-10	3.20792e-10	2.53385e-10	1.66685e-10	8.19255e-11	2.35423e-11	4.64797e-12	6.28493e-13	5.81829e-14	3.79307e-15	1.80344e-16	6.45303e-18	1.78276e-19	3.88032e-21	6.75971e-23	9.54e-25	1.10081e-26	1.04544e-28	8.20787e-31	5.33955e-33	2.87892e-35	1.28399e-37	4.71619e-40	1.41616e-42	3.4376e-45	6.63506e-48	9.93719e-51	1.11247e-53	2.15285e-55	3.32716e-53	3.547e-51	2.45501e-49	1.05743e-47	2.70743e-46	4.50617e-45	6.68697e-44	3.45199e-43	8.4205e-43	3.07063e-42	1.50603e-41	2.64885e-41	5.28855e-40	1.78777e-37	5.36423e-35	1.37051e-32	2.99031e-30	5.58084e-28	8.91172e-26	1.2165e-23	1.41664e-21	1.40277e-19	1.17583e-17	8.29456e-16	4.88789e-14	2.38429e-12	9.51989e-11	3.06893e-09	7.85529e-08	1.56426e-06	2.36429e-05	0.000263378	0.00209205	0.0114818	0.0429311	0.112695	0.222747	0.351886	0.479094	0.581652	0.64835	0.674322	0.656938	0.598088	0.502207	0.377932	0.247549	0.131728	0.0532981	0.0151433	0.00293255	0.000392384	
2.61851e-06	1.57103e-07	7.24321e-09	2.62164e-10	7.5844e-12	1.78032e-13	3.43335e-15	5.50143e-17	3.07062e-18	8.04603e-17	2.16482e-15	4.46988e-14	6.9585e-13	8.0341e-12	6.76564e-11	4.04228e-10	1.62499e-09	4.1936e-09	7.32743e-09	1.01363e-08	1.10865e-08	9.01874e-09	6.03693e-09	3.03539e-09	9.38294e-10	2.0225e-10	3.02662e-11	3.12097e-12	2.26855e-13	1.20106e-14	4.77684e-16	1.4645e-17	3.53349e-19	6.82038e-21	1.0668e-22	1.36564e-24	1.44149e-26	1.2613e-28	9.17944e-31	5.56471e-33	2.80872e-35	1.17742e-37	4.07941e-40	1.15913e-42	2.6701e-45	4.90325e-48	7.00402e-51	2.15812e-52	2.74199e-50	2.45778e-48	1.46306e-46	5.53829e-45	1.28063e-43	1.97857e-42	2.64458e-41	1.33049e-40	3.22356e-40	1.09996e-39	5.03607e-39	8.38976e-39	7.97101e-39	5.84537e-39	5.77745e-37	1.65529e-34	4.03486e-32	8.38092e-30	1.48546e-27	2.24677e-25	2.89651e-23	3.1752e-21	2.94899e-19	2.30905e-17	1.51454e-15	8.25527e-14	3.70248e-12	1.3499e-10	3.94227e-09	9.05814e-08	1.6024e-06	2.12688e-05	0.000205683	0.00140681	0.00667278	0.0221901	0.0544276	0.103436	0.160379	0.21418	0.254335	0.271105	0.259812	0.223653	0.171778	0.11457	0.0629563	0.0271459	0.00863428	0.00192351	0.000297922	3.2713e-05	
1.38816e-07	7.24321e-09	2.93833e-10	9.44393e-12	2.44353e-13	5.15825e-15	8.99179e-17	5.50485e-18	1.65608e-16	5.16762e-15	1.25675e-13	2.34035e-12	3.27869e-11	3.39967e-10	2.56745e-09	1.3779e-08	5.04986e-08	1.23861e-07	2.1184e-07	2.86253e-07	3.09294e-07	2.58157e-07	1.76005e-07	9.0916e-08	3.0402e-08	7.19506e-09	1.1984e-09	1.38458e-10	1.1282e-11	6.68175e-13	2.9645e-14	1.01128e-15	2.70952e-17	5.79998e-19	1.00547e-20	1.42679e-22	1.67102e-24	1.62521e-26	1.31827e-28	8.94048e-31	5.07375e-33	2.40703e-35	9.51768e-38	3.12032e-40	8.41339e-43	1.84381e-45	3.22978e-48	1.70231e-49	1.83211e-47	1.40774e-45	7.31118e-44	2.45834e-42	5.16917e-41	7.42698e-40	9.00463e-39	4.41214e-38	1.06141e-37	3.40674e-37	1.45674e-36	2.40581e-36	2.28609e-36	1.20442e-36	2.3408e-37	1.6538e-36	4.28804e-34	9.95361e-32	1.96433e-29	3.29925e-27	4.71508e-25	5.72508e-23	5.88971e-21	5.11276e-19	3.7247e-17	2.26128e-15	1.13406e-13	4.64772e-12	1.53611e-10	4.029e-09	8.22449e-08	1.2766e-06	1.46671e-05	0.000121226	0.000704378	0.00287343	0.00852799	0.0192633	0.0341117	0.0502049	0.0631389	0.0686859	0.0649432	0.0531985	0.0373645	0.0219975	0.0102579	0.00365716	0.000943472	0.00017092	2.18762e-05	2.02329e-06	
5.70909e-09	2.62164e-10	9.44393e-12	2.71454e-13	6.31603e-15	1.20511e-16	8.08985e-18	2.75266e-16	9.81286e-15	2.76449e-13	6.05228e-12	1.01131e-10	1.26695e-09	1.17106e-08	7.86707e-08	3.76365e-07	1.25048e-06	2.89406e-06	4.8261e-06	6.37772e-06	6.82052e-06	5.81998e-06	4.04791e-06	2.16014e-06	7.86672e-07	2.05875e-07	3.84434e-08	5.01412e-09	4.6125e-10	3.07433e-11	1.52906e-12	5.82591e-14	1.73814e-15	4.1336e-17	7.94937e-19	1.25048e-20	1.62363e-22	1.75222e-24	1.57985e-26	1.19418e-28	7.58162e-31	4.04392e-33	1.80952e-35	6.7701e-38	2.10609e-40	5.40225e-43	1.1297e-45	1.08793e-46	1.01081e-44	6.75427e-43	3.09406e-41	9.31731e-40	1.79097e-38	2.39639e-37	2.65037e-36	1.26385e-35	3.0177e-35	9.14968e-35	3.65478e-34	5.97931e-34	5.68601e-34	3.03706e-34	6.35809e-35	2.50651e-35	1.37017e-35	9.45914e-34	2.08351e-31	3.89764e-29	6.18763e-27	8.3316e-25	9.49727e-23	9.13566e-21	7.38163e-19	4.97945e-17	2.78255e-15	1.27561e-13	4.74022e-12	1.40709e-10	3.27755e-09	5.86347e-08	7.85569e-07	7.66592e-06	5.31208e-05	0.000258793	0.000907324	0.00238902	0.00479913	0.00766936	0.0100603	0.0110961	0.0103968	0.0082184	0.00536323	0.00280806	0.00113203	0.000340974	7.33025e-05	1.11049e-05	1.20347e-06	9.56076e-08	
1.85955e-10	7.5844e-12	2.44353e-13	6.31603e-15	1.32826e-16	9.79492e-18	3.72286e-16	1.49679e-14	4.81389e-13	1.21935e-11	2.39047e-10	3.56025e-09	3.95601e-08	3.22864e-07	1.90956e-06	8.06579e-06	2.41222e-05	5.22091e-05	8.44273e-05	0.000109162	0.000115754	0.000100648	7.15995e-05	3.97675e-05	1.58983e-05	4.64268e-06	9.80974e-07	1.45849e-07	1.52854e-08	1.15565e-09	6.48511e-11	2.77393e-12	9.25136e-14	2.45118e-15	5.23874e-17	9.14348e-19	1.31618e-20	1.5748e-22	1.57553e-24	1.32374e-26	9.36642e-29	5.58871e-31	2.81146e-33	1.19027e-35	4.22529e-38	1.25035e-40	3.06299e-43	5.74533e-44	4.66624e-42	2.74132e-40	1.117e-38	3.03174e-37	5.34887e-36	6.6721e-35	6.76188e-34	3.13536e-33	7.42733e-33	2.13494e-32	7.96659e-32	1.2901e-31	1.22783e-31	6.65588e-32	1.52774e-32	6.19208e-33	2.50555e-33	4.123e-34	1.82539e-33	3.73522e-31	6.60608e-29	9.88337e-27	1.24967e-24	1.33231e-22	1.19318e-20	8.9292e-19	5.54531e-17	2.83293e-15	1.17759e-13	3.92943e-12	1.03528e-10	2.11073e-09	3.25101e-08	3.68068e-07	2.98087e-06	1.69866e-05	6.90115e-05	0.000208121	0.000469963	0.000802408	0.00108451	0.00120724	0.00112436	0.000866962	0.000534219	0.000251411	8.90749e-05	2.30807e-05	4.22356e-06	5.46407e-07	5.10598e-08	3.53624e-09	
4.87969e-12	1.78032e-13	5.15825e-15	1.20511e-16	9.79492e-18	4.11503e-16	1.84569e-14	6.69213e-13	1.93374e-11	4.38043e-10	7.63698e-09	1.00503e-07	9.80073e-07	6.97584e-06	3.58454e-05	0.000132077	0.000352321	0.000705317	0.00109751	0.00138733	0.00146094	0.00129095	0.000943256	0.000550787	0.000244	8.04322e-05	1.94599e-05	3.3396e-06	4.03507e-07	3.49608e-08	2.23227e-09	1.07915e-10	4.04433e-12	1.19852e-13	2.85467e-15	5.53804e-17	8.84564e-19	1.17336e-20	1.30143e-22	1.21323e-24	9.54111e-27	6.34416e-29	3.56984e-31	1.69892e-33	6.82371e-36	2.30399e-38	6.52582e-41	2.54099e-41	1.81991e-39	9.47961e-38	3.45834e-36	8.50221e-35	1.381e-33	1.60705e-32	1.49778e-31	6.74636e-31	1.58481e-30	4.33163e-30	1.50987e-29	2.41802e-29	2.30341e-29	1.26871e-29	3.18433e-30	1.32679e-30	5.40207e-31	9.14977e-32	9.72924e-33	3.65722e-33	5.77448e-31	9.62556e-29	1.35253e-26	1.59974e-24	1.58812e-22	1.31743e-20	9.07722e-19	5.15368e-17	2.38705e-15	8.90716e-14	2.63636e-12	6.07247e-11	1.06356e-09	1.37856e-08	1.285e-07	8.43015e-07	3.90992e-06	1.33139e-05	3.34926e-05	6.02874e-05	8.32578e-05	9.3269e-05	8.65077e-05	6.55352e-05	3.86184e-05	1.65092e-05	5.20878e-06	1.1779e-06	1.86502e-07	2.09339e-08	1.71013e-09	1.04426e-10	
1.04629e-13	3.43335e-15	8.99179e-17	8.08985e-18	3.72286e-16	1.84569e-14	7.46469e-13	2.4309e-11	6.27735e-10	1.26284e-08	1.94048e-07	2.23107e-06	1.88311e-05	0.000115018	0.000504745	0.00159798	0.00375811	0.00686691	0.0101688	0.0125313	0.0131179	0.0117635	0.00888765	0.00553042	0.00274425	0.00103627	0.000291507	5.86921e-05	8.3033e-06	8.35543e-07	6.13706e-08	3.38244e-09	1.43421e-10	4.77868e-12	1.2734e-13	2.75338e-15	4.88823e-17	7.19437e-19	8.84566e-21	9.14078e-23	7.97483e-25	5.89273e-27	3.69455e-29	1.96642e-31	8.87711e-34	3.39079e-36	1.1024e-38	9.499e-39	6.03936e-37	2.8075e-35	9.21681e-34	2.06023e-32	3.08769e-31	3.35322e-30	2.88214e-29	1.25964e-28	2.93285e-28	7.64151e-28	2.48765e-27	3.9359e-27	3.75313e-27	2.10314e-27	5.75895e-28	2.46571e-28	1.01088e-28	1.795e-29	2.05558e-30	1.68412e-31	1.44307e-32	7.73801e-31	1.21096e-28	1.59186e-26	1.75333e-24	1.61237e-22	1.23149e-20	7.75666e-19	3.99203e-17	1.65923e-15	5.48836e-14	1.41863e-12	2.80172e-11	4.11542e-10	4.36389e-09	3.25577e-08	1.704e-07	6.47796e-07	1.80079e-06	3.38249e-06	4.74644e-06	5.34131e-06	4.93954e-06	3.69386e-06	2.10136e-06	8.23754e-07	2.33842e-07	4.66778e-08	6.47634e-09	6.38401e-10	4.60745e-11	2.50222e-12	
1.85456e-15	5.50143e-17	5.50485e-18	2.75266e-16	1.49679e-14	6.69213e-13	2.4309e-11	7.07296e-10	1.62099e-08	2.87002e-07	3.84184e-06	3.80229e-05	0.000272714	0.00139903	0.00512755	0.0136902	0.0279763	0.0459702	0.0637986	0.0761721	0.0792528	0.0721916	0.0569973	0.0384562	0.0216198	0.00952508	0.00317731	0.000766661	0.000129624	1.54181e-05	1.3214e-06	8.39705e-08	4.06378e-09	1.53271e-10	4.59287e-12	1.11102e-13	2.19815e-15	3.59528e-17	4.90361e-19	5.6159e-21	5.42986e-23	4.45008e-25	3.09982e-27	1.83792e-29	9.2773e-32	3.98212e-34	1.4895e-36	3.02093e-36	1.71393e-34	7.14655e-33	2.11943e-31	4.31965e-30	5.9825e-29	6.06339e-28	4.81647e-27	2.03988e-26	4.70461e-26	1.17101e-25	3.55945e-25	5.55749e-25	5.30536e-25	3.02894e-25	9.03068e-26	3.9721e-26	1.64103e-26	3.05785e-27	3.76958e-28	3.32847e-29	2.2003e-30	1.10183e-31	9.03751e-31	1.31875e-28	1.61438e-26	1.64715e-24	1.39455e-22	9.73578e-21	5.55749e-19	2.56573e-17	9.4476e-16	2.72642e-14	6.03261e-13	9.96368e-12	1.19109e-10	1.00103e-09	5.85884e-09	2.46446e-08	7.51762e-08	1.4621e-07	2.07678e-07	2.34492e-07	2.16383e-07	1.60238e-07	8.86157e-08	3.21148e-08	8.26883e-09	1.47009e-09	1.80507e-10	1.57732e-11	1.01391e-12	4.93013e-14	
2.74629e-17	3.07062e-18	1.65608e-16	9.81286e-15	4.81389e-13	1.93374e-11	6.27735e-10	1.62099e-08	3.26808e-07	5.03368e-06	5.78134e-05	0.000482929	0.0028716	0.0120231	0.0357698	0.0788493	0.137758	0.201029	0.256938	0.294096	0.30349	0.282144	0.236147	0.175827	0.113027	0.0593058	0.024039	0.00714505	0.00148358	0.000213513	2.1754e-05	1.61716e-06	9.03301e-08	3.88973e-09	1.31933e-10	3.58805e-12	7.93942e-14	1.44662e-15	2.19183e-17	2.78353e-19	2.98167e-21	2.70719e-23	2.09088e-25	1.37692e-27	7.74022e-30	3.71385e-32	1.64073e-34	8.20981e-34	4.17394e-32	1.56704e-30	4.21013e-29	7.83939e-28	1.0042e-26	9.49561e-26	6.98166e-25	2.86108e-24	6.5317e-24	1.55596e-23	4.41473e-23	6.79349e-23	6.49337e-23	3.78295e-23	1.22588e-23	5.53841e-24	2.30785e-24	4.51812e-25	5.989e-26	5.69924e-27	4.07556e-28	2.12438e-29	8.00069e-31	9.33602e-31	1.24428e-28	1.41097e-26	1.32529e-24	1.02547e-22	6.48674e-21	3.32041e-19	1.35732e-17	4.35663e-16	1.07472e-14	1.98393e-13	2.65516e-12	2.49523e-11	1.62157e-10	7.49363e-10	2.49335e-09	4.99156e-09	7.1578e-09	8.10271e-09	7.46456e-09	5.48589e-09	2.9646e-09	1.00014e-09	2.3505e-10	3.74847e-11	4.10479e-12	3.20284e-13	1.84523e-14	8.07473e-16	
1.39318e-18	8.04603e-17	5.16762e-15	2.76449e-13	1.21935e-11	4.38043e-10	1.26284e-08	2.87002e-07	5.03368e-06	6.64508e-05	0.00064194	0.00440846	0.021022	0.0691954	0.161803	0.289618	0.428642	0.556754	0.652907	0.710966	0.725266	0.692478	0.618685	0.508824	0.373277	0.236277	0.119351	0.0451565	0.01193	0.00214271	0.000265951	2.3563e-05	1.54072e-06	7.65632e-08	2.96341e-09	9.11645e-11	2.26634e-12	4.61523e-14	7.78498e-16	1.09763e-17	1.30304e-19	1.31004e-21	1.12038e-23	8.17695e-26	5.10317e-28	2.7258e-30	1.56318e-32	1.91221e-31	8.74066e-30	2.96282e-28	7.22544e-27	1.23067e-25	1.45855e-24	1.28588e-23	8.75954e-23	3.46738e-22	7.82941e-22	1.78775e-21	4.73325e-21	7.16852e-21	6.8614e-21	4.08607e-21	1.43685e-21	6.6677e-22	2.80523e-22	5.77828e-23	8.23109e-24	8.44435e-25	6.53173e-26	3.71326e-27	1.52624e-28	4.58377e-30	9.06655e-31	1.01654e-28	1.06107e-26	9.10723e-25	6.38361e-23	3.61976e-21	1.63977e-19	5.83842e-18	1.59996e-16	3.28612e-15	4.89744e-14	5.11693e-13	3.67172e-12	1.85352e-11	6.693e-11	1.37294e-10	1.98381e-10	2.25021e-10	2.0703e-10	1.51235e-10	8.01761e-11	2.53271e-11	5.46005e-12	7.85454e-13	7.71736e-14	5.40726e-15	2.80554e-16	1.11031e-17	
3.12279e-17	2.16482e-15	1.25675e-13	6.05228e-12	2.39047e-10	7.63698e-09	1.94048e-07	3.84184e-06	5.78134e-05	0.00064194	0.00508358	0.0277264	0.101581	0.252131	0.455333	0.671699	0.867072	1.03761	1.16227	1.23151	1.24699	1.21032	1.11902	0.974505	0.791319	0.586661	0.370432	0.183091	0.0641186	0.0149509	0.0023328	0.00025221	1.96456e-05	1.14141e-06	5.09101e-08	1.78468e-09	5.01204e-11	1.14532e-12	2.15685e-14	3.3822e-16	4.45373e-18	4.95837e-20	4.69207e-22	3.78934e-24	2.61929e-26	1.55242e-28	1.49673e-30	3.82366e-29	1.57526e-27	4.82993e-26	1.07038e-24	1.66852e-23	1.82915e-22	1.50195e-21	9.48348e-21	3.61888e-20	8.07474e-20	1.76962e-19	4.37074e-19	6.5047e-19	6.23574e-19	3.80305e-19	1.44898e-19	6.90712e-20	2.93748e-20	6.3773e-21	9.76177e-22	1.08047e-22	9.04382e-24	5.60513e-25	2.52904e-26	8.37093e-28	2.07143e-29	1.00739e-30	7.17501e-29	6.84225e-27	5.3188e-25	3.34093e-23	1.67578e-21	6.6076e-20	2.00648e-18	4.56992e-17	7.5538e-16	8.73593e-15	6.89145e-14	3.78296e-13	1.47618e-12	3.09176e-12	4.49521e-12	5.10709e-12	4.69388e-12	3.41208e-12	1.77988e-12	5.29089e-13	1.05035e-13	1.36898e-14	1.21254e-15	7.66202e-17	3.59707e-18	5.08678e-19	
7.12086e-16	4.46988e-14	2.34035e-12	1.01131e-10	3.56025e-09	1.00503e-07	2.23107e-06	3.80229e-05	0.000482929	0.00440846	0.0277264	0.115193	0.310332	0.574031	0.848679	1.11892	1.36549	1.56283	1.71	1.79671	1.81732	1.7696	1.65821	1.48975	1.27186	1.01106	0.74022	0.463717	0.22019	0.0695022	0.0141486	0.00191986	0.000181858	1.25413e-05	6.51841e-07	2.62559e-08	8.3813e-10	2.15891e-11	4.55357e-13	7.95865e-15	1.16388e-16	1.43541e-18	1.50237e-20	1.34108e-22	1.02475e-24	6.7225e-27	1.72902e-28	6.56757e-27	2.44258e-25	6.78105e-24	1.36613e-22	1.94868e-21	1.97446e-20	1.5078e-19	8.82376e-19	3.23854e-18	7.13264e-18	1.50193e-17	3.45987e-17	5.05109e-17	4.85071e-17	3.03588e-17	1.25137e-17	6.1289e-18	2.63846e-18	6.04979e-19	9.95539e-20	1.19029e-20	1.07918e-21	7.29357e-23	3.61109e-24	1.31737e-25	3.60445e-27	7.5418e-29	1.63727e-30	4.35885e-29	3.76277e-27	2.62039e-25	1.45537e-23	6.35009e-22	2.13341e-20	5.37592e-19	9.82674e-18	1.25377e-16	1.08369e-15	6.4454e-15	2.70826e-14	5.77523e-14	8.44022e-14	9.60176e-14	8.81738e-14	6.38358e-14	3.28425e-14	9.22569e-15	1.69153e-15	2.00428e-16	1.60607e-17	9.19279e-19	1.47414e-19	9.5457e-18	
1.22586e-14	6.9585e-13	3.27869e-11	1.26695e-09	3.95601e-08	9.80073e-07	1.88311e-05	0.000272714	0.0028716	0.021022	0.101581	0.310332	0.615273	0.941012	1.28989	1.60745	1.87673	2.09835	2.25165	2.33392	2.35256	2.30888	2.19944	2.01757	1.77351	1.48755	1.15052	0.807869	0.486811	0.210387	0.0576645	0.0100976	0.00118777	9.8723e-05	6.04648e-06	2.82143e-07	1.02989e-08	3.00333e-10	7.11638e-12	1.38902e-13	2.25834e-15	3.08625e-17	3.57121e-19	3.51951e-21	2.96761e-23	2.15206e-25	2.3424e-26	9.68458e-25	3.25427e-23	8.18159e-22	1.49783e-20	1.95347e-19	1.82686e-18	1.29496e-17	7.01934e-17	2.47128e-16	5.3653e-16	1.08648e-15	2.33426e-15	3.33667e-15	3.2106e-15	2.06655e-15	9.20097e-16	4.63174e-16	2.02171e-16	4.90793e-17	8.69093e-18	1.12442e-18	1.10596e-19	8.15827e-21	4.43368e-22	1.78223e-23	5.38765e-25	1.24845e-26	2.256e-28	3.45888e-30	2.26745e-29	1.75085e-27	1.07769e-25	5.20376e-24	1.93298e-22	5.38162e-21	1.0857e-19	1.52458e-18	1.44027e-17	9.25513e-17	4.17511e-16	9.04443e-16	1.32756e-15	1.51192e-15	1.38743e-15	1.00105e-15	5.089e-16	1.35574e-16	2.30087e-17	2.48473e-18	1.80824e-19	3.33378e-20	2.25931e-18	1.81027e-16	
1.56684e-13	8.0341e-12	3.39967e-10	1.17106e-08	3.22864e-07	6.97584e-06	0.000115018	0.00139903	0.0120231	0.0691954	0.252131	0.574031	0.941012	1.34993	1.72517	2.07025	2.34667	2.53373	2.64517	2.70298	2.71599	2.68543	2.60797	2.46984	2.24619	1.93749	1.57935	1.18445	0.791112	0.433696	0.159096	0.0363985	0.00538531	0.000544932	3.96203e-05	2.15304e-06	9.01958e-08	2.98487e-09	7.95649e-11	1.73531e-12	3.13618e-14	4.74548e-16	6.06258e-18	6.58378e-20	6.11049e-22	4.92826e-24	3.12766e-24	1.2241e-22	3.71637e-21	8.45599e-20	1.40514e-18	1.67296e-17	1.44115e-16	9.45904e-16	4.74361e-15	1.59703e-14	3.41236e-14	6.64985e-14	1.33272e-13	1.86151e-13	1.79512e-13	1.19102e-13	5.71806e-14	2.96002e-14	1.31262e-14	3.38344e-15	6.45723e-16	9.06112e-17	9.68978e-18	7.81401e-19	4.6663e-20	2.06785e-21	6.90548e-23	1.77066e-24	3.54713e-26	5.63214e-28	7.28395e-30	1.00519e-29	6.81875e-28	3.64711e-26	1.49812e-24	4.60589e-23	1.02439e-21	1.58077e-20	1.62934e-19	1.12878e-18	5.45355e-18	1.19793e-17	1.7649e-17	2.01185e-17	1.8451e-17	1.3274e-17	6.67781e-18	1.69233e-18	2.66257e-19	2.62863e-20	5.76507e-21	4.06383e-19	3.49471e-17	2.54998e-15	
1.4619e-12	6.76564e-11	2.56745e-09	7.86707e-08	1.90956e-06	3.58454e-05	0.000504745	0.00512755	0.0357698	0.161803	0.455333	0.848679	1.28989	1.72517	2.13334	2.45946	2.67756	2.82145	2.92036	2.97911	2.99311	2.9607	2.88548	2.7706	2.60213	2.34066	1.97626	1.55682	1.10526	0.688218	0.318476	0.0933175	0.017236	0.00211461	0.000181936	1.14797e-05	5.50269e-07	2.06008e-08	6.1573e-10	1.49532e-11	2.99291e-13	4.99442e-15	7.01466e-17	8.35578e-19	8.49413e-21	8.21819e-23	3.71198e-22	1.32268e-20	3.62509e-19	7.45391e-18	1.12204e-16	1.21672e-15	9.6287e-15	5.83391e-14	2.70192e-13	8.66698e-13	1.81894e-12	3.41276e-12	6.38356e-12	8.69441e-12	8.405e-12	5.76142e-12	2.97683e-12	1.58577e-12	7.16154e-13	1.96671e-13	4.05405e-14	6.18853e-15	7.21594e-16	6.37642e-17	4.19193e-18	2.05058e-19	7.56975e-21	2.14773e-22	4.76592e-24	8.39508e-26	1.18787e-27	1.36727e-29	3.81738e-30	2.19013e-28	9.95845e-27	3.38192e-25	8.28944e-24	1.40461e-22	1.57797e-21	1.17671e-20	6.0767e-20	1.35146e-19	1.99752e-19	2.27883e-19	2.08888e-19	1.49903e-19	7.47175e-20	1.806e-20	2.64057e-21	7.42422e-22	5.44407e-20	5.02281e-18	3.94668e-16	2.62274e-14	
9.66477e-12	4.04228e-10	1.3779e-08	3.76365e-07	8.06579e-06	0.000132077	0.00159798	0.0136902	0.0788493	0.289618	0.671699	1.11892	1.60745	2.07025	2.45946	2.72255	2.90885	3.06284	3.18609	3.26332	3.28199	3.23893	3.1414	3.00445	2.84017	2.6311	2.31738	1.88521	1.41465	0.932859	0.505148	0.182511	0.04113	0.00600986	0.000602508	4.3535e-05	2.35769e-06	9.86818e-08	3.27045e-09	8.74963e-11	1.91933e-12	3.49612e-14	5.343e-16	6.90892e-18	7.61279e-20	1.64014e-21	3.78528e-20	1.21714e-18	3.00615e-17	5.57264e-16	7.5771e-15	7.45967e-14	5.40416e-13	3.01107e-12	1.28475e-11	3.90963e-11	8.03925e-11	1.45255e-10	2.53833e-10	3.36401e-10	3.26095e-10	2.31457e-10	1.2841e-10	7.04595e-11	3.25033e-11	9.54801e-12	2.13194e-12	3.55353e-13	4.5347e-14	4.40498e-15	3.19669e-16	1.72992e-17	7.07014e-19	2.22144e-20	5.46076e-22	1.06632e-23	1.67475e-25	2.13633e-27	2.23125e-29	1.31897e-30	5.68652e-29	2.13546e-27	5.7711e-26	1.07372e-24	1.31419e-23	1.05382e-22	5.80777e-22	1.30614e-21	1.93597e-21	2.21013e-21	2.02501e-21	1.45002e-21	7.16811e-22	1.65961e-22	6.79428e-23	5.24452e-21	5.18753e-19	4.38693e-17	3.15169e-15	1.90931e-13	
4.24306e-11	1.62499e-09	5.04986e-08	1.25048e-06	2.41222e-05	0.000352321	0.00375811	0.0279763	0.137758	0.428642	0.867072	1.36549	1.87673	2.34667	2.67756	2.90885	3.1148	3.30742	3.46506	3.56354	3.58727	3.5325	3.40788	3.23312	3.03363	2.82272	2.56232	2.17132	1.67638	1.16124	0.685245	0.288723	0.0770226	0.0131547	0.00151516	0.000123868	7.49574e-06	3.47083e-07	1.2624e-08	3.68271e-10	8.76258e-12	1.72386e-13	2.83526e-15	3.93409e-17	4.65847e-19	9.34781e-20	3.28108e-18	9.4904e-17	2.10662e-15	3.50864e-14	4.29234e-13	3.82058e-12	2.52253e-11	1.28643e-10	5.04034e-10	1.44772e-09	2.9075e-09	5.05856e-09	8.27175e-09	1.06456e-08	1.03507e-08	7.62242e-09	4.52847e-09	2.56276e-09	1.21213e-09	3.82679e-10	9.29025e-11	1.69872e-11	2.38357e-12	2.55594e-13	2.05512e-14	1.23422e-15	5.59842e-17	1.95132e-18	5.31864e-20	1.15146e-21	2.00594e-23	2.84139e-25	3.29902e-27	3.15868e-29	5.29298e-31	1.16125e-29	3.46394e-28	7.08097e-27	9.44465e-26	8.13981e-25	4.78169e-24	1.0863e-23	1.61413e-23	1.84382e-23	1.68874e-23	1.20692e-23	5.9405e-24	3.93259e-24	3.241e-22	3.45079e-20	3.15655e-18	2.46622e-16	1.635e-14	9.12348e-13	
1.14537e-10	4.1936e-09	1.23861e-07	2.89406e-06	5.22091e-05	0.000705317	0.00686691	0.0459702	0.201029	0.556754	1.03761	1.56283	2.09835	2.53373	2.82145	3.06284	3.30742	3.54009	3.72878	3.84571	3.87379	3.80892	3.66056	3.45048	3.20941	2.96663	2.7176	2.38101	1.88965	1.34864	0.83619	0.391853	0.118497	0.0229102	0.00297012	0.000271657	1.82902e-05	9.37695e-07	3.76019e-08	1.20503e-09	3.14026e-11	6.74947e-13	1.21047e-14	1.82887e-16	2.51951e-18	7.26406e-18	2.40195e-16	6.23031e-15	1.23817e-13	1.84434e-12	2.01964e-11	1.61657e-10	9.67289e-10	4.48894e-09	1.60832e-08	4.33381e-08	8.46603e-08	1.41764e-07	2.17422e-07	2.7128e-07	2.64635e-07	2.02497e-07	1.28413e-07	7.50846e-08	3.65875e-08	1.24833e-08	3.3107e-09	6.67927e-10	1.0366e-10	1.23364e-11	1.10439e-12	7.39208e-14	3.73455e-15	1.44786e-16	4.38389e-18	1.05333e-19	2.03572e-21	3.19984e-23	4.12673e-25	4.39599e-27	3.88661e-29	3.40398e-31	1.79616e-30	4.0359e-29	5.87134e-28	5.43865e-27	3.40258e-26	7.80162e-26	1.16181e-25	1.32784e-25	1.21576e-25	8.71283e-26	1.05194e-25	8.79615e-24	1.05997e-21	1.10059e-19	9.79293e-18	7.42494e-16	4.76345e-14	2.56367e-12	
2.03869e-10	7.32743e-09	2.1184e-07	4.8261e-06	8.44273e-05	0.00109751	0.0101688	0.0637986	0.256938	0.652907	1.16227	1.71	2.25165	2.64517	2.92036	3.18609	3.46506	3.72878	3.94082	4.07153	4.10284	4.03045	3.86433	3.62752	3.35322	3.07748	2.81577	2.51047	2.04712	1.48179	0.954063	0.47368	0.155346	0.0329072	0.00466292	0.00046238	3.34314e-05	1.82398e-06	7.72203e-08	2.595e-09	7.05108e-11	1.57268e-12	2.91525e-14	4.54009e-16	1.92371e-17	4.96506e-16	1.47483e-14	3.41633e-13	6.04742e-12	8.00802e-11	7.79753e-10	5.57423e-09	3.00143e-08	1.25843e-07	4.10097e-07	1.02923e-06	1.94511e-06	3.13146e-06	4.51902e-06	5.46064e-06	5.34557e-06	4.25325e-06	2.8681e-06	1.73701e-06	8.77462e-07	3.25675e-07	9.49276e-08	2.12828e-08	3.68037e-09	4.89432e-10	4.90916e-11	3.68279e-12	2.08216e-13	9.01335e-15	3.04037e-16	8.12333e-18	1.74356e-19	3.04181e-21	4.35452e-23	5.1535e-25	5.07057e-27	4.16389e-29	2.94048e-31	2.00614e-31	3.16196e-30	3.14967e-29	2.09748e-28	4.85014e-28	7.23715e-28	8.27549e-28	7.61642e-28	1.31433e-27	1.24038e-25	1.71147e-23	2.04303e-21	2.09816e-19	1.84531e-17	1.3818e-15	8.74649e-14	4.6385e-12	
2.89195e-10	1.01363e-08	2.86253e-07	6.37772e-06	0.000109162	0.00138733	0.0125313	0.0761721	0.294096	0.710966	1.23151	1.79671	2.33392	2.70298	2.97911	3.26332	3.56354	3.84571	4.07153	4.21034	4.24356	4.16675	3.99016	3.73756	3.44337	3.14641	2.87086	2.57559	2.13589	1.56127	1.02328	0.521085	0.17957	0.0402018	0.00597828	0.000616172	4.59185e-05	2.56532e-06	1.10664e-07	3.77543e-09	1.03856e-10	2.34014e-12	4.37516e-14	7.06275e-16	8.58664e-16	2.84432e-14	7.53179e-13	1.54947e-11	2.42672e-10	2.83459e-09	2.43351e-08	1.54025e-07	7.3964e-07	2.77683e-06	8.17451e-06	1.89435e-05	3.43839e-05	5.31157e-05	7.2425e-05	8.47517e-05	8.32657e-05	6.88557e-05	4.91609e-05	3.09477e-05	1.63404e-05	6.6484e-06	2.14627e-06	5.39538e-07	1.04933e-07	1.57293e-08	1.78199e-09	1.50925e-10	9.609e-12	4.66833e-13	1.7614e-14	5.24883e-16	1.25368e-17	2.43018e-19	3.86245e-21	5.075e-23	5.54811e-25	5.07057e-27	3.8865e-29	2.51099e-31	1.61134e-32	1.58281e-31	1.12163e-30	2.61401e-30	3.90772e-30	4.51428e-30	1.29666e-29	1.5511e-27	2.35038e-25	3.09995e-23	3.54225e-21	3.49369e-19	2.95993e-17	2.14124e-15	1.31285e-13	6.76079e-12	
3.20792e-10	1.10865e-08	3.09294e-07	6.82052e-06	0.000115754	0.00146094	0.0131179	0.0792528	0.30349	0.725266	1.24699	1.81732	2.35256	2.71599	2.99311	3.28199	3.58727	3.87379	4.10284	4.24356	4.27722	4.19937	4.02033	3.76401	3.46512	3.16307	2.88375	2.58977	2.15578	1.58003	1.03896	0.532005	0.185589	0.0420908	0.00632538	0.000657115	4.92574e-05	2.76397e-06	1.19635e-07	4.09217e-09	1.12804e-10	2.54604e-12	4.76933e-14	1.96397e-15	4.52932e-14	1.34939e-12	3.16645e-11	5.74363e-10	7.88996e-09	8.04836e-08	6.02615e-07	3.33971e-06	1.41404e-05	4.70055e-05	0.000123911	0.000262448	0.000452999	0.00066923	0.000866535	0.000983328	0.000969514	0.000831528	0.000625659	0.000411532	0.000229604	0.000103325	3.73087e-05	1.06339e-05	2.35373e-06	4.02135e-07	5.19935e-08	5.01837e-09	3.62726e-10	1.99109e-11	8.44849e-13	2.81958e-14	7.51704e-16	1.62229e-17	2.86572e-19	4.18109e-21	5.075e-23	5.1535e-25	4.39599e-27	3.15819e-29	1.91382e-31	1.66729e-33	5.20978e-33	1.22215e-32	1.85788e-32	8.38461e-32	1.22815e-29	2.08348e-27	3.08294e-25	3.966e-23	4.42393e-21	4.26355e-19	3.53365e-17	2.50394e-15	1.50599e-13	7.61977e-12	
2.53385e-10	9.01874e-09	2.58157e-07	5.81998e-06	0.000100648	0.00129095	0.0117635	0.0721916	0.282144	0.692478	1.21032	1.7696	2.30888	2.68543	2.9607	3.23893	3.5325	3.80892	4.03045	4.16675	4.19937	4.12394	3.9506	3.70292	3.41492	3.12464	2.85373	2.55603	2.1089	1.53651	1.00213	0.506403	0.171757	0.0377969	0.00554033	0.000564732	4.17327e-05	2.31656e-06	9.94368e-08	3.37911e-09	9.26609e-11	2.08255e-12	4.03162e-14	6.06692e-14	1.98907e-12	5.2441e-11	1.08227e-09	1.71481e-08	2.04307e-07	1.79664e-06	1.15692e-05	5.53472e-05	0.000203601	0.000590916	0.0013793	0.00263891	0.00427354	0.00600426	0.00742285	0.00819375	0.00810477	0.00718165	0.0056695	0.00392669	0.00234849	0.00118073	0.000482921	0.000158257	4.04763e-05	7.99588e-06	1.19571e-06	1.33126e-07	1.10389e-08	6.90638e-10	3.31878e-11	1.24732e-12	3.7273e-14	8.9829e-16	1.76708e-17	2.86572e-19	3.86245e-21	4.35452e-23	4.12673e-25	3.29902e-27	2.22954e-29	1.27483e-31	6.37269e-34	5.24733e-35	1.92003e-34	2.83764e-32	5.90583e-30	1.07088e-27	1.68536e-25	2.29822e-23	2.70823e-21	2.74787e-19	2.38934e-17	1.76994e-15	1.1088e-13	5.82179e-12	
1.66685e-10	6.03693e-09	1.76005e-07	4.04791e-06	7.15995e-05	0.000943256	0.00888765	0.0569973	0.236147	0.618685	1.11902	1.65821	2.19944	2.60797	2.88548	3.1414	3.40788	3.66056	3.86433	3.99016	4.02033	3.9506	3.79077	3.56343	3.30098	3.0374	2.7818	2.46732	1.992	1.43431	0.912085	0.444788	0.141682	0.029028	0.00398645	0.000384766	2.71989e-05	1.45645e-06	6.07105e-08	2.01384e-09	5.41222e-11	1.19738e-12	8.87221e-14	2.43249e-12	7.11915e-11	1.64786e-09	2.962e-08	4.05043e-07	4.12501e-06	3.07498e-05	0.000167232	0.000678007	0.00212619	0.0052952	0.0107903	0.0184187	0.0275019	0.036425	0.0431933	0.0465989	0.0462155	0.0420817	0.0347541	0.0256328	0.0167309	0.00949586	0.00446992	0.00171349	0.000516391	0.000120177	2.11508e-05	2.75951e-06	2.66101e-07	1.91893e-08	1.0538e-09	4.49209e-11	1.51292e-12	4.08855e-14	8.9829e-16	1.62229e-17	2.43018e-19	3.04181e-21	3.19984e-23	2.84139e-25	2.13633e-27	1.36241e-29	7.37316e-32	3.38693e-34	6.30003e-35	1.51399e-32	3.23504e-30	5.99557e-28	9.63208e-26	1.33935e-23	1.60797e-21	1.661e-19	1.46957e-17	1.10722e-15	7.05331e-14	3.76565e-12	
8.19255e-11	3.03539e-09	9.0916e-08	2.16014e-06	3.97675e-05	0.000550787	0.00553042	0.0384562	0.175827	0.508824	0.974505	1.48975	2.01757	2.46984	2.7706	3.00445	3.23312	3.45048	3.62752	3.73756	3.76401	3.70292	3.56343	3.36664	3.14162	2.91272	2.66349	2.3073	1.81	1.28033	0.778565	0.351937	0.101903	0.0188119	0.00232736	0.000203297	1.30922e-05	6.43213e-07	2.47671e-08	7.63651e-10	1.91844e-11	4.60379e-13	2.48436e-12	7.97758e-11	2.0482e-09	4.12162e-08	6.37257e-07	7.4045e-06	6.32455e-05	0.000390948	0.00175384	0.00588468	0.0153582	0.0321768	0.056325	0.0849518	0.114873	0.141786	0.161519	0.171153	0.170078	0.158316	0.136856	0.108968	0.0789887	0.0510226	0.0281501	0.0128783	0.00468727	0.00131694	0.000279087	4.3561e-05	4.97228e-06	4.1934e-07	2.66238e-08	1.29901e-09	4.96586e-11	1.51292e-12	3.7273e-14	7.51704e-16	1.25368e-17	1.74356e-19	2.03572e-21	2.00594e-23	1.67475e-25	1.18787e-27	7.1681e-30	3.6807e-32	1.87024e-34	6.54731e-33	1.40882e-30	2.63084e-28	4.26122e-26	5.97803e-24	7.2468e-22	7.56584e-20	6.77316e-18	5.17064e-16	3.343e-14	1.81515e-12	
2.35423e-11	9.38294e-10	3.0402e-08	7.86672e-07	1.58983e-05	0.000244	0.00274425	0.0216198	0.113027	0.373277	0.791319	1.27186	1.77351	2.24619	2.60213	2.84017	3.03363	3.20941	3.35322	3.44337	3.46512	3.41492	3.30098	3.14162	2.95819	2.75354	2.47717	2.06536	1.57801	1.07363	0.616819	0.245489	0.0613265	0.0098539	0.00107543	8.3849e-05	4.86519e-06	2.1695e-07	7.62622e-09	2.15648e-10	5.03453e-12	2.19867e-12	7.3986e-11	2.08942e-09	4.66038e-08	8.05237e-07	1.05396e-05	0.000101973	0.000712537	0.00354846	0.0127414	0.0343629	0.07265	0.125982	0.187519	0.250533	0.306421	0.351515	0.384189	0.400726	0.398847	0.378827	0.343406	0.296	0.238304	0.174842	0.114434	0.0635924	0.0287432	0.0100563	0.00264367	0.000507264	7.0149e-05	7.05021e-06	5.25234e-07	2.96724e-08	1.29901e-09	4.49209e-11	1.24732e-12	2.81958e-14	5.24883e-16	8.12333e-18	1.05333e-19	1.15146e-21	1.06632e-23	8.39508e-26	5.63213e-28	3.22353e-30	1.57426e-32	1.0878e-33	2.30825e-31	4.52551e-29	7.7025e-27	1.13674e-24	1.45161e-22	1.59913e-20	1.51358e-18	1.22456e-16	8.41435e-15	4.87198e-13	
4.64797e-12	2.0225e-10	7.19506e-09	2.05875e-07	4.64268e-06	8.04322e-05	0.00103627	0.00952508	0.0593058	0.236277	0.586661	1.01106	1.48755	1.93749	2.34066	2.6311	2.82272	2.96663	3.07748	3.14641	3.16307	3.12464	3.0374	2.91272	2.75354	2.53054	2.19132	1.75676	1.2951	0.836451	0.429376	0.143464	0.0298881	0.00406767	0.000382915	2.61636e-05	1.34772e-06	5.39124e-08	1.71439e-09	4.41844e-11	2.41767e-12	5.67048e-11	1.75032e-09	4.29629e-08	8.22648e-07	1.20156e-05	0.000130453	0.00102377	0.00566522	0.0219125	0.0608139	0.128121	0.216295	0.31374	0.407316	0.496902	0.573977	0.633186	0.673145	0.6929	0.690665	0.666721	0.622828	0.55991	0.479757	0.38876	0.294354	0.197555	0.112728	0.0507523	0.0171623	0.00419237	0.000723975	8.88456e-05	7.91452e-06	5.25234e-07	2.66238e-08	1.0538e-09	3.31878e-11	8.44849e-13	1.7614e-14	3.04037e-16	4.38389e-18	5.31864e-20	5.46076e-22	4.76592e-24	3.54713e-26	2.25598e-28	1.22717e-30	5.79489e-33	2.1318e-32	4.50532e-30	8.26161e-28	1.31236e-25	1.80313e-23	2.13754e-21	2.17872e-19	1.90066e-17	1.41095e-15	8.84926e-14	
6.28493e-13	3.02662e-11	1.1984e-09	3.84434e-08	9.80974e-07	1.94599e-05	0.000291507	0.00317731	0.024039	0.119351	0.370432	0.74022	1.15052	1.57935	1.97626	2.31738	2.56232	2.7176	2.81577	2.87086	2.88375	2.85373	2.7818	2.66349	2.47717	2.19132	1.82024	1.41467	0.976593	0.58618	0.249871	0.0662714	0.0111501	0.00126076	0.000101077	5.99739e-06	2.72339e-07	9.71631e-09	2.78107e-10	7.35432e-12	3.57923e-11	1.19877e-09	3.22219e-08	6.79961e-07	1.10162e-05	0.000133415	0.00117105	0.00721008	0.03035	0.08761	0.183425	0.302882	0.428791	0.558254	0.684397	0.797672	0.896678	0.97495	1.02922	1.05593	1.05292	1.02046	0.96112	0.878355	0.775998	0.659995	0.532299	0.403451	0.278066	0.162024	0.07273	0.0235411	0.00527177	0.000814636	8.88456e-05	7.05021e-06	4.1934e-07	1.91893e-08	6.90638e-10	1.99109e-11	4.66833e-13	9.01335e-15	1.44786e-16	1.95132e-18	2.22144e-20	2.14773e-22	1.77066e-24	1.24845e-26	7.54148e-29	3.90555e-31	2.89306e-33	2.69423e-31	5.41067e-29	9.39751e-27	1.41041e-24	1.82582e-22	2.03291e-20	1.93925e-18	1.57688e-16	1.08601e-14	
5.81829e-14	3.12097e-12	1.38458e-10	5.01412e-09	1.45849e-07	3.3396e-06	5.86921e-05	0.000766661	0.00714505	0.0451565	0.183091	0.463717	0.807869	1.18445	1.55682	1.88521	2.17132	2.38101	2.51047	2.57559	2.58977	2.55603	2.46732	2.3073	2.06536	1.75676	1.41467	1.0293	0.669347	0.338024	0.11024	0.0225866	0.00304471	0.000285088	1.94154e-05	9.97565e-07	3.98001e-08	1.26157e-09	3.2765e-11	1.89125e-11	6.65002e-10	1.9511e-08	4.52256e-07	8.1014e-06	0.000109169	0.00107117	0.00736961	0.0342323	0.105288	0.223221	0.366865	0.522051	0.691416	0.856124	1.01038	1.15225	1.27124	1.36087	1.42014	1.4482	1.44509	1.41075	1.34534	1.24969	1.12543	0.980254	0.824132	0.657531	0.4895	0.337238	0.196797	0.0865145	0.0261339	0.00527177	0.000723975	7.0149e-05	4.97228e-06	2.66101e-07	1.10389e-08	3.62726e-10	9.609e-12	2.08216e-13	3.73455e-15	5.59842e-17	7.07014e-19	7.56975e-21	6.90548e-23	5.38765e-25	3.60445e-27	2.07099e-29	1.02277e-31	1.07868e-32	2.29643e-30	4.39541e-28	7.25954e-26	1.03351e-23	1.2656e-21	1.32887e-19	1.19125e-17	9.0667e-16	
3.79307e-15	2.26855e-13	1.1282e-11	4.6125e-10	1.52854e-08	4.03507e-07	8.3033e-06	0.000129624	0.00148358	0.01193	0.0641186	0.22019	0.486811	0.791112	1.10526	1.41465	1.67638	1.88965	2.04712	2.13589	2.15578	2.1089	1.992	1.81	1.57801	1.2951	0.976593	0.669347	0.371268	0.141076	0.0343173	0.00545522	0.00059373	4.63036e-05	2.68818e-06	1.19803e-07	4.20085e-09	1.18367e-10	1.01669e-11	2.94592e-10	9.41623e-09	2.39374e-07	4.73644e-06	7.10353e-05	0.00078134	0.00605522	0.0316013	0.107038	0.239163	0.401363	0.587601	0.789947	0.98882	1.18888	1.37167	1.52609	1.6502	1.74507	1.80919	1.84018	1.83672	1.79894	1.72846	1.62768	1.49763	1.33718	1.14984	0.948799	0.74964	0.547949	0.367573	0.209091	0.0865145	0.0235411	0.00419237	0.000507264	4.3561e-05	2.75951e-06	1.33126e-07	5.01837e-09	1.50925e-10	3.68279e-12	7.39208e-14	1.23422e-15	1.72992e-17	2.05058e-19	2.06785e-21	1.78223e-23	1.31737e-25	8.37093e-28	4.5785e-30	2.18324e-32	6.71077e-32	1.42046e-29	2.59255e-27	4.07373e-25	5.50363e-23	6.37765e-21	6.31695e-19	5.32298e-17	
1.80344e-16	1.20106e-14	6.68175e-13	3.07433e-11	1.15565e-09	3.49608e-08	8.35543e-07	1.54181e-05	0.000213513	0.00214271	0.0149509	0.0695022	0.210387	0.433696	0.688218	0.932859	1.16124	1.34864	1.48179	1.56127	1.58003	1.53651	1.43431	1.28033	1.07363	0.836451	0.58618	0.338024	0.141076	0.0394205	0.00729361	0.000919519	8.21592e-05	5.39962e-06	2.69396e-07	1.04713e-08	3.23904e-10	1.04972e-11	1.02373e-10	3.5591e-09	9.92395e-08	2.17108e-06	3.63307e-05	0.000450405	0.00397477	0.0237999	0.0921727	0.228488	0.404555	0.613086	0.842141	1.07828	1.31608	1.535	1.72674	1.89542	2.04097	2.158	2.23932	2.27921	2.27473	2.22622	2.13722	2.01391	1.86339	1.69027	1.49346	1.26964	1.03	0.796351	0.568232	0.367573	0.196797	0.07273	0.0171623	0.00264367	0.000279087	2.11508e-05	1.19571e-06	5.19935e-08	1.78199e-09	4.90916e-11	1.10439e-12	2.05512e-14	3.19669e-16	4.19193e-18	4.6663e-20	4.43368e-22	3.61109e-24	2.52904e-26	1.52623e-28	7.94509e-31	4.9748e-33	3.31624e-31	6.71071e-29	1.1669e-26	1.74267e-24	2.23169e-22	2.44412e-20	2.28042e-18	
6.45303e-18	4.77684e-16	2.9645e-14	1.52906e-12	6.48511e-11	2.23227e-09	6.13706e-08	1.3214e-06	2.1754e-05	0.000265951	0.0023328	0.0141486	0.0576645	0.159096	0.318476	0.505148	0.685245	0.83619	0.954063	1.02328	1.03896	1.00213	0.912085	0.778565	0.616819	0.429376	0.249871	0.11024	0.0343173	0.00729361	0.00106337	0.000109235	8.16932e-06	4.58748e-07	1.98655e-08	6.78304e-10	1.91852e-11	2.75954e-11	1.03262e-09	3.16506e-08	7.67982e-07	1.4407e-05	0.000202815	0.00206331	0.0144764	0.0664694	0.192979	0.376213	0.596079	0.846929	1.11275	1.38422	1.6384	1.87156	2.09339	2.30251	2.48866	2.63955	2.74445	2.79587	2.7901	2.72756	2.61274	2.45387	2.26212	2.04977	1.82596	1.58972	1.33062	1.05786	0.796351	0.547949	0.337238	0.162024	0.0507523	0.0100563	0.00131694	0.000120177	7.99588e-06	4.02135e-07	1.57293e-08	4.89432e-10	1.23364e-11	2.55594e-13	4.40498e-15	6.37642e-17	7.81401e-19	8.15827e-21	7.29357e-23	5.60513e-25	3.71326e-27	2.12438e-29	1.05065e-31	6.22501e-33	1.30067e-30	2.50955e-28	4.15085e-26	5.88138e-24	7.12558e-22	7.35966e-20	
1.78276e-19	1.4645e-17	1.01128e-15	5.82591e-14	2.77393e-12	1.07915e-10	3.38244e-09	8.39705e-08	1.61716e-06	2.3563e-05	0.00025221	0.00191986	0.0100976	0.0363985	0.0933175	0.182511	0.288723	0.391853	0.47368	0.521085	0.532005	0.506403	0.444788	0.351937	0.245489	0.143464	0.0662714	0.0225866	0.00545522	0.000919519	0.000109235	9.3713e-06	5.97208e-07	2.90318e-08	1.10176e-09	3.33908e-11	6.24573e-12	2.26142e-10	7.65502e-09	2.07149e-07	4.38568e-06	7.07097e-05	0.00083897	0.00701575	0.039251	0.139762	0.317833	0.537867	0.804157	1.08975	1.39051	1.67777	1.95168	2.22747	2.50392	2.76715	3.0003	3.18794	3.3177	3.38108	3.37398	3.29684	3.1547	2.95686	2.71637	2.44915	2.17192	1.89704	1.62218	1.33062	1.03	0.74964	0.4895	0.278066	0.112728	0.0287432	0.00468727	0.000516391	4.04763e-05	2.35373e-06	1.04933e-07	3.68037e-09	1.0366e-10	2.38357e-12	4.5347e-14	7.21594e-16	9.68978e-18	1.10596e-19	1.07918e-21	9.04382e-24	6.53173e-26	4.07556e-28	2.20028e-30	1.036e-32	1.93659e-32	4.15063e-30	7.62143e-28	1.19667e-25	1.60511e-23	1.83526e-21	
3.88032e-21	3.53349e-19	2.70952e-17	1.73814e-15	9.25136e-14	4.04433e-12	1.43421e-10	4.06378e-09	9.03301e-08	1.54072e-06	1.96456e-05	0.000181858	0.00118777	0.00538531	0.017236	0.04113	0.0770226	0.118497	0.155346	0.17957	0.185589	0.171757	0.141682	0.101903	0.0613265	0.0298881	0.0111501	0.00304471	0.00059373	8.21592e-05	8.16932e-06	5.97208e-07	3.29195e-08	1.40097e-09	4.70028e-11	2.07736e-12	3.73464e-11	1.40354e-09	4.26119e-08	1.02449e-06	1.90415e-05	0.000265397	0.00266858	0.0184434	0.0829576	0.234651	0.44932	0.714534	1.01063	1.33455	1.65149	1.95914	2.28052	2.61818	2.9568	3.27601	3.55611	3.77997	3.93406	4.00914	4.00073	3.90933	3.74041	3.50409	3.2147	2.88997	2.54994	2.21462	1.89704	1.58972	1.26964	0.948799	0.657531	0.403451	0.197555	0.0635924	0.0128783	0.00171349	0.000158257	1.06339e-05	5.39538e-07	2.12828e-08	6.67927e-10	1.69872e-11	3.55353e-13	6.18853e-15	9.06112e-17	1.12442e-18	1.19029e-20	1.08047e-22	8.44435e-25	5.69924e-27	3.32847e-29	1.68394e-31	9.6183e-34	5.3718e-32	1.09834e-29	1.9152e-27	2.84784e-25	3.60657e-23	
6.75971e-23	6.82038e-21	5.79998e-19	4.1336e-17	2.45118e-15	1.19852e-13	4.77868e-12	1.53271e-10	3.88973e-09	7.65632e-08	1.14141e-06	1.25413e-05	9.8723e-05	0.000544932	0.00211461	0.00600986	0.0131547	0.0229102	0.0329072	0.0402018	0.0420908	0.0377969	0.029028	0.0188119	0.0098539	0.00406767	0.00126076	0.000285088	4.63036e-05	5.39962e-06	4.58748e-07	2.90318e-08	1.40097e-09	5.26762e-11	1.66553e-12	4.75989e-12	1.9758e-10	6.73741e-09	1.84085e-07	3.94597e-06	6.46245e-05	0.000781976	0.0067019	0.0386647	0.142918	0.338044	0.586421	0.885903	1.21889	1.56063	1.89309	2.24498	2.62888	3.03168	3.43105	3.80382	4.12853	4.38671	4.56383	4.64997	4.64033	4.53544	4.34115	4.06837	3.73246	3.35258	2.95063	2.54994	2.17192	1.82596	1.49346	1.14984	0.824132	0.532299	0.294354	0.114434	0.0281501	0.00446992	0.000482921	3.73087e-05	2.14627e-06	9.49276e-08	3.3107e-09	9.29025e-11	2.13194e-12	4.05405e-14	6.45723e-16	8.69093e-18	9.95539e-20	9.76177e-22	8.23109e-24	5.989e-26	3.76958e-28	2.05558e-30	9.71886e-33	5.90309e-34	1.25854e-31	2.4444e-29	4.03769e-27	5.67045e-25	
9.54e-25	1.0668e-22	1.00547e-20	7.94937e-19	5.23874e-17	2.85467e-15	1.2734e-13	4.59287e-12	1.31933e-10	2.96341e-09	5.09101e-08	6.51841e-07	6.04648e-06	3.96203e-05	0.000181936	0.000602508	0.00151516	0.00297012	0.00466292	0.00597828	0.00632538	0.00554033	0.00398645	0.00232736	0.00107543	0.000382915	0.000101077	1.94154e-05	2.68818e-06	2.69396e-07	1.98655e-08	1.10176e-09	4.69882e-11	1.5802e-12	4.84322e-13	2.05917e-11	7.89331e-10	2.45528e-08	6.08564e-07	1.17504e-05	0.00017179	0.00183448	0.0136785	0.0675739	0.212039	0.438604	0.72072	1.04887	1.40891	1.76047	2.12597	2.53447	2.98153	3.44552	3.901	4.32301	4.68866	4.97832	5.17655	5.27283	5.26206	5.1448	4.92727	4.62103	4.24242	3.81181	3.35258	2.88997	2.44915	2.04977	1.69027	1.33718	0.980254	0.659995	0.38876	0.174842	0.0510226	0.00949586	0.00118073	0.000103325	6.6484e-06	3.25675e-07	1.24833e-08	3.82679e-10	9.54801e-12	1.96671e-13	3.38344e-15	4.90793e-17	6.04979e-19	6.3773e-21	5.77828e-23	4.51812e-25	3.05785e-27	1.795e-29	9.14977e-32	4.09601e-34	1.15837e-33	2.51252e-31	4.62366e-29	7.21484e-27	
1.10081e-26	1.36564e-24	1.42679e-22	1.25048e-20	9.14348e-19	5.53804e-17	2.75338e-15	1.11102e-13	3.58805e-12	9.11645e-11	1.78468e-09	2.62559e-08	2.82143e-07	2.15304e-06	1.14797e-05	4.3535e-05	0.000123868	0.000271657	0.00046238	0.000616172	0.000657115	0.000564732	0.000384766	0.000203297	8.3849e-05	2.61636e-05	5.99739e-06	9.97565e-07	1.19803e-07	1.04713e-08	6.78293e-10	3.32832e-11	1.26423e-12	6.28939e-14	1.3497e-12	6.02753e-11	2.20622e-09	6.5098e-08	1.51828e-06	2.73111e-05	0.000367384	0.00355517	0.0236061	0.102267	0.281996	0.535029	0.842792	1.19977	1.57029	1.93921	2.34857	2.81322	3.31756	3.83595	4.3411	4.80663	5.20844	5.5259	5.74276	5.84798	5.83621	5.70804	5.47	5.13422	4.71789	4.24242	3.73246	3.2147	2.71637	2.26212	1.86339	1.49763	1.12543	0.775998	0.479757	0.238304	0.0789887	0.0167309	0.00234849	0.000229604	1.63404e-05	8.77462e-07	3.65875e-08	1.21213e-09	3.25033e-11	7.16154e-13	1.31262e-14	2.02171e-16	2.63846e-18	2.93748e-20	2.80523e-22	2.30785e-24	1.64103e-26	1.01088e-28	5.40207e-31	2.50556e-33	1.86559e-35	2.0934e-33	4.30855e-31	7.49132e-29	
