1.76216	1.52565	1.24534	0.944731	0.619673	0.329916	0.139638	0.0475378	0.0142411	0.00668617	0.00970911	0.0193236	0.0354318	0.0581103	0.0863143	0.117748	0.149257	0.17744	0.199235	0.212354	0.215467	0.208261	0.19146	0.166789	0.13688	0.104994	0.0745066	0.0482982	0.0281706	0.0145449	0.00654761	0.00253905	0.000841689	0.000237801	5.73162e-05	1.18302e-05	2.10265e-06	3.23874e-07	4.35233e-08	5.13646e-09	5.35723e-10	4.96729e-11	4.11705e-12	3.06578e-13	2.06065e-14	1.25555e-15	6.96307e-17	3.59407e-18	5.34745e-19	1.7569e-18	7.13671e-18	2.5104e-17	7.59188e-17	1.96745e-16	4.36825e-16	8.3719e-16	1.4255e-15	2.65036e-15	1.43366e-14	2.16708e-13	3.57627e-12	5.41836e-11	7.41155e-10	9.09717e-09	9.95893e-08	9.6572e-07	8.23061e-06	6.11044e-05	0.000391114	0.00213287	0.00977513	0.0370723	0.114416	0.282908	0.555972	0.880886	1.188	1.47105	1.72096	1.88974	1.98649	2.01617	1.98146	1.89426	1.77612	1.64124	1.51456	1.41099	1.34194	1.31622	1.33327	1.39373	1.4919	1.61501	1.74982	1.87214	1.96787	2.01316	1.99858	1.9131	
1.52565	1.26678	0.990199	0.687625	0.395882	0.182755	0.067905	0.0221553	0.0112316	0.0171905	0.0356434	0.0674303	0.113058	0.170554	0.235515	0.302108	0.364279	0.416784	0.455708	0.478564	0.483951	0.471511	0.442019	0.397296	0.340374	0.275744	0.209057	0.146425	0.0932531	0.0530206	0.0264219	0.0113609	0.0041693	0.001299	0.000343489	7.73444e-05	1.49136e-05	2.47915e-06	3.57835e-07	4.51641e-08	5.01849e-09	4.94054e-10	4.33458e-11	3.4075e-12	2.41206e-13	1.54444e-14	8.98504e-16	4.9343e-17	1.12571e-17	4.06211e-17	1.58929e-16	5.38725e-16	1.57423e-15	3.95691e-15	8.56128e-15	1.6051e-14	2.6404e-14	3.85831e-14	5.16259e-14	9.34383e-14	7.08934e-13	1.04907e-11	1.51009e-10	1.96444e-09	2.2877e-08	2.36944e-07	2.16708e-06	1.73601e-05	0.000120681	0.00072028	0.00364615	0.0154387	0.0538493	0.152322	0.345099	0.625685	0.931888	1.21379	1.47557	1.70361	1.86714	1.96584	2.00816	2.00414	1.96519	1.90563	1.83937	1.77824	1.73699	1.71983	1.73168	1.76831	1.82597	1.89305	1.95425	1.99909	2.01028	1.9789	1.89155	1.74178	
1.24534	0.990199	0.710783	0.432377	0.214057	0.085849	0.0302864	0.0165149	0.0266405	0.0575026	0.111899	0.190646	0.289463	0.400027	0.51252	0.617828	0.709005	0.781657	0.833497	0.863282	0.870248	0.854171	0.815483	0.75513	0.674689	0.577187	0.468037	0.355124	0.248106	0.156462	0.0871362	0.0419993	0.0172556	0.00599206	0.00175498	0.000434709	9.15859e-05	1.65307e-05	2.576e-06	3.49253e-07	4.15016e-08	4.35218e-09	4.05336e-10	3.37218e-11	2.51938e-12	1.69849e-13	1.03852e-14	6.16779e-16	2.27917e-16	8.64176e-16	3.25078e-15	1.06061e-14	2.99158e-14	7.28675e-14	1.53529e-13	2.8171e-13	4.55159e-13	6.53291e-13	8.33133e-13	9.42423e-13	1.02802e-12	2.54191e-12	2.71857e-11	3.66569e-10	4.53095e-09	5.00519e-08	4.90441e-07	4.23118e-06	3.18718e-05	0.00020763	0.00115722	0.005451	0.0214091	0.0691189	0.181032	0.381753	0.652783	0.936434	1.19643	1.43417	1.64244	1.80462	1.91449	1.97963	2.00538	2.00628	1.99054	1.97318	1.95776	1.94904	1.95484	1.97026	1.98696	2.00426	2.00727	1.98768	1.93081	1.83092	1.67859	1.47903	
0.944731	0.687625	0.432377	0.225506	0.0964301	0.0364899	0.0213195	0.0363024	0.0817183	0.163597	0.282417	0.428972	0.58839	0.745881	0.890021	1.01369	1.11401	1.19053	1.24391	1.27385	1.28064	1.26468	1.22543	1.16281	1.07684	0.966974	0.834601	0.684005	0.524159	0.368033	0.230916	0.126175	0.0587745	0.0230321	0.00755655	0.00207929	0.000482647	9.52512e-05	1.61196e-05	2.35929e-06	3.0108e-07	3.3754e-08	3.34746e-09	2.95519e-10	2.33569e-11	1.66137e-12	1.07001e-13	7.08565e-15	4.37993e-15	1.68579e-14	6.08644e-14	1.90885e-13	5.19113e-13	1.22409e-12	2.50933e-12	4.5027e-12	7.14203e-12	1.00895e-11	1.27035e-11	1.41948e-11	1.40338e-11	1.2498e-11	1.35607e-11	6.57421e-11	7.80732e-10	9.13647e-09	9.56763e-08	8.86569e-07	7.21334e-06	5.10953e-05	0.0003121	0.0016264	0.00714611	0.0261452	0.0786886	0.193009	0.385243	0.634682	0.894772	1.13505	1.35034	1.53832	1.69186	1.80932	1.89283	1.94579	1.97509	1.98962	1.99681	2.00048	1.99766	1.99151	1.97921	1.95321	1.90589	1.82852	1.71834	1.57182	1.39035	1.1802	
0.619673	0.395882	0.214057	0.0964301	0.0388202	0.0242109	0.0436472	0.102913	0.212756	0.372703	0.56535	0.766823	0.958205	1.12836	1.27222	1.38916	1.4811	1.54983	1.59644	1.6214	1.6267	1.61366	1.58029	1.52497	1.44715	1.34543	1.21782	1.06323	0.883589	0.686547	0.485916	0.303477	0.162291	0.0727623	0.0270909	0.00837548	0.00216256	0.000470382	8.70238e-05	1.38261e-05	1.90365e-06	2.29055e-07	2.42697e-08	2.28013e-09	1.91127e-10	1.43748e-11	9.78034e-13	7.64054e-14	7.88169e-14	3.00426e-13	1.03918e-12	3.12837e-12	8.19228e-12	1.86809e-11	3.72229e-11	6.52589e-11	1.01552e-10	1.41179e-10	1.75587e-10	1.94917e-10	1.92665e-10	1.69639e-10	1.33866e-10	1.02085e-10	1.74656e-10	1.47972e-09	1.6176e-08	1.6036e-07	1.40416e-06	1.07682e-05	7.17079e-05	0.000410775	0.00200352	0.00823034	0.0281713	0.0796178	0.184955	0.35484	0.573014	0.805577	1.02579	1.22267	1.39214	1.53205	1.64451	1.7304	1.79211	1.83106	1.85313	1.86183	1.85615	1.83678	1.8018	1.74468	1.66386	1.55674	1.42261	1.25892	1.06744	0.851291	
0.329916	0.182755	0.085849	0.0364899	0.0242109	0.0464008	0.115356	0.248146	0.444136	0.675528	0.908022	1.12201	1.30994	1.46917	1.59876	1.70092	1.7772	1.83056	1.86223	1.87893	1.88288	1.87366	1.85146	1.81189	1.74943	1.66333	1.5501	1.40899	1.23788	1.03898	0.816433	0.580857	0.359236	0.186639	0.0799527	0.0281243	0.00816475	0.00197481	0.000402337	6.9808e-05	1.04221e-05	1.35156e-06	1.53546e-07	1.53982e-08	1.37245e-09	1.09396e-10	7.89764e-12	8.01762e-13	1.3122e-12	4.87109e-12	1.61123e-11	4.64849e-11	1.17055e-10	2.57807e-10	4.98777e-10	8.53543e-10	1.30214e-09	1.78104e-09	2.18846e-09	2.41409e-09	2.38787e-09	2.11816e-09	1.68703e-09	1.20765e-09	7.88022e-10	6.40623e-10	2.59768e-09	2.52659e-08	2.36355e-07	1.9534e-06	1.41065e-05	8.82589e-05	0.000474106	0.00216591	0.00833575	0.0268016	0.0716096	0.159089	0.296828	0.47504	0.671616	0.865268	1.04232	1.1951	1.32146	1.42241	1.49945	1.55322	1.58486	1.59619	1.58884	1.56137	1.51209	1.43978	1.34368	1.2226	1.07505	0.902454	0.71125	0.513711	
0.139638	0.067905	0.0302864	0.0213195	0.0436472	0.115356	0.261031	0.483276	0.745093	1.00067	1.23327	1.44056	1.61688	1.75697	1.85952	1.92906	1.96946	1.99	1.99722	2.00131	2.00351	2.00013	1.99505	1.98357	1.95603	1.90501	1.82274	1.70532	1.55072	1.36064	1.14308	0.90087	0.638422	0.386439	0.192702	0.0780971	0.0257792	0.00699906	0.00158249	0.000301759	4.91064e-05	6.89333e-06	8.42725e-07	9.04885e-08	8.59847e-09	7.28081e-10	5.6227e-11	8.54302e-12	2.00084e-11	7.15348e-11	2.2581e-10	6.23246e-10	1.50679e-09	3.201e-09	6.00579e-09	1.0021e-08	1.49755e-08	2.01469e-08	2.44607e-08	2.68173e-08	2.65444e-08	2.37214e-08	1.914e-08	1.39308e-08	9.1198e-09	5.3607e-09	3.078e-09	4.71773e-09	3.51021e-08	3.07074e-07	2.39131e-06	1.62411e-05	9.53781e-05	0.000480234	0.00205575	0.00742495	0.0225033	0.0571555	0.122294	0.223432	0.355982	0.507232	0.662474	0.809147	0.938416	1.04595	1.13029	1.19132	1.22866	1.24244	1.23325	1.20064	1.14429	1.06465	0.961704	0.83658	0.692813	0.53839	0.385159	0.247692	
0.0475378	0.0221553	0.0165149	0.0363024	0.102913	0.248146	0.483276	0.768599	1.04539	1.29795	1.52941	1.72139	1.86305	1.95203	1.99769	2.00845	1.99796	1.97569	1.9561	1.93971	1.93519	1.94545	1.96339	1.98438	2.00427	2.00682	1.98458	1.9218	1.81314	1.65057	1.44011	1.19985	0.937874	0.652019	0.379473	0.178809	0.0677879	0.0208456	0.00527021	0.00111133	0.000198135	3.02336e-05	3.9914e-06	4.60245e-07	4.67424e-08	4.21484e-09	3.54436e-10	9.44638e-11	2.77028e-10	9.46758e-10	2.84574e-09	7.49925e-09	1.73768e-08	3.5553e-08	6.46023e-08	1.04976e-07	1.53538e-07	2.03094e-07	2.4366e-07	2.6554e-07	2.63014e-07	2.36753e-07	1.93527e-07	1.43398e-07	9.59984e-08	5.77632e-08	3.10581e-08	1.51872e-08	1.06337e-08	4.43197e-08	3.52458e-07	2.57901e-06	1.64464e-05	9.05372e-05	0.000426948	0.00171262	0.00581199	0.0166472	0.0403441	0.0834546	0.149603	0.237061	0.33925	0.447149	0.551514	0.644722	0.721549	0.77893	0.814997	0.828654	0.819483	0.787802	0.734554	0.661427	0.571161	0.46849	0.360588	0.256496	0.16545	0.0947809	
0.0142411	0.0112316	0.0266405	0.0817183	0.212756	0.444136	0.745093	1.04539	1.31941	1.57594	1.78108	1.91697	1.992	2.01083	1.98883	1.93432	1.86648	1.79381	1.73471	1.69722	1.68679	1.709	1.75597	1.82241	1.89439	1.95873	2.00229	2.00933	1.96893	1.871	1.70721	1.47698	1.21295	0.928776	0.620451	0.33979	0.148779	0.0521702	0.0148402	0.00347897	0.000682528	0.000113625	1.62483e-05	2.01715e-06	2.19432e-07	2.11288e-08	2.01911e-09	1.06288e-09	3.45634e-09	1.12296e-08	3.20613e-08	8.04916e-08	1.78411e-07	3.50961e-07	6.16681e-07	9.7459e-07	1.39373e-06	1.81183e-06	2.14797e-06	2.32714e-06	2.30652e-06	2.09108e-06	1.73179e-06	1.3071e-06	8.95943e-07	5.54967e-07	3.08669e-07	1.53117e-07	6.77654e-08	3.11164e-08	5.40769e-08	3.58647e-07	2.45174e-06	1.46494e-05	7.54708e-05	0.000332945	0.001251	0.00399129	0.0108198	0.0250613	0.0501444	0.0880216	0.138016	0.196825	0.259329	0.319727	0.37266	0.4139	0.440526	0.45076	0.443896	0.42042	0.3819	0.331001	0.271693	0.209142	0.149146	0.0970568	0.0566479	0.0292968	
0.00668617	0.0171905	0.0575026	0.163597	0.372703	0.675528	1.00067	1.29795	1.57594	1.79965	1.93551	2.00887	2.00769	1.94761	1.83887	1.7055	1.56425	1.43691	1.33745	1.28028	1.26715	1.29778	1.37318	1.48492	1.61946	1.76171	1.88656	1.97878	2.01684	1.9878	1.89054	1.72019	1.4679	1.18296	0.873088	0.546814	0.275683	0.110442	0.0354622	0.00927227	0.00200757	0.000365536	5.6738e-05	7.59692e-06	8.86576e-07	9.15407e-08	1.0989e-08	1.16251e-08	3.85761e-08	1.18622e-07	3.20804e-07	7.65381e-07	1.61926e-06	3.05671e-06	5.18491e-06	7.95751e-06	1.11144e-05	1.41918e-05	1.66234e-05	1.79057e-05	1.77585e-05	1.62142e-05	1.36075e-05	1.04687e-05	7.35586e-06	4.69793e-06	2.71045e-06	1.40267e-06	6.46634e-07	2.64462e-07	1.00058e-07	7.3039e-08	3.26565e-07	2.05466e-06	1.14712e-05	5.51934e-05	0.000227439	0.000799794	0.00239851	0.00615433	0.013617	0.0262924	0.044965	0.0692072	0.0973057	0.12655	0.153778	0.175969	0.190719	0.196469	0.192617	0.179566	0.158689	0.132235	0.103133	0.0745626	0.0493756	0.0295288	0.0157907	0.0080102	
0.00970911	0.0356434	0.111899	0.282417	0.56535	0.908022	1.23327	1.52941	1.78108	1.93551	2.01479	2.00264	1.90288	1.74352	1.54414	1.32706	1.12019	0.937339	0.799878	0.714177	0.692035	0.741373	0.848745	1.00537	1.20248	1.41481	1.62693	1.81442	1.95009	2.02062	1.99113	1.88573	1.68973	1.41359	1.10789	0.769849	0.440617	0.200635	0.0726208	0.0211796	0.00506341	0.00100897	0.000170096	2.45768e-05	3.07909e-06	3.44324e-07	6.31356e-08	1.18307e-07	3.82284e-07	1.10803e-06	2.82959e-06	6.39749e-06	1.28867e-05	2.32937e-05	3.8069e-05	5.66443e-05	7.71759e-05	9.67252e-05	0.000111914	0.000119845	0.000118937	0.000109371	9.30435e-05	7.30213e-05	5.2667e-05	3.47413e-05	2.08329e-05	1.12751e-05	5.46602e-06	2.35707e-06	8.99255e-07	3.06201e-07	1.25053e-07	2.7402e-07	1.51832e-06	7.88655e-06	3.53536e-05	0.000135819	0.000446366	0.00125686	0.00304835	0.00642625	0.0119177	0.0197127	0.0294844	0.0403623	0.051069	0.0601782	0.0664103	0.0688764	0.0672248	0.0616897	0.0530609	0.0425576	0.0316005	0.0215213	0.0132925	0.00738816	0.00392198	0.00347017	
0.0193236	0.0674303	0.190646	0.428972	0.766823	1.12201	1.44056	1.72139	1.91697	2.00887	2.00264	1.88251	1.6942	1.43246	1.1444	0.844509	0.565574	0.334005	0.161223	0.0648947	0.0429401	0.0938804	0.22218	0.422286	0.673738	0.961631	1.2619	1.54238	1.7773	1.94055	2.01882	1.98145	1.85276	1.61511	1.31692	0.983178	0.6246	0.319332	0.129437	0.0419448	0.0110448	0.00240434	0.00043963	6.84725e-05	9.2093e-06	1.15007e-06	4.14338e-07	1.0866e-06	3.3368e-06	9.07808e-06	2.18135e-05	4.6588e-05	8.9101e-05	0.00015384	0.000241712	0.000348034	0.000461906	0.000567726	0.000648578	0.000690406	0.000685628	0.000635114	0.000547961	0.000439124	0.000325592	0.000222257	0.000138834	7.87797e-05	4.02794e-05	1.84088e-05	7.46686e-06	2.67232e-06	8.43241e-07	2.57969e-07	2.30224e-07	9.91949e-07	4.75181e-06	1.97877e-05	7.0705e-05	0.000216723	0.000571756	0.00130696	0.00261339	0.00462456	0.00733188	0.0105347	0.0138495	0.0167824	0.0188442	0.0196721	0.0191173	0.0172793	0.0144836	0.0112033	0.00794196	0.00511477	0.00297585	0.00166111	0.00156234	0.00477244	
0.0354318	0.113058	0.289463	0.58839	0.958205	1.30994	1.61688	1.86305	1.992	2.00769	1.90288	1.6942	1.3906	1.03737	0.655607	0.292357	-0.0395785	-0.313141	-0.508258	-0.626466	-0.656358	-0.588851	-0.437795	-0.211896	0.0847017	0.433252	0.810792	1.1801	1.52373	1.78715	1.96083	2.01384	1.9547	1.7758	1.49842	1.1741	0.807846	0.455877	0.204648	0.0731287	0.0210907	0.00499377	0.000986853	0.000165208	2.38797e-05	3.65763e-06	2.98629e-06	8.82872e-06	2.54258e-05	6.46339e-05	0.000145543	0.000292571	0.00052959	0.000870972	0.00131238	0.00182482	0.00235545	0.00283611	0.00319708	0.00338209	0.003361	0.00313729	0.0027471	0.00225056	0.00171831	0.00121645	0.000793522	0.000473433	0.000256125	0.000124523	5.39494e-05	2.0676e-05	6.96831e-06	2.05855e-06	5.47491e-07	2.25988e-07	5.80162e-07	2.50388e-06	9.64822e-06	3.19725e-05	9.11444e-05	0.000224546	0.000481611	0.000907876	0.00152045	0.00228647	0.00311612	0.00387652	0.00442443	0.00464739	0.00449783	0.00400773	0.00327877	0.0024514	0.00166428	0.00102244	0.000604108	0.000606423	0.00202789	0.00908927	
0.0581103	0.170554	0.400027	0.745881	1.12836	1.46917	1.75697	1.95203	2.01083	1.94761	1.74352	1.43246	1.03737	0.595505	0.14282	-0.284194	-0.649987	-0.94127	-1.14694	-1.25662	-1.28055	-1.22299	-1.0749	-0.836019	-0.513108	-0.115819	0.320394	0.777315	1.20263	1.56882	1.84044	1.98929	2.00342	1.88992	1.64892	1.3386	0.97669	0.597143	0.292761	0.114148	0.0357594	0.00914723	0.00194263	0.000348047	5.46139e-05	1.28369e-05	2.12147e-05	6.25382e-05	0.000167425	0.000395649	0.000831067	0.00156599	0.00267332	0.00417484	0.00601641	0.00806028	0.010101	0.0118995	0.0132252	0.0138976	0.0138211	0.0130069	0.0115696	0.00970291	0.00764252	0.00562416	0.00384205	0.0024178	0.00138906	0.000721422	0.000335424	0.000138385	5.02853e-05	1.60024e-05	4.44439e-06	1.08448e-06	2.83606e-07	3.17988e-07	1.15249e-06	4.08282e-06	1.25028e-05	3.3023e-05	7.56229e-05	0.000151282	0.000266793	0.00041881	0.000590411	0.000752756	0.000872335	0.000921573	0.00088851	0.000781219	0.000624814	0.00045265	0.000296612	0.000187032	0.000201436	0.000739067	0.00367677	0.0160646	
0.0863143	0.235515	0.51252	0.890021	1.27222	1.59876	1.85952	1.99769	1.98883	1.83887	1.54414	1.1444	0.655607	0.14282	-0.365271	-0.822737	-1.20305	-1.49472	-1.68687	-1.79349	-1.81951	-1.75973	-1.62091	-1.39069	-1.06118	-0.64857	-0.165866	0.348968	0.85765	1.31617	1.67694	1.91693	2.00814	1.96119	1.76636	1.47549	1.12388	0.731719	0.385991	0.162203	0.0546298	0.0149658	0.00339038	0.000647343	0.000115589	5.63201e-05	0.000136923	0.000381251	0.000941759	0.0020569	0.00400931	0.00704955	0.0113051	0.0167078	0.0229616	0.0295699	0.0359114	0.0413335	0.0452456	0.0472042	0.0469824	0.044606	0.0403495	0.034692	0.0282438	0.0216588	0.0155407	0.0103511	0.0063406	0.00353419	0.00177286	0.00079201	0.000312238	0.000107839	3.2463e-05	8.49409e-06	1.93516e-06	4.08318e-07	1.85227e-07	4.65367e-07	1.49297e-06	4.20492e-06	1.02394e-05	2.16639e-05	4.01202e-05	6.5591e-05	9.54569e-05	0.000124532	0.000146369	0.000155453	0.000149347	0.000129704	0.000101605	7.18298e-05	4.88078e-05	5.67617e-05	0.000228948	0.00126678	0.00621717	0.0255575	
0.117748	0.302108	0.617828	1.01369	1.38916	1.70092	1.92906	2.00845	1.93432	1.7055	1.32706	0.844509	0.292357	-0.284194	-0.822737	-1.29496	-1.66021	-1.90973	-2.06274	-2.1387	-2.1539	-2.11595	-2.0116	-1.82524	-1.52676	-1.11515	-0.615969	-0.0524158	0.516742	1.05005	1.4919	1.81747	1.98224	1.99659	1.85143	1.58505	1.24653	0.851542	0.47639	0.212987	0.0762467	0.0221459	0.00530657	0.00108211	0.00025656	0.00028502	0.000768953	0.00197414	0.00446562	0.00895588	0.0161067	0.0262985	0.0394587	0.0550018	0.0718891	0.088804	0.104345	0.117188	0.126222	0.130672	0.13017	0.124759	0.114887	0.101404	0.0854774	0.0684555	0.0517376	0.0366004	0.0240036	0.0144309	0.00785608	0.00382569	0.00164807	0.000622314	0.000204591	5.83208e-05	1.43934e-05	3.07978e-06	5.82572e-07	1.37347e-07	1.69351e-07	4.69766e-07	1.20813e-06	2.69495e-06	5.22818e-06	8.88349e-06	1.33231e-05	1.77586e-05	2.11476e-05	2.25699e-05	2.16136e-05	1.85649e-05	1.4337e-05	1.06141e-05	1.34301e-05	5.96654e-05	0.000367798	0.00203078	0.00949876	0.036967	
0.149257	0.364279	0.709005	1.11401	1.4811	1.7772	1.96946	1.99796	1.86648	1.56425	1.12019	0.565574	-0.0395785	-0.649987	-1.20305	-1.66021	-1.98718	-2.18284	-2.25715	-2.26019	-2.25485	-2.26286	-2.24003	-2.11976	-1.87266	-1.49259	-0.992475	-0.408653	0.204394	0.797748	1.31121	1.70539	1.93607	2.00748	1.90867	1.66817	1.34399	0.951803	0.55724	0.261674	0.0983974	0.0299792	0.00754094	0.00169458	0.0007177	0.00140552	0.00366673	0.00855908	0.0175867	0.0321597	0.0530541	0.0800726	0.112016	0.146891	0.182281	0.215764	0.245116	0.268474	0.284436	0.292152	0.291288	0.281879	0.264349	0.239662	0.209322	0.175272	0.139788	0.105314	0.0742169	0.0483563	0.0287424	0.0153679	0.00729298	0.00303656	0.00109954	0.000344284	9.29735e-05	2.16571e-05	4.36244e-06	7.66289e-07	1.307e-07	6.14962e-08	1.27113e-07	2.94142e-07	5.96114e-07	1.05081e-06	1.62152e-06	2.20535e-06	2.65822e-06	2.84978e-06	2.72201e-06	2.32628e-06	1.89904e-06	2.6371e-06	1.29301e-05	8.89391e-05	0.000553169	0.00294588	0.0132133	0.0491589	
0.17744	0.416784	0.781657	1.19053	1.54983	1.83056	1.99	1.97569	1.79381	1.43691	0.937339	0.334005	-0.313141	-0.94127	-1.49472	-1.90973	-2.18284	-2.28897	-2.26311	-2.20652	-2.18873	-2.22622	-2.28474	-2.26724	-2.09046	-1.76176	-1.28735	-0.693594	-0.0554542	0.587097	1.15009	1.60191	1.88704	2.00387	1.94385	1.72685	1.41651	1.02991	0.623544	0.303777	0.118571	0.037498	0.00989867	0.00276807	0.00254388	0.00609855	0.0145764	0.0305918	0.0566202	0.0937753	0.141238	0.196489	0.25598	0.315841	0.372584	0.423352	0.465864	0.498467	0.520204	0.530606	0.529447	0.516752	0.49279	0.458108	0.413795	0.361636	0.304026	0.243945	0.184991	0.131034	0.0854707	0.0505307	0.0266455	0.0123512	0.00497477	0.00172739	0.000514975	0.000131727	2.89704e-05	5.50009e-06	9.07103e-07	1.34224e-07	2.79436e-08	3.01739e-08	6.01468e-08	1.09513e-07	1.73612e-07	2.40636e-07	2.93332e-07	3.1589e-07	3.02592e-07	2.75742e-07	4.24263e-07	2.30091e-06	1.76858e-05	0.000124048	0.000752418	0.00388795	0.0168802	0.0606475	
0.199235	0.455708	0.833497	1.24391	1.59644	1.86223	1.99722	1.9561	1.73471	1.33745	0.799878	0.161223	-0.508258	-1.14694	-1.68687	-2.06274	-2.25715	-2.26311	-2.1157	-1.93524	-1.87934	-1.99953	-2.18775	-2.28373	-2.2008	-1.93444	-1.48822	-0.897151	-0.243768	0.428494	1.02548	1.52022	1.84116	1.9945	1.96626	1.76533	1.46492	1.08438	0.671808	0.335639	0.134438	0.0437661	0.0124751	0.00561613	0.00937143	0.0222287	0.0475061	0.0887421	0.146887	0.219459	0.301587	0.387682	0.472588	0.552212	0.623842	0.685362	0.735378	0.773004	0.798048	0.810218	0.80886	0.794056	0.766484	0.726361	0.673961	0.610294	0.536882	0.455954	0.37044	0.284702	0.204038	0.134002	0.0791267	0.0412416	0.0186814	0.00727329	0.00241874	0.000685795	0.000166064	3.44835e-05	6.17485e-06	9.59777e-07	1.31159e-07	1.79676e-08	7.00075e-09	1.02811e-08	1.64913e-08	2.32532e-08	2.8653e-08	3.11516e-08	3.20623e-08	5.51986e-08	3.31888e-07	2.85404e-06	2.25945e-05	0.000156118	0.000928688	0.00469811	0.0199365	0.0698905	
0.212354	0.478564	0.863282	1.27385	1.6214	1.87893	2.00131	1.93971	1.69722	1.28028	0.714177	0.0648947	-0.626466	-1.25662	-1.79349	-2.1387	-2.26019	-2.20652	-1.93524	-1.58769	-1.47796	-1.71516	-2.06782	-2.2517	-2.23157	-2.03203	-1.59376	-1.01519	-0.352995	0.33354	0.952239	1.46728	1.81532	1.98513	1.97626	1.78697	1.4918	1.11494	0.699721	0.354611	0.144272	0.048395	0.016611	0.0145939	0.0307898	0.066408	0.125078	0.206489	0.305099	0.412881	0.522581	0.628921	0.728319	0.818714	0.898706	0.966638	1.0218	1.06374	1.09189	1.10555	1.10402	1.08739	1.05644	1.01184	0.954097	0.88366	0.801446	0.709125	0.608132	0.500775	0.390989	0.284408	0.188617	0.111416	0.0573832	0.0253556	0.00951835	0.00302418	0.000814031	0.000186419	3.6543e-05	6.17478e-06	9.05977e-07	1.16408e-07	1.35557e-08	2.15048e-09	1.51316e-09	2.01371e-09	2.50967e-09	2.95114e-09	5.73843e-09	3.83322e-08	3.68984e-07	3.29814e-06	2.59527e-05	0.000177539	0.00104449	0.00522076	0.0218676	0.0755961	
0.215467	0.483951	0.870248	1.28064	1.6267	1.88288	2.00351	1.93519	1.68679	1.26715	0.692035	0.0429401	-0.656358	-1.28055	-1.81951	-2.1539	-2.25485	-2.18873	-1.87934	-1.47796	-1.35082	-1.62581	-2.03248	-2.24039	-2.23328	-2.05504	-1.61616	-1.04182	-0.378517	0.312236	0.935592	1.45484	1.81095	1.98097	1.97717	1.7923	1.49824	1.12198	0.706232	0.359269	0.147452	0.0525758	0.0269385	0.0401867	0.0844322	0.16021	0.264066	0.386099	0.51527	0.644311	0.769513	0.888514	0.999121	1.09987	1.18817	1.26289	1.323	1.36876	1.39845	1.4116	1.41016	1.39387	1.36089	1.31216	1.24913	1.17157	1.08065	0.977683	0.865298	0.744833	0.618671	0.489238	0.360792	0.241453	0.142422	0.0722437	0.031006	0.011175	0.0033805	0.000861834	0.000186419	3.44835e-05	5.49979e-06	7.62388e-07	9.25787e-08	9.97011e-09	1.04775e-09	2.35894e-10	2.18869e-10	4.72267e-10	3.50636e-09	3.77693e-08	3.80985e-07	3.41084e-06	2.67891e-05	0.00018284	0.00107295	0.00534822	0.0223344	0.0769622	
0.208261	0.471511	0.854171	1.26468	1.61366	1.87366	2.00013	1.94545	1.709	1.29778	0.741373	0.0938804	-0.588851	-1.22299	-1.75973	-2.11595	-2.26286	-2.22622	-1.99953	-1.71516	-1.62581	-1.8199	-2.111	-2.26386	-2.22483	-2.0009	-1.56115	-0.978347	-0.31899	0.362445	0.975097	1.48417	1.82335	1.98881	1.97322	1.78011	1.48364	1.10568	0.691316	0.349737	0.145376	0.06092	0.053885	0.0994077	0.188532	0.311419	0.452602	0.599107	0.74572	0.890924	1.03196	1.16491	1.28615	1.39361	1.48445	1.55997	1.61905	1.66241	1.69038	1.70274	1.70139	1.68613	1.65503	1.60853	1.54614	1.46751	1.37336	1.26288	1.13912	1.00425	0.862032	0.716412	0.569627	0.423607	0.284715	0.16675	0.082745	0.0342604	0.0117872	0.0033805	0.000814031	0.000166064	2.89703e-05	4.36153e-06	5.71537e-07	6.5706e-08	6.68079e-09	6.14662e-10	7.9081e-11	2.54776e-10	3.02591e-09	3.44089e-08	3.49952e-07	3.14883e-06	2.48588e-05	0.000170608	0.00100722	0.00505354	0.021254	0.0737984	
0.19146	0.442019	0.815483	1.22543	1.58029	1.85146	1.99505	1.96339	1.75597	1.37318	0.848745	0.22218	-0.437795	-1.0749	-1.62091	-2.0116	-2.24003	-2.28474	-2.18775	-2.06782	-2.03248	-2.111	-2.23674	-2.28868	-2.1695	-1.87538	-1.41992	-0.824429	-0.177025	0.484788	1.06897	1.5497	1.85774	1.99833	1.95882	1.75218	1.44838	1.0657	0.655777	0.328263	0.142872	0.0832329	0.112748	0.206411	0.342942	0.49915	0.66078	0.825635	0.992676	1.15561	1.3079	1.44505	1.56592	1.66919	1.75581	1.82558	1.88068	1.91942	1.94536	1.95906	1.95754	1.94118	1.91279	1.87094	1.81276	1.73985	1.64981	1.54319	1.41882	1.27866	1.12367	0.959452	0.792374	0.628148	0.467218	0.312703	0.180078	0.0865369	0.0342604	0.011175	0.00302418	0.000685795	0.000131727	2.16569e-05	3.07744e-06	3.81338e-07	4.15373e-08	4.00722e-09	3.58142e-10	2.13619e-10	2.39863e-09	2.76541e-08	2.8447e-07	2.59004e-06	2.07069e-05	0.000144052	0.000862959	0.00439871	0.0188185	0.0665489	
0.166789	0.397296	0.75513	1.16281	1.52497	1.81189	1.98357	1.98438	1.82241	1.48492	1.00537	0.422286	-0.211896	-0.836019	-1.39069	-1.82524	-2.11976	-2.26724	-2.28373	-2.2517	-2.24039	-2.26386	-2.28868	-2.22812	-2.01687	-1.66861	-1.18051	-0.590264	0.0429243	0.666597	1.21116	1.64045	1.90693	2.00695	1.93164	1.70593	1.39065	1.00223	0.602253	0.300184	0.149228	0.132906	0.214372	0.356416	0.52395	0.699376	0.882841	1.0707	1.25176	1.41838	1.56928	1.7021	1.81806	1.91405	1.99337	2.05404	2.10053	2.13315	2.15187	2.16053	2.15962	2.14904	2.12776	2.09228	2.04317	1.97898	1.89627	1.79648	1.6769	1.54053	1.38633	1.21651	1.03354	0.845418	0.663714	0.489331	0.322338	0.180078	0.082745	0.031006	0.00951835	0.00241874	0.000514975	9.29734e-05	1.4393e-05	1.92991e-06	2.26165e-07	2.33512e-08	2.14797e-09	3.01593e-10	1.66859e-09	1.94447e-08	2.03702e-07	1.89079e-06	1.54291e-05	0.000109701	0.000672678	0.00351562	0.01545	0.0562326	
0.13688	0.340374	0.674689	1.07684	1.44715	1.74943	1.95603	2.00427	1.89439	1.61946	1.20248	0.673738	0.0847017	-0.513108	-1.06118	-1.52676	-1.87266	-2.09046	-2.2008	-2.23157	-2.23328	-2.22483	-2.1695	-2.01687	-1.74862	-1.35411	-0.851142	-0.275994	0.322429	0.89698	1.38275	1.75028	1.95494	2.00535	1.88916	1.63811	1.30848	0.916625	0.535893	0.274514	0.176518	0.219081	0.353079	0.527188	0.714208	0.914308	1.12002	1.31564	1.49629	1.66234	1.80925	1.93411	2.03657	2.11702	2.17777	2.22319	2.25375	2.27428	2.28695	2.293	2.29235	2.28498	2.2708	2.24858	2.21535	2.16691	2.10273	2.01776	1.91107	1.7814	1.63068	1.46104	1.27773	1.07938	0.873019	0.675686	0.489331	0.312703	0.16675	0.0722437	0.0253556	0.00727329	0.00172739	0.000344284	5.83207e-05	8.49321e-06	1.07416e-06	1.19043e-07	1.16569e-08	1.088e-09	1.0657e-09	1.18835e-08	1.27705e-07	1.21802e-06	1.02276e-05	7.495e-05	0.00047457	0.00256651	0.0116987	0.0442748	
0.104994	0.275744	0.577187	0.966974	1.34543	1.66333	1.90501	2.00682	1.95873	1.76171	1.41481	0.961631	0.433252	-0.115819	-0.64857	-1.11515	-1.49259	-1.76176	-1.93444	-2.03203	-2.05504	-2.0009	-1.87538	-1.66861	-1.35411	-0.935034	-0.443255	0.107127	0.648437	1.15516	1.5684	1.85982	1.99582	1.9863	1.82104	1.54463	1.20202	0.812398	0.464817	0.262667	0.233807	0.338097	0.510216	0.705048	0.91732	1.13855	1.3479	1.54504	1.72651	1.88461	2.01467	2.11982	2.19982	2.25822	2.29755	2.32093	2.33483	2.34007	2.34064	2.34112	2.34108	2.34056	2.33949	2.3328	2.31714	2.29119	2.24808	2.18572	2.10074	1.99076	1.85509	1.69214	1.50633	1.30742	1.09473	0.873019	0.663714	0.467218	0.284715	0.142422	0.0573832	0.0186814	0.00497477	0.00109954	0.000204591	3.24628e-05	4.44278e-06	5.29696e-07	5.55032e-08	5.18645e-09	9.29498e-10	6.2908e-09	6.95961e-08	6.87452e-07	5.9883e-06	4.56109e-05	0.000300819	0.00169877	0.00810833	0.0322324	
0.0745066	0.209057	0.468037	0.834601	1.21782	1.5501	1.82274	1.98458	2.00229	1.88656	1.62693	1.2619	0.810792	0.320394	-0.165866	-0.615969	-0.992475	-1.28735	-1.48822	-1.59376	-1.61616	-1.56115	-1.41992	-1.18051	-0.851142	-0.443255	0.02588	0.518031	0.999768	1.41925	1.74601	1.95126	2.01006	1.93716	1.72378	1.42499	1.07195	0.695293	0.399793	0.27471	0.32114	0.475969	0.673056	0.891765	1.12624	1.35077	1.56389	1.76036	1.92671	2.06534	2.17525	2.25456	2.30705	2.33394	2.34285	2.3386	2.32567	2.31263	2.3016	2.29554	2.29624	2.30345	2.3151	2.32849	2.34039	2.3422	2.33031	2.29864	2.24097	2.1558	2.03998	1.89572	1.72362	1.52191	1.30742	1.07938	0.845418	0.628148	0.423607	0.241453	0.111416	0.0412416	0.0123512	0.00303656	0.000622314	0.000107839	1.60022e-05	2.05597e-06	2.30931e-07	2.28831e-08	2.23003e-09	2.9864e-09	3.27559e-08	3.37402e-07	3.07192e-06	2.45108e-05	0.000169782	0.00100992	0.00509439	0.021481	
0.0482982	0.146425	0.355124	0.684005	1.06323	1.40899	1.70532	1.9218	2.00933	1.97878	1.81442	1.54238	1.1801	0.777315	0.348968	-0.0524158	-0.408653	-0.693594	-0.897151	-1.01519	-1.04182	-0.978347	-0.824429	-0.590264	-0.275994	0.107127	0.518031	0.943391	1.33251	1.66257	1.8959	2.00546	1.98998	1.85016	1.59312	1.27824	0.921077	0.574597	0.352226	0.315054	0.430044	0.620499	0.840472	1.08323	1.32462	1.55133	1.7635	1.94157	2.09262	2.20732	2.28464	2.3291	2.34302	2.33417	2.30657	2.26879	2.22924	2.19137	2.16227	2.14831	2.14986	2.16691	2.19844	2.23721	2.27664	2.31328	2.33754	2.34227	2.32294	2.272	2.18766	2.06489	1.90822	1.72362	1.50633	1.27773	1.03354	0.792374	0.569627	0.360792	0.188617	0.0791267	0.0266455	0.00729298	0.00164807	0.000312238	5.02853e-05	6.96798e-06	8.39586e-07	8.87824e-08	8.38494e-09	1.78383e-09	1.32862e-08	1.43079e-07	1.37002e-06	1.15281e-05	8.44727e-05	0.000533412	0.00286778	0.0129455	
0.0281706	0.0932531	0.248106	0.524159	0.883589	1.23788	1.55072	1.81314	1.96893	2.01684	1.95009	1.7773	1.52373	1.20263	0.85765	0.516742	0.204394	-0.0554542	-0.243768	-0.352995	-0.378517	-0.31899	-0.177025	0.0429243	0.322429	0.648437	0.999768	1.33251	1.63808	1.85462	1.99257	2.00983	1.92058	1.71688	1.43044	1.10596	0.755556	0.462453	0.331085	0.381335	0.550225	0.767307	1.01118	1.26739	1.50852	1.73591	1.93196	2.09539	2.2169	2.29778	2.33862	2.34185	2.31327	2.25746	2.18747	2.10998	2.03365	1.97104	1.92702	1.90522	1.90766	1.93409	1.98216	2.04818	2.12576	2.20221	2.2702	2.32153	2.34411	2.33388	2.28399	2.1966	2.06489	1.89572	1.69214	1.46104	1.21651	0.959452	0.716412	0.489238	0.284408	0.134002	0.0505307	0.0153679	0.00382569	0.00079201	0.000138385	2.0676e-05	2.67189e-06	3.01614e-07	3.00242e-08	3.00846e-09	4.79e-09	5.21939e-08	5.27896e-07	4.70808e-06	3.66979e-05	0.000247528	0.00142824	0.0069566	
0.0145449	0.0530206	0.156462	0.368033	0.686547	1.03898	1.36064	1.65057	1.871	1.9878	2.02062	1.94055	1.78715	1.56882	1.31617	1.05005	0.797748	0.587097	0.428494	0.33354	0.312236	0.362445	0.484788	0.666597	0.89698	1.15516	1.41925	1.66257	1.85462	1.98386	2.01942	1.95011	1.79513	1.53962	1.23897	0.910466	0.586473	0.372481	0.340626	0.466935	0.674666	0.91479	1.17764	1.43657	1.67756	1.89557	2.07272	2.21089	2.29894	2.34283	2.33653	2.29038	2.21094	2.1074	1.98752	1.86468	1.75239	1.65646	1.58545	1.55035	1.55426	1.59694	1.67395	1.7738	1.88869	2.01231	2.12974	2.22934	2.3027	2.33993	2.33898	2.28399	2.18766	2.03998	1.85509	1.63068	1.38633	1.12367	0.862032	0.618671	0.390989	0.204038	0.0854707	0.0287424	0.00785608	0.00177286	0.000335424	5.39494e-05	7.46681e-06	8.98744e-07	9.49543e-08	8.97603e-09	2.09568e-09	1.63783e-08	1.74999e-07	1.65965e-06	1.3812e-05	9.99311e-05	0.000621834	0.00328672	
0.00654761	0.0264219	0.0871362	0.230916	0.485916	0.816433	1.14308	1.44011	1.70721	1.89054	1.99113	2.01882	1.96083	1.84044	1.67694	1.4919	1.31121	1.15009	1.02548	0.952239	0.935592	0.975097	1.06897	1.21116	1.38275	1.5684	1.74601	1.8959	1.99257	2.01942	1.95791	1.83029	1.60785	1.32489	1.02161	0.699459	0.431233	0.316436	0.379385	0.563961	0.798942	1.05908	1.33274	1.59012	1.82688	2.02678	2.18354	2.2883	2.33962	2.33528	2.28412	2.18233	2.04653	1.88426	1.71197	1.54052	1.38205	1.25281	1.16534	1.12341	1.1281	1.17922	1.27551	1.412	1.57425	1.74668	1.91843	2.07602	2.2046	2.2994	2.33993	2.33388	2.272	2.1558	1.99076	1.7814	1.54053	1.27866	1.00425	0.744833	0.500775	0.284702	0.131034	0.0483563	0.0144309	0.00353419	0.000721422	0.000124523	1.84088e-05	2.35702e-06	2.63927e-07	2.60893e-08	2.63115e-09	4.55691e-09	4.98166e-08	5.03126e-07	4.47902e-06	3.48369e-05	0.000234386	0.00134856	
0.00253905	0.0113609	0.0419993	0.126175	0.303477	0.580857	0.90087	1.19985	1.47698	1.72019	1.88573	1.98145	2.01384	1.98929	1.91693	1.81747	1.70539	1.60191	1.52022	1.46728	1.45484	1.48417	1.5497	1.64045	1.75028	1.85982	1.95126	2.00546	2.00983	1.9501	1.83027	1.6312	1.36787	1.0861	0.781872	0.490999	0.310168	0.299644	0.440608	0.664877	0.919665	1.19583	1.47265	1.72575	1.95307	2.13271	2.26248	2.33173	2.34103	2.28735	2.17867	2.02301	1.82603	1.60454	1.37282	1.144	0.940709	0.775543	0.657554	0.597591	0.604395	0.676817	0.805065	0.97871	1.18847	1.41972	1.64975	1.8674	2.05829	2.2046	2.3027	2.34411	2.32294	2.24097	2.10074	1.91107	1.6769	1.41882	1.13912	0.865298	0.608132	0.37044	0.184991	0.0742169	0.0240036	0.0063406	0.00138906	0.000256125	4.02794e-05	5.46602e-06	6.46585e-07	6.72704e-08	6.27687e-09	1.51796e-09	1.22084e-08	1.31008e-07	1.24801e-06	1.04391e-05	7.59782e-05	0.000476174	
0.000841689	0.0041693	0.0172556	0.0587745	0.162291	0.359236	0.638422	0.937874	1.21295	1.4679	1.68973	1.85276	1.9547	2.00342	2.00814	1.98224	1.93607	1.88704	1.84116	1.81532	1.81095	1.82335	1.85774	1.90693	1.95494	1.99582	2.01006	1.98997	1.92055	1.79505	1.60769	1.36762	1.10664	0.823765	0.533962	0.314399	0.237666	0.317981	0.514486	0.763772	1.03394	1.3207	1.59568	1.84396	2.05606	2.21273	2.31307	2.34333	2.30829	2.20385	2.03805	1.81991	1.56119	1.27645	0.980602	0.697958	0.441755	0.226924	0.0747823	0.000213547	0.00858805	0.099307	0.265424	0.490394	0.752866	1.0392	1.33519	1.61495	1.8674	2.07602	2.22934	2.32153	2.34227	2.29864	2.18572	2.01776	1.79648	1.54319	1.26288	0.977683	0.709125	0.455954	0.243945	0.105314	0.0366004	0.0103511	0.0024178	0.000473433	7.87797e-05	1.12751e-05	1.40266e-06	1.53074e-07	1.47864e-08	1.46934e-09	2.65703e-09	2.93385e-08	2.98761e-07	2.6849e-06	2.11147e-05	0.000143951	
0.000237801	0.001299	0.00599206	0.0230321	0.0727623	0.186639	0.386439	0.652019	0.928776	1.18296	1.41359	1.61511	1.7758	1.88992	1.96119	1.99659	2.00748	2.00387	1.9945	1.98513	1.98097	1.98881	1.99833	2.00695	2.00535	1.9863	1.93714	1.85009	1.71668	1.53915	1.32392	1.08439	0.821585	0.546608	0.316232	0.195415	0.213196	0.359786	0.591502	0.856499	1.13875	1.43097	1.70151	1.94173	2.13632	2.27056	2.33722	2.33075	2.24711	2.09333	1.86859	1.58987	1.26715	0.915262	0.558505	0.211686	-0.104213	-0.358818	-0.531839	-0.615058	-0.605717	-0.504183	-0.314038	-0.0450629	0.279756	0.62932	0.986068	1.33519	1.64975	1.91843	2.12974	2.2702	2.33754	2.33031	2.24808	2.10273	1.89627	1.64981	1.37336	1.08065	0.801446	0.536882	0.304026	0.139788	0.0517376	0.0155407	0.00384205	0.000793522	0.000138834	2.08329e-05	2.71045e-06	3.08665e-07	3.10257e-08	2.80636e-09	6.86453e-10	5.68021e-09	6.15853e-08	5.93462e-07	5.03129e-06	3.7211e-05	
5.73162e-05	0.000343489	0.00175498	0.00755655	0.0270909	0.0799527	0.192702	0.379473	0.620451	0.873088	1.10789	1.31692	1.49842	1.64892	1.76636	1.85143	1.90867	1.94385	1.96626	1.97626	1.97717	1.97322	1.95882	1.93164	1.88914	1.82099	1.72363	1.59268	1.42934	1.23655	1.01691	0.773781	0.522091	0.30361	0.166421	0.137121	0.222706	0.411757	0.664569	0.940004	1.23116	1.52474	1.79041	2.02193	2.19692	2.30786	2.34291	2.29782	2.17059	1.96472	1.6864	1.34685	0.959001	0.545504	0.119357	-0.295678	-0.664757	-0.963822	-1.17589	-1.28243	-1.27034	-1.14124	-0.910344	-0.596025	-0.215279	0.204936	0.62932	1.0392	1.41972	1.74668	2.01231	2.20221	2.31328	2.3422	2.29119	2.16691	1.97898	1.73985	1.46751	1.17157	0.88366	0.610294	0.361636	0.175272	0.0684555	0.0216588	0.00562416	0.00121645	0.000222257	3.47413e-05	4.69793e-06	5.54967e-07	5.77609e-08	5.34151e-09	5.13811e-10	9.80302e-10	1.09764e-08	1.13117e-07	1.03077e-06	8.24095e-06	
1.18302e-05	7.73444e-05	0.000434709	0.00207929	0.00837548	0.0281243	0.0780971	0.178809	0.33979	0.546814	0.769849	0.983178	1.1741	1.3386	1.47549	1.58505	1.66817	1.72685	1.76533	1.78697	1.7923	1.78011	1.75218	1.70591	1.63803	1.54434	1.42413	1.27598	1.10083	0.900126	0.68085	0.460858	0.270729	0.141255	0.0888912	0.121736	0.248757	0.463643	0.729182	1.01201	1.30967	1.60261	1.86219	2.08292	2.24127	2.32881	2.33411	2.25397	2.08477	1.83179	1.5029	1.10437	0.660757	0.181477	-0.313693	-0.790208	-1.22657	-1.60226	-1.88123	-2.02413	-2.00788	-1.83517	-1.53344	-1.14324	-0.697738	-0.215279	0.279756	0.752866	1.18847	1.57425	1.88869	2.12576	2.27664	2.34039	2.31714	2.21535	2.04317	1.81276	1.54614	1.24913	0.954097	0.673961	0.413795	0.209322	0.0854774	0.0282438	0.00764252	0.00171831	0.000325592	5.2667e-05	7.35586e-06	8.95943e-07	9.59982e-08	9.11873e-09	7.82988e-10	1.96889e-10	1.70317e-09	1.86819e-08	1.82383e-07	1.57018e-06	
2.10265e-06	1.49136e-05	9.15859e-05	0.000482647	0.00216256	0.00816475	0.0257792	0.0677879	0.148779	0.275683	0.440617	0.6246	0.807846	0.97669	1.12388	1.24653	1.34399	1.41651	1.46492	1.4918	1.49824	1.48363	1.44835	1.39052	1.308	1.20051	1.06786	0.911466	0.735726	0.550131	0.371275	0.220081	0.113877	0.0597273	0.0603606	0.127376	0.278385	0.50932	0.782841	1.07102	1.37285	1.66384	1.91896	2.12968	2.27094	2.3397	2.31683	2.20734	1.99977	1.70809	1.33045	0.885297	0.38612	-0.15486	-0.705719	-1.25187	-1.78119	-2.25023	-2.59739	-2.77307	-2.75321	-2.54044	-2.16418	-1.6782	-1.14324	-0.596025	-0.0450629	0.490394	0.97871	1.412	1.7738	2.04818	2.23721	2.32849	2.3328	2.24858	2.09228	1.87094	1.60853	1.31216	1.01184	0.726361	0.458108	0.239662	0.101404	0.034692	0.00970291	0.00225056	0.000439124	7.30213e-05	1.04687e-05	1.3071e-06	1.43398e-07	1.39308e-08	1.20784e-09	1.11369e-10	2.36431e-10	2.68871e-09	2.80257e-08	2.58814e-07	
3.23874e-07	2.47915e-06	1.65307e-05	9.52512e-05	0.000470382	0.00197481	0.00699906	0.0208456	0.0521702	0.110442	0.200635	0.319332	0.455877	0.597143	0.731719	0.851542	0.951803	1.02991	1.08437	1.11494	1.12197	1.10563	1.06551	1.00152	0.914291	0.805812	0.679305	0.540894	0.399964	0.268981	0.160795	0.0840808	0.0405672	0.0288654	0.0548931	0.139075	0.304396	0.545527	0.823936	1.11611	1.42141	1.70989	1.95944	2.16273	2.29092	2.34229	2.29951	2.16279	1.92824	1.60034	1.18727	0.702346	0.151345	-0.431702	-1.03255	-1.66069	-2.28568	-2.8332	-3.22918	-3.42616	-3.404	-3.16483	-2.73377	-2.16418	-1.53344	-0.910344	-0.314038	0.265424	0.805065	1.27551	1.67395	1.98216	2.19844	2.3151	2.33949	2.2708	2.12776	1.91279	1.65503	1.36089	1.05644	0.766484	0.49279	0.264349	0.114887	0.0403495	0.0115696	0.0027471	0.000547961	9.30435e-05	1.36075e-05	1.73179e-06	1.93527e-07	1.914e-08	1.6871e-09	1.35305e-10	3.68284e-11	3.39663e-10	3.76257e-09	3.71337e-08	
4.35233e-08	3.57835e-07	2.576e-06	1.61196e-05	8.70238e-05	0.000402337	0.00158249	0.00527021	0.0148402	0.0354622	0.0726208	0.129437	0.204648	0.292761	0.385991	0.47639	0.55724	0.623544	0.671806	0.699712	0.706184	0.691088	0.654847	0.599033	0.526412	0.441035	0.348593	0.256413	0.172582	0.104281	0.0555783	0.0263624	0.0142491	0.0202684	0.0566239	0.149429	0.323316	0.570597	0.8519	1.14711	1.45459	1.74092	1.98724	2.18272	2.30265	2.34133	2.28383	2.12847	1.87502	1.51905	1.08648	0.565588	-0.0204464	-0.627645	-1.27571	-1.978	-2.67481	-3.27232	-3.69604	-3.90442	-3.88105	-3.62762	-3.16483	-2.54044	-1.83517	-1.14124	-0.504183	0.099307	0.676817	1.17922	1.59694	1.93409	2.16691	2.30345	2.34056	2.28498	2.14904	1.94118	1.68613	1.39387	1.08739	0.794056	0.516752	0.281879	0.124759	0.044606	0.0130069	0.00313729	0.000635114	0.000109371	1.62142e-05	2.09108e-06	2.36753e-07	2.37214e-08	2.11817e-09	1.69804e-10	1.51177e-11	3.85008e-11	4.44065e-10	4.66703e-09	
5.13646e-09	4.51641e-08	3.49253e-07	2.35929e-06	1.38261e-05	6.9808e-05	0.000301759	0.00111133	0.00347897	0.00927227	0.0211796	0.0419448	0.0731287	0.114148	0.162203	0.212987	0.261674	0.303776	0.335631	0.354561	0.359015	0.348648	0.324291	0.287952	0.24272	0.192614	0.142347	0.0966476	0.0593419	0.0324173	0.0156384	0.00733955	0.00680361	0.0186433	0.0586976	0.155414	0.333542	0.583777	0.866688	1.16415	1.47188	1.75523	2.00229	2.19322	2.30749	2.34137	2.2734	2.1104	1.84469	1.47421	1.03229	0.488451	-0.113289	-0.732887	-1.41281	-2.15954	-2.89401	-3.51519	-3.95125	-4.1646	-4.14069	-3.88105	-3.404	-2.75321	-2.00788	-1.27034	-0.605717	0.00858805	0.604395	1.1281	1.55426	1.90766	2.14986	2.29624	2.34108	2.29235	2.15962	1.95754	1.70139	1.41016	1.10402	0.80886	0.529447	0.291288	0.13017	0.0469824	0.0138211	0.003361	0.000685628	0.000118937	1.77585e-05	2.30652e-06	2.63014e-07	2.65444e-08	2.38787e-09	1.9268e-10	1.42878e-11	4.64145e-12	4.63884e-11	5.17024e-10	
5.35723e-10	5.01849e-09	4.15016e-08	3.0108e-07	1.90365e-06	1.04221e-05	4.91064e-05	0.000198135	0.000682528	0.00200757	0.00506341	0.0110448	0.0210907	0.0357594	0.0546298	0.0762466	0.0983963	0.118563	0.134391	0.144022	0.146313	0.140991	0.128692	0.110865	0.0896	0.0673656	0.0466159	0.0293088	0.0165076	0.00823036	0.00372776	0.00230219	0.00501169	0.0181814	0.0588162	0.155951	0.334473	0.584971	0.868058	1.16578	1.47342	1.75627	2.00359	2.1942	2.30789	2.34149	2.27244	2.10885	1.8419	1.47009	1.02727	0.481243	-0.121763	-0.742558	-1.42569	-2.17663	-2.91447	-3.53768	-3.97479	-4.18854	-4.1646	-3.90442	-3.42616	-2.77307	-2.02413	-1.28243	-0.615058	0.000213547	0.597591	1.12341	1.55035	1.90522	2.14831	2.29554	2.34112	2.293	2.16053	1.95906	1.70274	1.4116	1.10555	0.810218	0.530606	0.292152	0.130672	0.0472042	0.0138976	0.00338209	0.000690406	0.000119845	1.79057e-05	2.32714e-06	2.6554e-07	2.68173e-08	2.41409e-09	1.94919e-10	1.42165e-11	1.26351e-12	4.35563e-12	5.07895e-11	
4.9673e-11	4.94054e-10	4.35218e-09	3.3754e-08	2.29055e-07	1.35156e-06	6.89333e-06	3.02336e-05	0.000113625	0.000365536	0.00100897	0.00240434	0.00499377	0.00914722	0.0149657	0.0221451	0.0299732	0.0374589	0.0435452	0.0473305	0.0482395	0.0461317	0.0413307	0.0345597	0.0268068	0.0191306	0.0124327	0.0072711	0.00378135	0.00174826	0.000847172	0.00115108	0.00441085	0.0172384	0.0564533	0.150868	0.326051	0.57419	0.855936	1.15168	1.45925	1.74493	1.99129	2.18558	2.30413	2.34134	2.28126	2.12362	1.86706	1.50713	1.07197	0.545034	-0.0455482	-0.656111	-1.31239	-2.0265	-2.73363	-3.33778	-3.76499	-3.97479	-3.95125	-3.69604	-3.22918	-2.59739	-1.88123	-1.17589	-0.531839	0.0747823	0.657554	1.16534	1.58545	1.92702	2.16227	2.3016	2.34064	2.28695	2.15187	1.94536	1.69038	1.39845	1.09189	0.798048	0.520204	0.284436	0.126222	0.0452456	0.0132252	0.00319708	0.000648578	0.000111914	1.66234e-05	2.14797e-06	2.4366e-07	2.44607e-08	2.18846e-09	1.75587e-10	1.27052e-11	8.58584e-13	4.06347e-13	4.45089e-12	
