-0.295608	0.146348	0.677233	1.24734	1.81105	2.30176	2.67855	2.93571	3.04409	3.01729	2.89017	2.66412	2.36139	2.05537	1.81467	1.65827	1.56674	1.51347	1.48232	1.46592	1.4619	1.46973	1.48784	1.5146	1.54665	1.57935	1.60837	1.62757	1.62972	1.60911	1.56204	1.48684	1.38214	1.24703	1.08101	0.884672	0.666685	0.450777	0.268087	0.138706	0.0622277	0.02425	0.00824679	0.002462	0.000649379	0.000152295	3.19692e-05	6.08705e-06	1.16025e-06	4.29723e-07	5.34544e-07	9.01281e-07	1.46606e-06	2.23604e-06	3.23728e-06	4.72614e-06	8.58216e-06	2.5797e-05	0.000111821	0.000511314	0.0021612	0.00812421	0.0267338	0.0761172	0.185477	0.383027	0.666648	0.983074	1.25935	1.46449	1.60013	1.63823	1.55602	1.38025	1.11771	0.783242	0.418035	0.0363218	-0.316248	-0.636812	-0.898074	-1.09544	-1.22674	-1.29963	-1.32304	-1.3199	-1.29975	-1.27624	-1.25857	-1.2512	-1.25616	-1.27114	-1.29592	-1.31627	-1.32324	-1.30857	-1.24327	-1.12446	-0.928633	-0.659597	
0.146348	0.657761	1.2269	1.78552	2.29418	2.69083	2.9733	3.12974	3.13663	3.02407	2.8124	2.50388	2.14672	1.82245	1.58072	1.42061	1.31619	1.24701	1.20205	1.17706	1.17101	1.18423	1.21498	1.26171	1.32183	1.3904	1.46146	1.53057	1.58915	1.62784	1.63742	1.61179	1.54789	1.44535	1.30789	1.13879	0.936107	0.704376	0.470438	0.27321	0.13676	0.0589814	0.0220109	0.00715395	0.00203979	0.000513962	0.000115365	2.3533e-05	5.07162e-06	2.45199e-06	3.33995e-06	5.52171e-06	8.73644e-06	1.29629e-05	1.80755e-05	2.3863e-05	3.06562e-05	4.28894e-05	8.67293e-05	0.000286988	0.00115589	0.00449827	0.015671	0.0476443	0.124642	0.277436	0.521161	0.825905	1.12204	1.35818	1.53186	1.63189	1.62205	1.51241	1.3222	1.04718	0.730844	0.384752	0.0290787	-0.293286	-0.585918	-0.821148	-1.00889	-1.14046	-1.22851	-1.27819	-1.30015	-1.31076	-1.31205	-1.31036	-1.31371	-1.31234	-1.30175	-1.28502	-1.23984	-1.16104	-1.03547	-0.851537	-0.604014	-0.271283	
0.677233	1.2269	1.77544	2.2836	2.6956	2.99018	3.17621	3.2135	3.10474	2.89038	2.57933	2.19259	1.80132	1.47635	1.23945	1.07401	0.956127	0.873195	0.81603	0.783783	0.776647	0.793428	0.835165	0.898305	0.981269	1.08159	1.19092	1.30384	1.41427	1.51336	1.59072	1.63481	1.63671	1.58877	1.48848	1.34518	1.16968	0.95855	0.713187	0.465492	0.261404	0.125587	0.0517546	0.0184156	0.00570339	0.00155039	0.00037368	8.24104e-05	2.08148e-05	1.31482e-05	1.89739e-05	3.06215e-05	4.70873e-05	6.80929e-05	9.27788e-05	0.000119484	0.000146098	0.000171876	0.000205794	0.000304041	0.000720674	0.0024248	0.00855448	0.0275442	0.0774478	0.186652	0.381165	0.656074	0.958536	1.22294	1.4282	1.57827	1.64231	1.60163	1.48483	1.28671	1.0183	0.726554	0.407099	0.0904377	-0.206457	-0.469634	-0.690562	-0.864909	-0.997665	-1.09104	-1.15707	-1.19533	-1.21499	-1.22395	-1.21774	-1.20073	-1.16625	-1.10637	-1.01925	-0.891697	-0.720803	-0.488529	-0.188223	0.201439	
1.24734	1.78552	2.2836	2.69698	2.99819	3.19661	3.25328	3.14683	2.92388	2.61029	2.21151	1.7733	1.37309	1.05518	0.819871	0.645521	0.516553	0.420704	0.353717	0.315886	0.308067	0.327345	0.376806	0.453609	0.555284	0.680335	0.826014	0.981424	1.14069	1.29338	1.43092	1.54169	1.61534	1.64268	1.61149	1.51283	1.3615	1.17665	0.953047	0.6928	0.436466	0.23451	0.107256	0.0419862	0.0141863	0.00417693	0.00108623	0.000262595	8.12008e-05	6.55189e-05	9.73655e-05	0.000152807	0.000228054	0.000321114	0.000427583	0.000539985	0.000648477	0.000742755	0.000817013	0.000887813	0.00106601	0.00182277	0.00482294	0.0150119	0.0443959	0.11553	0.25745	0.485415	0.773356	1.05782	1.29205	1.47702	1.6059	1.64122	1.58907	1.47459	1.28311	1.03783	0.768849	0.484356	0.207052	-0.0544085	-0.286803	-0.487091	-0.648011	-0.772136	-0.863463	-0.925918	-0.964196	-0.976013	-0.967154	-0.935043	-0.877706	-0.792374	-0.673924	-0.51579	-0.307418	-0.0418285	0.302527	0.734177	
1.81105	2.29418	2.6956	2.99819	3.20199	3.26767	3.16509	2.93871	2.62091	2.21314	1.74096	1.27492	0.880215	0.573618	0.343534	0.167393	0.0334641	-0.0697669	-0.139039	-0.178303	-0.187704	-0.165491	-0.115765	-0.0334274	0.0791281	0.217647	0.384701	0.573266	0.777054	0.984698	1.18375	1.36067	1.50186	1.59637	1.64044	1.61997	1.51826	1.35732	1.16038	0.919259	0.643985	0.386566	0.196676	0.0849833	0.0314341	0.0100606	0.00283986	0.000768792	0.000303782	0.000299571	0.000448173	0.000681708	0.000985935	0.00135009	0.00175514	0.00217264	0.00256738	0.00290219	0.0031445	0.00327795	0.0033361	0.00352623	0.0046529	0.0093279	0.024649	0.0661454	0.15923	0.32961	0.578609	0.864023	1.12482	1.33621	1.50714	1.61833	1.63909	1.58774	1.48105	1.31277	1.10088	0.862775	0.616433	0.375417	0.152837	-0.0469867	-0.216377	-0.356267	-0.461291	-0.535802	-0.580915	-0.598383	-0.586469	-0.546951	-0.478017	-0.378633	-0.241882	-0.0671573	0.158649	0.450098	0.830669	1.29692	
2.30176	2.69083	2.99018	3.19661	3.26767	3.16999	2.94598	2.62373	2.20138	1.70529	1.19066	0.734647	0.366855	0.0855695	-0.13257	-0.302227	-0.434164	-0.530317	-0.595047	-0.631109	-0.640695	-0.620121	-0.57336	-0.496429	-0.388194	-0.245484	-0.0733855	0.129582	0.355837	0.600811	0.851142	1.0929	1.30848	1.47958	1.58736	1.63925	1.61764	1.50482	1.33258	1.11918	0.855854	0.569431	0.321687	0.153559	0.0622994	0.0217413	0.0067179	0.00210119	0.00108928	0.00124054	0.00183648	0.00269923	0.00377691	0.00502291	0.00636789	0.00771936	0.00897067	0.010014	0.0107548	0.0111262	0.0111102	0.0107914	0.0105476	0.0116578	0.017888	0.0385671	0.09206	0.204379	0.39492	0.651856	0.925101	1.1638	1.35906	1.51868	1.61955	1.64065	1.59791	1.50514	1.36707	1.19404	0.999453	0.796676	0.597578	0.41329	0.250487	0.114584	0.00509677	-0.0739176	-0.12074	-0.1403	-0.127377	-0.0853971	-0.0127956	0.0935113	0.231705	0.412702	0.65008	0.966965	1.3716	1.83969	
2.67855	2.9733	3.17621	3.25328	3.16509	2.94598	2.62404	2.18836	1.67771	1.13646	0.632408	0.213898	-0.118532	-0.374579	-0.575453	-0.727286	-0.839605	-0.919043	-0.972137	-0.99995	-1.0069	-0.993907	-0.954338	-0.891412	-0.799754	-0.673743	-0.510618	-0.307477	-0.0720984	0.19336	0.474262	0.762329	1.03378	1.28195	1.47494	1.58998	1.64161	1.60379	1.47281	1.28624	1.04931	0.762569	0.475083	0.249932	0.111219	0.0424473	0.0145464	0.00546871	0.00369705	0.00459403	0.00664442	0.00940994	0.0127167	0.016401	0.0202521	0.0240172	0.0274257	0.0302181	0.0321745	0.0331388	0.0330383	0.0319104	0.0299768	0.027906	0.0276036	0.0340917	0.0586698	0.121353	0.246608	0.446566	0.700266	0.957471	1.17855	1.36157	1.51147	1.60994	1.64264	1.6175	1.54645	1.43888	1.30501	1.15672	1.00225	0.851222	0.710633	0.590511	0.492667	0.419585	0.373964	0.357514	0.368299	0.408514	0.477284	0.575412	0.706473	0.884895	1.12781	1.45565	1.86165	2.29528	
2.93571	3.12974	3.2135	3.14683	2.93871	2.62373	2.18836	1.66779	1.11389	0.569915	0.108829	-0.26775	-0.554628	-0.776587	-0.937891	-1.05661	-1.1367	-1.19041	-1.22084	-1.23534	-1.23938	-1.23003	-1.21077	-1.1732	-1.10742	-1.01495	-0.882529	-0.706848	-0.484569	-0.218166	0.0817127	0.402351	0.724966	1.01905	1.28907	1.48699	1.60367	1.64205	1.57437	1.42209	1.21438	0.946756	0.643242	0.370836	0.180697	0.0757275	0.0293651	0.0137657	0.0116277	0.0150296	0.0210385	0.0286335	0.0373068	0.0465933	0.0559693	0.064869	0.0727318	0.0790522	0.083421	0.0855549	0.0853174	0.0827329	0.0780127	0.0716496	0.0647488	0.0599642	0.0635206	0.0881188	0.154066	0.282895	0.480602	0.722452	0.96302	1.1708	1.34394	1.48561	1.5858	1.63537	1.63616	1.59541	1.52169	1.42654	1.3206	1.21178	1.10606	1.01008	0.931198	0.871696	0.833327	0.819564	0.828827	0.862878	0.92122	1.00561	1.12593	1.29732	1.5436	1.87718	2.26913	2.64419	
3.04409	3.13663	3.10474	2.92388	2.62091	2.20138	1.67771	1.11389	0.547604	0.0532731	-0.350862	-0.667751	-0.903771	-1.07519	-1.19131	-1.2601	-1.29838	-1.30887	-1.31518	-1.31533	-1.31184	-1.31275	-1.31382	-1.30663	-1.28687	-1.23881	-1.15114	-1.01988	-0.830996	-0.593913	-0.298305	0.0263627	0.385477	0.73366	1.05251	1.3272	1.51624	1.62429	1.62985	1.52607	1.34982	1.11018	0.811646	0.508758	0.270838	0.125539	0.0565559	0.0335077	0.0330876	0.0429359	0.0577662	0.0753767	0.0945303	0.11418	0.133291	0.150862	0.165986	0.1779	0.186017	0.189949	0.189509	0.184721	0.175825	0.163311	0.14804	0.131642	0.117536	0.112915	0.131133	0.191615	0.312583	0.496323	0.719164	0.94273	1.14008	1.30576	1.44123	1.54334	1.60834	1.63629	1.62989	1.59489	1.54065	1.47632	1.40931	1.34433	1.28771	1.24409	1.21593	1.20503	1.21274	1.23893	1.28489	1.35549	1.46349	1.63051	1.88082	2.20969	2.56074	2.8522	
3.01729	3.02407	2.89038	2.61029	2.21314	1.70529	1.13646	0.569915	0.0532731	-0.374586	-0.724557	-0.977976	-1.16107	-1.26502	-1.31917	-1.32307	-1.308	-1.28368	-1.25635	-1.24094	-1.23675	-1.24682	-1.26669	-1.29269	-1.31751	-1.32496	-1.30405	-1.23297	-1.10125	-0.903134	-0.63853	-0.315443	0.0408486	0.424354	0.791263	1.12655	1.38701	1.56083	1.63893	1.59574	1.45692	1.24866	0.969785	0.655603	0.381004	0.197646	0.105897	0.077343	0.0833418	0.105972	0.136357	0.170286	0.205343	0.239712	0.271843	0.300415	0.324351	0.34282	0.355225	0.361183	0.360519	0.353251	0.339602	0.320011	0.295197	0.266324	0.235463	0.206634	0.187589	0.191574	0.236382	0.337378	0.495781	0.692316	0.896329	1.08364	1.24435	1.37673	1.48057	1.55625	1.60476	1.62749	1.62803	1.6124	1.58738	1.55834	1.52959	1.50567	1.48978	1.48351	1.48848	1.50521	1.53663	1.59117	1.68673	1.85039	2.09881	2.40619	2.69882	2.9075	
2.89017	2.8124	2.57933	2.21151	1.74096	1.19066	0.632408	0.108829	-0.350862	-0.724557	-1.00481	-1.19355	-1.29852	-1.33164	-1.31024	-1.25795	-1.18846	-1.12637	-1.07716	-1.04826	-1.04459	-1.05856	-1.09207	-1.14947	-1.21784	-1.28016	-1.32615	-1.32442	-1.26943	-1.13233	-0.921848	-0.627777	-0.274379	0.120125	0.518207	0.90049	1.22627	1.46303	1.60793	1.63083	1.53735	1.36339	1.11391	0.807358	0.513464	0.302072	0.193095	0.164202	0.182639	0.224099	0.27502	0.328587	0.381138	0.430358	0.474613	0.512728	0.54387	0.567456	0.583093	0.59055	0.589722	0.58062	0.563374	0.53825	0.505694	0.46642	0.421631	0.373537	0.326373	0.287901	0.270583	0.290273	0.360331	0.482967	0.644986	0.823579	0.997491	1.15351	1.28576	1.39301	1.47653	1.53824	1.58007	1.60489	1.61669	1.61987	1.61788	1.61382	1.61029	1.60901	1.61123	1.61891	1.63732	1.67959	1.7699	1.93634	2.18403	2.46755	2.70626	2.84834	
2.66412	2.50388	2.19259	1.7733	1.27492	0.734647	0.213898	-0.26775	-0.667751	-0.977976	-1.19355	-1.30893	-1.33565	-1.28987	-1.19657	-1.08461	-0.98102	-0.902038	-0.849336	-0.818476	-0.811082	-0.828963	-0.867211	-0.930989	-1.01917	-1.13059	-1.23757	-1.31555	-1.335	-1.27562	-1.12485	-0.879932	-0.558071	-0.167448	0.251859	0.666687	1.04564	1.34147	1.54671	1.63534	1.59453	1.46008	1.24852	0.968105	0.676613	0.453288	0.336169	0.311633	0.34466	0.404928	0.474207	0.543411	0.608273	0.666712	0.717658	0.760528	0.794962	0.820716	0.837649	0.84569	0.844801	0.834986	0.816287	0.788789	0.752654	0.70817	0.65581	0.596493	0.532153	0.466686	0.407179	0.364689	0.353038	0.384355	0.462966	0.582138	0.726748	0.879559	1.02627	1.15754	1.26899	1.35992	1.43144	1.48547	1.52451	1.55156	1.56946	1.5805	1.58655	1.58913	1.58971	1.59156	1.60296	1.64202	1.7374	1.91424	2.16315	2.42118	2.60798	2.68923	
2.36139	2.14672	1.80132	1.37309	0.880215	0.366855	-0.118532	-0.554628	-0.903771	-1.16107	-1.29852	-1.33565	-1.27585	-1.1583	-1.00842	-0.870983	-0.760525	-0.688422	-0.646297	-0.622748	-0.619299	-0.631124	-0.659286	-0.712232	-0.79997	-0.922402	-1.07027	-1.20965	-1.31046	-1.3319	-1.25975	-1.07541	-0.788986	-0.421308	0.00165427	0.437812	0.857544	1.20669	1.46687	1.61823	1.63624	1.54998	1.3868	1.15029	0.882451	0.662549	0.542711	0.520018	0.560626	0.630673	0.708774	0.784545	0.853762	0.914955	0.967657	1.01166	1.04678	1.07291	1.09004	1.09816	1.09726	1.08735	1.06842	1.04049	1.00359	0.957829	0.903417	0.840588	0.769863	0.69261	0.611878	0.533361	0.466061	0.421559	0.41104	0.441135	0.511071	0.6129	0.734272	0.861958	0.984812	1.09544	1.19017	1.26805	1.32969	1.37664	1.41084	1.43409	1.4479	1.45368	1.45339	1.45174	1.46019	1.50128	1.606	1.7936	2.03907	2.26721	2.40589	2.43792	
2.05537	1.82245	1.47635	1.05518	0.573618	0.0855695	-0.374579	-0.776587	-1.07519	-1.26502	-1.33164	-1.28987	-1.1583	-0.983494	-0.807426	-0.67138	-0.59706	-0.561361	-0.545771	-0.53267	-0.526564	-0.536488	-0.55194	-0.573948	-0.618744	-0.720841	-0.874456	-1.05713	-1.21856	-1.31945	-1.31952	-1.20535	-0.973169	-0.637339	-0.22145	0.225827	0.673805	1.06843	1.38044	1.59357	1.6772	1.65054	1.54688	1.36675	1.13459	0.92332	0.796467	0.764882	0.80067	0.869665	0.948495	1.02541	1.09573	1.15793	1.21139	1.25574	1.29081	1.31675	1.3337	1.34169	1.34081	1.33104	1.3123	1.28453	1.2476	1.20139	1.14611	1.08206	1.00949	0.928776	0.840893	0.747982	0.653952	0.565232	0.490705	0.440236	0.422155	0.440634	0.494025	0.574973	0.672485	0.775108	0.873585	0.961908	1.03697	1.09768	1.14412	1.17696	1.19705	1.20557	1.205	1.20174	1.21058	1.25817	1.3765	1.57753	1.82245	2.03052	2.14241	2.15311	
1.81467	1.58072	1.23945	0.819871	0.343534	-0.13257	-0.575453	-0.937891	-1.19131	-1.31917	-1.31024	-1.19657	-1.00842	-0.807426	-0.647978	-0.560093	-0.537924	-0.531641	-0.521182	-0.516395	-0.516729	-0.517944	-0.526173	-0.533926	-0.541257	-0.585386	-0.703912	-0.884864	-1.08887	-1.25179	-1.32868	-1.28386	-1.10491	-0.807824	-0.411221	0.0372353	0.505831	0.939306	1.30133	1.57925	1.73733	1.78038	1.74065	1.61587	1.41585	1.20735	1.06542	1.0168	1.04183	1.10662	1.18489	1.26235	1.33304	1.3947	1.4465	1.48831	1.52077	1.54449	1.5598	1.56693	1.56613	1.55738	1.54041	1.51497	1.48069	1.4369	1.38304	1.31919	1.24568	1.16291	1.07146	0.972613	0.868214	0.76087	0.654583	0.555179	0.470367	0.409018	0.379012	0.38398	0.421012	0.481411	0.55403	0.628775	0.698377	0.758421	0.806579	0.841817	0.863939	0.873715	0.874111	0.873338	0.889561	0.953027	1.09552	1.32105	1.57924	1.78785	1.89922	1.91316	
1.65827	1.42061	1.07401	0.645521	0.167393	-0.302227	-0.727286	-1.05661	-1.2601	-1.32307	-1.25795	-1.08461	-0.870983	-0.67138	-0.560093	-0.529787	-0.551113	-0.551945	-0.521894	-0.520153	-0.52563	-0.514521	-0.534087	-0.558233	-0.539193	-0.535707	-0.591715	-0.746255	-0.956851	-1.16437	-1.29808	-1.31617	-1.19414	-0.941135	-0.564738	-0.119821	0.364227	0.835144	1.24848	1.59514	1.83319	1.94647	1.96081	1.87621	1.69712	1.48749	1.33126	1.26753	1.28266	1.34191	1.41592	1.48853	1.553	1.60697	1.65045	1.68452	1.7107	1.72943	1.74117	1.74667	1.74603	1.73927	1.72621	1.70603	1.67835	1.64251	1.59693	1.54041	1.4724	1.39286	1.3018	1.19997	1.08934	0.972353	0.851699	0.730209	0.611043	0.49903	0.402267	0.331145	0.293636	0.290444	0.314524	0.354918	0.401191	0.445718	0.483775	0.51276	0.531552	0.540613	0.543435	0.549962	0.581279	0.670105	0.846459	1.10575	1.38759	1.60959	1.73238	1.75588	
1.56674	1.31619	0.956127	0.516553	0.0334641	-0.434164	-0.839605	-1.1367	-1.29838	-1.308	-1.18846	-0.98102	-0.760525	-0.59706	-0.537924	-0.551113	-0.551134	-0.518075	-0.477451	-0.48292	-0.494766	-0.475256	-0.49118	-0.534452	-0.554491	-0.544321	-0.547534	-0.653508	-0.843279	-1.07188	-1.24726	-1.32398	-1.24814	-1.03511	-0.681222	-0.241665	0.256758	0.771198	1.24258	1.65704	1.96672	2.13535	2.18504	2.12651	1.96521	1.75923	1.59361	1.51465	1.51414	1.55864	1.61859	1.67759	1.72835	1.76927	1.80119	1.82597	1.84417	1.85637	1.86368	1.86728	1.86687	1.86248	1.8543	1.84101	1.82155	1.79541	1.76175	1.71835	1.66364	1.59643	1.51603	1.4213	1.31258	1.19174	1.0619	0.927181	0.791237	0.656039	0.523483	0.399892	0.297273	0.227207	0.193075	0.188565	0.202466	0.224183	0.246311	0.264608	0.277199	0.284437	0.290385	0.306444	0.355837	0.472442	0.683244	0.975081	1.27917	1.51354	1.64484	1.67148	
1.51347	1.24701	0.873195	0.420704	-0.0697669	-0.530317	-0.919043	-1.19041	-1.30887	-1.28368	-1.12637	-0.902038	-0.688422	-0.561361	-0.531641	-0.551945	-0.518075	-0.465483	-0.439594	-0.44715	-0.454954	-0.439092	-0.4486	-0.483452	-0.537881	-0.547102	-0.5305	-0.603349	-0.762911	-0.998757	-1.19782	-1.31432	-1.27586	-1.09623	-0.763271	-0.31819	0.199783	0.759566	1.29201	1.76461	2.12348	2.32672	2.40125	2.3667	2.22344	2.01892	1.83792	1.73527	1.71056	1.73374	1.77556	1.81807	1.85314	1.87982	1.89877	1.91167	1.91858	1.92223	1.92447	1.92519	1.92515	1.9242	1.92163	1.91753	1.9096	1.89548	1.87498	1.84602	1.8068	1.75514	1.69038	1.61122	1.51607	1.40454	1.27711	1.13643	0.987923	0.837802	0.688928	0.540921	0.398014	0.273504	0.18197	0.12836	0.106061	0.103175	0.109041	0.116854	0.123453	0.128896	0.137661	0.162233	0.227236	0.366793	0.604528	0.919877	1.23777	1.47733	1.60968	1.63153	
1.48232	1.20205	0.81603	0.353717	-0.139039	-0.595047	-0.972137	-1.22084	-1.31518	-1.25635	-1.07716	-0.849336	-0.646297	-0.545771	-0.521182	-0.521894	-0.477451	-0.439594	-0.462407	-0.455174	-0.441839	-0.463035	-0.452326	-0.445923	-0.500686	-0.523343	-0.524698	-0.574829	-0.717198	-0.943209	-1.15775	-1.29707	-1.292	-1.1285	-0.803647	-0.347448	0.203236	0.810666	1.39174	1.90088	2.28783	2.51685	2.61527	2.59826	2.45934	2.24368	2.04101	1.91336	1.86491	1.86641	1.88754	1.90878	1.92324	1.92985	1.93007	1.92535	1.91869	1.91259	1.90845	1.90526	1.90566	1.9093	1.91372	1.92003	1.92648	1.93044	1.92884	1.92011	1.90131	1.87002	1.82366	1.76182	1.68302	1.5871	1.47372	1.34233	1.19377	1.03306	0.86957	0.708719	0.548674	0.392096	0.253938	0.151087	0.0885934	0.0584795	0.0479171	0.0464183	0.0482311	0.0522812	0.0629724	0.0934045	0.169029	0.323832	0.578647	0.907513	1.23131	1.47049	1.59938	1.61346	
1.46592	1.17706	0.783783	0.315886	-0.178303	-0.631109	-0.99995	-1.23534	-1.31533	-1.24094	-1.04826	-0.818476	-0.622748	-0.53267	-0.516395	-0.520153	-0.48292	-0.44715	-0.455174	-0.448411	-0.437625	-0.454495	-0.451138	-0.455505	-0.503596	-0.520652	-0.517267	-0.556886	-0.689954	-0.911226	-1.13283	-1.2862	-1.29322	-1.13471	-0.80248	-0.320579	0.269742	0.917618	1.52661	2.05308	2.4605	2.71198	2.82166	2.80215	2.65362	2.42396	2.20191	2.05004	1.97442	1.94744	1.93994	1.93334	1.92232	1.90489	1.8846	1.86221	1.84256	1.82547	1.81266	1.80673	1.80735	1.81472	1.8287	1.84627	1.86652	1.88882	1.90848	1.92413	1.93107	1.92736	1.90836	1.87197	1.81553	1.73776	1.63962	1.5223	1.38688	1.23213	1.06094	0.885586	0.714387	0.544422	0.378173	0.233136	0.12738	0.0642279	0.0334562	0.021459	0.018547	0.0211495	0.0326902	0.066244	0.147574	0.310458	0.574009	0.909172	1.23471	1.4721	1.59749	1.60568	
1.4619	1.17101	0.776647	0.308067	-0.187704	-0.640695	-1.0069	-1.23938	-1.31184	-1.23675	-1.04459	-0.811082	-0.619299	-0.526564	-0.516729	-0.52563	-0.494766	-0.454954	-0.441839	-0.437625	-0.434506	-0.438433	-0.446043	-0.466503	-0.511326	-0.525477	-0.512652	-0.55327	-0.683664	-0.90643	-1.12673	-1.27949	-1.27914	-1.11254	-0.754507	-0.232963	0.392316	1.06336	1.68453	2.22327	2.64584	2.90124	3.00084	2.96953	2.80932	2.56158	2.31338	2.13086	2.02301	1.96489	1.92727	1.89255	1.85437	1.81255	1.76963	1.72822	1.69085	1.66126	1.64019	1.63122	1.63218	1.64348	1.66658	1.69781	1.73632	1.7781	1.82098	1.86135	1.89587	1.92025	1.9315	1.92567	1.90045	1.85151	1.77733	1.67706	1.55366	1.41242	1.25113	1.07025	0.884918	0.705005	0.526416	0.353746	0.207804	0.105941	0.0478366	0.0206914	0.0109152	0.0110448	0.0222358	0.0566236	0.139676	0.304959	0.571087	0.908213	1.23458	1.47188	1.59672	1.6037	
1.46973	1.18423	0.793428	0.327345	-0.165491	-0.620121	-0.993907	-1.23003	-1.31275	-1.24682	-1.05856	-0.828963	-0.631124	-0.536488	-0.517944	-0.514521	-0.475256	-0.439092	-0.463035	-0.454495	-0.438433	-0.4631	-0.45426	-0.444363	-0.497427	-0.517225	-0.520788	-0.561261	-0.700494	-0.919959	-1.13907	-1.27547	-1.25663	-1.05527	-0.656918	-0.0960458	0.559577	1.23994	1.86502	2.41216	2.8311	3.06847	3.15263	3.10557	2.91935	2.64095	2.36328	2.15217	2.01438	1.9251	1.85419	1.78717	1.71747	1.64781	1.57897	1.51661	1.4628	1.42157	1.39348	1.37893	1.38061	1.39804	1.42877	1.47277	1.52852	1.5924	1.66155	1.73049	1.79689	1.85422	1.89911	1.92587	1.93241	1.91515	1.87201	1.80158	1.69975	1.56932	1.4207	1.25105	1.06044	0.867226	0.679878	0.493682	0.318255	0.177336	0.0848441	0.0354169	0.0143093	0.00968236	0.0190175	0.0522888	0.133855	0.296977	0.560934	0.897309	1.22524	1.4657	1.59424	1.60579	
1.48784	1.21498	0.835165	0.376806	-0.115765	-0.57336	-0.954338	-1.21077	-1.31382	-1.26669	-1.09207	-0.867211	-0.659286	-0.55194	-0.526173	-0.534087	-0.49118	-0.4486	-0.452326	-0.451138	-0.446043	-0.45426	-0.448743	-0.458051	-0.515263	-0.53305	-0.52769	-0.583827	-0.731098	-0.959051	-1.15993	-1.27547	-1.21366	-0.961319	-0.509883	0.0884883	0.757176	1.4403	2.06917	2.60931	3.00248	3.21585	3.27789	3.19489	2.972	2.66381	2.35845	2.11712	1.94626	1.82112	1.71506	1.61433	1.51439	1.4167	1.32491	1.24232	1.17315	1.11797	1.08045	1.06346	1.06533	1.08628	1.12777	1.18604	1.25793	1.34262	1.43549	1.53337	1.63068	1.72312	1.80502	1.87111	1.91591	1.9348	1.92389	1.88223	1.81236	1.70733	1.56931	1.41237	1.23186	1.0318	0.832761	0.638516	0.446348	0.273226	0.143417	0.0644881	0.025888	0.012854	0.0182662	0.0485425	0.125865	0.282871	0.540486	0.873836	1.20445	1.45175	1.58863	1.61073	
1.5146	1.26171	0.898305	0.453609	-0.0334274	-0.496429	-0.891412	-1.1732	-1.30663	-1.29269	-1.14947	-0.930989	-0.712232	-0.573948	-0.533926	-0.558233	-0.534452	-0.483452	-0.445923	-0.455505	-0.466503	-0.444363	-0.458051	-0.504166	-0.549685	-0.551009	-0.534673	-0.620751	-0.788267	-1.02057	-1.19572	-1.26356	-1.14168	-0.827419	-0.320357	0.30447	0.982747	1.66782	2.28768	2.80079	3.15978	3.34112	3.36034	3.23515	2.97634	2.63005	2.29231	2.02058	1.81933	1.66089	1.52142	1.38691	1.25577	1.13016	1.0133	0.910378	0.823954	0.758924	0.715183	0.694071	0.696481	0.722204	0.770283	0.839738	0.929744	1.03538	1.15443	1.2808	1.41056	1.5377	1.65593	1.7599	1.8443	1.90387	1.93397	1.92906	1.88544	1.81236	1.69975	1.55363	1.38676	1.19317	0.985387	0.781848	0.580768	0.386145	0.222111	0.109137	0.0465429	0.0203017	0.0189902	0.0442593	0.114839	0.262119	0.509308	0.837059	1.17105	1.42862	1.5783	1.61666	
1.54665	1.32183	0.981269	0.555284	0.0791281	-0.388194	-0.799754	-1.10742	-1.28687	-1.31751	-1.21784	-1.01917	-0.79997	-0.618744	-0.541257	-0.539193	-0.554491	-0.537881	-0.500686	-0.503596	-0.511327	-0.497428	-0.515263	-0.549687	-0.54903	-0.535395	-0.558221	-0.681914	-0.881498	-1.09433	-1.23388	-1.23311	-1.0347	-0.649802	-0.0931849	0.548713	1.2353	1.91453	2.50829	2.98304	3.30017	3.43124	3.40114	3.23261	2.92112	2.53651	2.17245	1.87434	1.6425	1.44992	1.27444	1.10769	0.946218	0.795653	0.65778	0.537916	0.439437	0.363041	0.312208	0.287491	0.290317	0.320345	0.376398	0.457373	0.55991	0.683955	0.824809	0.977317	1.13815	1.29979	1.45672	1.60184	1.7268	1.82802	1.89527	1.93287	1.92906	1.88223	1.80158	1.67705	1.52225	1.34207	1.13528	0.922615	0.714374	0.507505	0.316898	0.169726	0.0780142	0.0332839	0.0217498	0.0397639	0.101307	0.235552	0.468147	0.786996	1.12408	1.39475	1.56128	1.62079	
1.57935	1.3904	1.08159	0.680335	0.217647	-0.245484	-0.673743	-1.01495	-1.23881	-1.32496	-1.28016	-1.13059	-0.922402	-0.720841	-0.585386	-0.535707	-0.544321	-0.547102	-0.523343	-0.520652	-0.525477	-0.517227	-0.533056	-0.551024	-0.535421	-0.547882	-0.627585	-0.796123	-1.00064	-1.17892	-1.25101	-1.16677	-0.888858	-0.430064	0.164478	0.822294	1.51212	2.16932	2.72391	3.15322	3.41388	3.48366	3.40239	3.17501	2.8127	2.39659	2.00148	1.67985	1.41862	1.1962	0.989118	0.792153	0.60462	0.429702	0.273843	0.138546	0.0274367	-0.0557228	-0.110681	-0.136007	-0.133145	-0.101992	-0.0414579	0.0471328	0.163741	0.303786	0.463467	0.64063	0.82918	1.02224	1.21467	1.39714	1.56489	1.70817	1.82318	1.89527	1.93397	1.92389	1.87201	1.77733	1.6396	1.47362	1.27663	1.0599	0.844212	0.630169	0.421808	0.244491	0.12129	0.0532996	0.0276532	0.0359443	0.0863847	0.204682	0.418474	0.72419	1.06263	1.34823	1.53515	1.61984	
1.60837	1.46146	1.19092	0.826014	0.384701	-0.0733855	-0.510618	-0.882529	-1.15114	-1.30405	-1.32615	-1.23757	-1.07027	-0.874456	-0.703912	-0.591715	-0.547534	-0.5305	-0.524698	-0.517268	-0.512656	-0.5208	-0.527725	-0.53476	-0.558403	-0.627855	-0.765473	-0.948347	-1.13117	-1.24578	-1.23856	-1.05571	-0.689569	-0.170885	0.45411	1.12131	1.80208	2.42491	2.93108	3.30321	3.49322	3.49826	3.35824	3.06828	2.65861	2.20352	1.79116	1.44921	1.1635	0.910355	0.67427	0.448974	0.239187	0.0464919	-0.124856	-0.268164	-0.384595	-0.473245	-0.531487	-0.56029	-0.557008	-0.522309	-0.458267	-0.363568	-0.241217	-0.0923164	0.0829041	0.279643	0.491669	0.714561	0.941084	1.1605	1.36903	1.55185	1.70817	1.82802	1.90387	1.9348	1.91515	1.85151	1.73776	1.58707	1.40437	1.19095	0.96917	0.749638	0.530678	0.329784	0.175916	0.0813663	0.037852	0.0338739	0.0714389	0.171436	0.362393	0.649825	0.986103	1.28695	1.49696	1.61002	
1.62757	1.53057	1.30384	0.981424	0.573266	0.129582	-0.307477	-0.706848	-1.01988	-1.23297	-1.32442	-1.31555	-1.20965	-1.05713	-0.884864	-0.746255	-0.653508	-0.603349	-0.574831	-0.556893	-0.553293	-0.561327	-0.584004	-0.621175	-0.68281	-0.797709	-0.950338	-1.11612	-1.23918	-1.2735	-1.16511	-0.889911	-0.444253	0.128417	0.772531	1.44031	2.1007	2.67375	3.12075	3.42386	3.53544	3.47377	3.26798	2.91461	2.45734	1.97723	1.54998	1.18761	0.88256	0.602736	0.343331	0.0967015	-0.131599	-0.336092	-0.515975	-0.667238	-0.786396	-0.874377	-0.931903	-0.957853	-0.955077	-0.923193	-0.859384	-0.764777	-0.639039	-0.482771	-0.297233	-0.087299	0.143035	0.390958	0.642592	0.898385	1.14015	1.36903	1.56489	1.7268	1.8443	1.91591	1.93241	1.90045	1.81553	1.68301	1.51601	1.3123	1.08813	0.863593	0.638491	0.421043	0.239992	0.117631	0.0532056	0.0345759	0.0578809	0.137985	0.30261	0.565933	0.894503	1.209	1.44372	1.58665	
1.62972	1.58915	1.41427	1.14069	0.777054	0.355837	-0.0720984	-0.484569	-0.830996	-1.10125	-1.26943	-1.335	-1.31046	-1.21856	-1.08887	-0.956851	-0.84328	-0.762914	-0.717209	-0.68999	-0.683774	-0.700802	-0.731875	-0.790035	-0.885102	-1.00711	-1.1409	-1.24948	-1.29852	-1.23465	-1.03115	-0.655501	-0.143145	0.462824	1.11592	1.77306	2.39469	2.90513	3.28603	3.50938	3.53812	3.40734	3.1326	2.71951	2.22112	1.72214	1.28586	0.914981	0.587989	0.288734	0.00577627	-0.255092	-0.495328	-0.705937	-0.886175	-1.03403	-1.14996	-1.23485	-1.28963	-1.31672	-1.31376	-1.28112	-1.22025	-1.12894	-1.00741	-0.852781	-0.665586	-0.450143	-0.205009	0.0581545	0.337354	0.619957	0.898385	1.1605	1.39714	1.60184	1.7599	1.87111	1.92587	1.92567	1.87197	1.76182	1.6112	1.42121	1.19956	0.970917	0.741832	0.513804	0.310604	0.161275	0.0740523	0.0388273	0.0469706	0.106528	0.242334	0.4756	0.788847	1.11277	1.37281	1.54596	
1.60911	1.62784	1.51336	1.29338	0.984698	0.600811	0.19336	-0.218166	-0.593913	-0.903134	-1.13233	-1.27562	-1.3319	-1.31945	-1.25179	-1.16438	-1.07188	-0.998772	-0.943261	-0.911395	-0.906918	-0.921235	-0.962061	-1.02698	-1.10666	-1.20026	-1.2783	-1.31486	-1.27144	-1.11282	-0.810992	-0.361967	0.199466	0.830924	1.47463	2.10615	2.67356	3.11274	3.41917	3.55308	3.4995	3.29966	2.95591	2.48756	1.95817	1.45395	1.01346	0.632396	0.291851	-0.0244715	-0.319958	-0.591627	-0.834174	-1.04473	-1.21941	-1.35978	-1.46556	-1.53897	-1.58523	-1.60581	-1.60361	-1.57813	-1.52642	-1.44715	-1.3345	-1.18718	-1.00564	-0.788318	-0.539895	-0.263965	0.030668	0.337354	0.642592	0.941084	1.21467	1.45672	1.65593	1.80502	1.89911	1.9315	1.90836	1.82365	1.69038	1.516	1.30168	1.07091	0.83872	0.604368	0.38443	0.210653	0.100106	0.0470078	0.0396311	0.0790185	0.185007	0.383031	0.67174	0.997492	1.28155	1.48512	
1.56204	1.63742	1.59072	1.43092	1.18375	0.851142	0.474262	0.0817127	-0.298305	-0.63853	-0.921848	-1.12485	-1.25975	-1.31952	-1.32868	-1.29808	-1.24728	-1.19789	-1.15799	-1.13355	-1.12866	-1.14374	-1.17013	-1.21588	-1.27007	-1.30995	-1.32512	-1.27705	-1.1513	-0.900179	-0.521256	-0.00479502	0.587184	1.21471	1.8373	2.4297	2.9253	3.28732	3.51113	3.55112	3.41936	3.15052	2.74192	2.22853	1.68196	1.18036	0.742619	0.357985	0.00280825	-0.324376	-0.629392	-0.90179	-1.14076	-1.34	-1.50021	-1.62202	-1.71106	-1.77164	-1.80713	-1.8228	-1.82106	-1.80172	-1.76149	-1.69566	-1.60095	-1.47115	-1.303	-1.09647	-0.849414	-0.572063	-0.263965	0.0581545	0.390958	0.714561	1.02224	1.29979	1.5377	1.72312	1.85422	1.92025	1.92736	1.87002	1.75514	1.59642	1.39283	1.16275	0.928093	0.690059	0.458276	0.263599	0.130486	0.0590237	0.03631	0.0568826	0.133871	0.293295	0.547841	0.86416	1.16752	1.40172	
1.48684	1.61179	1.63481	1.54169	1.36067	1.0929	0.762329	0.402351	0.0263627	-0.315443	-0.627777	-0.879932	-1.07541	-1.20535	-1.28387	-1.31619	-1.32407	-1.31463	-1.29804	-1.28888	-1.28616	-1.29039	-1.30549	-1.31824	-1.3238	-1.3043	-1.24623	-1.1284	-0.917486	-0.598693	-0.151434	0.393604	0.992131	1.60737	2.19157	2.72404	3.13842	3.42105	3.55369	3.50104	3.29859	2.96434	2.4977	1.95246	1.40641	0.916092	0.482542	0.0935662	-0.267434	-0.602651	-0.907151	-1.17646	-1.40161	-1.58444	-1.7216	-1.81829	-1.88062	-1.91447	-1.93236	-1.94019	-1.9392	-1.9295	-1.90934	-1.87112	-1.80165	-1.69719	-1.55189	-1.35975	-1.12615	-0.849414	-0.539895	-0.205009	0.143035	0.491669	0.82918	1.13815	1.41056	1.63068	1.79689	1.89587	1.93107	1.90131	1.8068	1.66364	1.47239	1.24563	1.0093	0.769095	0.529414	0.317757	0.163857	0.0743241	0.036927	0.0408039	0.0914366	0.211665	0.42385	0.716695	1.02946	1.29305	
1.38214	1.54789	1.63671	1.61534	1.50186	1.30848	1.03378	0.724966	0.385477	0.0408485	-0.274379	-0.558072	-0.788987	-0.973175	-1.10494	-1.19425	-1.24851	-1.27706	-1.29546	-1.30207	-1.29936	-1.29798	-1.28975	-1.26857	-1.2281	-1.16028	-1.04146	-0.863526	-0.594211	-0.223854	0.26178	0.818634	1.41481	1.98107	2.51576	2.97672	3.30457	3.50347	3.54025	3.40522	3.14025	2.74343	2.23186	1.67488	1.1425	0.669095	0.243009	-0.149481	-0.516624	-0.852341	-1.15242	-1.40722	-1.61348	-1.76748	-1.87389	-1.93697	-1.96704	-1.97542	-1.97019	-1.96154	-1.96256	-1.97179	-1.97508	-1.96315	-1.92746	-1.85596	-1.74077	-1.57652	-1.35975	-1.09647	-0.788318	-0.450143	-0.087299	0.279643	0.64063	0.977317	1.2808	1.53337	1.73049	1.86135	1.92413	1.92011	1.84602	1.71835	1.5404	1.31918	1.08201	0.840382	0.595705	0.370858	0.198621	0.0919956	0.0409258	0.0306492	0.0590259	0.142659	0.30774	0.562637	0.869216	1.1566	
1.24703	1.44535	1.58877	1.64268	1.59637	1.47958	1.28195	1.01905	0.73366	0.424354	0.120125	-0.167449	-0.421314	-0.637366	-0.807936	-0.941552	-1.0365	-1.10037	-1.1394	-1.1602	-1.1656	-1.15388	-1.12623	-1.07815	-1.00045	-0.885988	-0.725338	-0.500863	-0.195288	0.211036	0.704437	1.2555	1.80366	2.32234	2.80084	3.16916	3.41345	3.52532	3.4699	3.26776	2.94672	2.49618	1.9589	1.41111	0.904912	0.447504	0.0269187	-0.366557	-0.734667	-1.06869	-1.35682	-1.59444	-1.77207	-1.89349	-1.95971	-1.97899	-1.96771	-1.93729	-1.90716	-1.89154	-1.89308	-1.9121	-1.94421	-1.97204	-1.9775	-1.95079	-1.87411	-1.74077	-1.55189	-1.303	-1.00564	-0.665586	-0.297233	0.0829041	0.463467	0.824809	1.15443	1.43549	1.66155	1.82098	1.90848	1.92884	1.87498	1.76175	1.59693	1.38304	1.1461	0.903368	0.655609	0.420897	0.233105	0.110902	0.0474121	0.0255756	0.0365574	0.0890636	0.207234	0.412676	0.693476	0.991994	
1.08101	1.30789	1.48848	1.61149	1.64044	1.58736	1.47494	1.28907	1.05251	0.791262	0.518206	0.251854	0.00162869	-0.22156	-0.411651	-0.566229	-0.685806	-0.775746	-0.833632	-0.866144	-0.874282	-0.858015	-0.814623	-0.743338	-0.639481	-0.500834	-0.315274	-0.0705165	0.250848	0.658164	1.13998	1.6574	2.15742	2.62174	3.0092	3.29302	3.46041	3.47962	3.34885	3.09542	2.7221	2.2326	1.69668	1.17613	0.698945	0.257915	-0.161026	-0.556126	-0.922107	-1.24832	-1.52123	-1.7343	-1.88021	-1.96182	-1.98298	-1.9567	-1.89703	-1.82638	-1.76265	-1.72424	-1.72864	-1.77381	-1.84049	-1.91063	-1.96537	-1.98285	-1.95079	-1.85596	-1.69719	-1.47115	-1.18718	-0.852781	-0.482771	-0.0923164	0.303786	0.683955	1.03538	1.34262	1.5924	1.7781	1.88882	1.93044	1.89548	1.79541	1.64251	1.4369	1.20139	0.957818	0.708124	0.466243	0.265718	0.129832	0.0553342	0.0242928	0.0226848	0.0512953	0.127923	0.278799	0.514496	0.803218	
0.884673	1.13879	1.34518	1.51283	1.61997	1.63925	1.58998	1.48699	1.3272	1.12655	0.900486	0.666665	0.43771	0.225416	0.035756	-0.124542	-0.254964	-0.351127	-0.419072	-0.457525	-0.464615	-0.44683	-0.395333	-0.315831	-0.204583	-0.0552457	0.136957	0.382897	0.699406	1.0918	1.54635	2.01324	2.44982	2.83028	3.1393	3.35328	3.43044	3.36949	3.18825	2.88926	2.47338	1.97317	1.46436	0.981268	0.530491	0.098801	-0.316882	-0.714674	-1.07597	-1.39316	-1.64624	-1.83302	-1.94303	-1.97985	-1.95514	-1.87527	-1.76945	-1.66557	-1.57721	-1.52654	-1.53232	-1.59254	-1.68594	-1.79096	-1.8942	-1.96537	-1.9775	-1.92746	-1.80165	-1.60095	-1.3345	-1.00741	-0.639039	-0.241217	0.163741	0.55991	0.929744	1.25793	1.52852	1.73632	1.86652	1.92648	1.9096	1.82155	1.67835	1.48069	1.2476	1.00359	0.752645	0.505656	0.295061	0.147618	0.0636512	0.0253903	0.0152764	0.0274537	0.0716674	0.171084	0.348866	0.601895	
0.666686	0.936107	1.16968	1.3615	1.51826	1.61764	1.64161	1.60367	1.51624	1.387	1.22626	1.04555	0.857181	0.672444	0.501315	0.351023	0.222927	0.124083	0.0553509	0.0163496	0.00701667	0.0293333	0.0800953	0.161387	0.273815	0.419769	0.600145	0.830261	1.12118	1.47841	1.88055	2.28243	2.64662	2.95684	3.19812	3.32476	3.3212	3.21358	2.99348	2.65352	2.21825	1.74038	1.27791	0.830263	0.400092	-0.0285046	-0.443399	-0.840754	-1.19684	-1.50293	-1.73694	-1.89637	-1.97149	-1.96471	-1.89078	-1.76235	-1.60819	-1.46921	-1.37517	-1.33261	-1.33725	-1.38971	-1.49423	-1.6395	-1.79096	-1.91063	-1.97204	-1.96315	-1.87112	-1.69566	-1.44715	-1.12894	-0.764777	-0.363568	0.0471328	0.457373	0.839738	1.18604	1.47277	1.69781	1.84627	1.92003	1.91753	1.84101	1.70603	1.51497	1.28453	1.04049	0.788787	0.538243	0.319984	0.163229	0.0714483	0.0276141	0.012049	0.0141324	0.0362452	0.0942453	0.21276	0.408637	
0.450778	0.704376	0.95855	1.17665	1.35732	1.50482	1.60379	1.64205	1.62429	1.56081	1.46297	1.34117	1.20553	1.06442	0.927096	0.802645	0.695961	0.608425	0.5465	0.51152	0.502445	0.52309	0.568526	0.641876	0.740395	0.863473	1.01763	1.21407	1.46384	1.77269	2.11851	2.45862	2.75527	2.99378	3.15375	3.20686	3.16149	3.02184	2.7624	2.40243	1.98647	1.55809	1.14233	0.723874	0.304864	-0.123329	-0.538881	-0.93595	-1.28553	-1.58029	-1.79784	-1.92925	-1.97713	-1.92787	-1.8135	-1.64918	-1.45652	-1.30122	-1.21512	-1.18125	-1.18493	-1.2275	-1.32667	-1.49423	-1.68594	-1.84049	-1.94421	-1.97508	-1.90934	-1.76149	-1.52642	-1.22025	-0.859384	-0.458267	-0.0414579	0.376398	0.770283	1.12777	1.42877	1.66658	1.8287	1.91372	1.92163	1.8543	1.72621	1.54041	1.3123	1.06842	0.816287	0.563373	0.339597	0.175812	0.0779909	0.0300124	0.0110852	0.00761611	0.0166219	0.0462385	0.115272	0.246835	
0.268088	0.470438	0.713187	0.953047	1.16038	1.33258	1.47281	1.57437	1.62984	1.63888	1.60771	1.5458	1.46356	1.36993	1.27214	1.17817	1.0963	1.02905	0.979615	0.951148	0.944561	0.95979	0.99707	1.05492	1.13175	1.22827	1.35048	1.50664	1.71132	1.96858	2.25524	2.527	2.75006	2.91751	3.01932	3.03592	2.96211	2.78832	2.51022	2.16999	1.80491	1.43449	1.05539	0.65591	0.241946	-0.187104	-0.603263	-0.999945	-1.34483	-1.63	-1.83463	-1.94472	-1.9683	-1.88902	-1.74046	-1.5526	-1.3516	-1.20558	-1.15169	-1.14995	-1.14903	-1.15618	-1.2275	-1.38971	-1.59254	-1.77381	-1.9121	-1.97179	-1.9295	-1.80172	-1.57813	-1.28112	-0.923193	-0.522309	-0.101992	0.320345	0.722204	1.08628	1.39804	1.64348	1.81472	1.9093	1.9242	1.86248	1.73927	1.55738	1.33104	1.08735	0.834986	0.58062	0.353251	0.18472	0.0827351	0.0319506	0.0110612	0.00484935	0.00710352	0.0201497	0.0550728	0.131062	
0.138707	0.27321	0.465492	0.6928	0.919259	1.11918	1.28624	1.42208	1.52603	1.59559	1.63016	1.63281	1.60981	1.56909	1.51754	1.46118	1.40716	1.3615	1.32702	1.30651	1.30196	1.31277	1.33951	1.37971	1.43236	1.49773	1.57948	1.68829	1.83986	2.03782	2.26055	2.46817	2.63497	2.75948	2.83006	2.818	2.71501	2.52841	2.27424	1.99079	1.68901	1.36412	1.0107	0.621908	0.208184	-0.218896	-0.638728	-1.03118	-1.37756	-1.65333	-1.85369	-1.95037	-1.95732	-1.86618	-1.68974	-1.49284	-1.30046	-1.16714	-1.15593	-1.20328	-1.19526	-1.14903	-1.18493	-1.33725	-1.53232	-1.72864	-1.89308	-1.96256	-1.9392	-1.82106	-1.60361	-1.31376	-0.955077	-0.557008	-0.133145	0.290317	0.696481	1.06533	1.38061	1.63218	1.80735	1.90566	1.92515	1.86687	1.74603	1.56613	1.34081	1.09726	0.844801	0.589722	0.360519	0.189509	0.0853195	0.0330551	0.0112093	0.00381782	0.00306017	0.00783982	0.0231406	0.0608204	
0.0622289	0.13676	0.261404	0.436466	0.643984	0.855854	1.04931	1.21436	1.34972	1.45647	1.53557	1.58827	1.6171	1.62644	1.62154	1.60701	1.58725	1.56738	1.55115	1.54099	1.5386	1.54431	1.55742	1.57631	1.59966	1.62769	1.66544	1.72631	1.82689	1.9735	2.14812	2.31411	2.44644	2.54083	2.58275	2.54781	2.44318	2.28947	2.09623	1.87935	1.63009	1.33682	0.998974	0.616538	0.204383	-0.221765	-0.642047	-1.03369	-1.38051	-1.65508	-1.85547	-1.95074	-1.95619	-1.86441	-1.68475	-1.48729	-1.29618	-1.16393	-1.1581	-1.21209	-1.20328	-1.14995	-1.18125	-1.33261	-1.52654	-1.72424	-1.89154	-1.96154	-1.94019	-1.8228	-1.60581	-1.31672	-0.957853	-0.56029	-0.136007	0.287491	0.694071	1.06346	1.37893	1.63122	1.80673	1.90526	1.92519	1.86728	1.74667	1.56693	1.34169	1.09816	0.84569	0.59055	0.361183	0.189949	0.0855556	0.0331439	0.0111562	0.00342755	0.0015386	0.00278424	0.00856547	0.0246504	
0.0242511	0.0589816	0.125587	0.23451	0.386566	0.569429	0.762557	0.946697	1.10991	1.24749	1.35909	1.44616	1.51096	1.55638	1.58613	1.60399	1.61309	1.61644	1.61692	1.61649	1.6163	1.61677	1.6172	1.61666	1.61434	1.61162	1.61527	1.63945	1.70185	1.81105	1.95074	2.08452	2.18684	2.25609	2.28632	2.26414	2.20203	2.11345	1.98934	1.82704	1.61258	1.34108	1.01365	0.636422	0.229798	-0.196825	-0.612824	-1.00857	-1.3534	-1.63666	-1.83985	-1.94669	-1.96596	-1.88304	-1.72799	-1.53725	-1.33763	-1.19423	-1.14925	-1.1581	-1.15593	-1.15169	-1.21512	-1.37517	-1.57721	-1.76265	-1.90716	-1.97019	-1.93236	-1.80713	-1.58523	-1.28963	-0.931903	-0.531487	-0.110681	0.312208	0.715183	1.08045	1.39348	1.64019	1.81266	1.90845	1.92447	1.86368	1.74117	1.5598	1.3337	1.09004	0.837649	0.583093	0.355225	0.186017	0.0834212	0.0321758	0.0107626	0.00318505	0.00100327	0.00096352	0.0028119	0.00874954	
0.00824783	0.022011	0.0517546	0.107256	0.196675	0.321681	0.475051	0.643082	0.810942	0.967042	1.10452	1.22058	1.31507	1.38943	1.44604	1.48786	1.51772	1.53799	1.55068	1.55734	1.55881	1.55535	1.54658	1.53182	1.51079	1.48536	1.46241	1.45607	1.48511	1.56048	1.6692	1.77848	1.86683	1.93927	1.99714	2.02695	2.03106	2.00863	1.93786	1.8139	1.62482	1.36692	1.05138	0.68141	0.281424	-0.140905	-0.55441	-0.951357	-1.29969	-1.59259	-1.80711	-1.9334	-1.97632	-1.91937	-1.79813	-1.62777	-1.43093	-1.27632	-1.19423	-1.16393	-1.16714	-1.20558	-1.30122	-1.46921	-1.66557	-1.82638	-1.93729	-1.97542	-1.91447	-1.77164	-1.53897	-1.23485	-0.874377	-0.473245	-0.0557229	0.363041	0.758924	1.11797	1.42157	1.66126	1.82547	1.91259	1.92223	1.85637	1.72943	1.54449	1.31675	1.07291	0.820716	0.567456	0.34282	0.1779	0.0790523	0.0302184	0.0100158	0.00291191	0.000789979	0.000376595	0.000833177	0.00273362	
0.00246287	0.00715408	0.0184155	0.0419858	0.0849805	0.153543	0.249848	0.370445	0.507145	0.649744	0.788781	0.91716	1.03053	1.12686	1.20588	1.2685	1.31632	1.35103	1.3741	1.38673	1.3896	1.3829	1.36637	1.33948	1.30222	1.25671	1.21008	1.17726	1.17927	1.23141	1.327	1.43867	1.54719	1.65806	1.77123	1.86463	1.92851	1.95623	1.92206	1.82266	1.6535	1.40925	1.10809	0.749167	0.358678	-0.0555081	-0.466478	-0.862788	-1.21745	-1.52078	-1.75127	-1.90462	-1.97392	-1.95848	-1.87554	-1.73929	-1.57517	-1.43093	-1.33763	-1.29618	-1.30046	-1.3516	-1.45652	-1.60819	-1.76945	-1.89703	-1.96771	-1.96704	-1.88062	-1.71106	-1.46556	-1.14996	-0.786396	-0.384595	0.0274364	0.439437	0.823954	1.17315	1.4628	1.69085	1.84256	1.91869	1.91858	1.84417	1.7107	1.52077	1.29081	1.04678	0.794962	0.54387	0.324351	0.165986	0.0727318	0.0274258	0.00897104	0.00256947	0.000659167	0.000195352	0.000233922	0.000757462	
0.00065006	0.00203986	0.00570322	0.014185	0.0314267	0.0622588	0.11102	0.179824	0.267466	0.369585	0.479885	0.591659	0.698988	0.797347	0.883715	0.956417	1.01484	1.05906	1.08945	1.10644	1.11035	1.10127	1.07911	1.04381	0.996068	0.938883	0.880429	0.837054	0.832176	0.885484	0.995893	1.13872	1.29127	1.45324	1.62077	1.76559	1.87034	1.93054	1.92294	1.84231	1.69244	1.46649	1.18043	0.838487	0.460004	0.0569773	-0.349022	-0.743933	-1.10272	-1.41795	-1.66646	-1.84862	-1.95095	-1.97955	-1.94433	-1.85421	-1.73929	-1.62777	-1.53725	-1.48729	-1.49284	-1.5526	-1.64918	-1.76235	-1.87527	-1.9567	-1.97899	-1.93697	-1.81829	-1.62202	-1.35978	-1.03403	-0.667239	-0.268165	0.138544	0.537913	0.910375	1.24231	1.5166	1.72822	1.8622	1.92534	1.91166	1.82596	1.68452	1.48831	1.25573	1.01166	0.760528	0.512728	0.300415	0.150862	0.064869	0.0240172	0.00771943	0.00217304	0.000542159	0.000130101	7.05173e-05	0.000188637	
