0.0286379	0.44721	0.904006	1.37868	1.84725	2.25068	2.56511	2.74839	2.79123	2.7313	2.57688	2.33983	2.08481	1.88275	1.75738	1.69135	1.65822	1.63945	1.62729	1.62027	1.61862	1.62212	1.63014	1.64051	1.64995	1.65479	1.65046	1.63115	1.59253	1.53159	1.44626	1.33423	1.19334	1.02307	0.826402	0.614693	0.410952	0.242163	0.124306	0.0553338	0.0213763	0.00719463	0.00212136	0.000551348	0.000127103	2.61483e-05	4.83034e-06	8.1177e-07	1.39746e-07	5.67607e-08	8.25136e-08	1.48818e-07	2.5364e-07	4.01901e-07	5.98157e-07	8.78225e-07	1.55309e-06	4.71957e-06	2.25224e-05	0.000116814	0.000563524	0.00242722	0.00919369	0.0302871	0.0858322	0.206941	0.420376	0.71645	1.03379	1.30321	1.50536	1.63858	1.66649	1.57923	1.4036	1.13652	0.808293	0.445955	0.0681185	-0.278193	-0.597861	-0.855873	-1.06217	-1.20342	-1.29536	-1.34143	-1.35984	-1.3668	-1.36394	-1.3599	-1.36486	-1.36728	-1.36016	-1.34779	-1.3065	-1.22596	-1.0949	-0.900553	-0.650851	-0.333923	
0.44721	0.886095	1.34895	1.83568	2.27477	2.6163	2.84445	2.93028	2.89778	2.77513	2.55828	2.27866	2.01058	1.80765	1.67505	1.59124	1.53444	1.49191	1.46169	1.44402	1.43973	1.44938	1.47149	1.50451	1.54449	1.58613	1.62516	1.65413	1.66459	1.64943	1.60407	1.52662	1.4163	1.27409	1.10089	0.896286	0.66804	0.44269	0.25547	0.127119	0.0544542	0.0201511	0.00648054	0.00182386	0.000452416	9.95995e-05	1.9605e-05	3.5196e-06	6.91455e-07	3.74161e-07	5.81221e-07	1.02299e-06	1.69504e-06	2.61476e-06	3.7658e-06	5.09375e-06	6.60482e-06	9.02562e-06	1.75628e-05	6.10201e-05	0.000276781	0.00123355	0.00494724	0.0174005	0.0529453	0.137741	0.303088	0.559905	0.870129	1.16203	1.39411	1.56874	1.66472	1.64955	1.54439	1.355	1.08387	0.77984	0.439988	0.098021	-0.221001	-0.506537	-0.743359	-0.931523	-1.07299	-1.17023	-1.23587	-1.27175	-1.28964	-1.29865	-1.29237	-1.27709	-1.24481	-1.1856	-1.09672	-0.962335	-0.785338	-0.553788	-0.272199	0.0637566	
0.904006	1.34895	1.82955	2.2872	2.6424	2.89327	3.02079	3.01694	2.91284	2.71186	2.41916	2.09506	1.81241	1.6029	1.45628	1.34979	1.26591	1.2	1.15311	1.12586	1.11906	1.13448	1.16935	1.22276	1.29183	1.37046	1.45239	1.53309	1.603	1.65222	1.66992	1.64869	1.58369	1.47412	1.3266	1.14783	0.935125	0.692287	0.450261	0.252093	0.120653	0.0494428	0.0174521	0.00534721	0.00143369	0.000339072	7.13935e-05	1.38158e-05	3.22919e-06	2.31077e-06	3.72585e-06	6.37901e-06	1.02662e-05	1.54302e-05	2.17186e-05	2.87196e-05	3.58143e-05	4.25161e-05	5.01397e-05	7.02578e-05	0.000164467	0.000607857	0.00245662	0.00914796	0.0299068	0.0842467	0.20191	0.407662	0.690822	0.992998	1.25279	1.4585	1.61048	1.67137	1.63396	1.52632	1.33383	1.0789	0.798887	0.493839	0.194351	-0.0908057	-0.343017	-0.559482	-0.731316	-0.86327	-0.959657	-1.02461	-1.06341	-1.07573	-1.06632	-1.03366	-0.975157	-0.885073	-0.760995	-0.59713	-0.387001	-0.136166	0.162756	0.504301	
1.37868	1.83568	2.2872	2.65085	2.91243	3.07053	3.09576	3.00017	2.80349	2.50524	2.14405	1.79577	1.51173	1.29795	1.13357	1.00061	0.889815	0.804566	0.742712	0.707222	0.699165	0.71814	0.764973	0.835651	0.928754	1.04192	1.16456	1.29151	1.41447	1.52464	1.61101	1.66205	1.66825	1.6196	1.51119	1.35547	1.16788	0.944031	0.686247	0.432782	0.2326	0.106194	0.0413794	0.013873	0.00403808	0.00102989	0.000232997	4.92975e-05	1.44197e-05	1.3222e-05	2.16086e-05	3.58832e-05	5.60174e-05	8.19519e-05	0.000112699	0.000146135	0.000179165	0.000208238	0.000230537	0.000247902	0.000283997	0.000458735	0.00127117	0.00449583	0.0154308	0.0469122	0.122728	0.272345	0.508425	0.799608	1.08108	1.31327	1.50171	1.63296	1.67015	1.62762	1.52446	1.34792	1.12263	0.869359	0.604623	0.345061	0.103348	-0.113699	-0.298189	-0.448863	-0.560702	-0.640682	-0.688725	-0.707036	-0.694618	-0.652333	-0.579002	-0.473916	-0.330477	-0.15148	0.0645857	0.316608	0.613646	0.964385	
1.84725	2.27477	2.6424	2.91243	3.08614	3.13503	3.04676	2.84923	2.55311	2.1741	1.77767	1.42506	1.13988	0.91068	0.721161	0.561545	0.431157	0.329763	0.256701	0.215366	0.207162	0.227803	0.282663	0.367146	0.479153	0.617491	0.778602	0.951695	1.12922	1.29819	1.44844	1.56697	1.64386	1.67149	1.63704	1.52764	1.36206	1.16298	0.923393	0.650177	0.392323	0.200224	0.0865	0.0318667	0.0101081	0.00279014	0.000682046	0.000161415	6.20866e-05	6.92744e-05	0.00011266	0.000180974	0.00027365	0.000389205	0.000522397	0.000663828	0.000800788	0.000919038	0.00100529	0.00105072	0.00105908	0.00107771	0.00132271	0.00261981	0.0076781	0.0239118	0.0675217	0.164656	0.340586	0.593798	0.878944	1.13695	1.34913	1.52462	1.64049	1.66991	1.63161	1.53899	1.392	1.2046	0.991506	0.769817	0.552256	0.352249	0.17449	0.0264677	-0.0924652	-0.177504	-0.227924	-0.2488	-0.235224	-0.190007	-0.112496	0.000684049	0.143628	0.319827	0.526699	0.774419	1.07063	1.43145	
2.25068	2.6163	2.89327	3.07053	3.13503	3.06111	2.8671	2.57862	2.1934	1.75922	1.3474	0.993072	0.702139	0.457697	0.253159	0.0796821	-0.0600497	-0.170131	-0.244286	-0.286689	-0.296298	-0.272704	-0.219059	-0.130349	-0.00799678	0.142777	0.324585	0.528755	0.751118	0.977511	1.19506	1.38649	1.5367	1.63074	1.66992	1.6404	1.52322	1.34647	1.13259	0.87229	0.586048	0.333907	0.160195	0.0650152	0.0225354	0.00675419	0.00179838	0.000493125	0.000257194	0.000328491	0.000524338	0.000812723	0.00118845	0.00164106	0.0021474	0.00267164	0.00316891	0.00359129	0.00389495	0.00404728	0.00403432	0.00387433	0.00366658	0.00377957	0.00547034	0.0125159	0.034381	0.0897255	0.204685	0.397824	0.655482	0.927089	1.1648	1.3625	1.52685	1.63581	1.67144	1.64559	1.57091	1.45562	1.30928	1.14498	0.97271	0.804591	0.648728	0.515486	0.40713	0.326378	0.275609	0.257997	0.269417	0.313575	0.388511	0.492257	0.623124	0.783044	0.973393	1.20585	1.49672	1.85554	
2.56511	2.84445	3.02079	3.09576	3.04676	2.8671	2.58711	2.20273	1.7405	1.28705	0.879756	0.536322	0.243983	-0.00454779	-0.216648	-0.392175	-0.530979	-0.632447	-0.700888	-0.739447	-0.749303	-0.727904	-0.678249	-0.595987	-0.480914	-0.326911	-0.138948	0.0814754	0.327508	0.591038	0.859751	1.11625	1.34497	1.52393	1.62787	1.67041	1.63139	1.49816	1.30832	1.07376	0.789919	0.49877	0.265151	0.118565	0.0449629	0.0146781	0.00431253	0.00143747	0.00101039	0.00139395	0.00216171	0.00322505	0.0045528	0.00609461	0.0077653	0.00944884	0.0110107	0.0123147	0.0132404	0.0136998	0.0136491	0.0130985	0.0121284	0.0109551	0.010184	0.0115932	0.0200202	0.0465462	0.110926	0.237205	0.436915	0.689048	0.945014	1.16735	1.3537	1.50829	1.61679	1.66719	1.66358	1.61567	1.53282	1.42648	1.30803	1.18564	1.06704	0.958917	0.870529	0.803898	0.760747	0.745266	0.755562	0.792983	0.855757	0.941117	1.05113	1.1843	1.351	1.57009	1.86161	2.21303	
2.74839	2.93028	3.01694	3.00017	2.84923	2.57862	2.20273	1.7319	1.25524	0.815487	0.422695	0.086523	-0.2077	-0.452958	-0.656602	-0.814096	-0.930861	-1.01465	-1.06852	-1.09658	-1.10386	-1.09077	-1.05065	-0.984998	-0.888717	-0.75556	-0.581706	-0.36249	-0.106857	0.182484	0.485918	0.794836	1.07719	1.3345	1.52755	1.63535	1.6713	1.60707	1.4529	1.24515	0.982271	0.678505	0.397122	0.195108	0.0809178	0.0288869	0.00956915	0.0040779	0.00368132	0.00523538	0.00782779	0.0112127	0.0152532	0.0197638	0.0244868	0.0291092	0.0332959	0.0367263	0.0391295	0.0403123	0.0401793	0.0387426	0.0361265	0.0325805	0.0285559	0.0250103	0.0243033	0.0321674	0.060575	0.128913	0.257896	0.453559	0.692968	0.933631	1.14492	1.32258	1.46922	1.57897	1.64553	1.66942	1.65517	1.60978	1.54415	1.46827	1.39042	1.31535	1.25008	1.20012	1.16812	1.15533	1.164	1.19238	1.23977	1.3052	1.38894	1.49644	1.64652	1.86239	2.15056	2.47096	
2.79123	2.89778	2.91284	2.80349	2.55311	2.1934	1.7405	1.25524	0.796	0.361375	-0.0133134	-0.344241	-0.616481	-0.840568	-1.00768	-1.13374	-1.21501	-1.26784	-1.29572	-1.30824	-1.31253	-1.303	-1.28613	-1.2514	-1.18561	-1.08856	-0.947253	-0.757474	-0.519076	-0.229926	0.0916799	0.437776	0.78048	1.0871	1.35897	1.54733	1.6516	1.66319	1.56327	1.38626	1.15099	0.856034	0.546168	0.293241	0.132815	0.052219	0.0201482	0.0112969	0.0121444	0.017214	0.0246688	0.0338452	0.0442837	0.0554531	0.0667231	0.0774101	0.0868408	0.0944128	0.0996415	0.102194	0.101907	0.0987998	0.0930724	0.0851013	0.0754496	0.0649513	0.0550426	0.0486847	0.0522224	0.0776913	0.142903	0.264921	0.44664	0.667455	0.892572	1.09541	1.2676	1.40929	1.5198	1.59831	1.64561	1.6634	1.65611	1.63115	1.59662	1.55888	1.52236	1.49238	1.47272	1.46479	1.4702	1.48807	1.51769	1.55902	1.61513	1.70004	1.83728	2.04733	2.3184	2.59026	
2.7313	2.77513	2.71186	2.50524	2.1741	1.75922	1.28705	0.815487	0.361375	-0.0475067	-0.405277	-0.712282	-0.953239	-1.13535	-1.2562	-1.32525	-1.35845	-1.36317	-1.36585	-1.3622	-1.35747	-1.36117	-1.36659	-1.36378	-1.34847	-1.30491	-1.21329	-1.07196	-0.864121	-0.603187	-0.280323	0.0690651	0.449805	0.8138	1.144	1.40959	1.58349	1.66768	1.63461	1.49777	1.29238	1.01901	0.700498	0.40821	0.201769	0.0885372	0.0413185	0.0299763	0.035493	0.0490194	0.0670202	0.0878771	0.11041	0.133445	0.155779	0.176249	0.193817	0.20762	0.217009	0.221551	0.221043	0.215506	0.205192	0.19058	0.172379	0.15155	0.12941	0.107958	0.0907374	0.0844017	0.100359	0.154131	0.259456	0.418163	0.6143	0.82097	1.01483	1.18383	1.32441	1.43681	1.523	1.58518	1.62525	1.64634	1.65315	1.65113	1.64432	1.63622	1.62995	1.62743	1.62928	1.63567	1.64652	1.66406	1.69738	1.76707	1.90038	2.1108	2.36655	2.59297	
2.57688	2.55828	2.41916	2.14405	1.77767	1.3474	0.879756	0.422695	-0.0133134	-0.405277	-0.746751	-1.01046	-1.20456	-1.31687	-1.37214	-1.37272	-1.34981	-1.31465	-1.27723	-1.25677	-1.25242	-1.2631	-1.29152	-1.32793	-1.36234	-1.37663	-1.35624	-1.28116	-1.13523	-0.916206	-0.622115	-0.268233	0.120751	0.521006	0.901203	1.2346	1.47751	1.62866	1.66589	1.57941	1.4069	1.16135	0.85055	0.534605	0.289131	0.14449	0.0834539	0.0736676	0.090254	0.11969	0.155608	0.194705	0.234702	0.273666	0.309893	0.341948	0.368687	0.38925	0.403028	0.409636	0.4089	0.400837	0.385665	0.363812	0.335938	0.302975	0.266192	0.227338	0.188954	0.155096	0.132517	0.131646	0.165589	0.245409	0.373086	0.537793	0.719953	0.899923	1.06394	1.20497	1.32119	1.41404	1.48583	1.539	1.57632	1.60117	1.61691	1.62608	1.63075	1.63242	1.63169	1.6291	1.62611	1.62841	1.65099	1.72024	1.86398	2.08201	2.32028	2.49824	
2.33983	2.27866	2.09506	1.79577	1.42506	0.993072	0.536322	0.086523	-0.344241	-0.712282	-1.01046	-1.2204	-1.34397	-1.38403	-1.36107	-1.29514	-1.21065	-1.13433	-1.07951	-1.04646	-1.03972	-1.05742	-1.09689	-1.16263	-1.24636	-1.32416	-1.37834	-1.3758	-1.30592	-1.14695	-0.902546	-0.577698	-0.189717	0.233779	0.64913	1.03575	1.34374	1.55687	1.66134	1.63186	1.49673	1.28256	0.992114	0.670401	0.399737	0.23194	0.163433	0.162098	0.197012	0.248735	0.307099	0.36679	0.424606	0.478312	0.526285	0.567382	0.600826	0.626083	0.642795	0.650756	0.649872	0.640155	0.621717	0.594792	0.559771	0.517234	0.468035	0.413465	0.355448	0.29686	0.242104	0.197922	0.173817	0.180907	0.228379	0.318815	0.445726	0.595617	0.752935	0.904406	1.04111	1.15873	1.25637	1.33492	1.39607	1.44194	1.47491	1.49705	1.50997	1.5148	1.51228	1.50341	1.4914	1.48556	1.50621	1.58399	1.7422	1.96291	2.17521	2.30629	
2.08481	2.01058	1.81241	1.51173	1.13988	0.702139	0.243983	-0.2077	-0.616481	-0.953239	-1.20456	-1.34397	-1.38875	-1.34218	-1.24166	-1.11422	-0.994753	-0.904535	-0.841056	-0.808142	-0.802805	-0.819001	-0.862543	-0.936571	-1.03973	-1.16566	-1.28651	-1.36907	-1.38182	-1.30038	-1.11691	-0.828376	-0.464738	-0.0389063	0.401767	0.828619	1.19338	1.46337	1.62893	1.65852	1.566	1.38746	1.12873	0.820825	0.544408	0.367225	0.299695	0.311659	0.366752	0.439639	0.516672	0.591292	0.660301	0.722038	0.775631	0.820625	0.856729	0.883714	0.901446	0.909865	0.908935	0.898658	0.879076	0.850258	0.812357	0.765616	0.710347	0.647063	0.576725	0.501024	0.422716	0.346161	0.27792	0.226824	0.20278	0.214044	0.263938	0.349055	0.460234	0.585546	0.71345	0.834917	0.944187	1.03833	1.11637	1.17843	1.22534	1.25818	1.27796	1.28547	1.28155	1.26793	1.24986	1.24064	1.26593	1.35883	1.53512	1.7603	1.95582	2.06436	
1.88275	1.80765	1.6029	1.29795	0.91068	0.457697	-0.00454779	-0.452958	-0.840568	-1.13535	-1.31687	-1.38403	-1.34218	-1.22304	-1.05792	-0.898435	-0.76816	-0.691026	-0.654725	-0.630083	-0.624899	-0.639919	-0.664147	-0.715613	-0.815197	-0.958872	-1.12838	-1.27681	-1.37227	-1.36984	-1.25995	-1.02999	-0.697177	-0.280906	0.171855	0.625705	1.03652	1.35832	1.57918	1.66706	1.62277	1.48711	1.27267	0.998444	0.736095	0.561577	0.497704	0.518671	0.585594	0.669533	0.755047	0.83543	0.908092	0.972166	1.02738	1.07355	1.11043	1.13786	1.15584	1.16437	1.16343	1.15302	1.13315	1.10383	1.06507	1.01706	0.960051	0.894179	0.819647	0.736983	0.647336	0.552782	0.456988	0.365866	0.287627	0.231713	0.206454	0.216197	0.25956	0.329923	0.417732	0.51317	0.608013	0.696329	0.77429	0.839645	0.891216	0.928532	0.951529	0.960441	0.956105	0.941233	0.923546	0.920791	0.963623	1.08569	1.29348	1.53816	1.7391	1.85317	
1.75738	1.67505	1.45628	1.13357	0.721161	0.253159	-0.216648	-0.656602	-1.00768	-1.2562	-1.37214	-1.36107	-1.24166	-1.05792	-0.859968	-0.705217	-0.618247	-0.584093	-0.570085	-0.555697	-0.551428	-0.56124	-0.575831	-0.594473	-0.644283	-0.760029	-0.936814	-1.13554	-1.2999	-1.37898	-1.34251	-1.17034	-0.880549	-0.487793	-0.0342418	0.438054	0.884354	1.25089	1.52307	1.66993	1.68136	1.59892	1.44096	1.21445	0.976538	0.805817	0.737811	0.755597	0.822279	0.907814	0.995522	1.07801	1.15251	1.21817	1.27452	1.32116	1.35787	1.38493	1.40259	1.41091	1.40999	1.39982	1.38028	1.3513	1.31261	1.264	1.20573	1.13818	1.06162	0.976279	0.88269	0.781672	0.674445	0.563445	0.453198	0.350839	0.265639	0.206851	0.180393	0.186403	0.219411	0.270815	0.331759	0.394903	0.45486	0.507907	0.55153	0.584084	0.604599	0.612799	0.609599	0.598756	0.590513	0.606671	0.68142	0.846419	1.09717	1.37201	1.59048	1.71926	
1.69135	1.59124	1.34979	1.00061	0.561545	0.0796821	-0.392175	-0.814096	-1.13374	-1.32525	-1.37272	-1.29514	-1.11422	-0.898435	-0.705217	-0.591549	-0.564868	-0.569467	-0.572059	-0.557181	-0.550596	-0.565442	-0.57152	-0.567334	-0.567243	-0.624914	-0.777064	-0.983316	-1.19685	-1.33834	-1.37217	-1.26359	-1.02135	-0.653689	-0.206717	0.273759	0.747515	1.1526	1.47358	1.68355	1.76081	1.74084	1.6433	1.4636	1.24521	1.07011	0.988968	0.996601	1.05934	1.14527	1.23477	1.3185	1.39307	1.45731	1.51077	1.55351	1.58644	1.61048	1.62599	1.63313	1.63233	1.62354	1.60633	1.58056	1.54574	1.50091	1.44526	1.37881	1.30178	1.21449	1.11748	1.01202	0.899368	0.780666	0.657389	0.532194	0.410333	0.300559	0.2135	0.15728	0.133505	0.137	0.159003	0.190808	0.225672	0.258985	0.28771	0.309835	0.324121	0.330177	0.329169	0.32582	0.332474	0.373923	0.485936	0.695921	0.98772	1.28897	1.52079	1.6567	
1.65822	1.53444	1.26591	0.889815	0.431157	-0.0600497	-0.530979	-0.930861	-1.21501	-1.35845	-1.34981	-1.21065	-0.994753	-0.76816	-0.618247	-0.564868	-0.587344	-0.589872	-0.550549	-0.5428	-0.548999	-0.539885	-0.566257	-0.596901	-0.573628	-0.575769	-0.666633	-0.853261	-1.08768	-1.27737	-1.37279	-1.31783	-1.11863	-0.782425	-0.34628	0.137357	0.636006	1.0792	1.449	1.72647	1.87625	1.91811	1.86946	1.7216	1.51295	1.33107	1.23874	1.2386	1.29759	1.38082	1.46606	1.54342	1.60989	1.66462	1.7083	1.74224	1.76838	1.78704	1.79861	1.80398	1.80335	1.79673	1.78384	1.76371	1.7361	1.70038	1.65457	1.59737	1.52798	1.44614	1.35135	1.24423	1.12671	1.00113	0.86995	0.735068	0.597771	0.460832	0.331745	0.222548	0.144013	0.0992444	0.0828219	0.0851351	0.0971178	0.112376	0.127053	0.138961	0.14694	0.150787	0.152032	0.156224	0.177298	0.242003	0.386257	0.632285	0.953356	1.26928	1.50404	1.63657	
1.63945	1.49191	1.2	0.804566	0.329763	-0.170131	-0.632447	-1.01465	-1.26784	-1.36317	-1.31465	-1.13433	-0.904535	-0.691026	-0.584093	-0.569467	-0.589872	-0.56803	-0.50624	-0.50795	-0.523661	-0.498674	-0.527481	-0.58732	-0.579383	-0.570577	-0.611436	-0.768904	-0.997997	-1.21778	-1.35135	-1.34451	-1.18219	-0.876958	-0.447469	0.037454	0.556151	1.0434	1.46879	1.81331	2.02794	2.11555	2.09625	1.9685	1.77014	1.58763	1.48713	1.47567	1.52218	1.59196	1.66311	1.72656	1.77909	1.82058	1.85254	1.87698	1.89476	1.90628	1.91287	1.91637	1.91597	1.91177	1.90436	1.8917	1.87266	1.84681	1.8131	1.7693	1.71375	1.64534	1.56316	1.46559	1.35271	1.22578	1.08772	0.943004	0.795782	0.64756	0.498712	0.354882	0.229418	0.135837	0.0784231	0.0509688	0.0426428	0.0438605	0.0484791	0.0532921	0.0569157	0.0592685	0.0622055	0.0719445	0.103605	0.185224	0.35225	0.622131	0.959819	1.28016	1.51058	1.63417	
1.62729	1.46169	1.15311	0.742712	0.256701	-0.244286	-0.700888	-1.06852	-1.29572	-1.36585	-1.27723	-1.07951	-0.841056	-0.654725	-0.570085	-0.572059	-0.550549	-0.50624	-0.462024	-0.480897	-0.500269	-0.466284	-0.476502	-0.525409	-0.561646	-0.57062	-0.587387	-0.721016	-0.932347	-1.16976	-1.32688	-1.35887	-1.22032	-0.934243	-0.514621	-0.0199401	0.524732	1.05853	1.54131	1.94227	2.1998	2.31297	2.31376	2.20616	2.01896	1.83171	1.71466	1.68277	1.70957	1.76146	1.81619	1.86364	1.89968	1.92564	1.94267	1.95348	1.95812	1.96002	1.96102	1.96131	1.96133	1.96094	1.95972	1.9575	1.95186	1.93981	1.92119	1.89308	1.8539	1.80108	1.7344	1.6523	1.55373	1.43821	1.30552	1.15757	0.99977	0.839657	0.680836	0.521923	0.366746	0.230146	0.128075	0.0650878	0.0334846	0.0210806	0.0179115	0.0181631	0.0192673	0.0208169	0.0247785	0.037833	0.0759488	0.168009	0.34893	0.632561	0.97814	1.29775	1.52183	1.63618	
1.62027	1.44402	1.12586	0.707222	0.215366	-0.286689	-0.739447	-1.09658	-1.30824	-1.3622	-1.25677	-1.04646	-0.808142	-0.630083	-0.555697	-0.557181	-0.5428	-0.50795	-0.480897	-0.489092	-0.496363	-0.479583	-0.489983	-0.522481	-0.551901	-0.556001	-0.571222	-0.692474	-0.899367	-1.14097	-1.31409	-1.36204	-1.23864	-0.962222	-0.541037	-0.0281026	0.551548	1.13299	1.66206	2.09674	2.37582	2.50749	2.52791	2.43237	2.24186	2.03934	1.90284	1.85132	1.8587	1.89024	1.92329	1.9473	1.96015	1.96379	1.96026	1.95253	1.94307	1.93473	1.92917	1.92487	1.92541	1.93028	1.93622	1.94493	1.95423	1.96138	1.96361	1.95815	1.94216	1.91244	1.86633	1.80277	1.72019	1.61935	1.50047	1.36349	1.20826	1.03892	0.866397	0.697436	0.529454	0.365383	0.222239	0.117565	0.0546754	0.0236375	0.0110646	0.00701083	0.00627699	0.00729317	0.0117186	0.0263943	0.067758	0.165162	0.35316	0.643496	0.99224	1.31018	1.52965	1.63791	
1.61862	1.43973	1.11906	0.699165	0.207162	-0.296298	-0.749303	-1.10386	-1.31253	-1.35747	-1.25242	-1.03972	-0.802805	-0.624899	-0.551428	-0.550596	-0.548999	-0.523661	-0.500269	-0.496363	-0.499811	-0.496811	-0.50789	-0.535881	-0.55119	-0.548356	-0.566756	-0.685281	-0.893863	-1.13293	-1.30931	-1.35743	-1.23957	-0.95978	-0.52095	0.018823	0.638847	1.2616	1.81627	2.26352	2.55623	2.7039	2.72973	2.62601	2.42293	2.20715	2.05371	1.97984	1.96072	1.96321	1.96719	1.96259	1.94952	1.92827	1.90391	1.87734	1.85366	1.83269	1.81766	1.8105	1.81126	1.82009	1.83659	1.85817	1.88249	1.90902	1.93283	1.95268	1.963	1.96212	1.94498	1.90971	1.85227	1.7714	1.66753	1.54279	1.40036	1.23856	1.05893	0.875381	0.697263	0.520839	0.350071	0.205012	0.103182	0.0447997	0.01725	0.00646776	0.00316539	0.0033871	0.00778153	0.0228892	0.0651449	0.163961	0.35377	0.645791	0.995343	1.31292	1.53136	1.63826	
1.62212	1.44938	1.13448	0.71814	0.227803	-0.272704	-0.727904	-1.09077	-1.303	-1.36117	-1.2631	-1.05742	-0.819001	-0.639919	-0.56124	-0.565442	-0.539885	-0.498674	-0.466284	-0.479583	-0.496811	-0.468055	-0.474968	-0.515824	-0.553476	-0.564594	-0.576287	-0.704243	-0.909377	-1.15113	-1.31555	-1.35472	-1.22043	-0.920446	-0.453884	0.128493	0.785592	1.42811	1.98985	2.44288	2.74378	2.8893	2.90019	2.78259	2.56706	2.33271	2.15429	2.05246	2.0036	1.97616	1.94992	1.91534	1.87289	1.82442	1.77486	1.7266	1.68345	1.64972	1.62617	1.6156	1.61674	1.62992	1.65575	1.69142	1.73603	1.78472	1.83442	1.88169	1.92188	1.95087	1.96455	1.95983	1.93393	1.88315	1.80601	1.69995	1.5679	1.41813	1.24857	1.05891	0.866279	0.680211	0.495959	0.321331	0.179552	0.0855968	0.0349248	0.012434	0.00430522	0.00283695	0.00663077	0.0212474	0.06253	0.159479	0.346611	0.636183	0.985109	1.30449	1.52609	1.63675	
1.63014	1.47149	1.16935	0.764973	0.282663	-0.219059	-0.678249	-1.05065	-1.28613	-1.36659	-1.29152	-1.09689	-0.862543	-0.664147	-0.575831	-0.57152	-0.566257	-0.527481	-0.476502	-0.489983	-0.50789	-0.474968	-0.494256	-0.547986	-0.570093	-0.57067	-0.594815	-0.735042	-0.954952	-1.18465	-1.33452	-1.34466	-1.17643	-0.838808	-0.328788	0.291479	0.974468	1.62247	2.18221	2.63475	2.92491	3.0483	3.04116	2.90482	2.66158	2.40099	2.19945	2.07254	1.99309	1.93201	1.86914	1.79972	1.72367	1.64594	1.56955	1.49996	1.44012	1.3936	1.36155	1.34496	1.34683	1.36677	1.40179	1.45121	1.51323	1.5845	1.66147	1.73884	1.8131	1.87772	1.92852	1.95925	1.9669	1.94744	1.89996	1.82458	1.71624	1.57634	1.41813	1.23855	1.03886	0.83935	0.646159	0.45523	0.281077	0.148416	0.0666049	0.0255676	0.00874312	0.00386265	0.00624201	0.0195321	0.058256	0.150434	0.330753	0.613927	0.96079	1.28407	1.51306	1.63271	
1.64051	1.50451	1.22276	0.835651	0.367146	-0.130349	-0.595987	-0.984998	-1.2514	-1.36378	-1.32793	-1.16263	-0.936571	-0.715613	-0.594473	-0.567334	-0.596901	-0.58732	-0.525409	-0.522481	-0.535881	-0.515824	-0.547986	-0.60231	-0.581547	-0.569679	-0.628841	-0.796614	-1.03058	-1.23826	-1.35271	-1.31646	-1.10264	-0.709706	-0.151118	0.503415	1.19771	1.83748	2.39062	2.82788	3.08609	3.18264	3.15053	2.97545	2.70111	2.41963	2.19386	2.03674	1.92239	1.82424	1.72507	1.62063	1.51248	1.4046	1.30291	1.21038	1.13244	1.07086	1.02915	1.01081	1.01279	1.03561	1.0818	1.14691	1.22795	1.3226	1.42557	1.53396	1.64083	1.74153	1.83002	1.901	1.94925	1.9689	1.9561	1.90761	1.83015	1.71624	1.5679	1.40036	1.20824	0.999637	0.795141	0.595042	0.400164	0.232747	0.115088	0.0483513	0.0175847	0.00656679	0.00629725	0.0174064	0.0522136	0.137062	0.306661	0.579325	0.922113	1.25081	1.49108	1.62448	
1.64995	1.54449	1.29183	0.928754	0.479153	-0.00799678	-0.480914	-0.888717	-1.18561	-1.34847	-1.36234	-1.24636	-1.03973	-0.815197	-0.644283	-0.567243	-0.573628	-0.579383	-0.561646	-0.551901	-0.55119	-0.553476	-0.570093	-0.581548	-0.564695	-0.586703	-0.703225	-0.901446	-1.12963	-1.30061	-1.36285	-1.25864	-0.985745	-0.528093	0.074165	0.753343	1.44555	2.07029	2.60725	3.00853	3.22486	3.28902	3.21333	2.99686	2.69416	2.382	2.13141	1.94616	1.79954	1.66405	1.52719	1.38514	1.24289	1.10512	0.976445	0.863157	0.76816	0.696675	0.647834	0.623477	0.626251	0.655744	0.709219	0.785524	0.884429	1.00075	1.13195	1.27093	1.41308	1.5519	1.68005	1.79102	1.8796	1.93909	1.96778	1.95947	1.90761	1.82458	1.69995	1.54279	1.36348	1.15752	0.94274	0.733869	0.527397	0.334079	0.181084	0.0832306	0.0326942	0.0118421	0.00712987	0.0151035	0.0448771	0.120266	0.27554	0.533304	0.86904	1.20363	1.45849	1.60984	
1.65479	1.58613	1.37046	1.04192	0.617491	0.142777	-0.326911	-0.75556	-1.08856	-1.30491	-1.37663	-1.32416	-1.16566	-0.958872	-0.760029	-0.624914	-0.575769	-0.570577	-0.57062	-0.556001	-0.548356	-0.564595	-0.570671	-0.569682	-0.586708	-0.667666	-0.836183	-1.04148	-1.23809	-1.34967	-1.34068	-1.16651	-0.816506	-0.296057	0.343969	1.03393	1.71035	2.31456	2.81982	3.16919	3.33831	3.35689	3.23064	2.97244	2.62886	2.29413	2.02416	1.80867	1.62643	1.45226	1.27694	1.10115	0.926589	0.762224	0.611089	0.47814	0.368564	0.28341	0.22683	0.201031	0.203904	0.235708	0.298367	0.388566	0.502595	0.639894	0.794322	0.961024	1.13569	1.31019	1.47785	1.63271	1.76416	1.86972	1.93488	1.96778	1.9561	1.89996	1.80601	1.66752	1.50047	1.3055	1.08762	0.869477	0.655355	0.445523	0.26241	0.131371	0.0558788	0.0208945	0.00936144	0.0130767	0.036953	0.101302	0.239128	0.477394	0.801894	1.1413	1.41312	1.58605	
1.65046	1.62516	1.45239	1.16456	0.778602	0.324585	-0.138948	-0.581706	-0.947253	-1.21329	-1.35624	-1.37834	-1.28651	-1.12838	-0.936814	-0.777064	-0.666633	-0.611436	-0.587387	-0.571223	-0.566756	-0.576289	-0.594822	-0.628858	-0.703265	-0.836249	-1.01294	-1.1965	-1.32994	-1.36911	-1.27273	-1.01467	-0.593695	-0.0160883	0.648478	1.3337	1.98905	2.56158	3.0163	3.30481	3.41941	3.3822	3.20304	2.89487	2.51773	2.16554	1.86842	1.62934	1.41199	1.20328	0.990761	0.7809	0.577176	0.385807	0.214823	0.0664607	-0.0556173	-0.146103	-0.207141	-0.236748	-0.23336	-0.197331	-0.130509	-0.0339705	0.0940633	0.247697	0.422992	0.616625	0.82253	1.03137	1.23846	1.43191	1.60734	1.75364	1.86972	1.93909	1.9689	1.94744	1.88315	1.7714	1.61935	1.43821	1.22575	1.00096	0.779894	0.560303	0.354656	0.192078	0.0882558	0.0349022	0.0137348	0.0118679	0.0292239	0.0816067	0.199591	0.413803	0.721628	1.06284	1.35258	1.54962	
1.63115	1.65413	1.53309	1.29151	0.951695	0.528755	0.0814754	-0.36249	-0.757474	-1.07196	-1.28116	-1.3758	-1.36907	-1.27681	-1.13554	-0.983316	-0.853261	-0.768904	-0.721017	-0.692475	-0.685285	-0.704255	-0.735078	-0.796709	-0.901667	-1.04192	-1.19711	-1.31818	-1.37747	-1.32581	-1.14704	-0.805859	-0.311554	0.30752	0.97919	1.64958	2.27175	2.79627	3.18836	3.40998	3.46146	3.36404	3.12877	2.77025	2.36579	1.99424	1.68393	1.41661	1.16591	0.920523	0.675975	0.435716	0.208286	-0.00246066	-0.190512	-0.34944	-0.478754	-0.57782	-0.642438	-0.671849	-0.668575	-0.632484	-0.560952	-0.455348	-0.319587	-0.154616	0.0373072	0.252695	0.483002	0.722967	0.965621	1.19816	1.41793	1.60734	1.76416	1.8796	1.94925	1.9669	1.93393	1.85227	1.72018	1.55373	1.3527	1.12666	0.899106	0.673298	0.452558	0.262939	0.129861	0.054698	0.0209622	0.0120203	0.0224371	0.0626353	0.159391	0.345474	0.630112	0.967782	1.27471	1.49734	
1.59253	1.66459	1.603	1.41447	1.12922	0.751118	0.327508	-0.106857	-0.519076	-0.864121	-1.13523	-1.30592	-1.38182	-1.37227	-1.2999	-1.19685	-1.08768	-0.997998	-0.932348	-0.899373	-0.893884	-0.909441	-0.955131	-1.03103	-1.13064	-1.24011	-1.33331	-1.38144	-1.34927	-1.21216	-0.941967	-0.526665	0.0183368	0.664491	1.32686	1.96889	2.54496	3.00908	3.32942	3.47746	3.46086	3.30194	3.00745	2.60389	2.18056	1.79781	1.47089	1.1776	0.899408	0.620231	0.347315	0.0811214	-0.167348	-0.39201	-0.589677	-0.755737	-0.88726	-0.983092	-1.04748	-1.07878	-1.07529	-1.0374	-0.966747	-0.863557	-0.724766	-0.553165	-0.349142	-0.118802	0.132441	0.401297	0.672404	0.943724	1.19816	1.43191	1.63271	1.79102	1.901	1.95925	1.95983	1.90971	1.80277	1.6523	1.46558	1.24422	1.01194	0.7813	0.551229	0.340453	0.17958	0.0805267	0.0315664	0.0139916	0.0172038	0.0456817	0.121053	0.276032	0.530481	0.856649	1.17746	1.42657	
1.53159	1.64943	1.65222	1.52464	1.29819	0.977511	0.591038	0.182484	-0.229926	-0.603187	-0.916206	-1.14695	-1.30038	-1.36984	-1.37898	-1.33834	-1.27737	-1.21778	-1.16977	-1.141	-1.13304	-1.15144	-1.18544	-1.24013	-1.30461	-1.35731	-1.38198	-1.34396	-1.23017	-1.00937	-0.668606	-0.192896	0.396384	1.04153	1.67866	2.28159	2.79674	3.18965	3.4311	3.50116	3.41591	3.19588	2.84411	2.40625	1.97155	1.58273	1.2447	0.927349	0.618131	0.312645	0.0135874	-0.269085	-0.53174	-0.763973	-0.963959	-1.129	-1.2581	-1.35327	-1.41348	-1.43965	-1.43689	-1.4045	-1.337	-1.23471	-1.09903	-0.926665	-0.719835	-0.481692	-0.214172	0.071935	0.37149	0.672404	0.965621	1.23846	1.47785	1.68005	1.83002	1.92852	1.96455	1.94498	1.86633	1.7344	1.56316	1.35135	1.11746	0.882582	0.646852	0.420794	0.235379	0.111942	0.0457462	0.0180731	0.0139198	0.0317056	0.0868597	0.209492	0.427311	0.731717	1.05943	1.3346	
1.44626	1.60407	1.66992	1.61101	1.44844	1.19506	0.859751	0.485918	0.0916799	-0.280323	-0.622115	-0.902546	-1.11691	-1.25995	-1.34251	-1.37217	-1.37279	-1.35136	-1.32692	-1.31424	-1.30978	-1.31681	-1.33762	-1.35953	-1.3764	-1.36506	-1.31218	-1.20338	-1.00912	-0.724412	-0.317917	0.196545	0.795477	1.42396	2.02502	2.56996	3.01307	3.32888	3.48567	3.47788	3.32822	3.04816	2.64475	2.18694	1.75131	1.36169	1.00933	0.671559	0.338238	0.00820138	-0.308932	-0.605615	-0.873084	-1.10617	-1.3005	-1.45638	-1.57426	-1.65557	-1.7088	-1.73564	-1.73265	-1.70037	-1.64174	-1.55347	-1.42823	-1.26521	-1.06242	-0.822224	-0.548656	-0.246478	0.071935	0.401297	0.722967	1.03137	1.31019	1.5519	1.74153	1.87772	1.95087	1.96212	1.91244	1.80108	1.64534	1.44614	1.21448	0.976251	0.736849	0.500451	0.29469	0.147859	0.0633046	0.024332	0.0127218	0.0212079	0.0585037	0.149744	0.326405	0.597718	0.920903	1.21872	
1.33423	1.52662	1.64869	1.66205	1.56697	1.38649	1.11625	0.794836	0.437776	0.0690651	-0.268233	-0.577698	-0.828376	-1.02999	-1.17034	-1.26359	-1.31785	-1.34457	-1.35908	-1.36271	-1.35929	-1.35941	-1.35523	-1.33793	-1.29811	-1.23253	-1.11516	-0.944099	-0.694291	-0.361309	0.0798961	0.608353	1.20981	1.79548	2.3431	2.81862	3.18507	3.41711	3.48729	3.40847	3.19876	2.86161	2.42163	1.9596	1.53061	1.14384	0.778998	0.42037	0.063927	-0.281952	-0.612349	-0.912623	-1.17925	-1.4039	-1.58457	-1.72412	-1.82371	-1.88995	-1.92744	-1.94083	-1.93956	-1.92215	-1.87891	-1.80664	-1.70005	-1.55144	-1.36224	-1.12943	-0.854628	-0.548656	-0.214172	0.132441	0.483002	0.82253	1.13569	1.41308	1.64083	1.8131	1.92188	1.963	1.94216	1.8539	1.71375	1.52798	1.30178	1.06161	0.819614	0.576574	0.35483	0.186722	0.0836527	0.032591	0.0134924	0.0141945	0.0368253	0.0998781	0.234037	0.462028	0.76539	1.07705	
1.19334	1.4163	1.58369	1.66825	1.64386	1.5367	1.34497	1.07719	0.78048	0.449805	0.120751	-0.189717	-0.464738	-0.697178	-0.880553	-1.02137	-1.11871	-1.18246	-1.22119	-1.24117	-1.24611	-1.23553	-1.20765	-1.16076	-1.08387	-0.967893	-0.808199	-0.590367	-0.309844	0.0574824	0.508091	1.04259	1.59918	2.13291	2.62082	3.01426	3.30132	3.44515	3.43527	3.29592	3.03055	2.6454	2.18762	1.73733	1.3217	0.935022	0.557538	0.182321	-0.19196	-0.551656	-0.886619	-1.18613	-1.44119	-1.64938	-1.80742	-1.91876	-1.99196	-2.03298	-2.05356	-2.0635	-2.06238	-2.05042	-2.02683	-1.9801	-1.89976	-1.77979	-1.61154	-1.39405	-1.12943	-0.822224	-0.481692	-0.118802	0.252695	0.616625	0.961024	1.27093	1.53396	1.73884	1.88169	1.95268	1.95815	1.89308	1.7693	1.59737	1.37881	1.13818	0.894171	0.647027	0.413309	0.226732	0.105883	0.0424485	0.0159088	0.0102456	0.02172	0.0615796	0.155753	0.333866	0.600674	0.910758	
1.02307	1.27409	1.47412	1.6196	1.67149	1.63074	1.52393	1.3345	1.0871	0.8138	0.521006	0.233779	-0.0389071	-0.28091	-0.487812	-0.653771	-0.782736	-0.878011	-0.937408	-0.970663	-0.979757	-0.962498	-0.917934	-0.843834	-0.734969	-0.589473	-0.401996	-0.164313	0.132172	0.498558	0.940652	1.44144	1.95001	2.43077	2.83008	3.14528	3.35369	3.40901	3.33457	3.14345	2.82672	2.41138	1.9606	1.53291	1.13165	0.744679	0.352476	-0.0385273	-0.424757	-0.791081	-1.12591	-1.41662	-1.65488	-1.83896	-1.96486	-2.04276	-2.0771	-2.08225	-2.07448	-2.06707	-2.06805	-2.07624	-2.0826	-2.07335	-2.03101	-1.94317	-1.8072	-1.61154	-1.36224	-1.06242	-0.719835	-0.349142	0.0373072	0.422992	0.794322	1.13195	1.42557	1.66147	1.83442	1.93283	1.96361	1.92119	1.8131	1.65457	1.44526	1.20573	0.960049	0.710339	0.468	0.266047	0.128877	0.053328	0.0195187	0.00867018	0.0122729	0.0348204	0.0950907	0.222528	0.438605	0.726064	
0.826402	1.10089	1.3266	1.51119	1.63704	1.66992	1.62787	1.52755	1.35897	1.144	0.901203	0.649129	0.401763	0.171836	-0.0343266	-0.207052	-0.347457	-0.451135	-0.524718	-0.56558	-0.573656	-0.554255	-0.499568	-0.413663	-0.295568	-0.139769	0.0539557	0.289866	0.57696	0.925358	1.34233	1.79843	2.25026	2.64237	2.96286	3.21224	3.33095	3.31204	3.19188	2.95311	2.59889	2.18046	1.75622	1.35689	0.965794	0.574062	0.170679	-0.23489	-0.62985	-0.998099	-1.3266	-1.60237	-1.8175	-1.96833	-2.05785	-2.0908	-2.08392	-2.05223	-2.00907	-1.97972	-1.9833	-2.01732	-2.06002	-2.08756	-2.08793	-2.04499	-1.94317	-1.77979	-1.55144	-1.26521	-0.926665	-0.553165	-0.154616	0.247697	0.639894	1.00075	1.3226	1.5845	1.78472	1.90902	1.96138	1.93981	1.84681	1.70038	1.50091	1.264	1.01706	0.765614	0.517227	0.302944	0.15143	0.0645436	0.0238177	0.00869379	0.00708916	0.0180144	0.0526849	0.134965	0.293208	0.535821	
0.614693	0.896286	1.14783	1.35547	1.52764	1.6404	1.67041	1.63535	1.54733	1.40959	1.2346	1.03574	0.828601	0.625625	0.437722	0.272545	0.133428	0.0262514	-0.0479964	-0.0897718	-0.100414	-0.07566	-0.0217253	0.065738	0.18574	0.339034	0.521341	0.740193	1.00077	1.31633	1.68433	2.07867	2.45257	2.76987	3.02851	3.19372	3.2316	3.16961	3.01181	2.73087	2.3652	1.97307	1.58804	1.21303	0.827303	0.427456	0.0124013	-0.401353	-0.80265	-1.16865	-1.48766	-1.74576	-1.93168	-2.04813	-2.09108	-2.07319	-2.0162	-1.93578	-1.86089	-1.82007	-1.8248	-1.87364	-1.95238	-2.03054	-2.0802	-2.08793	-2.03101	-1.89976	-1.70005	-1.42823	-1.09903	-0.724766	-0.319587	0.0940633	0.502595	0.884429	1.22795	1.51323	1.73603	1.88249	1.95423	1.95186	1.87266	1.7361	1.54574	1.31261	1.06507	0.812357	0.55977	0.335933	0.172355	0.0753664	0.0283094	0.00961548	0.00469954	0.00863657	0.0262734	0.0735958	0.176688	0.3589	
0.410952	0.66804	0.935125	1.16788	1.36206	1.52322	1.63139	1.6713	1.6516	1.58349	1.47751	1.34373	1.19331	1.03621	0.883196	0.743616	0.624466	0.526269	0.45721	0.418367	0.408338	0.431302	0.481699	0.562911	0.671146	0.801741	0.957022	1.13929	1.35592	1.61983	1.92983	2.26143	2.5674	2.81692	2.99607	3.08565	3.08139	2.99003	2.79318	2.49415	2.15472	1.80695	1.46014	1.10229	0.715249	0.307598	-0.118687	-0.538485	-0.9414	-1.30314	-1.60969	-1.84793	-2.00509	-2.08215	-2.08167	-2.01166	-1.89766	-1.77082	-1.65668	-1.58804	-1.59633	-1.67703	-1.79576	-1.92267	-2.03054	-2.08756	-2.07335	-1.9801	-1.80664	-1.55347	-1.23471	-0.863557	-0.455348	-0.0339705	0.388566	0.785524	1.14691	1.45121	1.69142	1.85817	1.94493	1.9575	1.8917	1.76371	1.58056	1.3513	1.10383	0.850258	0.594792	0.363811	0.190576	0.085087	0.0325409	0.0108897	0.00388007	0.00403932	0.0117596	0.0357566	0.094773	0.214386	
0.242164	0.44269	0.692287	0.944031	1.16298	1.34647	1.49816	1.60707	1.66319	1.66768	1.62865	1.55682	1.46311	1.3573	1.24731	1.14156	1.04953	0.974116	0.918273	0.886013	0.878992	0.895638	0.937902	1.00225	1.08617	1.18739	1.30689	1.44481	1.61325	1.82469	2.07836	2.34473	2.57783	2.75284	2.86999	2.9232	2.89222	2.76784	2.55184	2.276	1.98902	1.68958	1.37245	1.02064	0.632043	0.214301	-0.217252	-0.644592	-1.04427	-1.40414	-1.69442	-1.91693	-2.04458	-2.0843	-2.04507	-1.9231	-1.76334	-1.60705	-1.46856	-1.38346	-1.39366	-1.4936	-1.63761	-1.79576	-1.95238	-2.06002	-2.0826	-2.02683	-1.87891	-1.64174	-1.337	-0.966747	-0.560952	-0.130509	0.298367	0.709219	1.0818	1.40179	1.65575	1.83659	1.93622	1.95972	1.90436	1.78384	1.60633	1.38028	1.13315	0.879076	0.621717	0.385665	0.205192	0.0930704	0.0361227	0.0121354	0.0037872	0.00208455	0.00476661	0.0154004	0.0448723	0.112774	
0.124306	0.25547	0.450261	0.686247	0.923393	1.13259	1.30832	1.4529	1.56327	1.6346	1.66585	1.66114	1.6281	1.57614	1.51327	1.44612	1.38235	1.32934	1.28949	1.2657	1.26049	1.27281	1.30363	1.34942	1.4083	1.47791	1.55577	1.64593	1.76119	1.91398	2.10357	2.30267	2.47382	2.60176	2.68912	2.71614	2.65529	2.51737	2.32666	2.10885	1.87877	1.6169	1.31827	0.966392	0.575272	0.149953	-0.284977	-0.71644	-1.11424	-1.47036	-1.7503	-1.9564	-2.06336	-2.07106	-1.99545	-1.83662	-1.63702	-1.46258	-1.34463	-1.28766	-1.29394	-1.36329	-1.4936	-1.67703	-1.87364	-2.01732	-2.07624	-2.05042	-1.92215	-1.70037	-1.4045	-1.0374	-0.632484	-0.197331	0.235708	0.655744	1.03561	1.36677	1.62992	1.82009	1.93028	1.96094	1.91177	1.79673	1.62354	1.39982	1.15302	0.898658	0.640155	0.400837	0.215506	0.0987997	0.0387429	0.0131055	0.00392745	0.00137513	0.00182053	0.00587952	0.0186796	0.051887	
0.055334	0.127119	0.252093	0.432782	0.650177	0.87229	1.07376	1.24515	1.38625	1.49774	1.57927	1.63124	1.65613	1.65899	1.64624	1.62347	1.59558	1.56873	1.54744	1.53429	1.53111	1.53854	1.55529	1.57948	1.60828	1.63867	1.66997	1.70915	1.76965	1.86705	2.00425	2.15827	2.29382	2.39353	2.4541	2.45646	2.39118	2.28577	2.15584	2.00107	1.81743	1.58139	1.28974	0.939641	0.545001	0.116337	-0.320477	-0.753885	-1.1507	-1.50327	-1.7803	-1.97185	-2.07318	-2.05639	-1.95826	-1.78286	-1.54963	-1.36523	-1.28517	-1.26782	-1.26892	-1.29394	-1.39366	-1.59633	-1.8248	-1.9833	-2.06805	-2.06238	-1.93956	-1.73265	-1.43689	-1.07529	-0.668575	-0.23336	0.203904	0.626251	1.01279	1.34683	1.61674	1.81126	1.92541	1.96133	1.91597	1.80335	1.63233	1.40999	1.16343	0.908935	0.649872	0.4089	0.221043	0.101907	0.0401796	0.0136517	0.00405151	0.00115412	0.000733525	0.00200631	0.00683594	0.0208424	
0.0213765	0.0544542	0.120653	0.2326	0.392323	0.586048	0.789918	0.982268	1.15098	1.29229	1.40647	1.495	1.55985	1.60376	1.6307	1.64502	1.65028	1.64985	1.64733	1.64511	1.64445	1.64596	1.64853	1.65079	1.6504	1.64582	1.63893	1.63768	1.65738	1.71624	1.81868	1.94153	2.04809	2.12197	2.16719	2.17815	2.15394	2.1133	2.0501	1.94595	1.79244	1.57113	1.28477	0.936585	0.542102	0.113188	-0.32366	-0.757355	-1.15389	-1.50621	-1.78303	-1.97306	-2.07435	-2.05471	-1.95443	-1.77771	-1.54055	-1.35533	-1.28018	-1.26742	-1.26782	-1.28766	-1.38346	-1.58804	-1.82007	-1.97972	-2.06707	-2.0635	-1.94083	-1.73564	-1.43965	-1.07878	-0.671849	-0.236748	0.201031	0.623477	1.01081	1.34496	1.6156	1.8105	1.92487	1.96131	1.91637	1.80398	1.63313	1.41091	1.16437	0.909865	0.650756	0.409636	0.221551	0.102194	0.0403124	0.0137005	0.00405187	0.00107671	0.000376588	0.000630625	0.00220658	0.00732192	
0.00719484	0.0201511	0.0494428	0.106194	0.200224	0.333907	0.498768	0.678494	0.855977	1.01874	1.16019	1.27822	1.37331	1.44725	1.50268	1.54289	1.57105	1.58969	1.60104	1.60687	1.60814	1.6051	1.59725	1.58347	1.56237	1.53346	1.4992	1.46783	1.4558	1.48252	1.55412	1.6503	1.73915	1.81166	1.88018	1.94129	1.98351	2.00796	1.99611	1.92627	1.79147	1.57919	1.30124	0.956164	0.566364	0.140539	-0.294765	-0.726599	-1.12405	-1.47929	-1.75827	-1.96102	-2.06589	-2.06785	-1.98625	-1.82275	-1.6152	-1.43796	-1.32824	-1.28018	-1.28517	-1.34463	-1.46856	-1.65668	-1.86089	-2.00907	-2.07448	-2.05356	-1.92744	-1.7088	-1.41348	-1.04748	-0.642438	-0.207141	0.22683	0.647834	1.02915	1.36155	1.62617	1.81766	1.92917	1.96102	1.91287	1.79861	1.62599	1.40259	1.15584	0.901446	0.642795	0.403028	0.217009	0.0996415	0.0391295	0.0132406	0.00389601	0.00101151	0.00026294	0.000200157	0.000633526	0.00225858	
0.00212155	0.00648057	0.0174521	0.0413794	0.0864998	0.160194	0.265145	0.39709	0.546008	0.699782	0.847723	0.98236	1.09956	1.19781	1.27732	1.33951	1.38645	1.42019	1.44243	1.45453	1.45727	1.45083	1.43485	1.40842	1.3706	1.32126	1.26324	1.20573	1.16683	1.16882	1.22299	1.31571	1.42033	1.52924	1.65218	1.77747	1.88033	1.95272	1.97389	1.92383	1.80441	1.60394	1.33447	0.999653	0.616386	0.19839	-0.233296	-0.661515	-1.06065	-1.42017	-1.70767	-1.92728	-2.04944	-2.08247	-2.03556	-1.90462	-1.73716	-1.57626	-1.43796	-1.35533	-1.36523	-1.46258	-1.60705	-1.77082	-1.93578	-2.05223	-2.08225	-2.03298	-1.88995	-1.65557	-1.35327	-0.983092	-0.57782	-0.146103	0.28341	0.696675	1.07086	1.3936	1.64972	1.83269	1.93473	1.96002	1.90628	1.78704	1.61048	1.38493	1.13786	0.883714	0.626083	0.38925	0.20762	0.0944128	0.0367263	0.0123147	0.00359151	0.000920358	0.000215485	7.81414e-05	0.000165366	0.000615232	
0.0005515	0.00182388	0.00534721	0.0138729	0.0318662	0.0650124	0.118549	0.195022	0.292836	0.406516	0.528396	0.65062	0.766582	0.871543	0.962593	1.03834	1.09857	1.14375	1.17459	1.19176	1.19569	1.18651	1.164	1.12772	1.07743	1.01408	0.941912	0.871964	0.82454	0.825317	0.890551	1.01101	1.15947	1.32182	1.50029	1.6772	1.82088	1.92225	1.96585	1.93168	1.82659	1.6409	1.38307	1.06396	0.690285	0.285235	-0.140956	-0.562235	-0.964947	-1.32626	-1.62967	-1.86417	-2.0155	-2.08438	-2.07634	-1.99506	-1.87086	-1.73716	-1.6152	-1.54055	-1.54963	-1.63702	-1.76334	-1.89766	-2.0162	-2.08392	-2.0771	-1.99196	-1.82371	-1.57426	-1.2581	-0.88726	-0.478754	-0.0556173	0.368564	0.76816	1.13244	1.44012	1.68345	1.85366	1.94307	1.95812	1.89476	1.76838	1.58644	1.35787	1.11043	0.856729	0.600826	0.368687	0.193817	0.0868408	0.0332959	0.0110107	0.00316895	0.000801039	0.000180616	4.33689e-05	4.19143e-05	0.000149179	
0.00012722	0.000452428	0.00143367	0.0040379	0.0101069	0.0225278	0.0449207	0.0807073	0.131883	0.19813	0.276744	0.3633	0.452658	0.539868	0.620741	0.692076	0.751664	0.798165	0.83086	0.849416	0.85371	0.843725	0.819532	0.781423	0.730259	0.668358	0.601381	0.541376	0.509287	0.531762	0.626979	0.787	0.981335	1.18787	1.40387	1.61249	1.78081	1.89955	1.96067	1.94366	1.85353	1.68701	1.44684	1.14527	0.788633	0.397754	-0.0171106	-0.431798	-0.833709	-1.19834	-1.5152	-1.76887	-1.94931	-2.05819	-2.09191	-2.06425	-1.99506	-1.90462	-1.82275	-1.77771	-1.78286	-1.83662	-1.9231	-2.01166	-2.07319	-2.0908	-2.04276	-1.91876	-1.72412	-1.45638	-1.129	-0.755737	-0.349441	0.0664604	0.47814	0.863157	1.21038	1.49996	1.7266	1.87734	1.95253	1.95348	1.87698	1.74224	1.55351	1.32116	1.07355	0.820625	0.567382	0.341948	0.176249	0.0774101	0.0291092	0.00944884	0.00267164	0.000663871	0.000146397	3.01584e-05	1.22313e-05	3.26885e-05	
