1.02684	1.31528	1.56318	1.72935	1.82922	1.86428	1.83113	1.76738	1.66981	1.5284	1.39203	1.31955	1.32131	1.36929	1.43178	1.48972	1.53563	1.56846	1.58989	1.60139	1.60394	1.59785	1.58243	1.55643	1.51782	1.46396	1.3926	1.30154	1.18849	1.05203	0.893243	0.717813	0.53682	0.366303	0.223574	0.120078	0.056151	0.0227532	0.00798902	0.00243803	0.000649818	0.000152138	3.14763e-05	5.78911e-06	9.51893e-07	1.40683e-07	1.87875e-08	2.29749e-09	3.16126e-10	1.95473e-10	4.04492e-10	8.60399e-10	1.66987e-09	2.9532e-09	4.78999e-09	7.30843e-09	1.20931e-08	3.47911e-08	2.03893e-07	1.45209e-06	9.80135e-06	5.95958e-05	0.000321955	0.00153115	0.00634928	0.0227126	0.0692636	0.177855	0.380301	0.673675	0.998664	1.28482	1.51489	1.68488	1.75218	1.71387	1.58893	1.36461	1.08609	0.762339	0.41434	0.0773565	-0.237296	-0.508852	-0.731899	-0.907769	-1.03403	-1.12013	-1.17017	-1.18507	-1.17437	-1.13163	-1.05488	-0.937555	-0.77017	-0.559151	-0.294292	0.0104188	0.346843	0.692131	
1.31528	1.54879	1.7224	1.83408	1.91466	1.94295	1.93269	1.89504	1.80174	1.66907	1.56279	1.5237	1.54218	1.58741	1.63446	1.67143	1.69586	1.71056	1.71866	1.7223	1.72296	1.72128	1.71607	1.70547	1.68686	1.65625	1.60927	1.54318	1.45541	1.34348	1.20471	1.03825	0.847171	0.640921	0.438532	0.26511	0.139253	0.0630085	0.0245145	0.00822354	0.00239105	0.000606467	0.000135102	2.66111e-05	4.66413e-06	7.3177e-07	1.03404e-07	1.34377e-08	2.2013e-09	1.8503e-09	3.86746e-09	7.97549e-09	1.50288e-08	2.58823e-08	4.08893e-08	5.95127e-08	8.05461e-08	1.06465e-07	1.78799e-07	6.36869e-07	3.8189e-06	2.39301e-05	0.000136766	0.000693276	0.00308064	0.0118753	0.0392643	0.110002	0.258004	0.502123	0.811821	1.11554	1.36967	1.57812	1.71635	1.74981	1.70362	1.57385	1.35939	1.10653	0.817755	0.521721	0.231026	-0.0335551	-0.265729	-0.454414	-0.597888	-0.700445	-0.761802	-0.785283	-0.769926	-0.715612	-0.620823	-0.486741	-0.306739	-0.0827496	0.175307	0.463224	0.75818	1.05254	
1.56318	1.7224	1.83513	1.93633	2.01238	2.04784	2.05334	2.00296	1.88816	1.76451	1.69114	1.67789	1.69872	1.72491	1.74032	1.74198	1.73408	1.72301	1.71166	1.70396	1.70213	1.7063	1.71599	1.72771	1.73771	1.74194	1.73253	1.70299	1.64854	1.56658	1.45553	1.31418	1.14291	0.942476	0.718093	0.489894	0.291345	0.148646	0.0647022	0.024064	0.00768892	0.00212592	0.000512594	0.000108605	2.03657e-05	3.40282e-06	5.10383e-07	7.11466e-08	1.47244e-08	1.62419e-08	3.37574e-08	6.73753e-08	1.23141e-07	2.06422e-07	3.18572e-07	4.54262e-07	6.00442e-07	7.38965e-07	8.61559e-07	1.06113e-06	2.13765e-06	9.33038e-06	5.25807e-05	0.000281402	0.00133944	0.00557104	0.020012	0.0613601	0.158656	0.34219	0.612395	0.917949	1.19407	1.42563	1.61652	1.72814	1.74734	1.70264	1.58364	1.40127	1.17978	0.935505	0.687755	0.452306	0.238675	0.0568784	-0.090836	-0.194985	-0.258931	-0.283221	-0.267543	-0.211595	-0.115088	0.0244522	0.199733	0.407823	0.639525	0.886422	1.13305	1.36403	
1.72935	1.83408	1.93633	2.03569	2.10743	2.1464	2.1308	2.04347	1.92326	1.82913	1.78406	1.77069	1.76198	1.74081	1.70462	1.65923	1.61287	1.57037	1.53604	1.51545	1.51106	1.52159	1.54813	1.58662	1.63131	1.67758	1.71935	1.74574	1.74749	1.71582	1.64647	1.53694	1.38958	1.2108	1.00194	0.762763	0.513927	0.297698	0.146248	0.0608224	0.0215187	0.00652765	0.00171276	0.000392117	7.89707e-05	1.40983e-05	2.25269e-06	3.4221e-07	9.56844e-08	1.31092e-07	2.67713e-07	5.16243e-07	9.14036e-07	1.48982e-06	2.24435e-06	3.13621e-06	4.07775e-06	4.94621e-06	5.61163e-06	5.99447e-06	6.28363e-06	8.2037e-06	2.23262e-05	0.000105256	0.000521426	0.00232986	0.00908786	0.0305135	0.0871405	0.209254	0.418834	0.698458	0.988091	1.23971	1.45527	1.63078	1.7292	1.74914	1.71066	1.61537	1.47354	1.29789	1.10603	0.91091	0.72963	0.568612	0.438144	0.339407	0.276561	0.255099	0.269469	0.323092	0.415667	0.53959	0.695521	0.872932	1.06732	1.26081	1.44415	1.60068	
1.82922	1.91466	2.01238	2.10743	2.17707	2.19198	2.13571	2.03488	1.93336	1.85786	1.80465	1.75356	1.69047	1.61112	1.52248	1.43142	1.34664	1.27149	1.21687	1.18453	1.17682	1.195	1.23593	1.29944	1.38006	1.46752	1.55847	1.64234	1.70973	1.74803	1.74672	1.69728	1.59281	1.43742	1.2474	1.02767	0.773169	0.50787	0.283061	0.132579	0.0523021	0.0175149	0.00502751	0.00124922	0.000271212	5.19035e-05	8.87614e-06	1.51025e-06	6.05245e-07	9.64908e-07	1.91885e-06	3.56868e-06	6.11275e-06	9.67639e-06	1.42148e-05	1.94503e-05	2.48688e-05	2.97882e-05	3.34936e-05	3.54058e-05	3.52773e-05	3.36449e-05	3.41539e-05	5.63151e-05	0.000196576	0.000875489	0.00366074	0.0134156	0.0422567	0.11301	0.254038	0.477267	0.753151	1.02363	1.25632	1.45803	1.62158	1.72035	1.75221	1.72947	1.66238	1.55985	1.43511	1.29863	1.16279	1.036	0.929809	0.849535	0.79856	0.777388	0.791792	0.836795	0.911394	1.01279	1.13602	1.27113	1.40874	1.53847	1.65273	1.74659	
1.86428	1.94295	2.04784	2.1464	2.19198	2.16631	2.09292	1.99718	1.89941	1.81356	1.72633	1.62485	1.50288	1.36556	1.22224	1.08302	0.957776	0.855018	0.782002	0.73898	0.727468	0.752968	0.807965	0.893202	1.0057	1.13811	1.27951	1.42143	1.55071	1.65712	1.7273	1.75219	1.72206	1.6237	1.45893	1.25576	1.02141	0.749077	0.472408	0.250005	0.110532	0.0410719	0.0129565	0.00350798	0.000823784	0.000169537	3.12428e-05	6.2357e-06	3.68769e-06	6.42498e-06	1.23576e-05	2.21244e-05	3.66072e-05	5.62055e-05	8.04242e-05	0.00010766	0.000135267	0.000159935	0.000178304	0.000187674	0.000186628	0.000175459	0.000156795	0.000139108	0.000156353	0.000357705	0.00134631	0.00521515	0.0179733	0.0533236	0.134402	0.285463	0.509921	0.773831	1.02675	1.24519	1.43378	1.58822	1.69343	1.74503	1.74938	1.71478	1.65134	1.57192	1.48593	1.40238	1.32615	1.26713	1.22995	1.21451	1.22477	1.25816	1.31267	1.38631	1.46868	1.55538	1.63776	1.71014	1.76599	1.81166	
1.83113	1.93269	2.05334	2.1308	2.13571	2.09292	2.01839	1.91641	1.81423	1.70453	1.56607	1.39971	1.20742	1.00735	0.809145	0.629947	0.474503	0.352625	0.26259	0.212678	0.201327	0.227504	0.295057	0.398062	0.53283	0.699568	0.886454	1.08759	1.28485	1.46545	1.61141	1.70938	1.74892	1.72964	1.63045	1.45342	1.2364	0.982599	0.691099	0.411756	0.204278	0.0844713	0.029378	0.00869255	0.0022138	0.000491462	9.87456e-05	2.48022e-05	2.12208e-05	3.83923e-05	7.10396e-05	0.000122189	0.00019497	0.000289921	0.000403579	0.000527997	0.000651379	0.000759783	0.000839557	0.000879965	0.000875374	0.000826458	0.00074023	0.00062967	0.000517304	0.000461334	0.000673419	0.00193568	0.0067728	0.0219126	0.0614757	0.147047	0.298061	0.512954	0.759995	0.997748	1.20556	1.38323	1.52989	1.63987	1.7109	1.74532	1.74701	1.72444	1.68739	1.64569	1.60449	1.56926	1.54561	1.53701	1.54267	1.56358	1.59675	1.6372	1.67944	1.71884	1.74808	1.76245	1.76617	1.77988	
1.76738	1.89504	2.00296	2.04347	2.03488	1.99718	1.91641	1.81422	1.69482	1.52233	1.31303	1.07277	0.820278	0.570148	0.337167	0.13067	-0.0427811	-0.17863	-0.272352	-0.324491	-0.33549	-0.307679	-0.239042	-0.129944	0.0225311	0.208969	0.427346	0.668398	0.920867	1.16995	1.39532	1.58153	1.70239	1.74749	1.72755	1.61366	1.42112	1.18777	0.90892	0.602217	0.333845	0.153543	0.0589239	0.0190786	0.00527773	0.00126824	0.000284031	9.7835e-05	0.000112756	0.000204174	0.000361855	0.000596637	0.00091638	0.0013176	0.00178187	0.00227572	0.00275417	0.00316704	0.00346704	0.00361787	0.00360075	0.00341784	0.00309185	0.00266222	0.00217964	0.00170581	0.00134234	0.00136838	0.00270226	0.00809644	0.0243856	0.0648767	0.148275	0.289626	0.486025	0.711958	0.934713	1.13415	1.30472	1.44576	1.55708	1.63999	1.69602	1.72748	1.73939	1.73859	1.73182	1.72276	1.7151	1.7122	1.71414	1.72092	1.73006	1.73765	1.74064	1.73355	1.71316	1.68371	1.66399	1.68434	
1.66981	1.80174	1.88816	1.92326	1.93336	1.89941	1.81423	1.69482	1.50519	1.26237	0.989877	0.688139	0.389428	0.100206	-0.15631	-0.376226	-0.551763	-0.680228	-0.768763	-0.818997	-0.830525	-0.803142	-0.739489	-0.634533	-0.48717	-0.294257	-0.0573008	0.212542	0.508469	0.809343	1.10219	1.35768	1.57437	1.70431	1.75025	1.71412	1.5727	1.3625	1.10567	0.799289	0.490139	0.24956	0.105465	0.0373387	0.0112229	0.00293513	0.00076367	0.000386237	0.000541699	0.000957898	0.0016197	0.00255398	0.0037681	0.00522945	0.00686015	0.0085423	0.0101316	0.0114766	0.0124404	0.0129211	0.0128667	0.0122831	0.0112331	0.00982736	0.00820773	0.0065288	0.004946	0.00363943	0.00295602	0.0038699	0.00908351	0.0248873	0.0627602	0.137838	0.261641	0.432249	0.631757	0.835762	1.02544	1.19123	1.32996	1.44229	1.53077	1.59764	1.64525	1.67676	1.69662	1.70836	1.71432	1.71622	1.715	1.70997	1.69967	1.68194	1.65406	1.61376	1.56431	1.51948	1.50647	1.5554	
1.5284	1.66907	1.76451	1.82913	1.85786	1.81356	1.70453	1.52233	1.26237	0.963805	0.617628	0.270785	-0.0675901	-0.367124	-0.627264	-0.830146	-0.98993	-1.10047	-1.17135	-1.20877	-1.21655	-1.2007	-1.14851	-1.05968	-0.932162	-0.754436	-0.528021	-0.253054	0.0665396	0.407199	0.760298	1.08692	1.36798	1.59191	1.71567	1.75203	1.68017	1.50701	1.27443	0.984736	0.658468	0.368023	0.170413	0.065775	0.0214718	0.0061823	0.00199923	0.00149305	0.00231096	0.00392714	0.0063122	0.00949403	0.0134256	0.0179502	0.0228057	0.0276509	0.0321054	0.0357957	0.0384003	0.0396876	0.0395423	0.0379774	0.035133	0.0312612	0.0266974	0.0218209	0.0170112	0.0126133	0.00894396	0.00641717	0.00595722	0.00992197	0.0235093	0.0557353	0.118002	0.218996	0.358462	0.525483	0.703366	0.876476	1.03388	1.16984	1.28305	1.37465	1.44648	1.50056	1.53929	1.56529	1.58048	1.58596	1.58237	1.56928	1.54571	1.51019	1.46133	1.4007	1.33721	1.29249	1.29983	1.38442	
1.39203	1.56279	1.69114	1.78406	1.80465	1.72633	1.56607	1.31303	0.989877	0.617628	0.228147	-0.145339	-0.492448	-0.784722	-1.02129	-1.19741	-1.31434	-1.39015	-1.42668	-1.44574	-1.4526	-1.44072	-1.41345	-1.36471	-1.275	-1.13234	-0.935917	-0.672978	-0.360801	0.00304143	0.381221	0.772176	1.12279	1.42121	1.62831	1.7363	1.73866	1.61837	1.41468	1.14853	0.824373	0.50019	0.251902	0.105508	0.0374313	0.0121654	0.00529852	0.00542546	0.00861942	0.0139253	0.0212011	0.0303356	0.0410239	0.0527423	0.064797	0.0764005	0.0867556	0.0951361	0.100953	0.103801	0.10348	0.100015	0.0936445	0.0848157	0.0741488	0.0623903	0.0503425	0.0387845	0.0283985	0.0197357	0.0132952	0.00985019	0.0111602	0.0209675	0.0455826	0.0928486	0.168971	0.274845	0.404751	0.548418	0.694494	0.833254	0.958052	1.06551	1.15456	1.22543	1.27891	1.31625	1.33867	1.34697	1.34148	1.322	1.28793	1.23869	1.17512	1.10295	1.03818	1.01179	1.06184	1.20229	
1.31955	1.5237	1.67789	1.77069	1.75356	1.62485	1.39971	1.07277	0.688139	0.270785	-0.145339	-0.536092	-0.866321	-1.13165	-1.31539	-1.43436	-1.49368	-1.51466	-1.52021	-1.51331	-1.50849	-1.51557	-1.51996	-1.51166	-1.47445	-1.39469	-1.25115	-1.03343	-0.743221	-0.384451	0.0185662	0.439817	0.846559	1.21178	1.49847	1.67783	1.75161	1.69405	1.52693	1.2872	0.977387	0.63609	0.345362	0.156201	0.060575	0.0232636	0.0142905	0.0177943	0.0277159	0.0422463	0.0607221	0.0824471	0.106414	0.131352	0.155864	0.178557	0.198168	0.213648	0.224206	0.229322	0.228748	0.222514	0.21092	0.194541	0.174221	0.151058	0.126348	0.101495	0.077886	0.0567574	0.0390794	0.0255336	0.0167108	0.0136159	0.0183695	0.0346282	0.0670301	0.119465	0.193045	0.285146	0.390028	0.50038	0.608959	0.70983	0.798853	0.873506	0.932417	0.974995	1.00114	1.01093	1.00441	0.98161	0.942679	0.888672	0.823552	0.758464	0.717839	0.74066	0.862545	1.077	
1.32131	1.54218	1.69872	1.76198	1.69047	1.50288	1.20742	0.820278	0.389428	-0.0675901	-0.492448	-0.866321	-1.16114	-1.36982	-1.48885	-1.53316	-1.52183	-1.47919	-1.43171	-1.40459	-1.39839	-1.41135	-1.44994	-1.49805	-1.53098	-1.52437	-1.45036	-1.29789	-1.05344	-0.724907	-0.328457	0.114922	0.565501	0.982645	1.33816	1.58725	1.72759	1.73527	1.61189	1.4007	1.11172	0.767169	0.445209	0.216883	0.0935166	0.0450086	0.0377013	0.0510301	0.0758579	0.108499	0.146845	0.188881	0.232439	0.275333	0.315527	0.351267	0.381159	0.40418	0.419621	0.427031	0.426205	0.417164	0.400163	0.375703	0.344549	0.307796	0.266912	0.223716	0.180283	0.138802	0.101363	0.0696917	0.0449353	0.027654	0.0181122	0.0168154	0.0249736	0.0444379	0.076948	0.123092	0.181625	0.249475	0.322303	0.395333	0.46411	0.524958	0.575094	0.612554	0.636083	0.644992	0.639055	0.618527	0.584419	0.539483	0.490789	0.454763	0.462595	0.555971	0.759472	1.04155	
1.36929	1.58741	1.72491	1.74081	1.61112	1.36556	1.00735	0.570148	0.100206	-0.367124	-0.784722	-1.13165	-1.36982	-1.50653	-1.53829	-1.49411	-1.40677	-1.30638	-1.23035	-1.18355	-1.16932	-1.19697	-1.25781	-1.34685	-1.44455	-1.51969	-1.53592	-1.46447	-1.28718	-1.0043	-0.624526	-0.184281	0.290963	0.750193	1.16295	1.4764	1.67716	1.74687	1.67121	1.49056	1.22543	0.887954	0.547238	0.288225	0.142564	0.0889989	0.0918592	0.125123	0.174872	0.234002	0.298013	0.36332	0.426889	0.486224	0.539375	0.584954	0.622055	0.650098	0.668672	0.677518	0.676535	0.665735	0.645246	0.615359	0.57651	0.529332	0.474816	0.414461	0.350322	0.284983	0.221474	0.163024	0.112591	0.0723357	0.0432467	0.0251178	0.0170014	0.0179082	0.0272864	0.0449634	0.0706677	0.10352	0.141794	0.183011	0.224287	0.262721	0.295713	0.321141	0.337455	0.343705	0.339565	0.325426	0.302777	0.275459	0.252827	0.255252	0.317887	0.480157	0.751015	1.07635	
1.43178	1.63446	1.74032	1.70462	1.52248	1.22224	0.809145	0.337167	-0.15631	-0.627264	-1.02129	-1.31539	-1.48885	-1.53829	-1.4853	-1.35472	-1.19983	-1.05864	-0.961311	-0.924244	-0.919117	-0.932598	-0.994367	-1.10931	-1.26173	-1.41366	-1.51569	-1.5337	-1.43341	-1.21239	-0.873837	-0.445822	0.0417655	0.530563	0.986357	1.35555	1.61118	1.73687	1.70845	1.55934	1.31962	0.997316	0.65163	0.37597	0.220416	0.173419	0.197212	0.258786	0.337916	0.42357	0.509462	0.5917	0.667761	0.735949	0.795231	0.845072	0.885189	0.915286	0.935097	0.944494	0.943454	0.931979	0.910106	0.877986	0.835903	0.784147	0.723023	0.653155	0.575688	0.492433	0.405957	0.319792	0.238284	0.166003	0.106849	0.0630261	0.0344355	0.0189858	0.0137094	0.0159372	0.0238419	0.0362793	0.0523213	0.0708773	0.0905649	0.109792	0.126939	0.140541	0.149442	0.152895	0.150659	0.143158	0.132007	0.121622	0.123008	0.159492	0.268279	0.483869	0.799169	1.14341	
1.48972	1.67143	1.74198	1.65923	1.43142	1.08302	0.629947	0.13067	-0.376226	-0.830146	-1.19741	-1.43436	-1.53316	-1.49411	-1.35472	-1.15518	-0.966402	-0.832378	-0.763194	-0.73966	-0.734914	-0.744641	-0.783514	-0.878509	-1.03749	-1.23886	-1.4196	-1.52555	-1.50998	-1.35774	-1.06321	-0.65935	-0.175239	0.330849	0.821015	1.23576	1.53842	1.71368	1.72947	1.61148	1.39875	1.10006	0.765799	0.492685	0.343824	0.314447	0.363451	0.450934	0.551852	0.653601	0.750507	0.840103	0.921112	0.992762	1.05475	1.10686	1.14877	1.18001	1.20044	1.21016	1.20909	1.19724	1.17465	1.14126	1.09726	1.04315	0.9792	0.905633	0.822811	0.73155	0.633033	0.52916	0.423174	0.319863	0.225284	0.145637	0.0852956	0.0450872	0.0221919	0.0118318	0.00939089	0.0116053	0.0165855	0.0232661	0.030879	0.0386797	0.0458926	0.0517709	0.0556898	0.0572376	0.0563164	0.0533612	0.0500359	0.0512516	0.0695574	0.130854	0.273395	0.525803	0.866678	1.21435	
1.53563	1.69586	1.73408	1.61287	1.34664	0.957776	0.474503	-0.0427811	-0.551763	-0.98993	-1.31434	-1.49368	-1.52183	-1.40677	-1.19983	-0.966402	-0.77458	-0.690812	-0.677549	-0.677697	-0.678153	-0.678164	-0.680175	-0.709907	-0.841807	-1.05868	-1.28782	-1.46889	-1.52663	-1.44209	-1.19805	-0.827903	-0.350735	0.164318	0.676871	1.12634	1.46625	1.68409	1.74111	1.65449	1.47242	1.2082	0.903687	0.651899	0.520748	0.508909	0.574181	0.674695	0.785071	0.893712	0.996158	1.09052	1.17544	1.25027	1.31467	1.3682	1.41034	1.44115	1.46119	1.47079	1.46974	1.45805	1.43588	1.40283	1.35839	1.30262	1.2361	1.15921	1.0723	0.976096	0.871712	0.76003	0.642243	0.520536	0.398927	0.284045	0.184403	0.107348	0.0554713	0.0256251	0.0113149	0.00607434	0.00538405	0.0067671	0.00904529	0.01163	0.0141329	0.0162305	0.0176564	0.0182426	0.0180082	0.0174254	0.0182916	0.0261403	0.0551229	0.133449	0.299789	0.576876	0.931521	1.2754	
1.56846	1.71056	1.72301	1.57037	1.27149	0.855018	0.352625	-0.17863	-0.680228	-1.10047	-1.39015	-1.51466	-1.47919	-1.30638	-1.05864	-0.832378	-0.690812	-0.668452	-0.693631	-0.674499	-0.660056	-0.685959	-0.686689	-0.664525	-0.734358	-0.916042	-1.15853	-1.39145	-1.50868	-1.48836	-1.28921	-0.949286	-0.483639	0.0321978	0.559113	1.03837	1.40549	1.65528	1.75059	1.69922	1.55578	1.33806	1.07651	0.85303	0.735713	0.72986	0.799351	0.905189	1.02214	1.13755	1.24561	1.34317	1.42867	1.5021	1.56321	1.6122	1.64941	1.67658	1.69436	1.70256	1.70166	1.69157	1.67188	1.64278	1.60334	1.55192	1.48837	1.41251	1.32456	1.22459	1.11412	0.995132	0.869403	0.738568	0.60395	0.467807	0.335897	0.218409	0.126054	0.0637509	0.028205	0.0111986	0.00451462	0.00258282	0.00251212	0.00306553	0.00375871	0.00438145	0.00481968	0.00502526	0.00508767	0.0055416	0.00839409	0.0198608	0.0555899	0.145682	0.328767	0.622339	0.984142	1.32198	
1.58989	1.71866	1.71166	1.53604	1.21687	0.782002	0.26259	-0.272352	-0.768763	-1.17135	-1.42668	-1.52021	-1.43171	-1.23035	-0.961311	-0.763194	-0.677549	-0.693631	-0.733098	-0.672528	-0.634948	-0.706815	-0.724546	-0.675525	-0.701754	-0.826604	-1.06989	-1.32279	-1.48474	-1.50609	-1.34299	-1.02585	-0.579197	-0.0581409	0.474511	0.971919	1.36292	1.63874	1.76945	1.75973	1.66472	1.49912	1.27811	1.07339	0.959353	0.954233	1.02852	1.14177	1.26478	1.38225	1.48766	1.57854	1.65539	1.71907	1.77011	1.80981	1.84004	1.86217	1.87625	1.88203	1.88135	1.87405	1.85833	1.83464	1.80266	1.76087	1.70737	1.64113	1.5615	1.46757	1.35869	1.23638	1.10285	0.961671	0.816582	0.669688	0.521573	0.375853	0.243503	0.138577	0.0683346	0.0290928	0.0108022	0.00368519	0.00141747	0.000901329	0.000912343	0.00103736	0.00114998	0.00123366	0.00141215	0.0022836	0.00606362	0.0195553	0.0595792	0.157577	0.351905	0.656008	1.02134	1.35368	
1.60139	1.7223	1.70396	1.51545	1.18453	0.73898	0.212678	-0.324491	-0.818997	-1.20877	-1.44574	-1.51331	-1.40459	-1.18355	-0.924244	-0.73966	-0.677697	-0.674499	-0.672528	-0.62779	-0.603932	-0.650288	-0.677359	-0.671733	-0.6934	-0.796011	-1.02698	-1.27984	-1.46596	-1.50764	-1.37015	-1.0683	-0.630955	-0.11018	0.426846	0.934679	1.34333	1.64413	1.81218	1.85	1.80552	1.682	1.48462	1.28852	1.18009	1.18279	1.26339	1.37723	1.49473	1.60233	1.69548	1.77342	1.8378	1.88853	1.92792	1.95694	1.97875	1.99265	2.00042	2.0042	2.00372	1.99912	1.99039	1.97501	1.95178	1.92098	1.87937	1.82607	1.75891	1.67791	1.58089	1.46748	1.33766	1.1927	1.0368	0.876443	0.716802	0.55793	0.400813	0.256775	0.142973	0.0682943	0.0279155	0.00982389	0.00304421	0.00090871	0.000353412	0.00024892	0.000252362	0.000300851	0.000521819	0.00155423	0.00575314	0.0202917	0.0626933	0.165153	0.365765	0.675537	1.04238	1.37122	
1.60394	1.72296	1.70213	1.51106	1.17682	0.727468	0.201327	-0.33549	-0.830525	-1.21655	-1.4526	-1.50849	-1.39839	-1.16932	-0.919117	-0.734914	-0.678153	-0.660056	-0.634948	-0.603932	-0.591403	-0.616599	-0.645226	-0.666504	-0.690374	-0.793099	-1.01777	-1.26892	-1.46131	-1.50794	-1.3788	-1.07934	-0.641132	-0.122542	0.419368	0.933237	1.35414	1.68155	1.89024	1.97405	1.96697	1.86454	1.67919	1.49671	1.40142	1.40849	1.48355	1.58679	1.69199	1.78642	1.86504	1.92717	1.97392	2.00643	2.02822	2.04101	2.04781	2.05055	2.05113	2.05277	2.05258	2.05092	2.05023	2.04682	2.03906	2.02463	2.00092	1.96573	1.91599	1.85038	1.76773	1.6671	1.54928	1.41374	1.26082	1.09272	0.917596	0.74519	0.576165	0.409274	0.256772	0.138552	0.0635965	0.0248293	0.00829757	0.00240427	0.000626217	0.000169967	7.76356e-05	0.000103464	0.000331987	0.00140228	0.00570056	0.020487	0.0634494	0.166955	0.369026	0.680088	1.04724	1.37521	
1.59785	1.72128	1.7063	1.52159	1.195	0.752968	0.227504	-0.307679	-0.803142	-1.2007	-1.44072	-1.51557	-1.41135	-1.19697	-0.932598	-0.744641	-0.678164	-0.685959	-0.706815	-0.650288	-0.616599	-0.679948	-0.706081	-0.675035	-0.695202	-0.802376	-1.03848	-1.29182	-1.47084	-1.50716	-1.36425	-1.05679	-0.614392	-0.0902559	0.448935	0.967646	1.40566	1.76119	2.00531	2.1201	2.12906	2.03529	1.865	1.69833	1.60681	1.60785	1.67442	1.76725	1.8575	1.93241	1.98718	2.02416	2.04472	2.05363	2.05237	2.04668	2.03723	2.02915	2.02237	2.01803	2.01861	2.02362	2.03061	2.03911	2.04817	2.05306	2.05278	2.04159	2.01821	1.9775	1.91811	1.83626	1.73271	1.60821	1.46532	1.30536	1.12703	0.938698	0.754693	0.576165	0.400811	0.243491	0.125984	0.055095	0.0204211	0.00646518	0.00176698	0.000425217	0.000102399	7.41588e-05	0.000283076	0.00130914	0.0054467	0.0197405	0.0614853	0.16264	0.361388	0.669482	1.03589	1.36579	
1.58243	1.71607	1.71599	1.54813	1.23593	0.807965	0.295057	-0.239042	-0.739489	-1.14851	-1.41345	-1.51996	-1.44994	-1.25781	-0.994367	-0.783514	-0.680175	-0.686689	-0.724546	-0.677359	-0.645226	-0.706081	-0.716505	-0.669922	-0.710467	-0.854201	-1.10183	-1.34749	-1.4952	-1.5002	-1.32412	-1.00084	-0.545159	-0.0201338	0.524114	1.04802	1.49987	1.88151	2.14714	2.27038	2.28207	2.19757	2.03847	1.87339	1.78048	1.78088	1.83897	1.91223	1.97643	2.02238	2.04777	2.05608	2.04867	2.03074	2.00506	1.97714	1.94991	1.92535	1.90838	1.89986	1.90087	1.91115	1.92977	1.95524	1.98266	2.01059	2.03502	2.05127	2.05573	2.04415	2.01393	1.9613	1.88346	1.77925	1.64775	1.49536	1.32702	1.13855	0.938698	0.74519	0.557929	0.375848	0.218381	0.107189	0.044291	0.0154927	0.0046301	0.0011955	0.000276402	9.85182e-05	0.000252543	0.00116877	0.00492668	0.0180684	0.0569523	0.152522	0.343235	0.643956	1.00827	1.34259	
1.55643	1.70547	1.72771	1.58662	1.29944	0.893202	0.398062	-0.129944	-0.634533	-1.05968	-1.36471	-1.51166	-1.49805	-1.34685	-1.10931	-0.878509	-0.709907	-0.664525	-0.675525	-0.671733	-0.666504	-0.675035	-0.669922	-0.66949	-0.764841	-0.967771	-1.20671	-1.42481	-1.51819	-1.4766	-1.25592	-0.904464	-0.432216	0.0936552	0.643117	1.17179	1.63808	2.03442	2.29825	2.41402	2.42724	2.34601	2.181	2.01512	1.92927	1.92311	1.9607	2.00804	2.04427	2.05857	2.0513	2.02429	1.98309	1.93208	1.87761	1.82352	1.77514	1.73639	1.70962	1.69704	1.69848	1.71395	1.74328	1.78407	1.83406	1.88862	1.94282	1.99239	2.03096	2.05434	2.0567	2.03533	1.98669	1.91068	1.80582	1.66803	1.50532	1.32702	1.12703	0.917596	0.716802	0.521572	0.335887	0.184343	0.0849758	0.0329288	0.0108122	0.00303994	0.000744825	0.00019318	0.000229213	0.000982184	0.00419753	0.0156693	0.0503219	0.137427	0.315578	0.604178	0.964198	1.30471	
1.51782	1.68686	1.73771	1.63131	1.38006	1.0057	0.53283	0.0225311	-0.48717	-0.932162	-1.275	-1.47445	-1.53098	-1.44455	-1.26173	-1.03749	-0.841807	-0.734358	-0.701754	-0.6934	-0.690374	-0.695202	-0.710467	-0.764841	-0.912058	-1.12855	-1.34148	-1.49533	-1.52444	-1.41291	-1.15156	-0.763158	-0.276815	0.254669	0.807535	1.337	1.81173	2.20299	2.44529	2.54918	2.55967	2.46461	2.2888	2.12981	2.04132	2.02108	2.04107	2.06032	2.0606	2.03536	1.98778	1.92237	1.84439	1.76054	1.67532	1.59637	1.52627	1.47034	1.43201	1.41173	1.41407	1.43835	1.48019	1.53932	1.61157	1.69214	1.77773	1.86053	1.93657	1.99859	2.04172	2.05976	2.04763	2.00211	1.9225	1.81411	1.66803	1.49536	1.30536	1.09272	0.876443	0.669688	0.467804	0.284025	0.145522	0.0624479	0.0225515	0.00692015	0.00182786	0.000444195	0.000236344	0.000778521	0.00335818	0.0128362	0.042286	0.118612	0.280038	0.551367	0.903661	1.25084	
1.46396	1.65625	1.74194	1.67758	1.46752	1.13811	0.699568	0.208969	-0.294257	-0.754436	-1.13234	-1.39469	-1.52437	-1.51969	-1.41366	-1.23886	-1.05868	-0.916042	-0.826604	-0.796011	-0.793099	-0.802376	-0.854201	-0.967771	-1.12855	-1.31401	-1.46617	-1.53706	-1.48836	-1.30617	-0.990807	-0.574903	-0.0757762	0.458541	1.01067	1.53937	2.00639	2.37016	2.58178	2.67199	2.66619	2.54701	2.36569	2.20659	2.11239	2.08575	2.07719	2.05973	2.02014	1.95479	1.86555	1.75962	1.64199	1.52085	1.40372	1.29552	1.20344	1.13045	1.08189	1.05963	1.06207	1.08954	1.14331	1.22046	1.31615	1.42674	1.54473	1.66587	1.78173	1.88496	1.96922	2.02859	2.05667	2.05268	2.00785	1.9225	1.80582	1.64775	1.46532	1.26082	1.0368	0.816582	0.603949	0.398921	0.225248	0.106652	0.0423045	0.0141664	0.00405019	0.0010161	0.000322161	0.000595175	0.00251564	0.00989381	0.0336546	0.0976497	0.238834	0.487459	0.827085	1.17967	
1.3926	1.60927	1.73253	1.71935	1.55847	1.27951	0.886454	0.427346	-0.0573008	-0.528021	-0.935917	-1.25115	-1.45036	-1.53592	-1.51569	-1.4196	-1.28782	-1.15853	-1.06989	-1.02698	-1.01777	-1.03848	-1.10183	-1.20671	-1.34148	-1.46618	-1.53287	-1.51677	-1.38348	-1.13799	-0.779581	-0.334291	0.17042	0.701896	1.24875	1.76189	2.20235	2.52565	2.70321	2.7722	2.7371	2.59428	2.40682	2.24513	2.15283	2.1063	2.0668	2.0149	1.93079	1.81953	1.68514	1.53492	1.3788	1.22151	1.07211	0.938557	0.824134	0.735484	0.674956	0.643664	0.647208	0.68487	0.751086	0.845239	0.963966	1.10062	1.25228	1.41021	1.56606	1.7132	1.84411	1.94831	2.02276	2.05459	2.05268	2.00211	1.91068	1.77925	1.60821	1.41374	1.1927	0.961671	0.738568	0.520534	0.319853	0.165944	0.07203	0.0262678	0.00812743	0.00216758	0.000566009	0.000472539	0.00176288	0.00714026	0.0252374	0.0762737	0.194705	0.415262	0.735638	1.09016	
1.30154	1.54318	1.70299	1.74574	1.64234	1.42143	1.08759	0.668398	0.212542	-0.253054	-0.672978	-1.03343	-1.29789	-1.46447	-1.5337	-1.52555	-1.46889	-1.39145	-1.32279	-1.27984	-1.26892	-1.29182	-1.34749	-1.42481	-1.49533	-1.53707	-1.51679	-1.40951	-1.20422	-0.897166	-0.505438	-0.0513284	0.453144	0.974698	1.50453	1.98823	2.38762	2.66077	2.80057	2.8395	2.76988	2.60594	2.41104	2.2526	2.15749	2.0893	2.02097	1.92037	1.79382	1.6351	1.45728	1.26401	1.0665	0.874798	0.693941	0.532628	0.398604	0.294136	0.225442	0.193971	0.197403	0.236243	0.312499	0.423205	0.562628	0.728401	0.912448	1.10658	1.30296	1.49458	1.66864	1.82075	1.93925	2.02276	2.05667	2.04763	1.98669	1.88346	1.73271	1.54928	1.33766	1.10285	0.869403	0.642243	0.423171	0.238268	0.112503	0.0445065	0.0148666	0.00424372	0.00108357	0.000453632	0.00116496	0.00479847	0.0177203	0.0561577	0.150712	0.338578	0.631733	0.981728	
1.18849	1.45541	1.64854	1.74749	1.70973	1.55071	1.28485	0.920867	0.508469	0.0665396	-0.360801	-0.743221	-1.05344	-1.28718	-1.43341	-1.50998	-1.52663	-1.50868	-1.48474	-1.46596	-1.46131	-1.47084	-1.49521	-1.5182	-1.52446	-1.48841	-1.3836	-1.20441	-0.93814	-0.594703	-0.185276	0.276042	0.761159	1.2637	1.76382	2.2018	2.54766	2.76542	2.86537	2.86837	2.7639	2.58099	2.38366	2.23395	2.13181	2.04081	1.93307	1.79256	1.61756	1.41217	1.18712	0.953356	0.717566	0.491842	0.28461	0.101711	-0.0517905	-0.168786	-0.247608	-0.287682	-0.283147	-0.234758	-0.148323	-0.0239934	0.135735	0.32426	0.536663	0.763811	1.0003	1.23371	1.45432	1.6554	1.82075	1.94831	2.02859	2.05976	2.03533	1.9613	1.83626	1.6671	1.46748	1.23638	0.995132	0.76003	0.52916	0.319788	0.163002	0.0695747	0.0249898	0.00762991	0.00202189	0.000585145	0.000754646	0.00298797	0.0115656	0.0386759	0.109888	0.262064	0.519568	0.855169	
1.05203	1.34348	1.56658	1.71582	1.74803	1.65712	1.46545	1.16995	0.809343	0.407199	0.00304143	-0.384451	-0.724907	-1.0043	-1.21239	-1.35774	-1.44209	-1.48836	-1.50609	-1.50764	-1.50794	-1.50716	-1.50021	-1.47664	-1.41303	-1.30645	-1.13861	-0.898316	-0.596205	-0.226912	0.178969	0.619214	1.07971	1.55267	2.00353	2.38617	2.67118	2.83151	2.89128	2.85574	2.71929	2.52379	2.33333	2.19302	2.08023	1.96411	1.81638	1.6298	1.4077	1.15966	0.890801	0.617507	0.347394	0.0909413	-0.141987	-0.344389	-0.510101	-0.636947	-0.720162	-0.758215	-0.754054	-0.707106	-0.61492	-0.480298	-0.306737	-0.0969854	0.140269	0.400283	0.672823	0.945013	1.21137	1.45432	1.66864	1.84411	1.96922	2.04172	2.0567	2.01393	1.91811	1.76773	1.58089	1.35869	1.11412	0.871711	0.633033	0.405956	0.221469	0.101335	0.0389383	0.0126716	0.00353926	0.000916644	0.000536973	0.00172337	0.00696115	0.0246984	0.0747799	0.190724	0.405277	0.713795	
0.893243	1.20471	1.45553	1.64647	1.74672	1.7273	1.61141	1.39532	1.10219	0.760298	0.381221	0.0185662	-0.328457	-0.624526	-0.873837	-1.06321	-1.19805	-1.28921	-1.34299	-1.37015	-1.37881	-1.36427	-1.32419	-1.25614	-1.15212	-0.992128	-0.782339	-0.510511	-0.193122	0.170357	0.556294	0.973168	1.38774	1.81585	2.20801	2.52914	2.74658	2.85262	2.87476	2.8012	2.63956	2.44209	2.26819	2.13682	2.01033	1.86391	1.67506	1.44623	1.17783	0.884989	0.577747	0.267961	-0.0314051	-0.311744	-0.56381	-0.779216	-0.956564	-1.08996	-1.17713	-1.21994	-1.21513	-1.16326	-1.06708	-0.924522	-0.73892	-0.516189	-0.257577	0.0272623	0.329601	0.639536	0.945013	1.23371	1.49458	1.7132	1.88496	1.99859	2.05434	2.04415	1.9775	1.85038	1.67791	1.46757	1.22459	0.976096	0.73155	0.492433	0.284982	0.138796	0.056725	0.0195819	0.00577152	0.00149532	0.000498951	0.000937371	0.00383407	0.0144859	0.0470066	0.129086	0.296404	0.564352	
0.717813	1.03825	1.31418	1.53694	1.69728	1.75219	1.70938	1.58153	1.35768	1.08692	0.772176	0.439817	0.114922	-0.184281	-0.445822	-0.65935	-0.827903	-0.949286	-1.02585	-1.06831	-1.07937	-1.05691	-1.0012	-0.905455	-0.765564	-0.580141	-0.344547	-0.0693512	0.248044	0.582664	0.939555	1.29308	1.66498	2.03739	2.36051	2.61633	2.76587	2.82737	2.81485	2.70665	2.53233	2.34885	2.19855	2.07038	1.92695	1.74778	1.51787	1.24523	0.936746	0.604567	0.261153	-0.0793096	-0.403963	-0.703157	-0.967517	-1.19094	-1.36814	-1.50003	-1.58806	-1.62967	-1.6251	-1.57421	-1.4772	-1.33654	-1.14956	-0.917379	-0.646535	-0.3406	-0.0120936	0.329601	0.672823	1.0003	1.30296	1.56606	1.78173	1.93657	2.03096	2.05573	2.01821	1.91599	1.75891	1.5615	1.32456	1.0723	0.822811	0.575688	0.350321	0.180282	0.0778795	0.028365	0.00879285	0.00235579	0.000619509	0.000518569	0.00192345	0.00772814	0.0269956	0.0802699	0.200596	0.416861	
0.53682	0.847171	1.14291	1.38958	1.59281	1.72206	1.74892	1.70239	1.57437	1.36798	1.12279	0.846559	0.565501	0.290963	0.0417655	-0.175239	-0.350736	-0.483642	-0.579209	-0.631004	-0.641309	-0.614955	-0.546742	-0.43618	-0.285685	-0.0935956	0.138089	0.399956	0.68207	0.975481	1.27282	1.57675	1.89401	2.18755	2.45144	2.63852	2.72761	2.75751	2.71179	2.57896	2.41183	2.25659	2.12976	2.0002	1.83522	1.62083	1.35394	1.04021	0.69266	0.325623	-0.0471426	-0.412344	-0.755861	-1.06519	-1.33633	-1.55842	-1.73366	-1.86076	-1.9388	-1.9726	-1.96897	-1.92708	-1.83936	-1.70216	-1.51774	-1.28628	-1.00606	-0.689436	-0.3406	0.0272623	0.400283	0.763811	1.10658	1.41021	1.66587	1.86053	1.99239	2.05127	2.04159	1.96573	1.82607	1.64113	1.41251	1.15921	0.905633	0.653155	0.414461	0.223715	0.101494	0.0387781	0.0125822	0.00350697	0.000875394	0.000349581	0.000885346	0.00371814	0.0140129	0.0452902	0.123841	0.283114	
0.366303	0.640921	0.942476	1.2108	1.43742	1.6237	1.72964	1.74749	1.70431	1.59191	1.42121	1.21178	0.982645	0.750193	0.530563	0.330848	0.164315	0.0321824	-0.0582054	-0.11042	-0.123334	-0.0925652	-0.0261001	0.0799703	0.226659	0.407008	0.615945	0.843741	1.08087	1.32055	1.55501	1.79435	2.03168	2.2701	2.47368	2.58683	2.63835	2.64502	2.56895	2.43232	2.29513	2.17709	2.06835	1.92922	1.74051	1.49136	1.18801	0.839718	0.458505	0.0603563	-0.336783	-0.720895	-1.07471	-1.39	-1.6552	-1.86959	-2.0311	-2.14236	-2.21503	-2.25131	-2.24722	-2.20346	-2.12357	-2.00301	-1.83067	-1.60631	-1.3311	-1.00606	-0.646535	-0.257577	0.140269	0.536663	0.912448	1.25228	1.54473	1.77773	1.94282	2.03502	2.05278	2.00092	1.87937	1.70737	1.48837	1.2361	0.9792	0.723023	0.474816	0.266912	0.126348	0.0503414	0.0170055	0.00492043	0.00124159	0.000333116	0.0003926	0.00160451	0.00651357	0.0229219	0.0687788	0.173842	
0.223574	0.438532	0.718093	1.00194	1.2474	1.45893	1.63045	1.72755	1.75025	1.71567	1.62831	1.49847	1.33816	1.16295	0.986357	0.821012	0.676854	0.559036	0.474215	0.425827	0.416282	0.440703	0.504749	0.602767	0.73255	0.88516	1.05735	1.23576	1.41386	1.58177	1.74474	1.91282	2.09564	2.27821	2.40564	2.47263	2.5083	2.48967	2.39905	2.28943	2.19876	2.11464	2.01407	1.86107	1.64616	1.36593	1.02993	0.649189	0.241261	-0.181826	-0.598288	-0.994176	-1.35466	-1.66453	-1.92035	-2.11619	-2.25084	-2.33833	-2.38758	-2.40655	-2.40459	-2.38059	-2.32412	-2.22786	-2.08249	-1.87383	-1.60631	-1.28628	-0.917379	-0.516189	-0.0969854	0.32426	0.728401	1.10062	1.42674	1.69214	1.88862	2.01059	2.05306	2.02463	1.92098	1.76087	1.55192	1.30262	1.04315	0.784147	0.529332	0.307796	0.151058	0.0623901	0.02182	0.00652449	0.00168816	0.000400829	0.000196482	0.000623141	0.00269269	0.0103108	0.0339583	0.095043	
0.120078	0.26511	0.489894	0.762763	1.02767	1.25576	1.45342	1.61366	1.71412	1.75203	1.7363	1.67783	1.58725	1.4764	1.35554	1.23575	1.12626	1.03803	0.970717	0.930896	0.922801	0.942416	0.994428	1.07117	1.16832	1.2835	1.4054	1.52569	1.6377	1.73894	1.83809	1.94617	2.069	2.18362	2.26602	2.3182	2.33535	2.2994	2.22838	2.172	2.1302	2.07081	1.96871	1.79725	1.55872	1.24968	0.887173	0.478643	0.0477621	-0.394469	-0.823538	-1.22698	-1.58492	-1.88645	-2.12402	-2.29263	-2.39872	-2.45026	-2.46314	-2.46189	-2.46219	-2.46246	-2.44395	-2.38186	-2.2639	-2.08249	-1.83067	-1.51774	-1.14956	-0.73892	-0.306737	0.135735	0.562628	0.963966	1.31615	1.61157	1.83406	1.98266	2.04817	2.03906	1.95178	1.80266	1.60334	1.35839	1.09726	0.835903	0.57651	0.344549	0.174221	0.0741488	0.0266973	0.0082071	0.00217705	0.000508942	0.000140358	0.000225043	0.00098677	0.00409692	0.0147797	0.0457304	
0.0561511	0.139253	0.291345	0.513927	0.773169	1.02141	1.2364	1.42112	1.5727	1.68017	1.73866	1.75161	1.72759	1.67716	1.61117	1.53834	1.4659	1.40419	1.35867	1.33115	1.32379	1.33975	1.37454	1.42736	1.49384	1.56812	1.6395	1.70357	1.75354	1.79028	1.82271	1.86795	1.93693	2.01793	2.08518	2.11956	2.1222	2.10395	2.08803	2.09387	2.08901	2.04014	1.9312	1.74163	1.48123	1.14959	0.764043	0.335258	-0.115258	-0.570535	-1.01047	-1.41353	-1.76835	-2.05402	-2.2643	-2.40401	-2.46785	-2.47083	-2.45235	-2.44032	-2.44172	-2.45604	-2.47326	-2.46099	-2.38186	-2.22786	-2.00301	-1.70216	-1.33654	-0.924522	-0.480298	-0.0239934	0.423205	0.845239	1.22046	1.53932	1.78407	1.95524	2.03911	2.04682	1.97501	1.83464	1.64278	1.40283	1.14126	0.877986	0.615359	0.375703	0.194541	0.0848157	0.0312612	0.00982729	0.00266192	0.000628985	0.000140585	8.58274e-05	0.000321648	0.00143376	0.00564398	0.0192298	
0.0227532	0.0630085	0.148646	0.297698	0.50787	0.749077	0.982599	1.18777	1.3625	1.50701	1.61837	1.69405	1.73526	1.74685	1.7368	1.71335	1.6828	1.65087	1.62563	1.61036	1.60623	1.61547	1.63485	1.66326	1.69546	1.72407	1.74386	1.74946	1.73697	1.71153	1.68966	1.69597	1.74193	1.80736	1.85538	1.87888	1.90435	1.94363	1.99586	2.05154	2.0673	2.02122	1.90089	1.69639	1.41921	1.06827	0.667316	0.220913	-0.241078	-0.70761	-1.15268	-1.55388	-1.90343	-2.17016	-2.35459	-2.45689	-2.46928	-2.41499	-2.34076	-2.29257	-2.29851	-2.35493	-2.42885	-2.47326	-2.44395	-2.32412	-2.12357	-1.83936	-1.4772	-1.06708	-0.61492	-0.148323	0.312499	0.751086	1.14331	1.48019	1.74328	1.92977	2.03061	2.05023	1.99039	1.85833	1.67188	1.43588	1.17465	0.910106	0.645246	0.400163	0.21092	0.0936445	0.035133	0.0112331	0.00309183	0.000740283	0.00015806	4.53778e-05	9.54652e-05	0.000442063	0.00188868	0.00704856	
0.00798902	0.0245145	0.0647022	0.146248	0.283061	0.472408	0.691099	0.90892	1.10567	1.27443	1.41468	1.52693	1.61188	1.67115	1.70816	1.7283	1.73693	1.73759	1.73464	1.73198	1.7314	1.73293	1.73605	1.73794	1.73472	1.72217	1.69694	1.65486	1.59677	1.53211	1.48087	1.46608	1.49397	1.54251	1.5874	1.64129	1.7295	1.83965	1.94806	2.03302	2.05616	2.00914	1.87931	1.66403	1.37492	1.01177	0.598737	0.142569	-0.329517	-0.800402	-1.25009	-1.64935	-1.9892	-2.24719	-2.40384	-2.46841	-2.44348	-2.32503	-2.16042	-2.0478	-2.06168	-2.19268	-2.35493	-2.45604	-2.46246	-2.38059	-2.20346	-1.92708	-1.57421	-1.16326	-0.707106	-0.234758	0.236243	0.68487	1.08954	1.43835	1.71395	1.91115	2.02362	2.05092	1.99912	1.87405	1.69157	1.45805	1.19724	0.931979	0.665735	0.417164	0.222514	0.100015	0.0379774	0.0122831	0.00341784	0.000826496	0.00017586	3.67775e-05	2.84062e-05	0.00012066	0.00055462	0.00225393	
0.00243803	0.00822354	0.024064	0.0608224	0.132579	0.250005	0.411756	0.602217	0.799289	0.984736	1.14853	1.28719	1.40065	1.49034	1.55837	1.60782	1.6426	1.66596	1.68009	1.68724	1.68889	1.68501	1.67529	1.65777	1.63028	1.59029	1.53479	1.46192	1.37458	1.28337	1.20883	1.17535	1.19436	1.25388	1.33907	1.45887	1.6184	1.78463	1.92638	2.02568	2.05316	2.00284	1.86679	1.64789	1.34901	0.983188	0.559896	0.102868	-0.379024	-0.846929	-1.30354	-1.69803	-2.03171	-2.28947	-2.42215	-2.46537	-2.42394	-2.25504	-2.01453	-1.85033	-1.87044	-2.06168	-2.29851	-2.44172	-2.46219	-2.40459	-2.24722	-1.96897	-1.6251	-1.21513	-0.754054	-0.283147	0.197403	0.647208	1.06207	1.41407	1.69848	1.90087	2.01861	2.05258	2.00372	1.88135	1.70166	1.46974	1.20909	0.943454	0.676535	0.426205	0.228748	0.10348	0.0395423	0.0128667	0.00360075	0.000875384	0.000186722	3.5998e-05	1.10483e-05	2.96669e-05	0.000143419	0.000630741	
0.00064982	0.00239105	0.00768892	0.0215187	0.0523021	0.110532	0.204278	0.333845	0.490139	0.658467	0.824367	0.977354	1.11156	1.22469	1.31668	1.38873	1.44299	1.48202	1.50781	1.5218	1.52495	1.5175	1.49894	1.4681	1.42331	1.36246	1.28357	1.18677	1.07676	0.966937	0.882341	0.853853	0.899444	1.00888	1.15985	1.34597	1.558	1.7574	1.91595	2.02212	2.05221	2.0022	1.86561	1.64657	1.34657	0.980689	0.556283	0.0993673	-0.38361	-0.850951	-1.30845	-1.70213	-2.03542	-2.29344	-2.42343	-2.46486	-2.42214	-2.24771	-1.99902	-1.82954	-1.85033	-2.0478	-2.29257	-2.44032	-2.46189	-2.40655	-2.25131	-1.9726	-1.62967	-1.21994	-0.758215	-0.287682	0.193971	0.643664	1.05963	1.41173	1.69704	1.89986	2.01803	2.05277	2.0042	1.88203	1.70256	1.47079	1.21016	0.944494	0.677518	0.427031	0.229322	0.103801	0.0396876	0.0129211	0.00361787	0.000879967	0.000187692	3.55485e-05	6.97532e-06	7.03201e-06	3.28516e-05	0.000155165	
0.000152139	0.000606467	0.00212592	0.00652765	0.0175149	0.0410719	0.0844713	0.153543	0.24956	0.368019	0.50017	0.635981	0.76665	0.885799	0.989547	1.07597	1.14459	1.19592	1.2309	1.25035	1.2548	1.24441	1.21885	1.17746	1.11935	1.04383	0.951225	0.844401	0.731292	0.629039	0.566281	0.575937	0.674362	0.844357	1.05244	1.28265	1.52334	1.73923	1.90686	2.0184	2.05124	2.0065	1.87575	1.65943	1.36806	1.00382	0.588382	0.131565	-0.342808	-0.813333	-1.26442	-1.66275	-2.00078	-2.25837	-2.40935	-2.46811	-2.43855	-2.30774	-2.12446	-1.99902	-2.01453	-2.16042	-2.34076	-2.45235	-2.46314	-2.38758	-2.21503	-1.9388	-1.58806	-1.17713	-0.720162	-0.247608	0.225442	0.674956	1.08189	1.43201	1.70962	1.90838	2.02237	2.05113	2.00042	1.87625	1.69436	1.46119	1.20044	0.935097	0.668672	0.419621	0.224206	0.100953	0.0384003	0.0124404	0.00346704	0.000839557	0.000178307	3.35185e-05	5.79024e-06	2.00846e-06	6.75229e-06	3.37357e-05	
3.14777e-05	0.000135103	0.000512594	0.00171276	0.0050275	0.0129565	0.0293779	0.0589236	0.105463	0.170401	0.251835	0.345031	0.443757	0.541703	0.633445	0.714849	0.783054	0.836313	0.87375	0.894993	0.899907	0.888475	0.860742	0.816918	0.757565	0.683985	0.598831	0.507157	0.418618	0.350797	0.330807	0.388135	0.534636	0.74808	0.98979	1.24145	1.49499	1.71934	1.89243	2.01112	2.05267	2.01495	1.89488	1.68843	1.40885	1.05473	0.651281	0.202028	-0.261804	-0.729911	-1.17557	-1.57661	-1.92443	-2.18833	-2.3675	-2.46144	-2.46476	-2.39822	-2.30774	-2.24771	-2.25504	-2.32503	-2.41499	-2.47083	-2.45026	-2.33833	-2.14236	-1.86076	-1.50003	-1.08996	-0.636947	-0.168786	0.294136	0.735484	1.13045	1.47034	1.73639	1.92535	2.02915	2.05055	1.99265	1.86217	1.67658	1.44115	1.18001	0.915286	0.650098	0.40418	0.213648	0.0951361	0.0357957	0.0114766	0.00316704	0.000759783	0.000159935	2.97921e-05	4.97525e-06	9.35519e-07	1.3005e-06	6.52308e-06	
5.79016e-06	2.66112e-05	0.000108605	0.000392117	0.00124922	0.00350796	0.00869242	0.0190777	0.0373325	0.0657385	0.105315	0.155308	0.213268	0.275588	0.338209	0.397218	0.449226	0.491531	0.52218	0.539909	0.544044	0.534428	0.511421	0.475922	0.429484	0.374458	0.314249	0.253997	0.202248	0.173836	0.191801	0.281876	0.45457	0.688348	0.944242	1.20339	1.46183	1.69269	1.87179	1.99853	2.05241	2.0257	1.9218	1.73121	1.46735	1.13165	0.74231	0.309807	-0.143403	-0.600921	-1.04256	-1.44502	-1.79946	-2.08106	-2.28616	-2.4193	-2.47241	-2.46476	-2.43855	-2.42214	-2.42394	-2.44348	-2.46928	-2.46785	-2.39872	-2.25084	-2.0311	-1.73366	-1.36814	-0.956564	-0.510101	-0.0517905	0.398604	0.824134	1.20344	1.52627	1.77514	1.94991	2.03723	2.04781	1.97875	1.84004	1.64941	1.41034	1.14877	0.885189	0.622055	0.381159	0.198168	0.0867556	0.0321054	0.0101316	0.00275417	0.000651379	0.000135267	2.48693e-05	4.08199e-06	6.30681e-07	2.74754e-07	1.13238e-06	
