1.14182	0.84222	0.529249	0.264342	0.102595	0.0311529	0.00753111	0.00147943	0.000250248	7.90339e-05	0.000170928	0.000505106	0.00128585	0.00279239	0.00524499	0.00865949	0.0127583	0.0169833	0.0206141	0.0229538	0.0235242	0.0222061	0.0192743	0.0153157	0.0110606	0.00718405	0.00414024	0.00208397	0.000902218	0.000331701	0.000102651	2.66304e-05	5.79423e-06	1.06163e-06	1.64836e-07	2.18508e-08	2.49242e-09	2.46523e-10	2.12993e-11	1.61849e-12	1.08849e-13	6.51653e-15	3.49109e-16	1.68165e-17	7.31529e-19	2.88517e-20	1.03556e-21	3.50721e-23	9.84932e-24	5.78369e-23	3.20405e-22	1.49812e-21	5.87564e-21	1.91462e-20	5.12868e-20	1.12924e-19	2.10574e-19	3.70282e-19	1.31205e-18	2.37561e-17	5.98854e-16	1.40379e-14	2.97943e-13	5.6941e-12	9.74806e-11	1.48623e-09	2.00483e-08	2.37492e-07	2.44962e-06	2.17854e-05	0.00016517	0.00105365	0.0055701	0.0239849	0.0825598	0.223175	0.469305	0.77937	1.08424	1.37235	1.64006	1.85405	2.00515	2.09858	2.14336	2.15196	2.13658	2.11379	2.09024	2.07903	2.08655	2.10905	2.13286	2.14988	2.14801	2.11072	2.02878	1.88882	1.68816	1.42884	
0.84222	0.55368	0.296343	0.124878	0.0413308	0.0108782	0.0023187	0.000423687	0.000144297	0.000339151	0.00108466	0.00296951	0.00687997	0.0136733	0.0237282	0.0366137	0.0510439	0.0651047	0.076681	0.0839218	0.0856622	0.0816302	0.0724685	0.0596522	0.0451927	0.0311792	0.01932	0.0105696	0.00501362	0.00202893	0.000691988	0.000197534	4.71275e-05	9.42569e-06	1.58983e-06	2.27855e-07	2.79746e-08	2.96605e-09	2.73693e-10	2.21389e-11	1.58031e-12	1.00153e-13	5.66663e-15	2.87681e-16	1.31647e-17	5.45291e-19	2.05267e-20	7.48377e-22	3.4838e-22	2.04778e-21	1.08883e-20	4.89368e-20	1.84919e-19	5.82599e-19	1.51702e-18	3.26853e-18	5.972e-18	9.61418e-18	1.36635e-17	1.88858e-17	9.01172e-17	1.84938e-15	4.11787e-14	8.33141e-13	1.51467e-11	2.46063e-10	3.55038e-09	4.51891e-08	5.03453e-07	4.86642e-06	4.04007e-05	0.000284743	0.0016812	0.00819096	0.0323892	0.102218	0.254073	0.496887	0.784733	1.06362	1.32281	1.55968	1.75961	1.91035	2.01725	2.08248	2.12034	2.13654	2.14434	2.14915	2.14586	2.13815	2.12539	2.09193	2.0334	1.93509	1.79392	1.60282	1.37274	1.11643	
0.529249	0.296343	0.133262	0.0475612	0.0135456	0.00312275	0.000615552	0.00022588	0.000575133	0.00198479	0.00582504	0.0143338	0.0299295	0.0540254	0.086104	0.123593	0.162425	0.197912	0.225713	0.242519	0.2465	0.237266	0.215764	0.184427	0.147051	0.108204	0.0724561	0.0433688	0.0227272	0.0102211	0.00388095	0.00123119	0.00032506	7.15514e-05	1.32042e-05	2.05862e-06	2.73475e-07	3.12227e-08	3.08902e-09	2.6688e-10	2.02786e-11	1.36394e-12	8.16845e-14	4.37912e-15	2.11172e-16	9.2002e-18	3.63767e-19	1.46537e-20	1.15324e-20	6.67001e-20	3.39975e-19	1.46711e-18	5.33586e-18	1.62397e-17	4.1075e-17	8.6551e-17	1.55391e-16	2.45535e-16	3.40592e-16	4.01678e-16	4.0197e-16	5.28425e-16	5.08582e-15	1.04143e-13	2.00517e-12	3.46493e-11	5.33707e-10	7.28181e-09	8.73849e-08	9.15006e-07	8.28452e-06	6.4194e-05	0.000420763	0.00230254	0.0103698	0.0378693	0.110671	0.257069	0.478437	0.736723	0.989848	1.22151	1.42885	1.60517	1.74696	1.85547	1.93228	1.98056	2.00716	2.01591	2.01062	1.98758	1.9439	1.87353	1.77112	1.63655	1.46667	1.26529	1.03816	0.788732	
0.264342	0.124878	0.0475612	0.0145697	0.00362195	0.000769401	0.00030405	0.000836627	0.00311008	0.00977073	0.025483	0.0556693	0.103722	0.168778	0.245735	0.326924	0.403996	0.469588	0.518243	0.546728	0.553428	0.537948	0.501142	0.445215	0.374262	0.294578	0.214058	0.14104	0.0823621	0.0416076	0.017799	0.0063505	0.00187621	0.000459016	9.34673e-05	1.59667e-05	2.30913e-06	2.85358e-07	3.04034e-08	2.8162e-09	2.28525e-10	1.63587e-11	1.03954e-12	5.89767e-14	3.00261e-15	1.37823e-16	5.73412e-18	2.6781e-19	3.54444e-19	1.99282e-18	9.72396e-18	4.02404e-17	1.40705e-16	4.13287e-16	1.01454e-15	2.08902e-15	3.68278e-15	5.7126e-15	7.78682e-15	9.08938e-15	8.93392e-15	7.42558e-15	5.77558e-15	1.4481e-14	2.29654e-13	4.18065e-12	6.85752e-11	1.00029e-09	1.28894e-08	1.45658e-07	1.43179e-06	1.21305e-05	8.76718e-05	0.000534375	0.0027129	0.0113246	0.0384074	0.104964	0.231283	0.41732	0.637282	0.859612	1.06542	1.24661	1.39789	1.52022	1.61379	1.68057	1.71925	1.73217	1.72382	1.69075	1.62925	1.5413	1.4247	1.27946	1.10392	0.9027	0.682466	0.459874	
0.102595	0.0413308	0.0135456	0.00362195	0.000828657	0.000352596	0.00104657	0.00418782	0.0140861	0.0389541	0.0889551	0.17037	0.280698	0.409661	0.543884	0.670906	0.781022	0.86848	0.930345	0.966051	0.974545	0.955138	0.908878	0.836619	0.739566	0.621825	0.490532	0.35682	0.233766	0.134071	0.0654762	0.0266455	0.00892742	0.00245643	0.000557529	0.000105245	1.66881e-05	2.24553e-06	2.58943e-07	2.58244e-08	2.24604e-09	1.71648e-10	1.1605e-11	6.98371e-13	3.76147e-14	1.8223e-15	7.99685e-17	4.71169e-18	1.00447e-17	5.44391e-17	2.5392e-16	1.00628e-15	3.37859e-15	9.56712e-15	2.27725e-14	4.57802e-14	7.91867e-14	1.20566e-13	1.61557e-13	1.868e-13	1.83788e-13	1.54103e-13	1.11939e-13	7.26722e-14	6.26202e-14	4.54518e-13	7.59498e-12	1.18003e-10	1.62745e-09	1.97728e-08	2.10059e-07	1.9352e-06	1.53188e-05	0.000103142	0.000584255	0.00275308	0.0106765	0.0337957	0.0871048	0.184153	0.325817	0.497367	0.677861	0.850354	1.00307	1.12983	1.22905	1.30119	1.34582	1.36262	1.35129	1.31225	1.2456	1.15182	1.03063	0.88275	0.713484	0.533376	0.358347	0.209144	
0.0311529	0.0108782	0.00312275	0.000769401	0.000352596	0.00112749	0.00485683	0.0175175	0.0515084	0.123308	0.242918	0.403782	0.586462	0.770246	0.939815	1.08582	1.20399	1.29415	1.35713	1.39325	1.40178	1.38215	1.33523	1.26146	1.16013	1.03063	0.874482	0.697711	0.512321	0.335655	0.18944	0.0892874	0.0344555	0.0108132	0.00276845	0.000583256	0.000102233	1.50803e-05	1.89273e-06	2.04194e-07	1.91105e-08	1.56447e-09	1.12861e-10	7.22235e-12	4.12427e-13	2.11289e-14	9.81602e-16	8.31477e-17	2.60899e-16	1.35495e-15	6.03122e-15	2.28543e-14	7.35788e-14	2.00626e-13	4.62576e-13	9.07011e-13	1.53801e-12	2.29811e-12	3.02836e-12	3.46914e-12	3.41681e-12	2.8969e-12	2.1409e-12	1.39699e-12	8.02757e-13	4.34393e-13	8.93372e-13	1.2102e-11	1.77254e-10	2.30668e-09	2.63696e-08	2.62798e-07	2.26422e-06	1.67122e-05	0.000104645	0.000550283	0.00240668	0.00868511	0.0257613	0.0629991	0.128612	0.223951	0.34173	0.469829	0.595723	0.708641	0.801547	0.870543	0.914026	0.93068	0.919454	0.881188	0.817229	0.728875	0.619535	0.495463	0.366845	0.245941	0.145309	0.0735603	
0.00753111	0.0023187	0.000615552	0.00030405	0.00104657	0.00485683	0.0188334	0.0591649	0.149462	0.304791	0.512712	0.740664	0.961469	1.16087	1.33292	1.47446	1.58694	1.67099	1.72952	1.75991	1.76591	1.75062	1.7093	1.64043	1.54551	1.42117	1.26771	1.08388	0.875011	0.649137	0.424994	0.234994	0.106161	0.0386051	0.0113031	0.00268808	0.000525687	8.56507e-05	1.17732e-05	1.38104e-06	1.39681e-07	1.22936e-08	9.49213e-10	6.47642e-11	3.92998e-12	2.13336e-13	1.05662e-14	1.51717e-15	6.17704e-15	3.06061e-14	1.29775e-13	4.69408e-13	1.4469e-12	3.79393e-12	8.46348e-12	1.61684e-11	2.68521e-11	3.93676e-11	5.1036e-11	5.79363e-11	5.71212e-11	4.89569e-11	3.68117e-11	2.44895e-11	1.43462e-11	7.27742e-12	3.2098e-12	2.22949e-12	1.71351e-11	2.3314e-10	2.85539e-09	3.06377e-08	2.8569e-07	2.29595e-06	1.57612e-05	9.15743e-05	0.000446302	0.00181062	0.00608601	0.0169569	0.0394633	0.0778913	0.133147	0.201823	0.277431	0.352065	0.41818	0.46982	0.503151	0.515953	0.507375	0.477988	0.429752	0.366111	0.292607	0.216546	0.145893	0.0875583	0.045708	0.0202922	
0.00147943	0.000423687	0.00022588	0.000836627	0.00418782	0.0175175	0.0591649	0.159259	0.340314	0.58593	0.848312	1.09619	1.32175	1.51973	1.68503	1.81394	1.91027	1.97474	2.01456	2.03337	2.03633	2.02771	2.00135	1.95236	1.87572	1.76647	1.62305	1.4443	1.23395	0.999526	0.743788	0.482298	0.258126	0.110463	0.0375302	0.0102002	0.00224809	0.000407885	6.18096e-05	7.92633e-06	8.70269e-07	8.26541e-08	6.85218e-09	4.9981e-10	3.23033e-11	1.862e-12	9.98972e-14	2.84688e-14	1.32619e-13	6.24706e-13	2.5181e-12	8.67767e-12	2.55653e-11	6.43686e-11	1.38751e-10	2.57936e-10	4.19127e-10	6.02754e-10	7.69016e-10	8.65336e-10	8.54018e-10	7.39694e-10	5.65717e-10	3.83879e-10	2.30045e-10	1.20064e-10	5.38824e-11	2.07519e-11	8.16038e-12	2.24374e-11	2.69227e-10	3.09185e-09	3.1046e-08	2.70043e-07	2.01793e-06	1.28444e-05	6.9056e-05	0.000311257	0.00116999	0.00366288	0.00959215	0.0212374	0.040398	0.0673188	0.100284	0.135936	0.169983	0.19816	0.217013	0.22437	0.219449	0.202759	0.176196	0.142989	0.107294	0.0734777	0.0451488	0.0243975	0.0113616	0.00447978	
0.000250248	0.000144297	0.000575133	0.00311008	0.0140861	0.0515084	0.149462	0.340314	0.611473	0.901846	1.17405	1.43005	1.65597	1.83865	1.97071	2.05863	2.10882	2.1351	2.14261	2.14831	2.15063	2.14632	2.14046	2.1272	2.09171	2.02891	1.92294	1.77198	1.57006	1.32989	1.06782	0.786518	0.496158	0.252145	0.100677	0.0316453	0.00793938	0.00161722	0.000271958	3.8331e-05	4.58872e-06	4.72016e-07	4.21434e-08	3.29482e-09	2.2731e-10	1.39441e-11	8.4387e-13	5.2902e-13	2.56847e-12	1.14663e-11	4.3837e-11	1.43618e-10	4.03627e-10	9.7422e-10	2.02624e-09	3.66042e-09	5.81295e-09	8.19743e-09	1.02963e-08	1.14877e-08	1.13485e-08	9.92984e-09	7.72229e-09	5.34761e-09	3.28233e-09	1.76567e-09	8.22626e-10	3.29686e-10	1.1346e-10	3.50115e-11	3.06033e-11	2.73998e-10	2.93035e-09	2.7441e-08	2.21851e-07	1.53588e-06	9.03221e-06	4.47888e-05	0.000186211	0.000647369	0.00188545	0.00463371	0.00972654	0.017714	0.0284864	0.0411362	0.0540748	0.0653786	0.0732348	0.0763656	0.0742693	0.0672786	0.0565278	0.0437556	0.0309008	0.0196533	0.011074	0.00543047	0.00227885	0.000808372	
7.90339e-05	0.000339151	0.00198479	0.00977073	0.0389541	0.123308	0.304791	0.58593	0.901846	1.19949	1.4869	1.73917	1.92737	2.05577	2.12558	2.15282	2.14498	2.12256	2.09389	2.0699	2.06417	2.07786	2.10508	2.13204	2.1513	2.14645	2.10364	2.01141	1.86014	1.64481	1.37405	1.08333	0.775805	0.464072	0.218811	0.0802112	0.0230956	0.00531867	0.000998278	0.000155373	2.03586e-05	2.27537e-06	2.19373e-07	1.84238e-08	1.35936e-09	8.90003e-11	6.73628e-12	9.32116e-12	4.46277e-11	1.88232e-10	6.80772e-10	2.11524e-09	5.65869e-09	1.30688e-08	2.61832e-08	4.58951e-08	7.11407e-08	9.83336e-08	1.2163e-07	1.34596e-07	1.33089e-07	1.17602e-07	9.29782e-08	6.57463e-08	4.13897e-08	2.29834e-08	1.11358e-08	4.67139e-09	1.68955e-09	5.25851e-10	1.42213e-10	5.33533e-11	2.48381e-10	2.43045e-09	2.11378e-08	1.58189e-07	1.01035e-06	5.46724e-06	2.49124e-05	9.52375e-05	0.000305438	0.000825462	0.00189667	0.00375125	0.00648123	0.00993367	0.0136875	0.0171286	0.0196046	0.0206109	0.019936	0.0177218	0.0144234	0.0106783	0.00712307	0.00422665	0.00219717	0.000985335	0.000376521	0.000126369	
0.000170928	0.00108466	0.00582504	0.025483	0.0889551	0.242918	0.512712	0.848312	1.17405	1.4869	1.76657	1.96244	2.09603	2.15506	2.15219	2.0973	2.01437	1.92199	1.84355	1.79606	1.78513	1.8109	1.8715	1.95885	2.04983	2.12317	2.16086	2.14011	2.05074	1.89353	1.66289	1.36322	1.04733	0.711921	0.392113	0.16767	0.0556046	0.0145357	0.00305628	0.000526925	7.57679e-05	9.22069e-06	9.61684e-07	8.68906e-08	6.86534e-09	4.82442e-10	5.70944e-11	1.50753e-10	6.91517e-10	2.74675e-09	9.37007e-09	2.75359e-08	6.99488e-08	1.54249e-07	2.97136e-07	5.04486e-07	7.62223e-07	1.03213e-06	1.25749e-06	1.38062e-06	1.36637e-06	1.21889e-06	9.79574e-07	7.07807e-07	4.57711e-07	2.62823e-07	1.3268e-07	5.83858e-08	2.22683e-08	7.33401e-09	2.08087e-09	5.0922e-10	1.24128e-10	2.08012e-10	1.76294e-09	1.41639e-08	9.76616e-08	5.72767e-07	2.83888e-06	1.18372e-05	4.14566e-05	0.000122221	0.000305204	0.000651674	0.00120411	0.00195145	0.00280969	0.00363028	0.00423867	0.00449005	0.00432117	0.00377478	0.00298286	0.00211863	0.00133979	0.000745036	0.000359355	0.000148604	5.42923e-05	3.69642e-05	
0.000505106	0.00296951	0.0143338	0.0556693	0.17037	0.403782	0.740664	1.09619	1.43005	1.73917	1.96244	2.10946	2.16483	2.12916	2.02261	1.87465	1.70218	1.54116	1.40705	1.3219	1.30239	1.34867	1.45582	1.60269	1.77037	1.93859	2.07354	2.15207	2.15691	2.05862	1.88589	1.6219	1.29827	0.957062	0.598674	0.295233	0.112352	0.0333132	0.0078483	0.0014996	0.000236755	3.13871e-05	3.54261e-06	3.4446e-07	2.91575e-08	2.23781e-09	5.72461e-10	2.19215e-09	9.49285e-09	3.5382e-08	1.13465e-07	3.14386e-07	7.56245e-07	1.58848e-06	2.93586e-06	4.81872e-06	7.08543e-06	9.39268e-06	1.12731e-05	1.22832e-05	1.21668e-05	1.09537e-05	8.9483e-06	6.61273e-06	4.39993e-06	2.61775e-06	1.37987e-06	6.38543e-07	2.57551e-07	9.00641e-08	2.72003e-08	7.07545e-09	1.5837e-09	3.1721e-10	1.79333e-10	1.11867e-09	8.23276e-09	5.20262e-08	2.78714e-07	1.25898e-06	4.78143e-06	1.52734e-05	4.11942e-05	9.44594e-05	0.000185871	0.000317445	0.000476185	0.000633692	0.000753453	0.000803595	0.000769862	0.000661923	0.000509034	0.000347864	0.000209249	0.000109498	4.93238e-05	1.97227e-05	1.46834e-05	7.32563e-05	
0.00128585	0.00687997	0.0299295	0.103722	0.280698	0.586462	0.961469	1.32175	1.65597	1.92737	2.09603	2.16483	2.11386	1.98218	1.76626	1.50919	1.2447	0.998126	0.807639	0.695082	0.668813	0.730211	0.874615	1.09151	1.35118	1.61776	1.85859	2.04583	2.14539	2.15143	2.03886	1.83201	1.5254	1.1811	0.810112	0.450992	0.194717	0.0650653	0.0171053	0.00361176	0.000624694	9.00557e-05	1.09831e-05	1.14773e-06	1.04058e-07	9.29911e-09	6.53078e-09	2.82713e-08	1.1459e-07	3.99149e-07	1.19866e-06	3.12026e-06	7.08491e-06	1.41364e-05	2.50065e-05	3.959e-05	5.65535e-05	7.33294e-05	8.66947e-05	9.37682e-05	9.29562e-05	8.4442e-05	7.01323e-05	5.30612e-05	3.63955e-05	2.24866e-05	1.2407e-05	6.0547e-06	2.591e-06	9.65548e-07	3.1163e-07	8.67555e-08	2.07759e-08	4.27497e-09	7.64011e-10	1.92029e-10	6.25067e-10	4.13566e-09	2.38095e-08	1.15846e-07	4.74305e-07	1.63213e-06	4.72927e-06	1.15924e-05	2.42027e-05	4.34296e-05	6.76956e-05	9.25748e-05	0.000111896	0.000120071	0.000114565	9.71004e-05	7.28297e-05	4.80107e-05	2.75532e-05	1.36378e-05	6.01096e-06	4.91973e-06	2.65221e-05	0.000199151	
0.00279239	0.0136733	0.0540254	0.168778	0.409661	0.770246	1.16087	1.51973	1.83865	2.05577	2.15506	2.12916	1.98218	1.72305	1.39852	1.03126	0.666636	0.349526	0.0976265	-0.060091	-0.0971315	-0.0106646	0.188362	0.470202	0.811179	1.17799	1.53235	1.83912	2.052	2.15638	2.12754	1.98317	1.71859	1.37933	1.00675	0.6166	0.296905	0.110537	0.0321618	0.00745708	0.0014058	0.000219435	2.88121e-05	3.22585e-06	3.13811e-07	4.02956e-08	7.45347e-08	3.19928e-07	1.20601e-06	3.90766e-06	1.09401e-05	2.66459e-05	5.69041e-05	0.000107515	0.000181521	0.000276504	0.000382963	0.000485174	0.00056488	0.000606528	0.000601762	0.000551537	0.000465894	0.000361341	0.000256041	0.000164701	9.53901e-05	4.92489e-05	2.24433e-05	8.95008e-06	3.10101e-06	9.28294e-07	2.39133e-07	5.28883e-08	1.00383e-08	1.64188e-09	2.7016e-10	3.17605e-10	1.788e-09	9.31023e-09	4.08874e-08	1.50824e-07	4.67366e-07	1.21975e-06	2.69317e-06	5.06431e-06	8.18406e-06	1.14772e-05	1.40804e-05	1.5191e-05	1.44424e-05	1.20837e-05	8.85728e-06	5.64558e-06	3.10413e-06	1.52202e-06	1.37821e-06	8.04255e-06	6.59337e-05	0.000469023	
0.00524499	0.0237282	0.086104	0.245735	0.543884	0.939815	1.33292	1.68503	1.97071	2.12558	2.15219	2.02261	1.76626	1.39852	0.955544	0.485409	0.0322642	-0.364253	-0.66219	-0.831634	-0.870397	-0.779467	-0.557519	-0.213702	0.207558	0.672606	1.14108	1.55645	1.88376	2.09233	2.15876	2.0809	1.86904	1.54833	1.17957	0.775811	0.408463	0.166908	0.0531268	0.0134004	0.00273217	0.000458744	6.44805e-05	7.69934e-06	8.18194e-07	2.32259e-07	7.77762e-07	3.14494e-06	1.09589e-05	3.28507e-05	8.52997e-05	0.000193473	0.000386993	0.000689899	0.00110816	0.0016195	0.00217001	0.00268248	0.00307392	0.00327623	0.00325314	0.0030088	0.0025868	0.00205981	0.00151133	0.00101514	0.000619152	0.000339431	0.000165426	7.09362e-05	2.65239e-05	8.58472e-06	2.39201e-06	5.71785e-07	1.17095e-07	2.05598e-08	3.10551e-09	4.22296e-10	1.64032e-10	6.63362e-10	3.09098e-09	1.21695e-08	4.01684e-08	1.11228e-07	2.58982e-07	5.09182e-07	8.51395e-07	1.22218e-06	1.51969e-06	1.64744e-06	1.56127e-06	1.2912e-06	9.2663e-07	5.73188e-07	3.16256e-07	3.19273e-07	2.02082e-06	1.81411e-05	0.000142642	0.000948183	
0.00865949	0.0366137	0.123593	0.326924	0.670906	1.08582	1.47446	1.81394	2.05863	2.15282	2.0973	1.87465	1.50919	1.03126	0.485409	-0.0757152	-0.61212	-1.06496	-1.40683	-1.6193	-1.67203	-1.55163	-1.28424	-0.895933	-0.403877	0.145581	0.709612	1.232	1.6707	1.98215	2.13931	2.1318	1.97785	1.68573	1.32479	0.917738	0.518254	0.228627	0.0785124	0.021292	0.00464803	0.000832194	0.000124273	1.57541e-05	2.01479e-06	1.77905e-06	7.11692e-06	2.65676e-05	8.50095e-05	0.00023426	0.000560781	0.00117808	0.00219674	0.00368006	0.00560362	0.00783225	0.0101285	0.0121968	0.0137435	0.0145347	0.0144446	0.0134877	0.0118148	0.00967594	0.00737015	0.00518595	0.00334308	0.00195417	0.00102346	0.000474534	0.000192655	6.78529e-05	2.05828e-05	5.35135e-06	1.18955e-06	2.26086e-07	3.68217e-08	5.16003e-09	6.31949e-10	1.07185e-10	2.12505e-10	8.65035e-10	3.02928e-09	8.87258e-09	2.17306e-08	4.4582e-08	7.6998e-08	1.12957e-07	1.42174e-07	1.54785e-07	1.46274e-07	1.1972e-07	8.44093e-08	5.31047e-08	6.0335e-08	4.1523e-07	4.09602e-06	3.57268e-05	0.00026603	0.0016673	
0.0127583	0.0510439	0.162425	0.403996	0.781022	1.20399	1.58694	1.91027	2.10882	2.14498	2.01437	1.70218	1.2447	0.666636	0.0322642	-0.61212	-1.1966	-1.68896	-2.06624	-2.29109	-2.34404	-2.2214	-1.93051	-1.50481	-0.97508	-0.35656	0.291932	0.906947	1.44615	1.84626	2.08978	2.1508	2.04903	1.79034	1.44129	1.03637	0.616964	0.28904	0.105516	0.0303635	0.00701414	0.00132516	0.00020832	2.81576e-05	6.09278e-06	1.42605e-05	5.59216e-05	0.000190546	0.00055556	0.00139696	0.00306172	0.00592092	0.0102386	0.0160464	0.0230731	0.030743	0.038274	0.0448175	0.0495962	0.0520107	0.0517367	0.0488115	0.0436234	0.0368152	0.0291875	0.0215875	0.0147668	0.00924554	0.00523159	0.00263929	0.00117168	0.000452452	0.00015057	4.2898e-05	1.0424e-05	2.15856e-06	3.81565e-07	5.77931e-08	7.53902e-09	8.54149e-10	9.61595e-11	6.17185e-11	2.02556e-10	6.24197e-10	1.6044e-09	3.42867e-09	6.10743e-09	9.14296e-09	1.16358e-08	1.27163e-08	1.1988e-08	9.73983e-09	7.07765e-09	9.15138e-09	6.87097e-08	7.47798e-07	7.26406e-06	6.07974e-05	0.00043288	0.00258609	
0.0169833	0.0651047	0.197912	0.469588	0.86848	1.29415	1.67099	1.97474	2.1351	2.12256	1.92199	1.54116	0.998126	0.349526	-0.364253	-1.06496	-1.68896	-2.20194	-2.56054	-2.75594	-2.80033	-2.69716	-2.43639	-2.01229	-1.45195	-0.791456	-0.0743259	0.616125	1.23367	1.71121	2.02696	2.14501	2.09228	1.86521	1.52889	1.12875	0.697976	0.34186	0.130696	0.039361	0.0095011	0.0018723	0.000307084	4.6954e-05	2.88737e-05	0.000102926	0.000371563	0.00114414	0.00301242	0.0068526	0.0136438	0.0241271	0.0384804	0.0561709	0.0759901	0.0962471	0.115117	0.130868	0.142038	0.147577	0.146951	0.140222	0.128035	0.111532	0.092238	0.071922	0.0524034	0.0353032	0.0217045	0.0119961	0.00587006	0.0025072	0.000923683	0.000290958	7.79414e-05	1.77207e-05	3.42345e-06	5.63976e-07	7.96387e-08	9.69854e-09	1.02583e-09	9.77386e-11	1.96788e-11	3.95486e-11	1.05033e-10	2.33371e-10	4.28179e-10	6.53257e-10	8.39783e-10	9.20996e-10	8.68329e-10	7.35439e-10	1.09458e-09	9.00926e-09	1.08642e-07	1.18012e-06	1.11399e-05	9.034e-05	0.000621785	0.00358132	
0.0206141	0.076681	0.225713	0.518243	0.930345	1.35713	1.72952	2.01456	2.14261	2.09389	1.84355	1.40705	0.807639	0.0976265	-0.66219	-1.40683	-2.06624	-2.56054	-2.90117	-3.11497	-3.16941	-3.04628	-2.7805	-2.38383	-1.81976	-1.1135	-0.356658	0.390354	1.06539	1.60149	1.96914	2.13407	2.11652	1.9118	1.58743	1.19362	0.757106	0.382052	0.15073	0.046848	0.0116627	0.0023687	0.000405233	9.23021e-05	0.000170767	0.000633126	0.00205612	0.00565993	0.0133178	0.0271449	0.0486972	0.0782435	0.114566	0.155263	0.197202	0.23719	0.272423	0.300569	0.319814	0.329081	0.328044	0.316734	0.295596	0.265865	0.22948	0.188863	0.146913	0.106855	0.0717271	0.0437239	0.0237842	0.0113477	0.00467739	0.00164635	0.000491102	0.00012373	2.6339e-05	4.75337e-06	7.31155e-07	9.64788e-08	1.09972e-08	1.09053e-09	9.53125e-11	9.42216e-12	6.62163e-12	1.41809e-11	2.6715e-11	4.14873e-11	5.3833e-11	5.93739e-11	5.88611e-11	1.01665e-10	9.22873e-10	1.23747e-08	1.50817e-07	1.61019e-06	1.49035e-05	0.000118314	0.000795692	0.00446868	
0.0229538	0.0839218	0.242519	0.546728	0.966051	1.39325	1.75991	2.03337	2.14831	2.0699	1.79606	1.3219	0.695082	-0.060091	-0.831634	-1.6193	-2.29109	-2.75594	-3.11497	-3.38614	-3.46058	-3.29435	-2.9785	-2.59036	-2.04914	-1.30599	-0.520755	0.247121	0.968704	1.52775	1.9356	2.12114	2.12682	1.93918	1.6193	1.22959	0.791409	0.406082	0.163016	0.0515632	0.013063	0.0027055	0.000508723	0.000296278	0.000950888	0.00323823	0.00932002	0.0226551	0.0470999	0.0851976	0.136769	0.198908	0.267106	0.336423	0.40224	0.461182	0.510539	0.548425	0.573508	0.585279	0.583973	0.569554	0.541839	0.501526	0.450085	0.389538	0.322725	0.253239	0.185863	0.125504	0.0764568	0.0411614	0.0192072	0.00764808	0.00257108	0.000725758	0.00017191	3.42764e-05	5.78503e-06	8.32277e-07	1.0284e-07	1.09972e-08	1.02521e-09	8.39997e-11	6.38549e-12	1.15855e-12	1.51439e-12	2.35786e-12	3.09293e-12	3.61282e-12	7.273e-12	7.31692e-11	1.09284e-09	1.49663e-08	1.80948e-07	1.91307e-06	1.75201e-05	0.000137484	0.000912882	0.00505472	
0.0235242	0.0856622	0.2465	0.553428	0.974545	1.40178	1.76591	2.03633	2.15063	2.06417	1.78513	1.30239	0.668813	-0.0971315	-0.870397	-1.67203	-2.34404	-2.80033	-3.16941	-3.46058	-3.54152	-3.36102	-3.0257	-2.63636	-2.10469	-1.35228	-0.558113	0.210909	0.946621	1.50807	1.92815	2.11587	2.12957	1.94691	1.62645	1.23756	0.799382	0.411776	0.165953	0.0527018	0.013412	0.00283304	0.000760119	0.00130267	0.00449	0.0135201	0.0339909	0.0720171	0.130904	0.208815	0.29968	0.396194	0.492015	0.582188	0.663386	0.733744	0.791205	0.83453	0.863457	0.877534	0.875958	0.858849	0.827006	0.780822	0.720662	0.647987	0.564827	0.47321	0.376804	0.280881	0.192007	0.117496	0.0627791	0.0286632	0.0110106	0.00352789	0.0009407	0.000209307	3.9092e-05	6.17595e-06	8.32277e-07	9.64788e-08	9.69842e-09	8.51837e-10	6.58438e-11	4.54218e-12	3.49544e-13	1.35764e-13	1.6992e-13	3.99045e-13	4.45638e-12	7.41822e-11	1.14174e-09	1.56278e-08	1.88579e-07	1.98951e-06	1.81779e-05	0.000142281	0.000942025	0.00519922	
0.0222061	0.0816302	0.237266	0.537948	0.955138	1.38215	1.75062	2.02771	2.14632	2.07786	1.8109	1.34867	0.730211	-0.0106646	-0.779467	-1.55163	-2.2214	-2.69716	-3.04628	-3.29435	-3.36102	-3.21083	-2.91557	-2.52745	-1.97715	-1.24574	-0.470931	0.292543	0.998293	1.55157	1.94565	2.1258	2.12312	1.93051	1.60996	1.21871	0.780757	0.398554	0.159145	0.0500748	0.012669	0.00289647	0.00186088	0.00553146	0.0173554	0.0452924	0.0980518	0.179142	0.283535	0.400872	0.521694	0.640012	0.752291	0.85552	0.948392	1.0282	1.09369	1.143	1.17646	1.19356	1.19163	1.17101	1.1344	1.08189	1.01337	0.930836	0.83566	0.730516	0.616712	0.497593	0.376883	0.261302	0.160803	0.0851981	0.0379499	0.0140078	0.00426187	0.00107067	0.000223481	3.9092e-05	5.78503e-06	7.31155e-07	7.96386e-08	7.53866e-09	6.24966e-10	4.56937e-11	2.9682e-12	1.77654e-13	2.55555e-14	2.06401e-13	3.82398e-12	6.61655e-11	1.02488e-09	1.40978e-08	1.70977e-07	1.81341e-06	1.66635e-05	0.00013124	0.000874918	0.00486604	
0.0192743	0.0724685	0.215764	0.501142	0.908878	1.33523	1.7093	2.00135	2.14046	2.10508	1.8715	1.45582	0.874615	0.188362	-0.557519	-1.28424	-1.93051	-2.43639	-2.7805	-2.9785	-3.0257	-2.91557	-2.66041	-2.25425	-1.68624	-0.998782	-0.256041	0.471796	1.12496	1.64217	1.99036	2.13927	2.10908	1.89568	1.56731	1.17119	0.736323	0.36772	0.143498	0.0441574	0.011152	0.00362001	0.00625454	0.0198024	0.0539048	0.120025	0.22151	0.349024	0.488055	0.629177	0.769043	0.905159	1.03419	1.15197	1.25676	1.34427	1.41508	1.46828	1.50222	1.51786	1.51614	1.49689	1.45919	1.40235	1.32817	1.23711	1.12935	1.00915	0.87833	0.741186	0.600924	0.459807	0.322184	0.198641	0.103802	0.0448075	0.0157891	0.0045384	0.00107067	0.000209307	3.42764e-05	4.75337e-06	5.63976e-07	5.77931e-08	5.15903e-09	4.04286e-10	2.80061e-11	1.72619e-12	1.02239e-13	1.52085e-13	2.86617e-12	5.02073e-11	7.86405e-10	1.09442e-08	1.34379e-07	1.4442e-06	1.34614e-05	0.000107677	0.000730127	0.00413741	
0.0153157	0.0596522	0.184427	0.445215	0.836619	1.26146	1.64043	1.95236	2.1272	2.13204	1.95885	1.60269	1.09151	0.470202	-0.213702	-0.895933	-1.50481	-2.01229	-2.38383	-2.59036	-2.63636	-2.52745	-2.25425	-1.82245	-1.27243	-0.628879	0.0654756	0.725784	1.31464	1.76253	2.05274	2.1489	2.0775	1.83893	1.49747	1.0951	0.668012	0.321968	0.121068	0.0360864	0.00979493	0.007258	0.0202525	0.0575388	0.13312	0.250727	0.396649	0.553302	0.713683	0.877257	1.03946	1.19387	1.33449	1.45906	1.56514	1.65357	1.72203	1.77419	1.80809	1.82284	1.82123	1.80289	1.76525	1.70974	1.63748	1.54525	1.4356	1.30745	1.16401	1.00733	0.8445	0.681193	0.521556	0.366212	0.224184	0.114347	0.0473395	0.0157891	0.00426187	0.0009407	0.00017191	2.6339e-05	3.42345e-06	3.81565e-07	3.68216e-08	3.10317e-09	2.30148e-10	1.51246e-11	8.90214e-13	1.37152e-13	1.79766e-12	3.20105e-11	5.10711e-10	7.24756e-09	9.08568e-08	9.98329e-07	9.52891e-06	7.81929e-05	0.000545039	0.00318242	
0.0110606	0.0451927	0.147051	0.374262	0.739566	1.16013	1.54551	1.87572	2.09171	2.1513	2.04983	1.77037	1.35118	0.811179	0.207558	-0.403877	-0.97508	-1.45195	-1.81976	-2.04914	-2.10469	-1.97715	-1.68624	-1.27243	-0.758853	-0.160372	0.454507	1.03816	1.53593	1.90189	2.11146	2.14734	2.02503	1.75191	1.398	0.992054	0.579337	0.265442	0.0948701	0.0276503	0.0107362	0.0190922	0.0552519	0.134388	0.262275	0.422239	0.593947	0.773858	0.961545	1.14756	1.32153	1.48125	1.62244	1.74709	1.85077	1.93643	2.00229	2.04927	2.08078	2.09585	2.09418	2.0758	2.04122	1.99069	1.92077	1.83153	1.72372	1.59552	1.45073	1.28784	1.11112	0.92398	0.736954	0.559198	0.388983	0.233162	0.114347	0.0448075	0.0140078	0.00352789	0.000725758	0.00012373	1.77207e-05	2.15856e-06	2.26086e-07	2.05596e-08	1.63714e-09	1.15018e-10	7.17922e-12	4.45492e-13	9.41853e-13	1.6884e-11	2.77008e-10	4.04751e-09	5.23158e-08	5.93629e-07	5.86191e-06	4.9869e-05	0.000361255	0.00219828	
0.00718405	0.0311792	0.108204	0.294578	0.621825	1.03063	1.42117	1.76647	2.02891	2.14645	2.12317	1.93859	1.61776	1.17799	0.672606	0.145581	-0.35656	-0.791456	-1.1135	-1.30599	-1.35228	-1.24574	-0.998782	-0.628879	-0.160372	0.354381	0.880551	1.36373	1.76211	2.03027	2.15153	2.11543	1.93911	1.63492	1.27019	0.86355	0.475215	0.203786	0.0686351	0.0214092	0.0181627	0.0479875	0.123586	0.254551	0.424574	0.609274	0.807023	1.01616	1.22106	1.41282	1.59142	1.75271	1.89255	2.00975	2.105	2.178	2.23327	2.27252	2.29581	2.30521	2.30422	2.29242	2.26604	2.22347	2.16493	2.08779	1.98801	1.86654	1.72195	1.55716	1.37523	1.18122	0.97418	0.766047	0.571838	0.388983	0.224184	0.103802	0.0379499	0.0110106	0.00257108	0.000491102	7.79414e-05	1.0424e-05	1.18955e-06	1.17095e-07	1.00378e-08	7.55629e-10	5.03199e-11	3.0018e-12	5.42855e-13	7.30567e-12	1.24276e-10	1.88732e-09	2.5396e-08	3.00555e-07	3.102e-06	2.76489e-05	0.000210434	0.00134968	
0.00414024	0.01932	0.0724561	0.214058	0.490532	0.874482	1.26771	1.62305	1.92294	2.10364	2.16086	2.07354	1.85859	1.53235	1.14108	0.709612	0.291932	-0.0743259	-0.356658	-0.520755	-0.558113	-0.470931	-0.256041	0.0654756	0.454507	0.880551	1.30655	1.67271	1.95821	2.12705	2.15232	2.0481	1.81463	1.48429	1.11347	0.713758	0.363524	0.143733	0.0463263	0.0208942	0.0384697	0.103296	0.228635	0.403584	0.599036	0.8101	1.03709	1.2584	1.4699	1.66859	1.84644	1.99766	2.1235	2.22454	2.30163	2.36004	2.39899	2.42409	2.44081	2.44862	2.44778	2.43824	2.41984	2.39244	2.34994	2.28776	2.20643	2.10024	1.96959	1.81276	1.63046	1.42804	1.2153	0.99125	0.766047	0.559198	0.366212	0.198641	0.0851981	0.0286632	0.00764808	0.00164635	0.000290958	4.2898e-05	5.35135e-06	5.71785e-07	5.28882e-08	4.27418e-09	3.0424e-10	1.9216e-11	1.21314e-12	2.63883e-12	4.59902e-11	7.31231e-10	1.03231e-08	1.28472e-07	1.39798e-06	1.31765e-05	0.00010641	0.000726998	
0.00208397	0.0105696	0.0433688	0.14104	0.35682	0.697711	1.08388	1.4443	1.77198	2.01141	2.14011	2.15207	2.04583	1.83912	1.55645	1.232	0.906947	0.616125	0.390354	0.247121	0.210909	0.292543	0.471796	0.725784	1.03816	1.36373	1.67271	1.93581	2.098	2.16369	2.10033	1.92891	1.64589	1.30336	0.930697	0.550412	0.254453	0.0920446	0.0316859	0.0304855	0.0783294	0.188491	0.360149	0.563396	0.782727	1.02307	1.26171	1.4918	1.70967	1.90032	2.06447	2.20156	2.3068	2.38484	2.43706	2.46784	2.48572	2.49395	2.49513	2.49373	2.49396	2.49531	2.49301	2.48292	2.46294	2.42861	2.37126	2.2882	2.17652	2.03381	1.86417	1.6684	1.44602	1.2153	0.97418	0.736954	0.521556	0.322184	0.160803	0.0627791	0.0192072	0.00467739	0.000923683	0.00015057	2.05828e-05	2.39201e-06	2.39133e-07	2.07758e-08	1.58256e-09	1.06514e-10	6.41325e-12	1.09384e-12	1.40733e-11	2.35216e-10	3.50295e-09	4.61142e-08	5.32458e-07	5.34439e-06	4.61506e-05	0.000338753	
0.000902218	0.00501362	0.0227272	0.0823621	0.233766	0.512321	0.875011	1.23395	1.57006	1.86014	2.05074	2.15691	2.14539	2.052	1.88376	1.6707	1.44615	1.23367	1.06539	0.968704	0.946621	0.998293	1.12496	1.31464	1.53593	1.76211	1.95821	2.098	2.16236	2.12694	1.9842	1.75501	1.43848	1.09443	0.726505	0.386551	0.159504	0.0540757	0.0277037	0.0543629	0.141019	0.297708	0.502939	0.727682	0.974946	1.2313	1.47709	1.71329	1.9199	2.10114	2.24682	2.35507	2.43071	2.47502	2.4937	2.49542	2.48272	2.46475	2.45127	2.4442	2.44505	2.45355	2.46817	2.48593	2.4964	2.49148	2.46856	2.41805	2.33618	2.22072	2.06768	1.88067	1.6684	1.42804	1.18122	0.92398	0.681193	0.459807	0.261302	0.117496	0.0411614	0.0113477	0.0025072	0.000452452	6.78529e-05	8.58472e-06	9.28294e-07	8.67555e-08	7.07536e-09	5.0778e-10	3.23123e-11	2.0144e-12	3.65391e-12	6.2905e-11	9.91634e-10	1.38613e-08	1.7054e-07	1.83131e-06	1.69979e-05	0.000134841	
0.000331701	0.00202893	0.0102211	0.0416076	0.134071	0.335655	0.649137	0.999526	1.32989	1.64481	1.89353	2.05862	2.15143	2.15638	2.09233	1.98215	1.84626	1.71121	1.60149	1.52775	1.50807	1.55157	1.64217	1.76253	1.90189	2.03027	2.12705	2.16369	2.12694	2.00008	1.80723	1.52306	1.19992	0.86099	0.514117	0.24014	0.0880467	0.0322595	0.0361049	0.0947469	0.224033	0.419743	0.647988	0.896241	1.16521	1.42705	1.67985	1.90696	2.10478	2.26051	2.37858	2.45581	2.49078	2.49416	2.47082	2.42884	2.38135	2.33927	2.3067	2.28914	2.29118	2.31225	2.34711	2.39055	2.43813	2.47738	2.49565	2.48679	2.44373	2.35839	2.23298	2.06768	1.86417	1.63046	1.37523	1.11112	0.8445	0.600924	0.376883	0.192007	0.0764568	0.0237842	0.00587006	0.00117168	0.000192655	2.65239e-05	3.10101e-06	3.1163e-07	2.72003e-08	2.08076e-09	1.40605e-10	8.48666e-12	1.2052e-12	1.40476e-11	2.34501e-10	3.48753e-09	4.58215e-08	5.27712e-07	5.27952e-06	4.54082e-05	
0.000102651	0.000691988	0.00388095	0.017799	0.0654762	0.18944	0.424994	0.743788	1.06782	1.37405	1.66289	1.88589	2.03886	2.12754	2.15876	2.13931	2.08978	2.02696	1.96914	1.9356	1.92815	1.94565	1.99036	2.05274	2.11146	2.15153	2.15232	2.10033	1.9842	1.80723	1.55233	1.25173	0.941436	0.611692	0.317271	0.128151	0.0435504	0.0257399	0.0570366	0.150678	0.320456	0.545023	0.792583	1.06365	1.34283	1.60972	1.86045	2.07435	2.25213	2.38149	2.46056	2.49469	2.48508	2.43807	2.36239	2.2756	2.18503	2.1007	2.03674	2.00466	2.00829	2.04727	2.1164	2.20297	2.29346	2.37893	2.45029	2.48995	2.49197	2.44901	2.35839	2.22072	2.03381	1.81276	1.55716	1.28784	1.00733	0.741186	0.497593	0.280881	0.125504	0.0437239	0.0119961	0.00263929	0.000474534	7.09362e-05	8.95008e-06	9.65548e-07	9.00641e-08	7.33401e-09	5.25742e-10	3.3427e-11	2.02868e-12	2.7167e-12	4.64883e-11	7.35934e-10	1.03317e-08	1.27692e-07	1.37791e-06	1.28593e-05	
2.66304e-05	0.000197534	0.00123119	0.0063505	0.0266455	0.0892874	0.234994	0.482298	0.786518	1.08333	1.36322	1.6219	1.83201	1.98317	2.0809	2.1318	2.1508	2.14501	2.13407	2.12114	2.11587	2.1258	2.13927	2.1489	2.14734	2.11543	2.0481	1.92891	1.75501	1.52306	1.25173	0.967767	0.663475	0.372494	0.164379	0.0579396	0.0224597	0.031463	0.0891141	0.218356	0.422364	0.667649	0.933685	1.22224	1.50596	1.77455	2.01372	2.21325	2.36131	2.45854	2.49574	2.47814	2.41347	2.30707	2.17674	2.03006	1.88396	1.76114	1.67586	1.63442	1.63909	1.68962	1.78306	1.91185	2.06	2.20451	2.33049	2.43092	2.48544	2.49197	2.44373	2.33618	2.17652	1.96959	1.72195	1.45073	1.16401	0.87833	0.616712	0.376804	0.185863	0.0717271	0.0217045	0.00523159	0.00102346	0.000165426	2.24433e-05	2.591e-06	2.57551e-07	2.22683e-08	1.68955e-09	1.13359e-10	6.79094e-12	7.74921e-13	7.78286e-12	1.3081e-10	1.96102e-09	2.59897e-08	3.02215e-07	3.05688e-06	
5.79423e-06	4.71275e-05	0.00032506	0.00187621	0.00892742	0.0344555	0.106161	0.258126	0.496158	0.775805	1.04733	1.29827	1.5254	1.71859	1.86904	1.97785	2.04903	2.09228	2.11652	2.12682	2.12957	2.12312	2.10908	2.0775	2.02503	1.93911	1.81463	1.64589	1.43848	1.19992	0.941434	0.663472	0.392467	0.185934	0.0699193	0.0232818	0.0172102	0.0458872	0.129745	0.292386	0.522887	0.784096	1.06788	1.36689	1.65092	1.91692	2.14154	2.31907	2.43696	2.49184	2.48369	2.41146	2.28371	2.11486	1.913	1.69947	1.50212	1.33743	1.21795	1.15715	1.16406	1.23761	1.36728	1.53938	1.74146	1.95544	2.15183	2.31241	2.43092	2.48995	2.48679	2.41805	2.2882	2.10024	1.86654	1.59552	1.30745	1.00915	0.730516	0.47321	0.253239	0.106855	0.0353032	0.00924554	0.00195417	0.000339431	4.92489e-05	6.0547e-06	6.38543e-07	5.83858e-08	4.67139e-09	3.2968e-10	2.06708e-11	1.21339e-12	1.15904e-12	1.97068e-11	3.14984e-10	4.46894e-09	5.58866e-08	6.11219e-07	
1.06163e-06	9.42569e-06	7.15514e-05	0.000459016	0.00245643	0.0108132	0.0386051	0.110463	0.252145	0.464072	0.711921	0.957062	1.1811	1.37933	1.54833	1.68573	1.79034	1.86521	1.9118	1.93918	1.94691	1.93051	1.89568	1.83893	1.75191	1.63492	1.48429	1.30336	1.09443	0.860986	0.611679	0.372462	0.18588	0.0744787	0.0246521	0.0107084	0.0206868	0.0659576	0.175482	0.367132	0.617286	0.892212	1.19085	1.4947	1.77913	2.03595	2.24373	2.39646	2.47983	2.49222	2.43196	2.29984	2.10909	1.8646	1.58836	1.30794	1.03939	0.80225	0.625305	0.534924	0.545167	0.65446	0.845877	1.09147	1.36345	1.64456	1.91747	2.15183	2.33049	2.45029	2.49565	2.46856	2.37126	2.20643	1.98801	1.72372	1.4356	1.12935	0.83566	0.564827	0.322725	0.146913	0.0524034	0.0147668	0.00334308	0.000619152	9.53901e-05	1.2407e-05	1.37987e-06	1.3268e-07	1.11358e-08	8.22626e-10	5.38781e-11	3.15505e-12	2.9852e-13	2.54113e-12	4.31017e-11	6.53204e-10	8.76218e-09	1.03297e-07	
1.64836e-07	1.58983e-06	1.32042e-05	9.34673e-05	0.000557529	0.00276845	0.0113031	0.0375302	0.100677	0.218811	0.392113	0.598674	0.810112	1.00675	1.17957	1.32479	1.44129	1.52889	1.58743	1.6193	1.62645	1.60996	1.56731	1.49747	1.398	1.27019	1.11347	0.930693	0.726492	0.514076	0.317165	0.164141	0.0694644	0.0240118	0.00803346	0.00853309	0.0283069	0.0890898	0.22254	0.437919	0.702765	0.990073	1.29987	1.60435	1.88589	2.1323	2.32144	2.44688	2.49544	2.46401	2.34947	2.16087	1.89731	1.57771	1.22708	0.856582	0.489116	0.167262	-0.0662382	-0.18278	-0.169662	-0.0282501	0.225755	0.560512	0.93161	1.29908	1.64456	1.95544	2.20451	2.37893	2.47738	2.49148	2.42861	2.28776	2.08779	1.83153	1.54525	1.23711	0.930836	0.647987	0.389538	0.188863	0.071922	0.0215875	0.00518595	0.00101514	0.000164701	2.24866e-05	2.61775e-06	2.62823e-07	2.29834e-08	1.76567e-09	1.20064e-10	7.27493e-12	4.08918e-13	2.99423e-13	5.06239e-12	8.17386e-11	1.17278e-09	1.48531e-08	
2.18508e-08	2.27855e-07	2.05862e-06	1.59667e-05	0.000105245	0.000583256	0.00268808	0.0102002	0.0316453	0.0802112	0.16767	0.295233	0.450992	0.6166	0.775811	0.917738	1.03637	1.12875	1.19362	1.22959	1.23756	1.21871	1.17119	1.0951	0.992053	0.863548	0.71375	0.550381	0.386449	0.239858	0.127471	0.0565042	0.0206258	0.00650149	0.00361913	0.0102144	0.0375534	0.11292	0.267404	0.501405	0.777376	1.07486	1.39158	1.69618	1.97432	2.20652	2.37949	2.47567	2.49281	2.41557	2.25379	2.00257	1.6704	1.2815	0.838958	0.360125	-0.10321	-0.492391	-0.765361	-0.899035	-0.884058	-0.721422	-0.422837	-0.014771	0.456707	0.93161	1.36345	1.74146	2.06	2.29346	2.43813	2.4964	2.46294	2.34994	2.16493	1.92077	1.63748	1.32817	1.01337	0.720662	0.450085	0.22948	0.092238	0.0291875	0.00737015	0.00151133	0.000256041	3.63955e-05	4.39993e-06	4.57711e-07	4.13897e-08	3.28233e-09	2.30045e-10	1.43461e-11	8.02102e-13	6.70668e-14	5.15764e-13	8.82223e-12	1.35004e-10	1.83069e-09	
2.49242e-09	2.79746e-08	2.73475e-07	2.30913e-06	1.66881e-05	0.000102233	0.000525687	0.00224809	0.00793938	0.0230956	0.0556046	0.112352	0.194717	0.296905	0.408463	0.518254	0.616964	0.697976	0.757106	0.791409	0.799382	0.780757	0.736323	0.668011	0.579333	0.4752	0.36346	0.254232	0.158854	0.0863984	0.0399133	0.0153924	0.00498195	0.00181615	0.00315667	0.0129681	0.0468935	0.13525	0.307099	0.555045	0.839291	1.14523	1.46625	1.76802	2.04214	2.26273	2.41743	2.49099	2.47466	2.36124	2.15248	1.84313	1.45648	0.991442	0.446778	-0.128807	-0.661993	-1.09436	-1.3914	-1.53545	-1.51935	-1.34385	-1.01792	-0.56194	-0.014771	0.560512	1.09147	1.53938	1.91185	2.20297	2.39055	2.48593	2.48292	2.39244	2.22347	1.99069	1.70974	1.40235	1.08189	0.780822	0.501526	0.265865	0.111532	0.0368152	0.00967594	0.00205981	0.000361341	5.30612e-05	6.61273e-06	7.07807e-07	6.57463e-08	5.34761e-09	3.83879e-10	2.44895e-11	1.39701e-12	7.38781e-14	4.87687e-14	8.27486e-13	1.34663e-11	1.94889e-10	
2.46523e-10	2.96605e-09	3.12227e-08	2.85358e-07	2.24553e-06	1.50803e-05	8.56507e-05	0.000407885	0.00161722	0.00531867	0.0145357	0.0333132	0.0650653	0.110537	0.166908	0.228627	0.28904	0.34186	0.382052	0.406082	0.411776	0.398554	0.367719	0.321963	0.265416	0.203672	0.143315	0.0907429	0.0506187	0.0243448	0.00991084	0.00338628	0.00106105	0.000902603	0.00364111	0.0156845	0.055156	0.154124	0.339306	0.597145	0.887007	1.1987	1.52273	1.82335	2.09111	2.30251	2.4418	2.49588	2.45175	2.31075	2.05651	1.70672	1.2723	0.72819	0.0954733	-0.548385	-1.12501	-1.58328	-1.8951	-2.04575	-2.02892	-1.8453	-1.50269	-1.01792	-0.422837	0.225755	0.845877	1.36728	1.78306	2.1164	2.34711	2.46817	2.49301	2.41984	2.26604	2.04122	1.76525	1.45919	1.1344	0.827006	0.541839	0.295596	0.128035	0.0436234	0.0118148	0.0025868	0.000465894	7.01323e-05	8.9483e-06	9.79574e-07	9.29782e-08	7.72229e-09	5.65717e-10	3.68117e-11	2.1409e-12	1.12061e-13	8.80662e-15	6.81177e-14	1.17231e-12	1.80533e-11	
2.12993e-11	2.73693e-10	3.08902e-09	3.04034e-08	2.58943e-07	1.89273e-06	1.17732e-05	6.18096e-05	0.000271958	0.000998278	0.00305628	0.0078483	0.0171053	0.0321618	0.0531268	0.0785124	0.105516	0.130696	0.15073	0.163016	0.165953	0.159144	0.143491	0.12103	0.0946927	0.0679423	0.0440492	0.0253626	0.0127325	0.00547622	0.00199195	0.000623476	0.000282987	0.000835108	0.00417793	0.017816	0.0613862	0.167962	0.362216	0.626171	0.919599	1.23571	1.56027	1.85981	2.1251	2.32644	2.45823	2.49381	2.43399	2.26904	1.98175	1.60816	1.13193	0.523465	-0.169065	-0.853619	-1.45495	-1.92838	-2.24928	-2.40411	-2.38682	-2.19807	-1.8453	-1.34385	-0.721422	-0.0282501	0.65446	1.23761	1.68962	2.04727	2.31225	2.45355	2.49531	2.43824	2.29242	2.0758	1.80289	1.49689	1.17101	0.858849	0.569554	0.316734	0.140222	0.0488115	0.0134877	0.0030088	0.000551537	8.4442e-05	1.09537e-05	1.21889e-06	1.17602e-07	9.92984e-09	7.39694e-10	4.89569e-11	2.8969e-12	1.54112e-13	7.64705e-15	5.22992e-15	8.9687e-14	1.46544e-12	
1.61849e-12	2.21389e-11	2.6688e-10	2.8162e-09	2.58244e-08	2.04194e-07	1.38104e-06	7.92633e-06	3.8331e-05	0.000155373	0.000526925	0.0014996	0.00361176	0.00745708	0.0134004	0.021292	0.0303635	0.039361	0.046848	0.0515631	0.0527006	0.0500664	0.0441085	0.0358442	0.0266445	0.0179167	0.0107481	0.00566425	0.00258159	0.00100364	0.000331542	0.000110232	0.000162981	0.000879461	0.00450426	0.019027	0.0648694	0.175597	0.37459	0.641233	0.936313	1.25632	1.58099	1.87742	2.14351	2.3373	2.46686	2.49033	2.42458	2.24412	1.94012	1.55444	1.05183	0.407041	-0.3156	-1.01937	-1.63238	-2.11323	-2.43875	-2.59573	-2.5782	-2.38682	-2.02892	-1.51935	-0.884058	-0.169662	0.545167	1.16406	1.63909	2.00829	2.29118	2.44505	2.49396	2.44778	2.30422	2.09418	1.82123	1.51614	1.19163	0.875958	0.583973	0.328044	0.146951	0.0517367	0.0144446	0.00325314	0.000601762	9.29562e-05	1.21668e-05	1.36637e-06	1.33089e-07	1.13485e-08	8.54018e-10	5.71212e-11	3.41681e-12	1.83789e-13	8.94786e-15	7.08356e-16	6.08116e-15	1.04921e-13	
