-0.422118	0.0367742	0.588958	1.18728	1.76997	2.28507	2.68512	2.97013	3.1158	3.11226	2.99583	2.77942	2.46996	2.12675	1.83058	1.62244	1.49402	1.41914	1.37668	1.35506	1.34971	1.35936	1.38207	1.41622	1.45881	1.5052	1.55054	1.58955	1.61432	1.61756	1.59363	1.5398	1.45481	1.33827	1.19049	1.0109	0.801352	0.57692	0.368221	0.205198	0.0992129	0.0416228	0.0152099	0.00486884	0.00137405	0.000344104	7.69971e-05	1.56026e-05	3.1349e-06	1.12591e-06	1.29486e-06	2.10816e-06	3.35276e-06	5.02266e-06	7.18258e-06	1.04756e-05	1.92465e-05	5.71834e-05	0.000235772	0.00101232	0.00400591	0.0140697	0.0431565	0.114249	0.258268	0.49433	0.799354	1.105	1.34955	1.52183	1.61703	1.59975	1.46859	1.25191	0.949806	0.594385	0.217968	-0.156882	-0.493092	-0.790944	-1.01434	-1.17688	-1.26594	-1.30459	-1.29725	-1.27147	-1.23516	-1.19825	-1.17551	-1.16849	-1.17143	-1.19201	-1.22912	-1.26325	-1.29371	-1.30524	-1.27514	-1.19283	-1.02886	-0.78191	
0.0367742	0.568155	1.16649	1.74059	2.25818	2.67904	2.98407	3.169	3.20045	3.09253	2.8813	2.57192	2.19285	1.8213	1.52478	1.31992	1.18683	1.10258	1.04981	1.02131	1.01467	1.02887	1.0632	1.11527	1.1831	1.26297	1.34802	1.43398	1.51394	1.57856	1.61764	1.62233	1.5873	1.50988	1.3924	1.24121	1.05749	0.838634	0.59864	0.374543	0.202537	0.094329	0.0379444	0.0132614	0.00405586	0.00109363	0.000262169	5.70089e-05	1.29059e-05	5.98231e-06	7.62025e-06	1.22012e-05	1.88795e-05	2.74998e-05	3.77661e-05	4.93123e-05	6.31716e-05	8.95326e-05	0.000183463	0.000588851	0.00223252	0.00811797	0.0263566	0.0744965	0.180737	0.372433	0.648083	0.957072	1.22915	1.43429	1.57564	1.6272	1.56475	1.4138	1.18012	0.874905	0.541419	0.180351	-0.163513	-0.473143	-0.740414	-0.948742	-1.10509	-1.20716	-1.26468	-1.29077	-1.29389	-1.29161	-1.2863	-1.28085	-1.28635	-1.29071	-1.2934	-1.29277	-1.27015	-1.22116	-1.12158	-0.964981	-0.729922	-0.401518	
0.588958	1.16649	1.73097	2.23689	2.67063	2.98976	3.18961	3.24446	3.14086	2.92102	2.61022	2.21597	1.79161	1.4144	1.12719	0.925805	0.788757	0.695899	0.633969	0.599673	0.592383	0.609575	0.653365	0.720288	0.80839	0.916119	1.03752	1.16441	1.29198	1.41182	1.51502	1.58982	1.62595	1.61419	1.54677	1.42653	1.26844	1.07749	0.847251	0.593208	0.359957	0.187179	0.083387	0.031997	0.010657	0.00310721	0.000801502	0.000188746	4.97783e-05	2.99006e-05	4.07588e-05	6.38499e-05	9.60539e-05	0.000136373	0.000182966	0.000232704	0.000281983	0.0003307	0.000399848	0.000605206	0.00142983	0.00457254	0.0150627	0.0450854	0.117544	0.262092	0.494782	0.789659	1.08099	1.31711	1.49506	1.60808	1.61974	1.53523	1.37768	1.13565	0.846638	0.537011	0.205655	-0.10579	-0.3932	-0.63563	-0.834609	-0.983878	-1.09383	-1.16741	-1.21372	-1.2395	-1.25063	-1.25581	-1.25343	-1.24327	-1.21947	-1.17876	-1.10984	-1.00371	-0.85191	-0.630959	-0.328823	0.0824455	
1.18728	1.74059	2.23689	2.66668	2.99359	3.19424	3.25609	3.15911	2.93153	2.61456	2.21389	1.75399	1.30753	0.936831	0.661319	0.464197	0.325524	0.224527	0.156878	0.119021	0.110542	0.130719	0.179012	0.256609	0.360506	0.487734	0.639524	0.805871	0.98018	1.15223	1.31258	1.45036	1.55441	1.61588	1.62504	1.56663	1.44167	1.27459	1.0726	0.827289	0.560995	0.326345	0.161685	0.0684277	0.0249259	0.00788993	0.00220084	0.000568999	0.000182018	0.00013905	0.000196784	0.000300267	0.000438541	0.000606342	0.000795092	0.000991565	0.00117917	0.0013415	0.00147233	0.00161167	0.00198308	0.00345874	0.00886813	0.0258457	0.0709108	0.170673	0.351184	0.611796	0.906153	1.16998	1.37803	1.53707	1.62279	1.60825	1.51967	1.36322	1.1313	0.865709	0.579789	0.288224	0.00997946	-0.245156	-0.467358	-0.651375	-0.796316	-0.903653	-0.983469	-1.03518	-1.06545	-1.07571	-1.06801	-1.0424	-0.995347	-0.920794	-0.817309	-0.670857	-0.469873	-0.194288	0.174307	0.644674	
1.76997	2.25818	2.67063	2.99359	3.19451	3.25462	3.16377	2.9354	2.60554	2.19354	1.70721	1.20608	0.763351	0.417895	0.164452	-0.0200046	-0.15632	-0.25661	-0.322806	-0.359851	-0.369578	-0.347869	-0.301004	-0.222915	-0.114375	0.0223799	0.186364	0.376722	0.585909	0.806499	1.02491	1.22799	1.40053	1.52851	1.60552	1.62748	1.57084	1.43766	1.2601	1.04233	0.778557	0.504442	0.278123	0.130156	0.0520144	0.017937	0.00544408	0.00157744	0.000636548	0.000593882	0.000851307	0.00126047	0.00178446	0.00239979	0.00307269	0.00375642	0.00439551	0.00493308	0.00532152	0.00554368	0.00567872	0.00613199	0.00835133	0.0166427	0.0415643	0.103429	0.229808	0.43863	0.711814	0.992204	1.22903	1.41817	1.56203	1.62703	1.60263	1.51808	1.37268	1.16855	0.931451	0.676209	0.421569	0.178467	-0.0415454	-0.236065	-0.397549	-0.527932	-0.623982	-0.691546	-0.733698	-0.747674	-0.737808	-0.701832	-0.63857	-0.547261	-0.41713	-0.243327	-0.00600466	0.311688	0.731973	1.23589	
2.28507	2.67904	2.98976	3.19424	3.25462	3.16441	2.93822	2.59359	2.16352	1.66109	1.12342	0.628818	0.2232	-0.0808914	-0.307973	-0.474951	-0.599709	-0.686628	-0.745862	-0.777926	-0.786005	-0.769537	-0.725903	-0.656865	-0.558623	-0.425254	-0.261434	-0.0640577	0.159056	0.40585	0.664134	0.922848	1.1632	1.37064	1.51761	1.60284	1.62686	1.56007	1.41465	1.22381	0.984241	0.701702	0.428664	0.221719	0.0973355	0.0366756	0.0122164	0.00408493	0.00212881	0.00229808	0.00327408	0.00468828	0.00642294	0.00839021	0.0104777	0.0125453	0.0144373	0.0160009	0.0171047	0.0176602	0.0176573	0.017269	0.0171971	0.0196696	0.030709	0.0636976	0.141447	0.289534	0.515517	0.787801	1.04858	1.26374	1.4396	1.57134	1.62744	1.60632	1.53051	1.40476	1.2358	1.03672	0.822769	0.6067	0.401587	0.215013	0.0541435	-0.0804801	-0.18594	-0.26111	-0.305863	-0.324626	-0.311985	-0.271982	-0.201914	-0.0982665	0.0439127	0.235878	0.500352	0.858931	1.31199	1.81206	
2.68512	2.98407	3.18961	3.25609	3.16377	2.93822	2.58798	2.14128	1.63177	1.07128	0.536234	0.0799359	-0.272715	-0.535224	-0.726341	-0.86438	-0.96114	-1.02918	-1.07224	-1.09433	-1.09975	-1.08918	-1.05803	-1.00644	-0.927123	-0.819428	-0.673317	-0.48698	-0.26258	-0.00379065	0.277865	0.573217	0.861705	1.12982	1.36369	1.52072	1.6094	1.6219	1.53345	1.37273	1.16235	0.895595	0.600344	0.341794	0.1647	0.0679995	0.0251822	0.0100667	0.00672835	0.00795013	0.0110999	0.0153252	0.0202825	0.025699	0.0312636	0.0366252	0.0414216	0.0453154	0.0480262	0.0493589	0.049229	0.0477099	0.0451797	0.0427923	0.0437371	0.0557986	0.094628	0.183844	0.344896	0.575702	0.837606	1.07873	1.27759	1.4424	1.56593	1.62468	1.61721	1.55776	1.45641	1.32199	1.16561	0.998256	0.828633	0.666742	0.520088	0.396783	0.296261	0.222151	0.177262	0.159678	0.171393	0.211757	0.282081	0.386353	0.5297	0.733766	1.01959	1.40098	1.85048	2.30115	
2.97013	3.169	3.24446	3.15911	2.9354	2.59359	2.14128	1.62283	1.04749	0.476276	-0.0152988	-0.408451	-0.693902	-0.901441	-1.04256	-1.13912	-1.20138	-1.23647	-1.25614	-1.26479	-1.2657	-1.25958	-1.24989	-1.22572	-1.1799	-1.10758	-0.998447	-0.848963	-0.649015	-0.404497	-0.114245	0.2003	0.535353	0.847283	1.13849	1.38052	1.53782	1.62106	1.60569	1.48972	1.30962	1.07029	0.776697	0.483172	0.254927	0.115789	0.0485837	0.0239251	0.0196869	0.0242776	0.0328764	0.0436466	0.0557083	0.0683708	0.0809336	0.0926831	0.10294	0.11111	0.116721	0.119452	0.119151	0.115858	0.109854	0.101861	0.0936283	0.0893894	0.0984788	0.137918	0.230552	0.393024	0.616708	0.862263	1.08584	1.27205	1.42674	1.54516	1.61296	1.62671	1.59338	1.52188	1.42224	1.30644	1.18327	1.06017	0.942841	0.83976	0.755664	0.692416	0.652217	0.637919	0.647641	0.684015	0.74766	0.843302	0.98471	1.19431	1.49252	1.87733	2.29829	2.67815	
3.1158	3.20045	3.14086	2.93153	2.60554	2.16352	1.63177	1.04749	0.453822	-0.0601131	-0.481799	-0.790093	-1.01162	-1.15345	-1.24315	-1.28193	-1.29724	-1.29236	-1.28607	-1.28067	-1.27551	-1.28168	-1.28899	-1.29458	-1.29543	-1.27199	-1.21539	-1.11444	-0.95718	-0.747935	-0.477494	-0.165941	0.181186	0.544289	0.880212	1.1863	1.41853	1.56835	1.62731	1.5713	1.4272	1.21907	0.944075	0.635935	0.366379	0.184349	0.089643	0.0547283	0.0520836	0.0646727	0.084311	0.107381	0.131986	0.156735	0.180388	0.201817	0.220044	0.234273	0.243909	0.248559	0.248041	0.24238	0.231834	0.216962	0.198878	0.179942	0.165319	0.165413	0.197577	0.282816	0.433704	0.639147	0.863821	1.0713	1.24715	1.39309	1.50775	1.58477	1.62128	1.61936	1.58377	1.52309	1.44771	1.36621	1.28476	1.20851	1.1442	1.09528	1.06373	1.05209	1.06061	1.09082	1.14542	1.23279	1.37181	1.58624	1.89224	2.26568	2.63432	2.92487	
3.11226	3.09253	2.92102	2.61456	2.19354	1.66109	1.07128	0.476276	-0.0601131	-0.50327	-0.842202	-1.07255	-1.21933	-1.28824	-1.30543	-1.28545	-1.24756	-1.21131	-1.173	-1.15211	-1.15033	-1.16063	-1.18566	-1.22473	-1.26531	-1.29505	-1.30629	-1.26973	-1.1814	-1.01855	-0.792828	-0.492276	-0.152716	0.22497	0.602563	0.959601	1.26019	1.47482	1.60283	1.61492	1.51615	1.34169	1.0954	0.79231	0.497969	0.280421	0.160592	0.118142	0.121941	0.148751	0.185741	0.226625	0.268084	0.307963	0.344625	0.376776	0.403418	0.423809	0.437426	0.443947	0.443221	0.435268	0.420278	0.398652	0.371115	0.339019	0.305128	0.275158	0.259879	0.275996	0.34223	0.468644	0.645376	0.843921	1.03432	1.20086	1.34042	1.45252	1.53591	1.59019	1.61591	1.61532	1.59401	1.55929	1.51815	1.47548	1.43627	1.40503	1.38465	1.37685	1.38354	1.4062	1.45018	1.52827	1.66319	1.88023	2.18259	2.52227	2.81708	3.01459	
2.99583	2.8813	2.61022	2.21389	1.70721	1.12342	0.536234	-0.0152988	-0.481799	-0.842202	-1.09069	-1.24205	-1.30295	-1.29973	-1.24479	-1.16949	-1.0859	-1.0155	-0.968017	-0.938187	-0.931908	-0.948492	-0.982566	-1.04189	-1.1183	-1.20153	-1.27224	-1.30799	-1.29231	-1.20228	-1.0336	-0.781444	-0.456266	-0.076817	0.322803	0.715774	1.07411	1.35126	1.54184	1.62258	1.57801	1.442	1.23154	0.951385	0.653437	0.415388	0.278653	0.233874	0.2486	0.293401	0.350101	0.409383	0.466648	0.519419	0.566211	0.606072	0.638372	0.662685	0.678739	0.686378	0.685531	0.676207	0.658493	0.632577	0.598805	0.557819	0.510904	0.460808	0.413193	0.378341	0.371463	0.408962	0.499964	0.638344	0.80376	0.972614	1.12847	1.26364	1.37549	1.4639	1.52985	1.57439	1.5994	1.60845	1.60633	1.59759	1.58585	1.57463	1.56674	1.56398	1.56834	1.58301	1.61637	1.68617	1.8195	2.03871	2.32991	2.62712	2.85212	2.9752	
2.77942	2.57192	2.21597	1.75399	1.20608	0.628818	0.0799359	-0.408451	-0.790093	-1.07255	-1.24205	-1.31078	-1.29047	-1.2082	-1.08943	-0.967868	-0.865784	-0.792534	-0.742546	-0.715882	-0.710429	-0.724487	-0.760448	-0.818403	-0.902211	-1.01576	-1.1385	-1.24748	-1.30831	-1.29773	-1.19785	-0.999194	-0.714862	-0.355559	0.0547023	0.472405	0.873918	1.2079	1.45564	1.6015	1.61773	1.52818	1.36197	1.12169	0.84294	0.602893	0.458783	0.414064	0.437992	0.49664	0.567278	0.638192	0.704184	0.76312	0.814134	0.856841	0.891004	0.91648	0.933201	0.941133	0.940258	0.930575	0.912107	0.884893	0.849027	0.804718	0.752394	0.693015	0.628877	0.564915	0.510042	0.477211	0.480472	0.528923	0.621172	0.745321	0.884742	1.02441	1.15372	1.26656	1.36056	1.43561	1.49269	1.53362	1.56113	1.57849	1.58858	1.59385	1.59641	1.59805	1.60103	1.61052	1.63851	1.70779	1.84796	2.07382	2.35393	2.61057	2.77575	2.83487	
2.46996	2.19285	1.79161	1.30753	0.763351	0.2232	-0.272715	-0.693902	-1.01162	-1.21933	-1.30295	-1.29047	-1.18866	-1.04605	-0.888005	-0.75649	-0.663268	-0.605164	-0.577023	-0.55909	-0.553566	-0.565103	-0.585568	-0.624424	-0.694807	-0.805075	-0.950591	-1.1066	-1.23804	-1.3077	-1.28621	-1.1607	-0.921252	-0.592048	-0.190126	0.24019	0.672145	1.05532	1.35647	1.56409	1.64649	1.61448	1.5036	1.31797	1.07647	0.847592	0.69892	0.648243	0.670949	0.732147	0.806387	0.880285	0.948279	1.00849	1.06033	1.10354	1.13792	1.16346	1.18018	1.1881	1.18723	1.17756	1.15907	1.13177	1.09561	1.05067	0.99716	0.935408	0.866079	0.790864	0.713561	0.641054	0.583377	0.55191	0.555613	0.59737	0.673046	0.773467	0.887333	1.00362	1.1134	1.21082	1.29298	1.35924	1.41047	1.44854	1.47561	1.49364	1.50435	1.50954	1.51223	1.51955	1.54721	1.622	1.7731	2.00491	2.2696	2.48397	2.5937	2.59419	
2.12675	1.8213	1.4144	0.936831	0.417895	-0.0808914	-0.535224	-0.901441	-1.15345	-1.28824	-1.29973	-1.2082	-1.04605	-0.859162	-0.698193	-0.589993	-0.545874	-0.526701	-0.511298	-0.505218	-0.502703	-0.505288	-0.519348	-0.533894	-0.557054	-0.626746	-0.755892	-0.934912	-1.11542	-1.25628	-1.30918	-1.25238	-1.07445	-0.787578	-0.404222	0.0296656	0.481403	0.904679	1.25707	1.52723	1.68266	1.72008	1.67386	1.54907	1.34961	1.13245	0.973124	0.905838	0.916324	0.971546	1.04393	1.11784	1.18648	1.2473	1.29933	1.34213	1.37578	1.40058	1.41671	1.42428	1.42344	1.41417	1.39631	1.36976	1.33429	1.28962	1.23571	1.17291	1.10165	1.02258	0.93708	0.848074	0.760395	0.680965	0.618066	0.579567	0.571021	0.594492	0.647995	0.725408	0.817441	0.91387	1.00598	1.0879	1.15666	1.21146	1.25281	1.28175	1.29954	1.308	1.31101	1.31784	1.34776	1.4306	1.59328	1.82919	2.0777	2.25671	2.32722	2.29046	
1.83058	1.52478	1.12719	0.661319	0.164452	-0.307973	-0.726341	-1.04256	-1.24315	-1.30543	-1.24479	-1.08943	-0.888005	-0.698193	-0.57438	-0.523159	-0.521713	-0.51918	-0.506726	-0.505436	-0.506746	-0.504646	-0.51154	-0.521717	-0.518935	-0.535465	-0.614051	-0.769024	-0.969948	-1.16033	-1.28159	-1.29796	-1.17916	-0.936367	-0.579934	-0.15287	0.312082	0.770808	1.17405	1.51073	1.74661	1.86019	1.87734	1.8046	1.63776	1.4257	1.25112	1.16389	1.16015	1.2084	1.27811	1.35068	1.41761	1.47554	1.5235	1.56178	1.59136	1.61282	1.62653	1.63292	1.6322	1.62434	1.60912	1.58607	1.55481	1.51465	1.46456	1.40417	1.33361	1.25332	1.16398	1.06724	0.965883	0.86361	0.765031	0.67543	0.600481	0.546278	0.518941	0.522632	0.556692	0.614588	0.686014	0.760499	0.83003	0.889724	0.937219	0.971748	0.99358	1.00431	1.00862	1.01802	1.05518	1.15227	1.33301	1.58053	1.82533	1.99027	2.04906	2.00364	
1.62244	1.31992	0.925805	0.464197	-0.0200046	-0.474951	-0.86438	-1.13912	-1.28193	-1.28545	-1.16949	-0.967868	-0.75649	-0.589993	-0.523159	-0.527454	-0.541916	-0.527307	-0.490717	-0.494182	-0.502958	-0.485515	-0.505104	-0.537625	-0.53803	-0.522677	-0.53661	-0.64942	-0.836561	-1.05641	-1.22694	-1.30265	-1.24028	-1.0476	-0.720069	-0.30083	0.174857	0.6706	1.12857	1.53407	1.84964	2.03264	2.09816	2.06014	1.91595	1.70891	1.52382	1.42036	1.40231	1.4396	1.50004	1.56352	1.62055	1.66794	1.7057	1.73527	1.75775	1.77353	1.78329	1.78793	1.78739	1.7817	1.77081	1.75376	1.72993	1.6988	1.65906	1.60894	1.54737	1.47388	1.38832	1.29087	1.18337	1.06893	0.951402	0.834872	0.722809	0.618313	0.526142	0.454328	0.411803	0.402803	0.423481	0.463815	0.512403	0.560106	0.601111	0.632379	0.652923	0.664	0.671043	0.68765	0.739422	0.859853	1.06859	1.33918	1.59566	1.76612	1.83247	1.79357	
1.49402	1.18683	0.788757	0.325524	-0.15632	-0.599709	-0.96114	-1.20138	-1.29724	-1.24756	-1.0859	-0.865784	-0.663268	-0.545874	-0.521713	-0.541916	-0.517425	-0.472664	-0.452463	-0.454289	-0.457251	-0.452046	-0.458046	-0.488359	-0.533079	-0.535689	-0.520451	-0.583126	-0.734341	-0.958814	-1.1578	-1.28608	-1.27328	-1.12128	-0.821341	-0.408021	0.0792189	0.61752	1.13737	1.60711	1.98558	2.21798	2.31537	2.30316	2.18109	1.98268	1.78868	1.66534	1.62479	1.64131	1.68372	1.7311	1.77303	1.80689	1.83303	1.85292	1.86655	1.87528	1.88057	1.88304	1.88277	1.87974	1.8738	1.86424	1.84946	1.82829	1.80052	1.76407	1.71714	1.65805	1.58609	1.49991	1.39885	1.28399	1.15803	1.02549	0.891659	0.760309	0.632705	0.511237	0.404304	0.324432	0.279791	0.268407	0.280261	0.303411	0.32845	0.349702	0.364786	0.374622	0.385323	0.412215	0.482981	0.631232	0.871781	1.16934	1.44288	1.62476	1.70159	1.66786	
1.41914	1.10258	0.695899	0.224527	-0.25661	-0.686628	-1.02918	-1.23647	-1.29236	-1.21131	-1.0155	-0.792534	-0.605164	-0.526701	-0.51918	-0.527307	-0.472664	-0.420679	-0.428776	-0.426681	-0.418721	-0.430034	-0.424626	-0.431781	-0.502849	-0.526541	-0.516935	-0.546618	-0.6684	-0.882155	-1.10068	-1.2598	-1.28561	-1.16251	-0.887128	-0.468841	0.0427577	0.624248	1.20087	1.7197	2.13718	2.40196	2.52662	2.53902	2.43382	2.23532	2.02357	1.8732	1.80521	1.79816	1.82085	1.85013	1.87522	1.89345	1.90503	1.91085	1.9122	1.912	1.91186	1.911	1.91115	1.91203	1.91208	1.91212	1.91007	1.90315	1.89001	1.86928	1.8388	1.79637	1.74058	1.67086	1.5855	1.48371	1.36524	1.23122	1.08576	0.935916	0.787834	0.642367	0.499437	0.367275	0.261331	0.19254	0.159551	0.151745	0.156829	0.165807	0.174222	0.182282	0.196486	0.233371	0.321853	0.494817	0.762266	1.08146	1.36769	1.55676	1.638	1.60206	
1.37668	1.04981	0.633969	0.156878	-0.322806	-0.745862	-1.07224	-1.25614	-1.28607	-1.173	-0.968017	-0.742546	-0.577023	-0.511298	-0.506726	-0.490717	-0.452463	-0.428776	-0.455829	-0.439522	-0.419768	-0.452061	-0.444717	-0.431121	-0.470743	-0.498765	-0.50812	-0.526111	-0.632893	-0.829623	-1.05688	-1.23097	-1.28648	-1.18155	-0.909051	-0.476992	0.0684333	0.693043	1.30848	1.85394	2.29597	2.58917	2.73707	2.76063	2.6547	2.44476	2.21268	2.03709	1.94312	1.91102	1.90922	1.91414	1.91641	1.91256	1.9042	1.89205	1.88055	1.87055	1.8631	1.85891	1.85938	1.8644	1.87246	1.88273	1.89446	1.90614	1.91332	1.91479	1.90693	1.8877	1.85338	1.80305	1.7353	1.64964	1.5464	1.42529	1.28601	1.13047	0.966668	0.804349	0.645014	0.486639	0.337868	0.21684	0.135791	0.0924695	0.0750732	0.0712365	0.0732194	0.0794739	0.0961647	0.140391	0.241646	0.431852	0.717134	1.04936	1.34156	1.53223	1.61236	1.57019	
1.35506	1.02131	0.599673	0.119021	-0.359851	-0.777926	-1.09433	-1.26479	-1.28067	-1.15211	-0.938187	-0.715882	-0.55909	-0.505218	-0.505436	-0.494182	-0.454289	-0.426681	-0.439522	-0.426146	-0.413365	-0.437681	-0.433434	-0.431909	-0.473194	-0.500929	-0.504432	-0.515087	-0.609882	-0.799835	-1.02765	-1.21234	-1.27759	-1.17344	-0.888379	-0.427913	0.154164	0.80999	1.4446	2.00496	2.46835	2.78065	2.93208	2.9484	2.83326	2.61057	2.35779	2.15434	2.02885	1.96492	1.93241	1.90914	1.88546	1.85813	1.82934	1.80045	1.77483	1.75336	1.73727	1.73072	1.73139	1.73974	1.75736	1.77965	1.80604	1.83504	1.86343	1.88872	1.90709	1.91564	1.91069	1.88874	1.84739	1.78373	1.69793	1.59112	1.46564	1.32164	1.15779	0.982159	0.808197	0.637909	0.468207	0.309704	0.182974	0.099616	0.0549605	0.0358325	0.0306093	0.0345393	0.0522544	0.100547	0.208939	0.408583	0.703223	1.04164	1.33577	1.52576	1.60354	1.55606	
1.34971	1.01467	0.592383	0.110542	-0.369578	-0.786005	-1.09975	-1.2657	-1.27551	-1.15033	-0.931908	-0.710429	-0.553566	-0.502703	-0.506746	-0.502958	-0.457251	-0.418721	-0.419768	-0.413365	-0.404075	-0.41669	-0.418623	-0.427052	-0.480232	-0.507855	-0.503771	-0.512444	-0.603851	-0.794878	-1.02093	-1.20375	-1.25688	-1.13538	-0.822969	-0.322209	0.2899	0.958967	1.60305	2.17789	2.65175	2.95906	3.09802	3.10361	2.97401	2.72806	2.44528	2.20931	2.05106	1.95603	1.89302	1.84115	1.78932	1.7372	1.68461	1.63604	1.59249	1.55909	1.53617	1.52523	1.52649	1.53983	1.56493	1.60058	1.64547	1.69485	1.74738	1.7979	1.84468	1.88184	1.90716	1.91583	1.90613	1.87389	1.81647	1.73211	1.62083	1.48888	1.33892	1.1667	0.980919	0.797847	0.618531	0.440364	0.277922	0.153235	0.0749248	0.0348755	0.0192405	0.0190928	0.0360382	0.0853863	0.196051	0.398734	0.696467	1.03721	1.33257	1.52307	1.6008	1.55236	
1.35936	1.02887	0.609575	0.130719	-0.347869	-0.769537	-1.08918	-1.25958	-1.28168	-1.16063	-0.948492	-0.724487	-0.565103	-0.505288	-0.504646	-0.485515	-0.452046	-0.430034	-0.452061	-0.437681	-0.41669	-0.450106	-0.444714	-0.43166	-0.468315	-0.494141	-0.505592	-0.515853	-0.618009	-0.806638	-1.03158	-1.19826	-1.22648	-1.06744	-0.70885	-0.174485	0.458534	1.13716	1.78832	2.36729	2.82895	3.11688	3.2411	3.2245	3.06264	2.78391	2.47118	2.20555	2.01634	1.88815	1.79094	1.70592	1.62331	1.54327	1.46659	1.3979	1.34022	1.29482	1.26417	1.24862	1.2504	1.26908	1.30279	1.35096	1.41086	1.48144	1.55856	1.63792	1.71589	1.78727	1.84747	1.89107	1.9143	1.91422	1.88789	1.83484	1.752	1.63594	1.49648	1.33876	1.15681	0.962377	0.772319	0.58503	0.401123	0.240509	0.124415	0.0562528	0.0245937	0.0170362	0.0309094	0.0786025	0.187548	0.388194	0.684467	1.02565	1.32363	1.51779	1.59959	1.55627	
1.38207	1.0632	0.653365	0.179012	-0.301004	-0.725903	-1.05803	-1.24989	-1.28899	-1.18566	-0.982566	-0.760448	-0.585568	-0.519348	-0.51154	-0.505104	-0.458046	-0.424626	-0.444717	-0.433434	-0.418623	-0.444714	-0.434931	-0.429244	-0.481863	-0.510265	-0.512074	-0.533961	-0.642484	-0.84289	-1.053	-1.19478	-1.18061	-0.965589	-0.556022	0.0119868	0.656875	1.3409	1.99442	2.55943	2.99464	3.25903	3.35228	3.29526	3.0976	2.78517	2.43965	2.14082	1.91846	1.75548	1.62539	1.50805	1.39662	1.28972	1.1908	1.10255	1.02845	0.970473	0.931387	0.913945	0.915864	0.937486	0.980713	1.04215	1.11925	1.20963	1.31003	1.41689	1.52479	1.62977	1.72572	1.80817	1.87105	1.90958	1.9189	1.8956	1.84255	1.75837	1.63593	1.48877	1.32108	1.12806	0.92689	0.731044	0.536504	0.350753	0.198395	0.0964623	0.041993	0.0222045	0.0299532	0.0733034	0.177057	0.371331	0.662338	1.00276	1.30545	1.50718	1.59782	1.56592	
1.41622	1.11527	0.720288	0.256609	-0.222915	-0.656865	-1.00644	-1.22572	-1.29458	-1.22473	-1.04189	-0.818403	-0.624424	-0.533894	-0.521717	-0.537625	-0.488359	-0.431781	-0.431121	-0.431909	-0.427052	-0.43166	-0.429244	-0.446814	-0.516835	-0.534632	-0.518162	-0.558446	-0.687404	-0.899095	-1.0901	-1.18689	-1.10681	-0.82981	-0.368224	0.224533	0.880622	1.57105	2.21119	2.74651	3.15031	3.37489	3.42004	3.32371	3.08254	2.72497	2.34457	2.01621	1.76498	1.57074	1.40752	1.25794	1.11592	0.983004	0.860358	0.753818	0.665302	0.598611	0.554287	0.531557	0.534201	0.561537	0.610183	0.681393	0.77359	0.883448	1.00851	1.14224	1.28198	1.42088	1.55332	1.67314	1.77444	1.85307	1.9027	1.92129	1.89841	1.84255	1.75199	1.62078	1.46538	1.28481	1.08101	0.875241	0.673568	0.473451	0.291919	0.154743	0.0714581	0.0337423	0.0314935	0.0675953	0.162924	0.346805	0.628786	0.96701	1.27627	1.48949	1.59363	1.57942	
1.45881	1.1831	0.80839	0.360506	-0.114375	-0.558623	-0.927123	-1.1799	-1.29543	-1.26531	-1.1183	-0.902211	-0.694807	-0.557054	-0.518935	-0.53803	-0.533079	-0.502849	-0.470743	-0.473194	-0.480232	-0.468316	-0.481865	-0.516839	-0.539117	-0.529602	-0.520979	-0.600938	-0.763114	-0.973995	-1.12864	-1.16577	-1.00434	-0.659852	-0.148947	0.463094	1.13133	1.81822	2.42843	2.92785	3.28828	3.45537	3.45193	3.30551	3.00629	2.60947	2.19693	1.84173	1.56072	1.33552	1.13975	0.960818	0.792	0.635774	0.495548	0.373415	0.273577	0.196028	0.144883	0.121396	0.124021	0.152948	0.209522	0.291556	0.39587	0.522327	0.665751	0.823833	0.991395	1.16231	1.33125	1.49102	1.63373	1.75418	1.84326	1.89913	1.92129	1.8956	1.83484	1.73209	1.59101	1.42475	1.22895	1.0171	0.807799	0.599786	0.398481	0.229406	0.113932	0.0527966	0.0361032	0.0617612	0.145558	0.315182	0.584078	0.917831	1.23473	1.46293	1.58479	1.59379	
1.5052	1.26297	0.916119	0.487734	0.0223799	-0.425254	-0.819428	-1.10758	-1.27199	-1.29505	-1.20153	-1.01576	-0.805075	-0.626746	-0.535465	-0.522677	-0.535689	-0.526541	-0.498765	-0.500929	-0.507857	-0.494147	-0.51028	-0.534666	-0.529658	-0.522708	-0.558064	-0.68866	-0.874698	-1.06274	-1.1606	-1.1094	-0.869004	-0.45526	0.0971278	0.728116	1.40673	2.07262	2.6422	3.09909	3.39929	3.50177	3.44286	3.23349	2.88358	2.44253	1.99712	1.62002	1.31486	1.0633	0.839922	0.632531	0.440499	0.262943	0.105748	-0.0279946	-0.137622	-0.218815	-0.272212	-0.298604	-0.295583	-0.263657	-0.205126	-0.118212	-0.00287259	0.135782	0.296802	0.476773	0.669676	0.870354	1.07291	1.2673	1.45103	1.61063	1.74773	1.84326	1.9027	1.9189	1.88789	1.81646	1.69789	1.54618	1.36426	1.15415	0.937904	0.724128	0.511135	0.316827	0.169327	0.0806795	0.0450805	0.0569337	0.126254	0.277953	0.529322	0.855156	1.17945	1.42543	1.56869	1.60535	
1.55054	1.34802	1.03752	0.639524	0.186364	-0.261434	-0.673317	-0.998447	-1.21539	-1.30629	-1.27224	-1.1385	-0.950591	-0.755892	-0.614051	-0.53661	-0.520451	-0.516935	-0.50812	-0.504435	-0.503781	-0.505622	-0.512153	-0.518348	-0.521347	-0.558581	-0.66096	-0.823766	-1.00809	-1.14378	-1.16513	-1.02	-0.688792	-0.213691	0.3728	1.02142	1.69559	2.32662	2.85043	3.25183	3.478	3.51214	3.38937	3.11686	2.71004	2.22489	1.76206	1.3635	1.03975	0.761239	0.513934	0.283546	0.0722269	-0.118327	-0.286962	-0.427723	-0.540067	-0.626482	-0.682649	-0.70877	-0.705941	-0.674085	-0.611818	-0.519519	-0.401323	-0.255401	-0.0825466	0.112787	0.325175	0.552517	0.783906	1.01561	1.23545	1.43832	1.61063	1.75418	1.85307	1.90958	1.91422	1.87388	1.78372	1.64956	1.48333	1.28237	1.06286	0.843684	0.624077	0.412123	0.235961	0.11795	0.059678	0.0544954	0.106697	0.237177	0.466329	0.779471	1.10915	1.37456	1.54225	1.61021	
1.58955	1.43398	1.16441	0.805871	0.376722	-0.0640577	-0.48698	-0.848963	-1.11444	-1.26973	-1.30799	-1.24748	-1.1066	-0.934912	-0.769024	-0.64942	-0.583126	-0.546619	-0.526115	-0.515104	-0.512496	-0.515999	-0.534332	-0.559291	-0.602636	-0.691517	-0.827167	-0.994979	-1.13483	-1.19771	-1.11882	-0.874696	-0.467109	0.0635035	0.679533	1.33526	1.99236	2.57758	3.04519	3.37699	3.52221	3.48423	3.29189	2.95415	2.4917	1.97532	1.49177	1.08206	0.742514	0.446073	0.177773	-0.0688602	-0.29502	-0.494659	-0.667377	-0.811674	-0.924626	-1.00584	-1.05896	-1.08504	-1.08224	-1.05071	-0.991924	-0.904201	-0.785255	-0.635722	-0.456329	-0.252221	-0.0232992	0.223406	0.47939	0.741129	0.993683	1.23545	1.45103	1.63373	1.77444	1.87105	1.9143	1.90613	1.84738	1.73527	1.58536	1.39824	1.18092	0.957185	0.733333	0.510311	0.310849	0.164077	0.0806664	0.0557286	0.0886819	0.195301	0.397635	0.692049	1.02296	1.30793	1.50202	1.60328	
1.61432	1.51394	1.29198	0.98018	0.585909	0.159056	-0.26258	-0.649015	-0.95718	-1.1814	-1.29231	-1.30831	-1.23804	-1.11542	-0.969948	-0.836561	-0.734343	-0.668407	-0.632918	-0.609964	-0.604091	-0.618646	-0.64401	-0.690704	-0.769512	-0.885625	-1.0237	-1.15049	-1.22539	-1.1923	-1.01528	-0.673702	-0.190453	0.379436	1.0136	1.66534	2.28881	2.81546	3.21784	3.46951	3.5292	3.41578	3.15289	2.75093	2.23672	1.69587	1.20573	0.790566	0.436737	0.126356	-0.158176	-0.415131	-0.646925	-0.848824	-1.01826	-1.15587	-1.26249	-1.34094	-1.39002	-1.41231	-1.40999	-1.38252	-1.32736	-1.24342	-1.13132	-0.986535	-0.810876	-0.603676	-0.366584	-0.108382	0.169995	0.454907	0.741129	1.01561	1.2673	1.49102	1.67314	1.80817	1.89107	1.91583	1.88874	1.80305	1.67082	1.49971	1.28998	1.06385	0.836613	0.607177	0.390368	0.217495	0.108107	0.0615554	0.0738682	0.154953	0.326492	0.595251	0.92077	1.22335	1.4451	1.57965	
1.61756	1.57856	1.41182	1.15223	0.806499	0.40585	-0.00379065	-0.404497	-0.747935	-1.01855	-1.20228	-1.29773	-1.3077	-1.25628	-1.16033	-1.05641	-0.958824	-0.88219	-0.829743	-0.800199	-0.795876	-0.809107	-0.848408	-0.910258	-0.994433	-1.09639	-1.19257	-1.25666	-1.2419	-1.1097	-0.830154	-0.403999	0.126975	0.730775	1.36968	1.99914	2.5744	3.03349	3.36155	3.52417	3.49682	3.30735	2.97427	2.50998	1.95546	1.40322	0.910312	0.494794	0.13519	-0.18587	-0.477559	-0.740523	-0.970405	-1.16674	-1.3269	-1.45221	-1.54526	-1.60781	-1.64684	-1.66637	-1.66416	-1.64052	-1.59726	-1.52932	-1.42982	-1.29783	-1.13042	-0.927343	-0.691023	-0.424323	-0.134853	0.169995	0.47939	0.783906	1.07291	1.33125	1.55332	1.72572	1.84747	1.90716	1.91069	1.85337	1.74057	1.58602	1.38803	1.1628	0.932768	0.69967	0.470925	0.275917	0.141313	0.0723583	0.0635302	0.118649	0.256698	0.492779	0.803788	1.11897	1.36877	1.53583	
1.59363	1.61764	1.51502	1.31258	1.02491	0.664134	0.277865	-0.114245	-0.477494	-0.792828	-1.0336	-1.19785	-1.28621	-1.30918	-1.28159	-1.22695	-1.15784	-1.10084	-1.05739	-1.0291	-1.0246	-1.03999	-1.07041	-1.12277	-1.18441	-1.24715	-1.28626	-1.2679	-1.16704	-0.936602	-0.572882	-0.0782796	0.495616	1.1093	1.73239	2.3285	2.84012	3.22233	3.46825	3.53626	3.42261	3.1595	2.76032	2.24001	1.65842	1.10605	0.622879	0.209311	-0.155242	-0.480813	-0.775164	-1.0337	-1.25468	-1.43562	-1.57681	-1.68125	-1.75441	-1.80296	-1.82895	-1.83782	-1.8369	-1.82516	-1.79497	-1.74226	-1.66341	-1.55105	-1.40277	-1.21377	-0.98484	-0.721285	-0.424323	-0.108382	0.223406	0.552517	0.870354	1.16231	1.42088	1.62977	1.78727	1.88184	1.91564	1.8877	1.79636	1.65803	1.4738	1.25295	1.02113	0.785827	0.549432	0.336731	0.17896	0.087908	0.0583603	0.0884362	0.1922	0.389672	0.675282	0.994069	1.27026	1.46937	
1.5398	1.62233	1.58982	1.45036	1.22799	0.922848	0.573217	0.2003	-0.165941	-0.492276	-0.781444	-0.999194	-1.1607	-1.25238	-1.29798	-1.3027	-1.28628	-1.26046	-1.2329	-1.21739	-1.21561	-1.22326	-1.24237	-1.26912	-1.29553	-1.29711	-1.26839	-1.17143	-0.983949	-0.669981	-0.23456	0.306911	0.888185	1.50014	2.09519	2.63812	3.07179	3.37372	3.53033	3.5014	3.30796	2.97663	2.5144	1.95018	1.36017	0.818195	0.347883	-0.0593563	-0.422576	-0.749769	-1.03862	-1.2881	-1.49109	-1.64934	-1.76415	-1.83832	-1.88212	-1.90233	-1.91061	-1.9153	-1.91455	-1.90912	-1.8998	-1.87577	-1.82575	-1.74462	-1.62144	-1.45396	-1.24219	-0.98484	-0.691023	-0.366584	-0.0232992	0.325175	0.669676	0.991395	1.28198	1.52479	1.71589	1.84468	1.90709	1.90693	1.8388	1.71713	1.54734	1.33351	1.10122	0.864462	0.623484	0.39737	0.219311	0.107408	0.0583698	0.0655683	0.136501	0.291858	0.541025	0.850227	1.14707	1.37809	
1.45481	1.5873	1.62595	1.55441	1.40053	1.1632	0.861705	0.535353	0.181186	-0.152716	-0.456266	-0.714863	-0.921256	-1.07446	-1.17922	-1.24052	-1.27407	-1.288	-1.29293	-1.29311	-1.29023	-1.29077	-1.29241	-1.2837	-1.26122	-1.21387	-1.1175	-0.956954	-0.694865	-0.325266	0.162689	0.716085	1.30684	1.88963	2.43382	2.9123	3.26074	3.47909	3.53988	3.41906	3.1552	2.76034	2.24432	1.65362	1.07202	0.55178	0.0978451	-0.304515	-0.664873	-0.986685	-1.26523	-1.49585	-1.67466	-1.80144	-1.88058	-1.91989	-1.92845	-1.91937	-1.90288	-1.88879	-1.8904	-1.9062	-1.92205	-1.92878	-1.91475	-1.86785	-1.78048	-1.64286	-1.45396	-1.21377	-0.927343	-0.603676	-0.252221	0.112787	0.476773	0.823833	1.14224	1.41689	1.63792	1.7979	1.88872	1.91479	1.86928	1.76407	1.60893	1.40415	1.1728	0.934947	0.691357	0.45554	0.260447	0.129635	0.0629206	0.0503053	0.092011	0.205212	0.409061	0.692685	0.998448	1.2594	
1.33827	1.50988	1.61419	1.61588	1.52851	1.37064	1.12982	0.847283	0.544289	0.22497	-0.0768176	-0.355562	-0.592063	-0.787642	-0.936618	-1.04848	-1.12404	-1.17017	-1.20048	-1.21497	-1.21652	-1.2094	-1.19006	-1.15429	-1.094	-0.998338	-0.851404	-0.635963	-0.326554	0.0894676	0.597689	1.15333	1.71505	2.24457	2.74203	3.13617	3.39502	3.52867	3.49194	3.29255	2.96939	2.51665	1.96022	1.36669	0.809178	0.313131	-0.123774	-0.518895	-0.874805	-1.18839	-1.4509	-1.65788	-1.8052	-1.89324	-1.93081	-1.92325	-1.89056	-1.84685	-1.80678	-1.78428	-1.78664	-1.81363	-1.85604	-1.89823	-1.92703	-1.92775	-1.87987	-1.78048	-1.62144	-1.40277	-1.13042	-0.810876	-0.456329	-0.0825466	0.296802	0.665751	1.00851	1.31003	1.55856	1.74738	1.86343	1.91332	1.89001	1.80052	1.65906	1.46456	1.23569	0.997042	0.751943	0.509363	0.300488	0.153126	0.070882	0.0419284	0.0595756	0.134344	0.288504	0.530809	0.827568	1.11144	
1.1905	1.3924	1.54677	1.62504	1.60552	1.51761	1.36369	1.13849	0.880212	0.602563	0.322801	0.0546888	-0.190187	-0.404472	-0.580841	-0.723012	-0.829808	-0.908666	-0.957436	-0.984481	-0.992536	-0.977076	-0.941561	-0.880047	-0.786616	-0.657176	-0.477564	-0.228813	0.107084	0.538451	1.03932	1.57106	2.08479	2.57124	2.99116	3.28855	3.47097	3.51497	3.38877	3.12961	2.75261	2.25115	1.67875	1.10408	0.581381	0.110703	-0.314872	-0.703068	-1.05118	-1.35276	-1.59494	-1.77454	-1.88502	-1.93207	-1.92111	-1.86682	-1.78604	-1.70064	-1.63345	-1.59779	-1.60168	-1.64452	-1.71699	-1.80355	-1.88036	-1.9272	-1.92775	-1.86785	-1.74462	-1.55105	-1.29783	-0.986535	-0.635722	-0.255401	0.135782	0.522327	0.883448	1.20963	1.48144	1.69485	1.83504	1.90614	1.90315	1.82829	1.6988	1.51465	1.28961	1.05064	0.804609	0.557422	0.337744	0.176376	0.0808648	0.0389797	0.0383626	0.0814974	0.187543	0.377181	0.643272	0.934784	
1.0109	1.24121	1.42653	1.56663	1.62748	1.60284	1.52072	1.38052	1.1863	0.959599	0.715762	0.472351	0.239961	0.0287982	-0.155791	-0.309541	-0.430912	-0.521695	-0.58417	-0.619417	-0.626353	-0.610299	-0.562815	-0.488137	-0.381647	-0.2374	-0.0419867	0.216781	0.558063	0.981106	1.4624	1.95218	2.41217	2.82481	3.15369	3.37848	3.48056	3.43132	3.2392	2.9349	2.50934	1.97906	1.41905	0.881488	0.393922	-0.0555252	-0.470997	-0.855885	-1.19442	-1.4822	-1.70145	-1.84956	-1.92287	-1.9219	-1.86462	-1.76166	-1.6366	-1.52463	-1.43865	-1.39037	-1.39586	-1.45337	-1.54547	-1.66116	-1.78523	-1.88036	-1.92703	-1.91475	-1.82575	-1.66341	-1.42982	-1.13132	-0.785255	-0.401323	-0.00287259	0.39587	0.77359	1.11925	1.41086	1.64547	1.80604	1.89446	1.91007	1.84946	1.72993	1.55481	1.33429	1.09561	0.849003	0.598715	0.37081	0.197989	0.0914629	0.0396562	0.0262209	0.046038	0.111172	0.244903	0.46073	0.735522	
0.801354	1.0575	1.26844	1.44167	1.57084	1.62686	1.6094	1.53782	1.41853	1.26018	1.07406	0.873723	0.671376	0.47871	0.303735	0.152121	0.0250197	-0.0700447	-0.136845	-0.175002	-0.182628	-0.163179	-0.112606	-0.0337957	0.0773497	0.227127	0.420019	0.672625	0.999166	1.39612	1.83376	2.26185	2.65145	2.98762	3.24769	3.39454	3.40567	3.28954	3.05686	2.71031	2.24786	1.72259	1.20113	0.706534	0.25022	-0.187148	-0.594337	-0.975664	-1.30492	-1.57843	-1.7754	-1.89303	-1.92918	-1.88374	-1.778	-1.62954	-1.46725	-1.33383	-1.25571	-1.22712	-1.22984	-1.2668	-1.35693	-1.49878	-1.66116	-1.80355	-1.89823	-1.92878	-1.87577	-1.74226	-1.52932	-1.24342	-0.904201	-0.519519	-0.118212	0.291556	0.681393	1.04215	1.35096	1.60058	1.77965	1.88273	1.91212	1.86424	1.75376	1.58607	1.36976	1.13177	0.884889	0.632559	0.39859	0.216778	0.101436	0.0422159	0.0203908	0.0248949	0.0596973	0.143415	0.298773	0.529622	
0.576923	0.838634	1.07749	1.27459	1.43766	1.56007	1.6219	1.62106	1.56834	1.47479	1.3511	1.20727	1.05301	0.897233	0.749704	0.618408	0.505355	0.414898	0.351634	0.315715	0.306655	0.327816	0.374582	0.450216	0.554285	0.688948	0.861218	1.08826	1.37942	1.73167	2.11278	2.47865	2.80229	3.06992	3.25175	3.31353	3.26353	3.1112	2.84153	2.46024	1.99467	1.50782	1.0363	0.58263	0.145694	-0.282769	-0.688461	-1.06328	-1.38656	-1.64301	-1.82379	-1.91013	-1.91664	-1.83264	-1.68443	-1.5084	-1.32055	-1.17783	-1.12301	-1.12087	-1.12025	-1.1278	-1.19948	-1.35693	-1.54547	-1.71699	-1.85604	-1.92205	-1.8998	-1.79497	-1.59726	-1.32736	-0.991924	-0.611818	-0.205126	0.209522	0.610183	0.980713	1.30279	1.56493	1.75736	1.87246	1.91208	1.8738	1.77081	1.60912	1.39631	1.15907	0.912106	0.65849	0.420267	0.231804	0.109805	0.0452548	0.0182584	0.0138123	0.0291073	0.0750288	0.1729	0.341812	
0.368223	0.59864	0.847251	1.0726	1.2601	1.41465	1.53345	1.60568	1.62728	1.60272	1.54136	1.45381	1.35029	1.23878	1.12688	1.02321	0.934099	0.860823	0.807953	0.777844	0.77037	0.78739	0.826816	0.889772	0.974916	1.08466	1.22888	1.41993	1.66892	1.9723	2.29695	2.59852	2.85034	3.04237	3.152	3.16234	3.08141	2.89624	2.59424	2.20843	1.78079	1.35226	0.926966	0.50423	0.0775791	-0.345634	-0.75148	-1.12184	-1.44006	-1.68379	-1.85054	-1.91451	-1.8954	-1.78406	-1.6065	-1.41505	-1.23335	-1.11105	-1.08428	-1.10405	-1.10039	-1.0832	-1.1278	-1.2668	-1.45337	-1.64452	-1.81363	-1.9062	-1.90912	-1.82516	-1.64052	-1.38252	-1.05071	-0.674085	-0.263657	0.152948	0.561537	0.937486	1.26908	1.53983	1.73974	1.8644	1.91203	1.87974	1.7817	1.62434	1.41417	1.17756	0.930575	0.676207	0.435266	0.242377	0.115863	0.0478004	0.0178377	0.00874121	0.0131759	0.0349192	0.0884431	0.194725	
0.205201	0.374543	0.593208	0.827289	1.04233	1.22381	1.37273	1.4897	1.57123	1.61458	1.62123	1.59673	1.54929	1.48726	1.41737	1.34636	1.28195	1.22853	1.18879	1.16557	1.1603	1.17266	1.2032	1.25031	1.31378	1.39624	1.5053	1.65296	1.85251	2.09895	2.35947	2.59239	2.77846	2.91545	2.98512	2.96626	2.85482	2.64211	2.3411	1.99667	1.63082	1.2571	0.869221	0.462911	0.042809	-0.37836	-0.784547	-1.152	-1.46779	-1.70479	-1.86148	-1.91669	-1.87636	-1.75553	-1.559	-1.35884	-1.20246	-1.10813	-1.10732	-1.15157	-1.14421	-1.10039	-1.12025	-1.22984	-1.39586	-1.60168	-1.78664	-1.8904	-1.91455	-1.8369	-1.66416	-1.40999	-1.08224	-0.705941	-0.295583	0.124021	0.534201	0.915864	1.2504	1.52649	1.73139	1.85938	1.91115	1.88277	1.78739	1.6322	1.42344	1.18723	0.940258	0.685531	0.443221	0.248041	0.119156	0.0492691	0.01788	0.00669302	0.00590996	0.0145088	0.039818	0.097103	
0.0992156	0.202537	0.359957	0.560995	0.778556	0.98424	1.16234	1.30957	1.42698	1.51523	1.5746	1.60659	1.61482	1.6048	1.58219	1.55185	1.51918	1.48965	1.46662	1.45262	1.44945	1.4571	1.47546	1.50294	1.53924	1.58646	1.65201	1.75059	1.89663	2.08676	2.29187	2.47475	2.61968	2.7236	2.76376	2.71633	2.58656	2.38428	2.12928	1.85087	1.54649	1.21512	0.850805	0.454624	0.0382848	-0.381596	-0.78761	-1.15448	-1.47023	-1.70653	-1.86234	-1.91697	-1.87423	-1.75317	-1.55465	-1.3536	-1.2007	-1.10935	-1.11144	-1.15924	-1.15157	-1.10405	-1.12087	-1.22712	-1.39037	-1.59779	-1.78428	-1.88879	-1.9153	-1.83782	-1.66637	-1.41231	-1.08504	-0.70877	-0.298604	0.121396	0.531557	0.913945	1.24862	1.52523	1.73072	1.85891	1.911	1.88304	1.78793	1.63292	1.42428	1.1881	0.941133	0.686378	0.443947	0.248559	0.119454	0.049372	0.0177319	0.00587939	0.00298034	0.00548369	0.0157859	0.0422826	
0.0416254	0.0943294	0.187179	0.326345	0.504441	0.701697	0.895568	1.07016	1.21849	1.33943	1.4342	1.50476	1.55357	1.58399	1.60012	1.60576	1.60424	1.59919	1.59368	1.58978	1.58883	1.59121	1.59633	1.60338	1.61225	1.62581	1.65318	1.71069	1.81393	1.96231	2.12913	2.27766	2.39072	2.46514	2.48266	2.42931	2.32232	2.17395	1.98828	1.77278	1.51503	1.21326	0.862319	0.475028	0.0621814	-0.356178	-0.76067	-1.13001	-1.44757	-1.68965	-1.85399	-1.91527	-1.89118	-1.77654	-1.59438	-1.40052	-1.22372	-1.10748	-1.08628	-1.11144	-1.10732	-1.08428	-1.12301	-1.25571	-1.43865	-1.63345	-1.80678	-1.90288	-1.91061	-1.82895	-1.64684	-1.39002	-1.05896	-0.682649	-0.272212	0.144883	0.554287	0.931387	1.26417	1.53617	1.73727	1.8631	1.91186	1.88057	1.78329	1.62653	1.41671	1.18018	0.933201	0.678739	0.437426	0.243909	0.116721	0.0480298	0.0171245	0.00541835	0.00188996	0.00199249	0.0055433	0.0161054	
0.0152123	0.0379448	0.083387	0.161685	0.27812	0.42865	0.600271	0.77636	0.942686	1.09034	1.21544	1.31745	1.39769	1.45851	1.50296	1.53432	1.55546	1.56885	1.5767	1.58058	1.58141	1.57951	1.5745	1.56598	1.55434	1.54308	1.54179	1.56687	1.63501	1.74807	1.8817	2.00055	2.08961	2.15243	2.18009	2.16328	2.11542	2.03623	1.91394	1.74794	1.52154	1.23796	0.900649	0.519806	0.114062	-0.302167	-0.704504	-1.07757	-1.39975	-1.65303	-1.83097	-1.91144	-1.9129	-1.822	-1.66698	-1.48715	-1.2973	-1.15684	-1.10748	-1.10935	-1.10813	-1.11105	-1.17783	-1.33383	-1.52463	-1.70064	-1.84685	-1.91937	-1.90233	-1.80296	-1.60781	-1.34094	-1.00584	-0.626482	-0.218815	0.196027	0.598611	0.970472	1.29482	1.55909	1.75336	1.87055	1.912	1.87528	1.77353	1.61282	1.40058	1.16346	0.91648	0.662685	0.423809	0.234273	0.11111	0.0453162	0.0160057	0.00495776	0.00145424	0.000789713	0.0017515	0.00539098	
0.00487082	0.0132617	0.0319969	0.0684265	0.130149	0.221682	0.341613	0.482386	0.632904	0.782042	0.921095	1.0446	1.14999	1.23679	1.30598	1.35945	1.39938	1.42777	1.44634	1.45639	1.45867	1.45339	1.44034	1.4192	1.39054	1.35787	1.33061	1.32554	1.36148	1.44456	1.55587	1.66438	1.75835	1.84579	1.92009	1.96509	1.98305	1.96407	1.88731	1.75377	1.5508	1.28256	0.960334	0.588196	0.192777	-0.219738	-0.618821	-0.996793	-1.32375	-1.59363	-1.78655	-1.89797	-1.92741	-1.87421	-1.75875	-1.6038	-1.43459	-1.2973	-1.22372	-1.2007	-1.20246	-1.23335	-1.32055	-1.46725	-1.6366	-1.78604	-1.89056	-1.92845	-1.88212	-1.75441	-1.54526	-1.26249	-0.924626	-0.540067	-0.137623	0.273576	0.6653	1.02845	1.34022	1.59249	1.77483	1.88055	1.91219	1.86655	1.75775	1.59136	1.37578	1.13792	0.891004	0.638372	0.403418	0.220044	0.10294	0.0414218	0.0144384	0.00440112	0.0012063	0.000399608	0.000519407	0.00159738	
0.00137562	0.00405604	0.0106565	0.0249229	0.0519971	0.0972466	0.16429	0.253252	0.360328	0.478873	0.601226	0.720353	0.830799	0.928942	1.01281	1.08178	1.13614	1.17664	1.20414	1.21941	1.22291	1.2148	1.19498	1.16338	1.12098	1.07175	1.0257	1.00093	1.01936	1.09261	1.20807	1.33754	1.4674	1.60339	1.73601	1.83979	1.90832	1.93184	1.88688	1.77593	1.595	1.34332	1.03682	0.679693	0.294475	-0.109004	-0.506162	-0.884503	-1.21917	-1.50405	-1.71831	-1.86088	-1.92642	-1.91621	-1.84925	-1.73602	-1.6038	-1.48715	-1.40052	-1.3536	-1.35884	-1.41505	-1.5084	-1.62954	-1.76166	-1.86682	-1.92325	-1.91989	-1.83832	-1.68125	-1.45221	-1.15587	-0.811676	-0.427726	-0.0279995	0.373409	0.753809	1.10254	1.39788	1.63602	1.80044	1.89203	1.91084	1.85291	1.73526	1.56178	1.34213	1.10354	0.85684	0.606072	0.376776	0.201817	0.0926831	0.0366252	0.0125455	0.00375757	0.000997425	0.000259671	0.000160892	0.000424283	
