0.669741	0.381118	0.168018	0.056659	0.0147907	0.00304878	0.000506462	6.91022e-05	8.063e-06	1.92381e-06	5.65314e-06	2.21605e-05	7.25225e-05	0.000196766	0.000446703	0.000860729	0.00143068	0.00208268	0.00268653	0.00309501	0.00319687	0.00296269	0.0024587	0.00181734	0.00118523	0.000673141	0.000327655	0.000134662	4.61732e-05	1.31004e-05	3.06502e-06	5.92244e-07	9.50267e-08	1.27604e-08	1.44683e-09	1.39782e-10	1.16087e-11	8.35555e-13	5.25175e-14	2.90237e-15	1.41913e-16	6.17374e-18	2.40178e-19	8.39395e-21	2.64632e-22	7.55417e-24	1.95938e-25	4.88372e-27	2.65621e-27	2.15976e-26	1.51823e-25	8.84859e-25	4.25292e-24	1.66462e-23	5.19255e-23	1.27225e-22	2.53449e-22	4.61698e-22	1.21999e-21	2.08268e-20	7.08848e-19	2.284e-17	6.66711e-16	1.7537e-14	4.13712e-13	8.70717e-12	1.62524e-10	2.67239e-09	3.84155e-08	4.78561e-07	5.1147e-06	4.63545e-05	0.000351461	0.00219462	0.0110848	0.0443968	0.13824	0.330108	0.608653	0.908963	1.19473	1.46583	1.70665	1.89845	2.03898	2.1329	2.19141	2.22165	2.23877	2.24557	2.24136	2.22574	2.19909	2.14775	2.06082	1.9311	1.74881	1.51749	1.25027	0.966791	
0.381118	0.180083	0.0660105	0.0188154	0.0042315	0.00076447	0.000112963	1.42073e-05	3.65907e-06	1.18825e-05	5.14072e-05	0.000185395	0.000552321	0.00136894	0.00286146	0.00513425	0.00805289	0.0112158	0.0140321	0.0158911	0.0163499	0.0152931	0.0129819	0.00994966	0.00682149	0.00412919	0.00216939	0.000971602	0.000365232	0.000113893	2.92733e-05	6.19745e-06	1.08529e-06	1.58364e-07	1.94262e-08	2.02204e-09	1.80226e-10	1.38738e-11	9.29738e-13	5.46311e-14	2.83313e-15	1.30437e-16	5.35976e-18	1.97509e-19	6.5555e-21	1.96744e-22	5.35934e-24	1.46301e-25	1.32855e-25	1.04913e-24	7.06181e-24	3.94752e-23	1.82364e-22	6.88257e-22	2.08176e-21	4.9882e-21	9.77186e-21	1.70068e-20	2.62232e-20	3.43784e-20	9.73755e-20	2.25445e-18	6.88096e-17	1.91656e-15	4.80086e-14	1.07602e-12	2.14608e-11	3.78536e-10	5.86371e-09	7.91391e-08	9.22202e-07	9.18257e-06	7.72008e-05	0.000540573	0.00310391	0.0143655	0.0526498	0.150531	0.334147	0.586544	0.856618	1.11197	1.34605	1.55414	1.72475	1.8594	1.95529	2.0198	2.05455	2.06451	2.05841	2.02943	1.97021	1.88176	1.75452	1.59157	1.38996	1.16097	0.909116	0.641151	
0.168018	0.0660105	0.0203812	0.00498157	0.000977394	0.000156421	2.12259e-05	5.90275e-06	2.10641e-05	0.000100039	0.000395459	0.00128609	0.00345518	0.00775891	0.0148311	0.0246432	0.036305	0.0481852	0.0582836	0.064741	0.0663096	0.0626829	0.0545726	0.0435199	0.0314981	0.0204191	0.0116487	0.00572822	0.00238127	0.000823765	0.000234752	5.49261e-05	1.05798e-05	1.68902e-06	2.25479e-07	2.54142e-08	2.44172e-09	2.01788e-10	1.44646e-11	9.06233e-13	4.99678e-14	2.43982e-15	1.0609e-16	4.12894e-18	1.44485e-19	4.56476e-21	1.30749e-22	4.06086e-24	6.14834e-24	4.68306e-23	3.01508e-22	1.61483e-21	7.16353e-21	2.60471e-20	7.63407e-20	1.78767e-19	3.44477e-19	5.87358e-19	8.83935e-19	1.089e-18	1.0689e-18	1.01144e-18	6.55165e-18	1.7771e-16	4.71201e-15	1.12275e-13	2.38797e-12	4.50766e-11	7.5035e-10	1.09351e-08	1.38376e-07	1.50637e-06	1.39583e-05	0.000108778	0.00070339	0.0037184	0.0158248	0.0534657	0.142231	0.299418	0.512041	0.744661	0.968043	1.17019	1.3438	1.48559	1.59575	1.67549	1.72275	1.73977	1.72833	1.68765	1.61428	1.51005	1.37496	1.20736	1.01067	0.790798	0.558253	0.338748	
0.056659	0.0188154	0.00498157	0.00106058	0.000183949	2.69736e-05	8.10421e-06	3.16198e-05	0.000164155	0.000708507	0.00250554	0.00726287	0.0174044	0.0350791	0.0608622	0.0931048	0.128231	0.161554	0.188365	0.204826	0.208739	0.199649	0.178691	0.148756	0.114133	0.0796337	0.049644	0.0270292	0.0125523	0.00487092	0.00155637	0.000406704	8.69807e-05	1.53169e-05	2.24085e-06	2.75126e-07	2.86376e-08	2.55169e-09	1.96377e-10	1.31601e-11	7.73617e-13	4.01573e-14	1.85164e-15	7.62477e-17	2.81751e-18	9.38341e-20	2.83041e-21	1.06995e-22	2.6209e-22	1.91582e-21	1.17838e-20	6.03985e-20	2.57006e-19	8.99492e-19	2.55253e-18	5.83678e-18	1.10549e-17	1.84665e-17	2.71771e-17	3.30902e-17	3.23685e-17	2.55226e-17	1.72502e-17	2.38561e-17	3.99847e-16	9.98602e-15	2.25969e-13	4.55353e-12	8.12148e-11	1.27356e-09	1.7428e-08	2.06376e-07	2.09471e-06	1.803e-05	0.000130051	0.000775989	0.00377901	0.0148326	0.0465048	0.116412	0.235797	0.397849	0.581037	0.763482	0.93037	1.07131	1.18295	1.26401	1.31528	1.33541	1.32171	1.27645	1.20159	1.09596	0.960856	0.798464	0.618203	0.433492	0.265319	0.136139	
0.0147907	0.0042315	0.000977394	0.000183949	2.92105e-05	9.4908e-06	4.03043e-05	0.000227946	0.00107121	0.00411015	0.0128271	0.0326889	0.0690045	0.123601	0.193269	0.270866	0.347553	0.414645	0.465358	0.49513	0.502067	0.485929	0.447453	0.389516	0.31767	0.239503	0.164065	0.0997296	0.052318	0.0230714	0.00837811	0.00247675	0.000594891	0.000116693	1.88651e-05	2.54068e-06	2.88193e-07	2.78236e-08	2.30859e-09	1.66074e-10	1.04404e-11	5.77666e-13	2.831e-14	1.2359e-15	4.83092e-17	1.69858e-18	5.40672e-20	2.77406e-21	1.02482e-20	7.16212e-20	4.20283e-19	2.0589e-18	8.39357e-18	2.8247e-17	7.75428e-17	1.72995e-16	3.21781e-16	5.26541e-16	7.5812e-16	9.1234e-16	8.9359e-16	7.14247e-16	4.81257e-16	2.8777e-16	1.77788e-16	8.2736e-16	1.83697e-14	3.93728e-13	7.50237e-12	1.26163e-10	1.85953e-09	2.38374e-08	2.63478e-07	2.48702e-06	1.98352e-05	0.000132133	0.000726444	0.00325874	0.011822	0.0345756	0.0820686	0.161064	0.268794	0.393896	0.522544	0.641753	0.741732	0.816554	0.863856	0.881936	0.869792	0.828131	0.758702	0.663423	0.547387	0.419679	0.29274	0.18045	0.0951632	0.0416344	
0.00304878	0.00076447	0.000156421	2.69736e-05	9.4908e-06	4.36925e-05	0.000268461	0.0013711	0.0057031	0.0191633	0.051931	0.114536	0.210303	0.332114	0.466324	0.598462	0.716306	0.811367	0.87908	0.91797	0.927138	0.906113	0.855585	0.776602	0.671666	0.546884	0.412226	0.281242	0.168363	0.0855622	0.0358744	0.0121848	0.00333288	0.000736934	0.000132955	1.98023e-05	2.46443e-06	2.59258e-07	2.33019e-08	1.80664e-09	1.21875e-10	7.20873e-12	3.76427e-13	1.74598e-14	7.23292e-16	2.68933e-17	9.06297e-19	7.33097e-20	3.66111e-19	2.43887e-18	1.36333e-17	6.37403e-17	2.48622e-16	8.03592e-16	2.13192e-15	4.63583e-15	8.46072e-15	1.356e-14	1.91095e-14	2.27301e-14	2.2292e-14	1.80697e-14	1.24498e-14	7.57245e-15	4.02076e-15	1.82152e-15	1.92696e-15	2.95765e-14	5.9669e-13	1.07255e-11	1.69629e-10	2.3435e-09	2.80585e-08	2.88582e-07	2.52505e-06	1.86005e-05	0.000114104	0.000576784	0.00238148	0.00799476	0.0218785	0.0493945	0.093902	0.154206	0.224769	0.297663	0.364305	0.417432	0.451956	0.46518	0.456348	0.425912	0.376145	0.311682	0.239351	0.167645	0.104731	0.0568217	0.0260605	0.00987444	
0.000506462	0.000112963	2.12259e-05	8.10421e-06	4.03043e-05	0.000268461	0.00148838	0.00671317	0.024335	0.070355	0.162556	0.305613	0.48432	0.674943	0.85734	1.0188	1.15148	1.25377	1.32468	1.36659	1.37702	1.35367	1.29997	1.21672	1.10197	0.957507	0.786282	0.598826	0.410225	0.24293	0.119552	0.0474952	0.0150408	0.00380203	0.000774479	0.000128786	1.77218e-05	2.04448e-06	2.00107e-07	1.67952e-08	1.22032e-09	7.74066e-11	4.31852e-12	2.13315e-13	9.38416e-15	3.69629e-16	1.32718e-17	1.99514e-18	1.19019e-17	7.53782e-17	4.00715e-16	1.78508e-15	6.65191e-15	2.06229e-14	5.28165e-14	1.1182e-13	2.0004e-13	3.13962e-13	4.33268e-13	5.09424e-13	5.00257e-13	4.11172e-13	2.89556e-13	1.79797e-13	9.74111e-14	4.41904e-14	1.66009e-14	7.0152e-15	4.24939e-14	7.89312e-13	1.33446e-11	1.97895e-10	2.55436e-09	2.84641e-08	2.71388e-07	2.19263e-06	1.48604e-05	8.36495e-05	0.000387689	0.00147114	0.00456995	0.011707	0.0251004	0.0459525	0.0734959	0.105012	0.136402	0.16317	0.181394	0.18856	0.183769	0.167605	0.142254	0.111424	0.0795692	0.0509546	0.0286343	0.0137953	0.00557434	0.00185783	
6.91022e-05	1.42073e-05	5.90275e-06	3.16198e-05	0.000227946	0.0013711	0.00671317	0.0263436	0.0817627	0.199508	0.386603	0.615931	0.851178	1.0708	1.26515	1.42956	1.56097	1.66151	1.73097	1.76926	1.77804	1.75742	1.7068	1.62496	1.51219	1.36753	1.1908	0.985202	0.758227	0.521484	0.304424	0.143969	0.0537641	0.0157911	0.00368079	0.000690788	0.000106024	1.35083e-05	1.44815e-06	1.32207e-07	1.03877e-08	7.08998e-10	4.23816e-11	2.23485e-12	1.04625e-13	4.37376e-15	1.69829e-16	5.45888e-17	3.50644e-16	2.10615e-15	1.06274e-14	4.50261e-14	1.60024e-13	4.75183e-13	1.17334e-12	2.41571e-12	4.23133e-12	6.50202e-12	8.79107e-12	1.02188e-11	1.00479e-11	8.37221e-12	6.02327e-12	3.81977e-12	2.11517e-12	9.88879e-13	3.84278e-13	1.2429e-13	3.60116e-14	5.82142e-14	9.14084e-13	1.44759e-11	2.00589e-10	2.4098e-09	2.48896e-08	2.19019e-07	1.62641e-06	1.00954e-05	5.19265e-05	0.000219913	0.000765194	0.00219609	0.00525295	0.0106349	0.0185672	0.0285214	0.0392259	0.0489275	0.0558413	0.0586355	0.0567624	0.0505889	0.0413081	0.0306522	0.0204228	0.0120156	0.00611936	0.00264472	0.000953306	0.000283249	
8.063e-06	3.65907e-06	2.10641e-05	0.000164155	0.00107121	0.0057031	0.024335	0.0817627	0.213404	0.43272	0.701684	0.96982	1.22109	1.44889	1.64637	1.80444	1.92501	2.0072	2.06175	2.08584	2.0893	2.07884	2.04363	1.97814	1.88192	1.74535	1.5722	1.36048	1.12273	0.864395	0.591198	0.33557	0.150226	0.0521344	0.0141071	0.00302312	0.000522389	7.40572e-05	8.74866e-06	8.73084e-07	7.44871e-08	5.48925e-09	3.52593e-10	1.98973e-11	9.93342e-13	4.41604e-14	1.92803e-15	1.44237e-15	9.32074e-15	5.29662e-14	2.5313e-13	1.01789e-12	3.44374e-12	9.77846e-12	2.32468e-11	4.64804e-11	7.96162e-11	1.19746e-10	1.58708e-10	1.82429e-10	1.79607e-10	1.51667e-10	1.11417e-10	7.21973e-11	4.09172e-11	1.97411e-11	7.98424e-12	2.70228e-12	7.67435e-13	1.86212e-13	9.16325e-14	9.30631e-13	1.37006e-11	1.76673e-10	1.96676e-09	1.8738e-08	1.51401e-07	1.02789e-06	5.81294e-06	2.71909e-05	0.000104813	0.000333354	0.000880826	0.00195614	0.00370573	0.00609219	0.00883831	0.0114621	0.0134057	0.0142086	0.0136692	0.0119238	0.00939214	0.00662663	0.00413763	0.00224943	0.00104618	0.000409467	0.000133089	3.56652e-05	
1.92381e-06	1.18825e-05	0.000100039	0.000708507	0.00411015	0.0191633	0.070355	0.199508	0.43272	0.730941	1.02745	1.31155	1.57785	1.80167	1.97496	2.09402	2.17239	2.21479	2.23677	2.24946	2.25177	2.24543	2.22962	2.20128	2.14514	2.05213	1.91181	1.71846	1.47452	1.19953	0.910891	0.607788	0.327511	0.136002	0.0432839	0.010711	0.0021028	0.00033413	4.37525e-05	4.79578e-06	4.46007e-07	3.56031e-08	2.46406e-09	1.49146e-10	7.95565e-12	3.76993e-13	2.05277e-14	3.55312e-14	2.22478e-13	1.19294e-12	5.38653e-12	2.05102e-11	6.59148e-11	1.78642e-10	4.08235e-10	7.91487e-10	1.32397e-09	1.94839e-09	2.53274e-09	2.87973e-09	2.83871e-09	2.42846e-09	1.82076e-09	1.20625e-09	7.00733e-10	3.49402e-10	1.4732e-10	5.23207e-11	1.56592e-11	3.95561e-12	8.47384e-13	2.0446e-13	8.43197e-13	1.13097e-11	1.35073e-10	1.38625e-09	1.21155e-08	8.93588e-08	5.51333e-07	2.82416e-06	1.19508e-05	4.17391e-05	0.000120801	0.000292144	0.000597107	0.00104595	0.00159456	0.00214315	0.00256242	0.00273847	0.00261998	0.0022418	0.00170867	0.0011506	0.0006762	0.000341566	0.000146084	5.22067e-05	1.54474e-05	3.86224e-06	
5.65314e-06	5.14072e-05	0.000395459	0.00250554	0.0128271	0.051931	0.162556	0.386603	0.701684	1.02745	1.34244	1.64615	1.88721	2.06727	2.18296	2.24569	2.26329	2.2565	2.23506	2.21422	2.20804	2.22115	2.24436	2.26098	2.26018	2.22722	2.1431	2.00296	1.79889	1.52926	1.21741	0.899329	0.569162	0.28256	0.10651	0.030681	0.00689237	0.00123481	0.000180088	2.1766e-05	2.21361e-06	1.91912e-07	1.43421e-08	9.32825e-10	5.32461e-11	2.69989e-12	2.32228e-13	7.96918e-13	4.74322e-12	2.3929e-11	1.01801e-10	3.66071e-10	1.11483e-09	2.87779e-09	6.31003e-09	1.18426e-08	1.93161e-08	2.78005e-08	3.5463e-08	3.98991e-08	3.93781e-08	3.41128e-08	2.60921e-08	1.76849e-08	1.05482e-08	5.44484e-09	2.39773e-09	8.95519e-10	2.83212e-10	7.58239e-11	1.71888e-11	3.30275e-12	5.80294e-13	7.10401e-13	8.13393e-12	8.94387e-11	8.41291e-10	6.70247e-09	4.48271e-08	2.49677e-07	1.15114e-06	4.38158e-06	1.37904e-05	3.60888e-05	7.91764e-05	0.000147196	0.000234992	0.000326312	0.000397869	0.000428278	0.000407785	0.000343022	0.000253745	0.000163644	9.08742e-05	4.28609e-05	1.69595e-05	5.57579e-06	1.5521e-06	8.53749e-07	
2.21605e-05	0.000185395	0.00128609	0.00726287	0.0326889	0.114536	0.305613	0.615931	0.96982	1.31155	1.64615	1.91244	2.10728	2.22909	2.27229	2.24812	2.18386	2.09818	2.02336	1.9766	1.96447	1.99135	2.05045	2.13278	2.214	2.26314	2.26351	2.19121	2.03635	1.81708	1.51568	1.1763	0.829171	0.480827	0.213527	0.0716768	0.0184752	0.00374242	0.000609414	8.13842e-05	9.06652e-06	8.54858e-07	6.90622e-08	4.83114e-09	2.9533e-10	1.62023e-11	3.16425e-12	1.60318e-11	8.979e-11	4.2479e-10	1.69728e-09	5.74649e-09	1.6538e-08	4.05645e-08	8.51648e-08	1.54422e-07	2.45171e-07	3.44897e-07	4.31947e-07	4.81095e-07	4.7536e-07	4.16797e-07	3.25104e-07	2.25623e-07	1.38432e-07	7.41154e-08	3.41601e-08	1.34502e-08	4.50749e-09	1.28304e-09	3.09824e-10	6.34208e-11	1.10058e-11	1.65182e-12	6.34088e-13	5.0921e-12	5.11147e-11	4.3773e-10	3.15636e-09	1.90024e-08	9.48567e-08	3.90983e-07	1.33009e-06	3.74614e-06	8.78285e-06	1.72691e-05	2.87835e-05	4.11783e-05	5.10865e-05	5.53343e-05	5.2469e-05	4.34785e-05	3.13008e-05	1.93909e-05	1.021e-05	4.51592e-06	1.66272e-06	5.19297e-07	3.17732e-07	2.25536e-06	
7.25225e-05	0.000552321	0.00345518	0.0174044	0.0690045	0.210303	0.48432	0.851178	1.22109	1.57785	1.88721	2.10728	2.24359	2.2661	2.21029	2.08631	1.92092	1.75401	1.60692	1.50941	1.48502	1.54031	1.66145	1.81927	1.98828	2.14199	2.24396	2.26856	2.2029	2.02893	1.77531	1.43608	1.0759	0.700263	0.359234	0.139348	0.0410584	0.00938606	0.00170464	0.000251336	3.06519e-05	3.14138e-06	2.74204e-07	2.06198e-08	1.34971e-09	8.37023e-11	4.99781e-11	2.8627e-10	1.49911e-09	6.62586e-09	2.47731e-08	7.86966e-08	2.13356e-07	4.95903e-07	9.94526e-07	1.73833e-06	2.68123e-06	3.68398e-06	4.53159e-06	4.99879e-06	4.94462e-06	4.38581e-06	3.4877e-06	2.48086e-06	1.56907e-06	8.73256e-07	4.22276e-07	1.75779e-07	6.26244e-08	1.90196e-08	4.91056e-09	1.07571e-09	1.99738e-10	3.14513e-11	4.22903e-12	7.34867e-13	2.78398e-12	2.50956e-11	1.94171e-10	1.25721e-09	6.75889e-09	3.00068e-08	1.09767e-07	3.31175e-07	8.26508e-07	1.71358e-06	2.97421e-06	4.37272e-06	5.50875e-06	5.99896e-06	5.66809e-06	4.63524e-06	3.25551e-06	1.94233e-06	9.72636e-07	4.05183e-07	1.43288e-07	9.83297e-08	7.4874e-07	7.95721e-06	
0.000196766	0.00136894	0.00775891	0.0350791	0.123601	0.332114	0.674943	1.0708	1.44889	1.80167	2.06727	2.22909	2.2661	2.19952	2.01903	1.77458	1.49884	1.22544	1.00896	0.880547	0.849161	0.920545	1.08586	1.33026	1.61108	1.88108	2.10301	2.23696	2.2676	2.17533	1.97473	1.66703	1.29957	0.913003	0.525781	0.231764	0.0772666	0.0197954	0.0039888	0.000646632	8.60328e-05	9.55545e-06	8.98839e-07	7.2492e-08	5.07941e-09	4.23177e-10	7.94811e-10	4.49766e-09	2.19063e-08	9.00639e-08	3.13765e-07	9.31458e-07	2.37032e-06	5.20433e-06	9.94255e-06	1.67098e-05	2.49836e-05	3.34956e-05	4.04788e-05	4.42441e-05	4.381e-05	3.92908e-05	3.18514e-05	2.32501e-05	1.51942e-05	8.81276e-06	4.4835e-06	1.97949e-06	7.52511e-07	2.4485e-07	6.78821e-08	1.59831e-08	3.18956e-09	5.39267e-10	7.73738e-11	9.46563e-12	1.11877e-12	1.36037e-12	1.05237e-11	7.2922e-11	4.20309e-10	2.0007e-09	7.83516e-09	2.52211e-08	6.67755e-08	1.45597e-07	2.62575e-07	3.95847e-07	5.05521e-07	5.53078e-07	5.20965e-07	4.211e-07	2.89158e-07	1.66523e-07	7.95642e-08	3.22255e-08	2.503e-08	2.04715e-07	2.35733e-06	2.34621e-05	
0.000446703	0.00286146	0.0148311	0.0608622	0.193269	0.466324	0.85734	1.26515	1.64637	1.97496	2.18296	2.27229	2.21029	2.01903	1.72274	1.34725	0.945106	0.570933	0.266089	0.0682943	0.0187095	0.130924	0.377465	0.713751	1.10808	1.5037	1.84869	2.11157	2.25021	2.25364	2.1135	1.8539	1.49612	1.10459	0.693019	0.339599	0.126147	0.0358097	0.00793477	0.00140402	0.00020254	2.42503e-05	2.44684e-06	2.10792e-07	1.59136e-08	2.83175e-09	1.15797e-08	6.16362e-08	2.77727e-07	1.05675e-06	3.41344e-06	9.42563e-06	2.24199e-05	4.63327e-05	8.40534e-05	0.000135426	0.000195789	0.000255824	0.000303741	0.000329091	0.000326183	0.000295668	0.000244373	0.00018333	0.000124123	7.52501e-05	4.04065e-05	1.8992e-05	7.737e-06	2.70988e-06	8.10794e-07	2.06236e-07	4.44534e-08	8.1088e-09	1.25291e-09	1.6449e-10	1.84422e-11	1.83183e-12	6.52521e-13	3.7462e-12	2.29957e-11	1.16899e-10	4.88246e-10	1.67099e-09	4.6795e-09	1.07056e-08	2.00227e-08	3.08917e-08	3.99316e-08	4.38657e-08	4.12083e-08	3.29673e-08	2.21752e-08	1.23593e-08	5.81959e-09	5.16787e-09	4.54731e-08	5.68978e-07	6.20447e-06	5.75057e-05	
0.000860729	0.00513425	0.0246432	0.0931048	0.270866	0.598462	1.0188	1.42956	1.80444	2.09402	2.24569	2.24812	2.08631	1.77458	1.34725	0.841125	0.323168	-0.166812	-0.564945	-0.807009	-0.864051	-0.732359	-0.421293	0.0227717	0.52893	1.0492	1.52919	1.91643	2.1692	2.26766	2.20136	1.99497	1.65959	1.26866	0.846191	0.450512	0.183033	0.0567219	0.0136542	0.00261052	0.000404815	5.18624e-05	5.57667e-06	5.10548e-07	4.38084e-08	2.80855e-08	1.484e-07	7.29804e-07	3.02394e-06	1.05854e-05	3.15192e-05	8.05186e-05	0.000178155	0.000345095	0.00059231	0.000911802	0.00127108	0.00161611	0.00188465	0.00202455	0.00200856	0.00183977	0.00155109	0.00119809	0.000842876	0.000535954	0.000304871	0.000153206	6.72158e-05	2.54824e-05	8.27684e-06	2.28806e-06	5.35832e-07	1.06044e-07	1.77372e-08	2.51385e-09	3.03258e-10	3.13218e-11	2.80865e-12	3.85214e-13	1.12909e-12	6.0318e-12	2.67759e-11	9.7135e-11	2.86974e-10	6.87463e-10	1.33126e-09	2.09835e-09	2.74194e-09	3.0228e-09	2.83305e-09	2.24585e-09	1.48355e-09	8.27419e-10	8.50173e-10	8.06471e-09	1.10103e-07	1.32131e-06	1.3594e-05	0.000118408	
0.00143068	0.00805289	0.036305	0.128231	0.347553	0.716306	1.15148	1.56097	1.92501	2.17239	2.26329	2.18386	1.92092	1.49884	0.945106	0.323168	-0.324229	-0.922171	-1.38696	-1.66858	-1.73606	-1.5808	-1.22126	-0.693246	-0.0652323	0.574454	1.17778	1.6875	2.04471	2.23996	2.24495	2.09089	1.78782	1.40271	0.976408	0.553121	0.24113	0.080227	0.020679	0.00421831	0.00069545	9.44127e-05	1.07266e-05	1.04024e-06	1.33606e-07	3.12271e-07	1.64153e-06	7.38607e-06	2.79445e-05	8.93609e-05	0.000243612	0.000572104	0.00117095	0.00211587	0.00342154	0.00501318	0.00671788	0.00829565	0.00949476	0.0101122	0.0100418	0.00929572	0.00800186	0.00637756	0.00467728	0.00313155	0.00189507	0.00102318	0.000486209	0.00020081	7.1299e-05	2.15734e-05	5.52749e-06	1.19474e-06	2.17657e-07	3.34873e-08	4.36959e-09	4.86357e-10	4.6482e-11	3.8473e-12	3.24332e-13	2.93949e-13	1.30239e-12	4.9911e-12	1.55203e-11	3.88617e-11	7.78081e-11	1.25105e-10	1.65074e-10	1.82551e-10	1.70747e-10	1.34393e-10	9.03051e-11	1.09023e-10	1.11848e-09	1.67542e-08	2.22539e-07	2.55513e-06	2.50766e-05	0.000207712	
0.00208268	0.0112158	0.0481852	0.161554	0.414645	0.811367	1.25377	1.66151	2.0072	2.21479	2.2565	2.09818	1.75401	1.22544	0.570933	-0.166812	-0.922171	-1.6144	-2.19529	-2.58358	-2.68126	-2.45843	-1.9809	-1.34799	-0.623179	0.134431	0.845455	1.45767	1.91184	2.18807	2.25869	2.15492	1.8808	1.50464	1.07904	0.638866	0.293375	0.103008	0.0279906	0.00600688	0.00103942	0.000147769	1.75525e-05	1.84257e-06	6.97104e-07	3.18257e-06	1.54628e-05	6.30999e-05	0.000216162	0.0006262	0.00155046	0.00332287	0.00625159	0.0104818	0.0158959	0.0220758	0.0283461	0.0339214	0.0380567	0.040165	0.0399252	0.0373746	0.0328964	0.0271182	0.0208034	0.014728	0.00952621	0.00555633	0.00287841	0.00130482	0.00051059	0.000170534	4.8205e-05	1.147e-05	2.29268e-06	3.8545e-07	5.4721e-08	6.59794e-09	6.80251e-10	6.04002e-11	4.65331e-12	3.24145e-13	7.48959e-14	2.29128e-13	7.45306e-13	1.94739e-12	4.02636e-12	6.59488e-12	8.7785e-12	9.73523e-12	9.10043e-12	7.37879e-12	1.06354e-11	1.18758e-10	1.9644e-09	2.90662e-08	3.74638e-07	4.16414e-06	3.94705e-05	0.000314909	
0.00268653	0.0140321	0.0582836	0.188365	0.465358	0.87908	1.32468	1.73097	2.06175	2.23677	2.23506	2.02336	1.60692	1.00896	0.266089	-0.564945	-1.38696	-2.19529	-2.94263	-3.46193	-3.59318	-3.29356	-2.66008	-1.87354	-1.06145	-0.230921	0.580233	1.26625	1.79679	2.13394	2.25801	2.18878	1.94042	1.57524	1.15216	0.702063	0.333769	0.121586	0.0342789	0.00762515	0.00136576	0.000200681	2.46951e-05	3.38645e-06	5.51121e-06	2.78643e-05	0.000122374	0.000448456	0.00137716	0.00357845	0.00797252	0.0154653	0.0265637	0.0410989	0.0581811	0.0762895	0.0936012	0.108323	0.11893	0.124265	0.12366	0.117195	0.105657	0.0902833	0.0726617	0.0546158	0.0379364	0.0240397	0.0136725	0.00686022	0.00298686	0.0011123	0.000350368	9.26559e-05	2.04994e-05	3.79575e-06	5.90355e-07	7.75745e-08	8.67318e-09	8.31315e-10	6.88257e-11	4.95802e-12	3.15e-13	2.67308e-14	3.28216e-14	8.70752e-14	1.85637e-13	3.09367e-13	4.15107e-13	4.62146e-13	4.48813e-13	7.74697e-13	9.51848e-12	1.74773e-10	2.89581e-09	4.21016e-08	5.32241e-07	5.79308e-06	5.36696e-05	0.000417595	
0.00309501	0.0158911	0.064741	0.204826	0.49513	0.91797	1.36659	1.76926	2.08584	2.24946	2.21422	1.9766	1.50941	0.880547	0.0682943	-0.807009	-1.66858	-2.58358	-3.46193	-4.06873	-4.22064	-3.87302	-3.129	-2.2111	-1.32098	-0.461576	0.412277	1.15209	1.71699	2.10162	2.24895	2.207	1.97461	1.61243	1.19337	0.739335	0.358164	0.133116	0.0383117	0.0086993	0.00158962	0.000238192	3.08146e-05	1.07509e-05	4.35765e-05	0.000204594	0.000801453	0.00260684	0.00709117	0.0163393	0.0324202	0.0564449	0.0879573	0.125018	0.164675	0.20346	0.238286	0.266497	0.286045	0.2956	0.294527	0.282894	0.261483	0.231763	0.195915	0.156692	0.117281	0.0811213	0.0509907	0.0285682	0.013987	0.00587618	0.00208745	0.000620646	0.000153606	3.16226e-05	5.4327e-06	7.83518e-07	9.5574e-08	9.94027e-09	8.88673e-10	6.88257e-11	4.65152e-12	2.76514e-13	1.57252e-14	4.16475e-15	7.69628e-15	1.29902e-14	1.75849e-14	2.04807e-14	4.22423e-14	5.75862e-13	1.17539e-11	2.18348e-10	3.58556e-09	5.16185e-08	6.45801e-07	6.95122e-06	6.36217e-05	0.000488416	
0.00319687	0.0163499	0.0663096	0.208739	0.502067	0.927138	1.37702	1.77804	2.0893	2.25177	2.20804	1.96447	1.48502	0.849161	0.0187095	-0.864051	-1.73606	-2.68126	-3.59318	-4.22064	-4.37728	-4.01879	-3.24795	-2.2947	-1.38156	-0.517057	0.370889	1.12653	1.69668	2.09519	2.24571	2.21277	1.98266	1.61991	1.20273	0.748188	0.363976	0.135879	0.0392905	0.0089642	0.00164583	0.000248857	4.05436e-05	6.15539e-05	0.000296019	0.0012385	0.00426923	0.0121553	0.0288923	0.0583109	0.102038	0.158445	0.22337	0.291669	0.35813	0.418432	0.469584	0.509269	0.535585	0.547828	0.546475	0.53144	0.502355	0.460193	0.407016	0.345213	0.278011	0.209962	0.146349	0.0921905	0.0512862	0.0246215	0.0100025	0.00338998	0.000950633	0.000220077	4.21763e-05	6.73233e-06	9.02326e-07	1.02446e-07	9.94027e-09	8.31315e-10	6.03999e-11	3.84039e-12	2.15154e-13	1.08048e-14	7.57642e-16	5.1029e-16	7.02181e-16	1.72759e-15	2.61623e-14	5.9423e-13	1.23815e-11	2.29636e-10	3.76256e-09	5.40465e-08	6.74645e-07	7.24432e-06	6.61314e-05	0.000506194	
0.00296269	0.0152931	0.0626829	0.199649	0.485929	0.906113	1.35367	1.75742	2.07884	2.24543	2.22115	1.99135	1.54031	0.920545	0.130924	-0.732359	-1.5808	-2.45843	-3.29356	-3.87302	-4.01879	-3.68606	-2.97703	-2.10273	-1.24003	-0.388981	0.465888	1.18713	1.74272	2.11125	2.25243	2.20094	1.96464	1.60166	1.18064	0.727661	0.350511	0.129477	0.0370261	0.00835342	0.00151814	0.000236176	9.60586e-05	0.00037352	0.00166019	0.00607528	0.0181442	0.0445176	0.0911719	0.159519	0.245067	0.340101	0.437099	0.530321	0.615055	0.689217	0.750181	0.796717	0.827534	0.841858	0.840273	0.822701	0.788635	0.73909	0.675382	0.598911	0.512287	0.417869	0.32078	0.226993	0.144302	0.0800737	0.037756	0.0148191	0.00478073	0.00126168	0.000272906	4.86934e-05	7.23047e-06	9.02326e-07	9.5574e-08	8.67318e-09	6.80251e-10	4.64812e-11	2.78703e-12	1.47609e-13	6.95522e-15	3.09589e-16	6.33087e-17	8.751e-16	2.21813e-14	5.1983e-13	1.09066e-11	2.03473e-10	3.35297e-09	4.84369e-08	6.08121e-07	6.56947e-06	6.03606e-05	0.00046534	
0.0024587	0.0129819	0.0545726	0.178691	0.447453	0.855585	1.29997	1.7068	2.04363	2.22962	2.24436	2.05045	1.66145	1.08586	0.377465	-0.421293	-1.22126	-1.9809	-2.66008	-3.129	-3.24795	-2.97703	-2.40409	-1.68152	-0.90569	-0.098066	0.675993	1.33503	1.84012	2.15386	2.25995	2.17749	1.91952	1.55114	1.12681	0.679729	0.319289	0.114833	0.0319594	0.00702067	0.00125176	0.000249375	0.000425098	0.00193623	0.00753733	0.0237163	0.0603261	0.125631	0.219614	0.33317	0.454721	0.576247	0.693239	0.802572	0.90108	0.987527	1.05839	1.11188	1.14862	1.16734	1.16521	1.14266	1.10249	1.0456	0.971417	0.88233	0.781529	0.67038	0.552183	0.430251	0.309503	0.198927	0.110106	0.050861	0.0192023	0.00586976	0.00145299	0.000293167	4.86934e-05	6.73233e-06	7.83518e-07	7.75745e-08	6.59794e-09	4.86357e-10	3.13195e-11	1.77454e-12	8.90325e-14	3.97941e-15	1.80557e-16	6.11146e-16	1.59467e-14	3.78178e-13	8.02447e-12	1.51464e-10	2.5267e-09	3.69772e-08	4.70728e-07	5.162e-06	4.82119e-05	0.000378467	
0.00181734	0.00994966	0.0435199	0.148756	0.389516	0.776602	1.21672	1.62496	1.97814	2.20128	2.26098	2.13278	1.81927	1.33026	0.713751	0.0227717	-0.693246	-1.34799	-1.87354	-2.2111	-2.2947	-2.10273	-1.68152	-1.09853	-0.409298	0.305348	0.972342	1.54741	1.96395	2.21105	2.25569	2.13348	1.848	1.46757	1.04146	0.607029	0.273559	0.0941739	0.0250968	0.00529335	0.000959046	0.000506779	0.00197588	0.00817131	0.0272562	0.0724585	0.154593	0.271363	0.408278	0.551517	0.695671	0.838142	0.975699	1.10265	1.21661	1.31255	1.39133	1.44911	1.4865	1.50504	1.50296	1.4805	1.43922	1.37726	1.29477	1.19522	1.07815	0.948926	0.809776	0.66686	0.522586	0.380045	0.245869	0.134978	0.0606189	0.0218383	0.00628425	0.00145299	0.000272906	4.21763e-05	5.4327e-06	5.90355e-07	5.4721e-08	4.36959e-09	3.03258e-10	1.84367e-11	9.8877e-13	4.70722e-14	2.01208e-15	4.23515e-16	9.30794e-15	2.24458e-13	4.84912e-12	9.32973e-11	1.58852e-09	2.37624e-08	3.0972e-07	3.48408e-06	3.34534e-05	0.000270655	
0.00118523	0.00682149	0.0314981	0.114133	0.31767	0.671666	1.10197	1.51219	1.88192	2.14514	2.26018	2.214	1.98828	1.61108	1.10808	0.52893	-0.0652323	-0.623179	-1.06145	-1.32098	-1.38156	-1.24003	-0.90569	-0.409298	0.174154	0.762642	1.32072	1.77964	2.09713	2.25442	2.23264	2.0568	1.74031	1.35297	0.927621	0.513697	0.218152	0.0706695	0.0177547	0.0035785	0.000881818	0.00180674	0.00775225	0.0276044	0.0775544	0.171743	0.306268	0.461536	0.624061	0.792158	0.963199	1.12825	1.28205	1.41786	1.53704	1.63513	1.71351	1.77321	1.8114	1.82902	1.82707	1.80543	1.763	1.69939	1.61718	1.51473	1.392	1.25254	1.09595	0.929142	0.758141	0.590912	0.429785	0.276965	0.149012	0.064234	0.0218383	0.00586976	0.00126168	0.000220077	3.16226e-05	3.79575e-06	3.8545e-07	3.34873e-08	2.51385e-09	1.6449e-10	9.45428e-12	4.80592e-13	2.1743e-14	1.03333e-15	4.26781e-15	1.0518e-13	2.34145e-12	4.64758e-11	8.17449e-10	1.26512e-08	1.709e-07	1.99655e-06	1.99563e-05	0.000168543	
0.000673141	0.00412919	0.0204191	0.0796337	0.239503	0.546884	0.957507	1.36753	1.74535	2.05213	2.22722	2.26314	2.14199	1.88108	1.5037	1.0492	0.574454	0.134431	-0.230921	-0.461576	-0.517057	-0.388981	-0.098066	0.305348	0.762642	1.23689	1.66555	2.00277	2.20715	2.26805	2.17159	1.94498	1.59869	1.20636	0.787273	0.406563	0.159681	0.0478463	0.0111819	0.00229108	0.00164065	0.0064539	0.0246445	0.0741279	0.173374	0.319852	0.489699	0.670301	0.862792	1.0598	1.24769	1.42236	1.58092	1.72128	1.84045	1.93969	2.01563	2.07051	2.10672	2.1245	2.12251	2.10093	2.06112	2.00229	1.92161	1.81814	1.6949	1.55043	1.3888	1.21091	1.02109	0.823466	0.633203	0.455107	0.287759	0.149012	0.0606189	0.0192023	0.00478073	0.000950633	0.000153606	2.04994e-05	2.29268e-06	2.17657e-07	1.77372e-08	1.25291e-09	7.73729e-11	4.20874e-12	2.02997e-13	8.785e-15	1.83503e-15	3.86848e-14	8.96164e-13	1.85435e-11	3.40573e-10	5.51421e-09	7.80956e-08	9.58853e-07	1.01008e-05	9.01972e-05	
0.000327655	0.00216939	0.0116487	0.049644	0.164065	0.412226	0.786282	1.1908	1.5722	1.91181	2.1431	2.26351	2.24396	2.10301	1.84869	1.52919	1.17778	0.845455	0.580233	0.412277	0.370889	0.465888	0.675993	0.972342	1.32072	1.66555	1.95618	2.17531	2.26739	2.22965	2.06489	1.78464	1.42079	1.03097	0.62725	0.295394	0.105241	0.0287119	0.00625983	0.00193131	0.00478174	0.0193685	0.0631839	0.159138	0.310766	0.492255	0.688137	0.902147	1.11978	1.32835	1.52516	1.70783	1.86763	2.00377	2.11609	2.20333	2.27093	2.31979	2.34916	2.36212	2.36071	2.3447	2.3117	2.25894	2.18751	2.09569	1.97832	1.83769	1.67288	1.48691	1.28729	1.07714	0.858063	0.647662	0.455107	0.276965	0.134978	0.050861	0.0148191	0.00338998	0.000620646	9.26559e-05	1.147e-05	1.19474e-06	1.06044e-07	8.1088e-09	5.39267e-10	3.14499e-11	1.62014e-12	7.42098e-14	3.45475e-15	1.13729e-14	2.73477e-13	5.94114e-12	1.14799e-10	1.96011e-09	2.93529e-08	3.82233e-07	4.28553e-06	4.08943e-05	
0.000134662	0.000971602	0.00572822	0.0270292	0.0997296	0.281242	0.598826	0.985202	1.36048	1.71846	2.00296	2.19121	2.26856	2.23696	2.11157	1.91643	1.6875	1.45767	1.26625	1.15209	1.12653	1.18713	1.33503	1.54741	1.77964	2.00277	2.17531	2.25759	2.25464	2.12544	1.90121	1.57975	1.21335	0.82993	0.458041	0.192245	0.061057	0.0150156	0.00339722	0.00336328	0.013379	0.0478019	0.132098	0.279879	0.469196	0.676199	0.905807	1.14197	1.37072	1.59196	1.79348	1.96894	2.12001	2.24286	2.34031	2.41503	2.46573	2.49883	2.51949	2.52948	2.52837	2.51625	2.49337	2.45724	2.40199	2.3226	2.22054	2.09191	1.93585	1.75513	1.54897	1.32516	1.09554	0.858063	0.633203	0.429785	0.245869	0.110106	0.037756	0.0100025	0.00208745	0.000350368	4.8205e-05	5.52749e-06	5.35832e-07	4.44534e-08	3.18956e-09	1.99738e-10	1.10038e-11	5.37019e-13	2.34517e-14	3.53489e-15	6.71109e-14	1.53704e-12	3.13998e-11	5.68344e-10	9.05036e-09	1.25767e-07	1.51095e-06	1.55235e-05	
4.61732e-05	0.000365232	0.00238127	0.0125523	0.052318	0.168363	0.410225	0.758227	1.12273	1.47452	1.79889	2.03635	2.2029	2.2676	2.25021	2.1692	2.04471	1.91184	1.79679	1.71699	1.69668	1.74272	1.84012	1.96395	2.09713	2.20715	2.26739	2.25464	2.14769	1.95133	1.67928	1.33477	0.979429	0.612056	0.297277	0.108925	0.030444	0.00687169	0.00273459	0.00815747	0.0318715	0.0981602	0.23093	0.420799	0.63544	0.873297	1.12717	1.37457	1.61719	1.83607	2.03013	2.19725	2.32948	2.43118	2.5041	2.55087	2.58114	2.60004	2.60858	2.61175	2.61141	2.60746	2.59728	2.57609	2.543	2.49186	2.41309	2.30571	2.16653	1.99319	1.79436	1.57017	1.32516	1.07714	0.823466	0.590912	0.380045	0.198927	0.0800737	0.0246215	0.00587618	0.0011123	0.000170534	2.15734e-05	2.28806e-06	2.06236e-07	1.59831e-08	1.07571e-09	6.34207e-11	3.30017e-12	1.52592e-13	6.79803e-15	1.35632e-14	3.23023e-13	6.99661e-12	1.34666e-10	2.28795e-09	3.40534e-08	4.40156e-07	4.89095e-06	
1.31004e-05	0.000113893	0.000823765	0.00487092	0.0230714	0.0855622	0.24293	0.521484	0.864395	1.19953	1.52926	1.81708	2.02893	2.17533	2.25364	2.26766	2.23996	2.18807	2.13394	2.10162	2.09519	2.11125	2.15386	2.21105	2.25442	2.26805	2.22965	2.12544	1.95133	1.71236	1.39753	1.06701	0.726026	0.397217	0.165292	0.0521629	0.0128178	0.00319203	0.00453685	0.0185791	0.0644576	0.171644	0.349524	0.567992	0.808444	1.07474	1.3398	1.60025	1.83968	2.05553	2.23467	2.37639	2.48476	2.55437	2.59372	2.61111	2.61022	2.59718	2.58305	2.57542	2.5763	2.58552	2.60025	2.6117	2.6091	2.58781	2.54331	2.46604	2.35072	2.20202	2.01465	1.79436	1.54897	1.28729	1.02109	0.758141	0.522586	0.309503	0.144302	0.0512862	0.013987	0.00298686	0.00051059	7.1299e-05	8.27684e-06	8.10794e-07	6.78821e-08	4.91056e-09	3.09824e-10	1.71887e-11	8.445e-13	3.70499e-14	3.6149e-15	5.55894e-14	1.27713e-12	2.61741e-11	4.75138e-10	7.58605e-09	1.05672e-07	1.27236e-06	
3.06502e-06	2.92733e-05	0.000234752	0.00155637	0.00837811	0.0358744	0.119552	0.304424	0.591198	0.910891	1.21741	1.51568	1.77531	1.97473	2.1135	2.20136	2.24495	2.25869	2.25801	2.24895	2.24571	2.25243	2.25995	2.25569	2.23264	2.17159	2.06489	1.90121	1.67928	1.39753	1.09562	0.784686	0.467838	0.216217	0.0760623	0.0206336	0.00467998	0.00260499	0.00942155	0.0368969	0.112776	0.262998	0.475788	0.716904	0.985159	1.26701	1.54165	1.80535	2.03814	2.23761	2.39657	2.50882	2.57717	2.60667	2.60574	2.57626	2.53387	2.49397	2.46483	2.44998	2.45168	2.46964	2.50133	2.54256	2.58364	2.60844	2.60328	2.56705	2.48986	2.36821	2.20202	1.99319	1.75513	1.48691	1.21091	0.929142	0.66686	0.430251	0.226993	0.0921905	0.0285682	0.00686022	0.00130482	0.00020081	2.54824e-05	2.70988e-06	2.4485e-07	1.90196e-08	1.28304e-09	7.58239e-11	3.95547e-12	1.8337e-13	7.88758e-15	8.16422e-15	1.92432e-13	4.19929e-12	8.14453e-11	1.39476e-09	2.09342e-08	2.73056e-07	
5.92244e-07	6.19745e-06	5.49261e-05	0.000406704	0.00247675	0.0121848	0.0474952	0.143969	0.33557	0.607788	0.899329	1.1763	1.43608	1.66703	1.8539	1.99497	2.09089	2.15492	2.18878	2.207	2.21277	2.20094	2.17749	2.13348	2.0568	1.94498	1.78464	1.57975	1.33477	1.06701	0.784686	0.493117	0.246504	0.0950618	0.0283289	0.00671798	0.00194301	0.00419582	0.0181774	0.0643088	0.174848	0.363873	0.602095	0.865129	1.1553	1.44594	1.72866	1.98436	2.20817	2.38267	2.51056	2.58555	2.60912	2.58923	2.52942	2.44991	2.36798	2.29221	2.23263	2.2009	2.20454	2.24267	2.3065	2.38423	2.46631	2.54358	2.59702	2.60745	2.5754	2.48986	2.35072	2.16653	1.93585	1.67288	1.3888	1.09595	0.809776	0.552183	0.32078	0.146349	0.0509907	0.0136725	0.00287841	0.000486209	6.72158e-05	7.737e-06	7.52511e-07	6.26244e-08	4.50749e-09	2.83212e-10	1.56592e-11	7.67304e-13	3.35589e-14	2.24572e-15	2.4196e-14	5.60719e-13	1.16073e-11	2.12944e-10	3.43869e-09	4.85013e-08	
9.50267e-08	1.08529e-06	1.05798e-05	8.69807e-05	0.000594891	0.00333288	0.0150408	0.0537641	0.150226	0.327511	0.569162	0.829171	1.0759	1.29957	1.49612	1.65959	1.78782	1.8808	1.94042	1.97461	1.98266	1.96464	1.91952	1.848	1.74031	1.59869	1.42079	1.21335	0.979429	0.726026	0.467838	0.246504	0.102336	0.0331734	0.00848957	0.00195097	0.00174519	0.00762813	0.0313019	0.100275	0.245993	0.466296	0.723794	1.00819	1.31338	1.60911	1.89151	2.13842	2.34176	2.49222	2.57987	2.60901	2.5804	2.49661	2.3784	2.24098	2.09298	1.95299	1.84557	1.79025	1.79652	1.86335	1.97914	2.12278	2.26975	2.40365	2.51695	2.59149	2.60745	2.56705	2.46604	2.30571	2.09191	1.83769	1.55043	1.25254	0.948926	0.67038	0.417869	0.209962	0.0811213	0.0240397	0.00555633	0.00102318	0.000153206	1.8992e-05	1.97949e-06	1.75779e-07	1.34502e-08	8.95519e-10	5.23207e-11	2.70228e-12	1.24185e-13	5.19956e-15	2.73837e-15	6.29004e-14	1.3874e-12	2.72158e-11	4.71793e-10	7.17664e-09	
1.27604e-08	1.58364e-07	1.68902e-06	1.53169e-05	0.000116693	0.000736934	0.00380203	0.0157911	0.0521344	0.136002	0.28256	0.480827	0.700263	0.913003	1.10459	1.26866	1.40271	1.50464	1.57524	1.61243	1.61991	1.60166	1.55114	1.46757	1.35297	1.20636	1.03097	0.82993	0.612056	0.397217	0.216217	0.0950606	0.0331709	0.00918778	0.00209528	0.000811566	0.00271788	0.0128179	0.0485916	0.142512	0.320291	0.564126	0.83815	1.14098	1.45341	1.75378	2.03045	2.26347	2.44409	2.5609	2.60797	2.58639	2.49317	2.34691	2.15804	1.9333	1.69909	1.49248	1.34339	1.26937	1.27769	1.36758	1.52994	1.74488	1.98021	2.19912	2.37946	2.51695	2.59702	2.60328	2.54331	2.41309	2.22054	1.97832	1.6949	1.392	1.07815	0.781529	0.512287	0.278011	0.117281	0.0379364	0.00952621	0.00189507	0.000304871	4.04065e-05	4.4835e-06	4.22276e-07	3.41601e-08	2.39773e-09	1.4732e-10	7.98424e-12	3.84274e-13	1.65298e-14	8.66578e-16	6.00517e-15	1.4038e-13	2.93804e-12	5.45351e-11	8.91944e-10	
1.44683e-09	1.94262e-08	2.25479e-07	2.24085e-06	1.88651e-05	0.000132955	0.000774479	0.00368079	0.0141071	0.0432839	0.10651	0.213527	0.359234	0.525781	0.693019	0.846191	0.976408	1.07904	1.15216	1.19337	1.20273	1.18064	1.12681	1.04146	0.927621	0.787273	0.62725	0.458041	0.297276	0.165291	0.0760579	0.0283169	0.00846171	0.00204768	0.000510171	0.00084015	0.004362	0.0195589	0.0689605	0.187511	0.39216	0.653477	0.942395	1.25978	1.57677	1.87693	2.14478	2.36224	2.51661	2.59793	2.60293	2.52115	2.3681	2.14982	1.86572	1.54573	1.23884	0.985542	0.810042	0.724618	0.734175	0.838191	1.03052	1.29695	1.61025	1.92694	2.19912	2.40365	2.54358	2.60844	2.58781	2.49186	2.3226	2.09569	1.81814	1.51473	1.19522	0.88233	0.598911	0.345213	0.156692	0.0546158	0.014728	0.00313155	0.000535954	7.52501e-05	8.81276e-06	8.73256e-07	7.41154e-08	5.44484e-09	3.49402e-10	1.97411e-11	9.88879e-13	4.4188e-14	1.78849e-15	5.51129e-16	1.21363e-14	2.70348e-13	5.35898e-12	9.39478e-11	
1.39782e-10	2.02204e-09	2.54142e-08	2.75126e-07	2.54068e-06	1.98023e-05	0.000128786	0.000690788	0.00302312	0.010711	0.030681	0.0716768	0.139348	0.231764	0.339599	0.450512	0.553121	0.638866	0.702063	0.739335	0.748188	0.727661	0.679729	0.607029	0.513697	0.406563	0.295394	0.192244	0.108922	0.0521499	0.0205943	0.00661646	0.00172593	0.000389138	0.000249749	0.00122312	0.00644704	0.0273212	0.0905914	0.231456	0.457437	0.732273	1.03425	1.36037	1.67904	1.97926	2.23428	2.43696	2.56214	2.61171	2.56725	2.43379	2.21949	1.91118	1.5311	1.13733	0.783348	0.501961	0.310568	0.218132	0.228457	0.341129	0.551431	0.849084	1.21429	1.61025	1.98021	2.26975	2.46631	2.58364	2.6091	2.543	2.40199	2.18751	1.92161	1.61718	1.29477	0.971417	0.675382	0.407016	0.195915	0.0726617	0.0208034	0.00467728	0.000842876	0.000124123	1.51942e-05	1.56907e-06	1.38432e-07	1.05482e-08	7.00733e-10	4.09172e-11	2.11517e-12	9.74111e-14	4.02014e-15	1.83537e-16	9.08892e-16	2.13904e-14	4.51651e-13	8.46153e-12	
1.16087e-11	1.80226e-10	2.44172e-09	2.86376e-08	2.88193e-07	2.46443e-06	1.77218e-05	0.000106024	0.000522389	0.0021028	0.00689237	0.0184752	0.0410584	0.0772666	0.126147	0.183033	0.24113	0.293375	0.333769	0.358164	0.363976	0.350511	0.319289	0.273559	0.218152	0.159681	0.10524	0.0610484	0.0304107	0.0127096	0.0043818	0.00123629	0.000289097	9.03993e-05	0.000283459	0.00171996	0.00872608	0.0352764	0.111368	0.271018	0.513145	0.797944	1.11048	1.44364	1.76192	2.05804	2.30399	2.4874	2.59105	2.60547	2.51776	2.34136	2.0558	1.65857	1.20535	0.764509	0.382127	0.0831168	-0.118918	-0.216255	-0.205389	-0.0867053	0.135489	0.452505	0.849084	1.29695	1.74488	2.12278	2.38423	2.54256	2.6117	2.57609	2.45724	2.25894	2.00229	1.69939	1.37726	1.0456	0.73909	0.460193	0.231763	0.0902833	0.0271182	0.00637756	0.00119809	0.00018333	2.32501e-05	2.48086e-06	2.25623e-07	1.76849e-08	1.20625e-09	7.21973e-11	3.81977e-12	1.79797e-13	7.57246e-15	2.88906e-16	6.83052e-17	1.4675e-15	3.29195e-14	6.57243e-13	
8.35555e-13	1.38738e-11	2.01788e-10	2.55169e-09	2.78236e-08	2.59258e-07	2.04448e-06	1.35083e-05	7.40572e-05	0.00033413	0.00123481	0.00374242	0.00938606	0.0197954	0.0358097	0.0567219	0.080227	0.103008	0.121586	0.133116	0.135879	0.129477	0.114833	0.0941738	0.0706689	0.0478428	0.0286943	0.0149426	0.00661811	0.002449	0.000748471	0.0001886	4.46534e-05	5.68549e-05	0.000368234	0.00221994	0.0108849	0.0424567	0.129226	0.303451	0.557224	0.849376	1.1691	1.50545	1.82547	2.11582	2.35409	2.52053	2.60724	2.58724	2.47089	2.25263	1.89729	1.43147	0.931305	0.462257	0.0621007	-0.248863	-0.458525	-0.559464	-0.548196	-0.425111	-0.194465	0.135489	0.551431	1.03052	1.52994	1.97914	2.3065	2.50133	2.60025	2.59728	2.49337	2.3117	2.06112	1.763	1.43922	1.10249	0.788635	0.502355	0.261483	0.105657	0.0328964	0.00800186	0.00155109	0.000244373	3.18514e-05	3.4877e-06	3.25104e-07	2.60921e-08	1.82076e-09	1.11417e-10	6.02327e-12	2.89556e-13	1.24498e-14	4.8134e-16	2.01116e-17	8.8433e-17	2.09111e-15	4.4377e-14	
5.25175e-14	9.29738e-13	1.44646e-11	1.96377e-10	2.30859e-09	2.33019e-08	2.00107e-07	1.44815e-06	8.74866e-06	4.37525e-05	0.000180088	0.000609414	0.00170464	0.0039888	0.00793477	0.0136542	0.020679	0.0279906	0.0342789	0.0383117	0.0392905	0.0370261	0.0319592	0.0250959	0.0177489	0.0111511	0.00612243	0.00288689	0.00114948	0.00038138	0.000104696	2.44271e-05	1.17639e-05	6.30542e-05	0.000445657	0.00262941	0.012589	0.0479432	0.142469	0.326779	0.587828	0.884469	1.21023	1.54735	1.86673	2.15531	2.38431	2.54192	2.61278	2.56896	2.43495	2.17933	1.77107	1.26179	0.734638	0.24921	-0.162023	-0.480863	-0.695677	-0.799072	-0.787531	-0.661447	-0.425111	-0.0867053	0.341129	0.838191	1.36758	1.86335	2.24267	2.46964	2.58552	2.60746	2.51625	2.3447	2.10093	1.80543	1.4805	1.14266	0.822701	0.53144	0.282894	0.117195	0.0373746	0.00929572	0.00183977	0.000295668	3.92908e-05	4.38581e-06	4.16797e-07	3.41128e-08	2.42846e-09	1.51667e-10	8.37221e-12	4.11172e-13	1.80697e-14	7.14252e-16	2.56747e-17	5.45785e-18	1.16601e-16	2.62358e-15	
