0.830986	0.52608	0.264175	0.102124	0.0305175	0.0071734	0.00135336	0.000208994	2.76513e-05	7.26416e-06	1.91746e-05	6.81675e-05	0.000204268	0.000512227	0.00108701	0.00198219	0.00315639	0.0044519	0.00562145	0.00640018	0.00659301	0.00614899	0.0051834	0.00393019	0.00265751	0.00158331	0.000818546	0.00036149	0.000134565	4.18095e-05	1.07846e-05	2.30863e-06	4.11692e-07	6.15648e-08	7.78303e-09	8.38983e-10	7.77741e-11	6.25025e-12	4.38726e-13	2.70836e-14	1.47962e-15	7.19427e-17	3.12929e-18	1.22334e-19	4.31641e-21	1.37985e-22	4.01078e-24	1.11185e-25	4.7378e-26	3.45858e-25	2.2351e-24	1.20524e-23	5.39128e-23	1.97704e-22	5.84e-22	1.37794e-21	2.68464e-21	4.80753e-21	1.39121e-20	2.48124e-19	7.61752e-18	2.19715e-16	5.74088e-15	1.35156e-13	2.85303e-12	5.37071e-11	8.96077e-10	1.31591e-08	1.68748e-07	1.87255e-06	1.77937e-05	0.000143046	0.000959297	0.00528003	0.0234165	0.0820401	0.223031	0.467058	0.769802	1.06756	1.35073	1.61314	1.83142	1.99239	2.10346	2.16795	2.20366	2.21633	2.21999	2.22224	2.22085	2.21712	2.20805	2.17727	2.11959	2.0186	1.86828	1.66074	1.40615	1.12427	
0.52608	0.280985	0.117594	0.0383086	0.00982145	0.00201566	0.000337266	4.81239e-05	1.36391e-05	3.95741e-05	0.000154318	0.000505603	0.00137891	0.00316041	0.00618223	0.0105112	0.0158094	0.0213433	0.0261403	0.0292501	0.0300106	0.0282548	0.024366	0.0191521	0.0136047	0.00862838	0.0048084	0.00231221	0.000943494	0.000322356	9.14393e-05	2.14746e-05	4.18541e-06	6.81027e-07	9.32542e-08	1.08408e-08	1.07939e-09	9.28277e-11	6.94994e-12	4.5627e-13	2.64397e-14	1.36041e-15	6.24889e-17	2.57499e-18	9.56109e-20	3.2117e-21	9.79794e-23	2.95372e-24	2.10469e-24	1.50405e-23	9.31536e-23	4.82173e-22	2.07491e-21	7.344e-21	2.10549e-20	4.85958e-20	9.30123e-20	1.57472e-19	2.35332e-19	3.10948e-19	1.06205e-18	2.39925e-17	6.56371e-16	1.63597e-14	3.66666e-13	7.35104e-12	1.31083e-10	2.06582e-09	2.85658e-08	3.43744e-07	3.56599e-06	3.15501e-05	0.000235139	0.00145547	0.00736386	0.0299304	0.0960861	0.240724	0.471924	0.74726	1.01747	1.26796	1.4961	1.69145	1.84555	1.96109	2.03964	2.08817	2.11508	2.12352	2.11849	2.09528	2.05109	1.98001	1.87139	1.72598	1.53784	1.31599	1.06906	0.802717	
0.264175	0.117594	0.0413111	0.0114837	0.00255662	0.000463083	7.12815e-05	2.17952e-05	6.91789e-05	0.000294565	0.00105047	0.00309977	0.00762067	0.0158354	0.0283657	0.0447283	0.0632622	0.0814437	0.0964699	0.105886	0.108149	0.102904	0.0909977	0.0743842	0.0557294	0.0378001	0.0228377	0.0120455	0.00543462	0.00206123	0.000649149	0.000168781	3.62498e-05	6.46465e-06	9.64859e-07	1.21617e-07	1.30665e-08	1.20735e-09	9.67483e-11	6.77505e-12	4.17509e-13	2.27847e-14	1.10743e-15	4.81857e-17	1.8857e-18	6.66511e-20	2.13691e-21	7.24269e-23	8.67864e-23	6.01351e-22	3.5654e-21	1.76959e-20	7.31841e-20	2.49802e-19	6.94592e-19	1.56716e-18	2.94923e-18	4.89515e-18	7.14554e-18	8.66244e-18	8.54413e-18	8.90566e-18	6.82307e-17	1.68398e-15	3.99542e-14	8.51609e-13	1.61978e-11	2.73301e-10	4.06369e-09	5.28502e-08	5.96127e-07	5.77588e-06	4.75482e-05	0.000328485	0.00187829	0.00875767	0.0328006	0.0974683	0.228814	0.429682	0.668864	0.908537	1.12934	1.32558	1.49052	1.62434	1.72588	1.79811	1.83885	1.85195	1.84349	1.80905	1.74262	1.64724	1.51989	1.36127	1.17087	0.954769	0.717739	0.476158	
0.102124	0.0383086	0.0114837	0.00276688	0.000542303	9.01244e-05	2.97387e-05	0.000102827	0.000476457	0.00184384	0.00586876	0.0154115	0.0337873	0.0630855	0.102766	0.149492	0.198002	0.242285	0.276899	0.29773	0.302642	0.291228	0.26453	0.225475	0.178805	0.130291	0.0858361	0.0500472	0.0252132	0.0107348	0.00379704	0.0011051	0.00026417	5.20847e-05	8.53648e-06	1.17408e-06	1.36851e-07	1.36486e-08	1.17519e-09	8.8078e-11	5.78903e-12	3.35925e-13	1.73145e-14	7.97039e-16	3.29299e-17	1.22652e-18	4.13936e-20	1.67508e-21	3.30364e-21	2.20446e-20	1.24962e-19	5.94e-19	2.35832e-18	7.75564e-18	2.08986e-17	4.60565e-17	8.51557e-17	1.3857e-16	1.98163e-16	2.3755e-16	2.32775e-16	1.87091e-16	1.32128e-16	2.24025e-16	3.76336e-15	8.42442e-14	1.70506e-12	3.07224e-11	4.89726e-10	6.85898e-09	8.37591e-08	8.84104e-07	7.98794e-06	6.11051e-05	0.000391005	0.00206589	0.00889503	0.0308535	0.0856584	0.191094	0.349299	0.541434	0.741141	0.929532	1.0952	1.23182	1.33875	1.41647	1.46473	1.4832	1.47066	1.4284	1.35665	1.25551	1.12504	0.964756	0.780299	0.581535	0.385877	0.218853	
0.0305175	0.00982145	0.00255662	0.000542303	9.74348e-05	3.47201e-05	0.000130301	0.000655327	0.00274711	0.00941968	0.026383	0.0608161	0.117504	0.195424	0.287837	0.384916	0.476419	0.553589	0.610357	0.643307	0.651013	0.633187	0.590477	0.525002	0.441225	0.346316	0.249826	0.162142	0.0921421	0.0445979	0.017962	0.00593062	0.00159711	0.000351804	6.38808e-05	9.65845e-06	1.22901e-06	1.32997e-07	1.23595e-08	9.95169e-10	6.99888e-11	4.33052e-12	2.37276e-13	1.15799e-14	5.06023e-16	1.98933e-17	7.08249e-19	3.78333e-20	1.15528e-19	7.38716e-19	3.998e-18	1.81767e-17	6.9195e-17	2.19013e-16	5.71406e-16	1.22892e-15	2.23059e-15	3.55815e-15	4.987e-15	5.91303e-15	5.80116e-15	4.72021e-15	3.2707e-15	2.0096e-15	1.3665e-15	7.64852e-15	1.54369e-13	2.95946e-12	5.04221e-11	7.57832e-10	9.97697e-09	1.14148e-07	1.12499e-06	9.45776e-06	6.70983e-05	0.000397125	0.00193808	0.00771712	0.0248933	0.0650456	0.139174	0.249442	0.386192	0.533663	0.677002	0.803973	0.90732	0.983354	1.0313	1.0498	1.03731	0.995044	0.924663	0.826583	0.703929	0.563009	0.41526	0.275014	0.158382	0.0767673	
0.0071734	0.00201566	0.000463083	9.01244e-05	3.47201e-05	0.000140979	0.000768145	0.00348522	0.0128791	0.0385175	0.093397	0.186221	0.313804	0.462562	0.615734	0.758924	0.881522	0.977903	1.04546	1.08457	1.09398	1.07262	1.02205	0.942892	0.835494	0.70381	0.555028	0.401773	0.259458	0.144539	0.0673089	0.0256145	0.00788516	0.00196511	0.000399518	6.69856e-05	9.37257e-06	1.10712e-06	1.11601e-07	9.6947e-09	7.3218e-10	4.84548e-11	2.82972e-12	1.46746e-13	6.79595e-15	2.82484e-16	1.06457e-17	8.67235e-19	3.69456e-18	2.25532e-17	1.16354e-16	5.05213e-16	1.84157e-15	5.60346e-15	1.41407e-14	2.96503e-14	5.27847e-14	8.25274e-14	1.13413e-13	1.33019e-13	1.30662e-13	1.07709e-13	7.61753e-14	4.74834e-14	2.58881e-14	1.23935e-14	1.65836e-14	2.47712e-13	4.4728e-12	7.18939e-11	1.01639e-09	1.25456e-08	1.34116e-07	1.23071e-06	9.6004e-06	6.30048e-05	0.000344205	0.00155009	0.00571205	0.0171842	0.0424476	0.0874112	0.153541	0.236319	0.327303	0.416628	0.495128	0.555927	0.594897	0.609787	0.599819	0.565492	0.508787	0.433362	0.34551	0.254068	0.168886	0.0989026	0.0496402	0.0208222	
0.00135336	0.000337266	7.12815e-05	2.97387e-05	0.000130301	0.000768145	0.00377219	0.0150476	0.0482232	0.123559	0.255001	0.434756	0.637759	0.83935	1.02333	1.18108	1.30822	1.40564	1.47344	1.51292	1.52251	1.5007	1.44976	1.37028	1.26093	1.12153	0.952506	0.760036	0.555666	0.35848	0.195724	0.0873444	0.0312621	0.00894666	0.00206188	0.000387265	6.00753e-05	7.79853e-06	8.57482e-07	8.07386e-08	6.57377e-09	4.66854e-10	2.91415e-11	1.60978e-12	7.91735e-14	3.48605e-15	1.39981e-16	2.05416e-17	1.07577e-16	6.25017e-16	3.06845e-15	1.27031e-14	4.4271e-14	1.29328e-13	3.15325e-13	6.43906e-13	1.1232e-12	1.72089e-12	2.31989e-12	2.69192e-12	2.64743e-12	2.2105e-12	1.59513e-12	1.01464e-12	5.64497e-13	2.66411e-13	1.0576e-13	5.23429e-14	3.53976e-13	5.90634e-12	8.93103e-11	1.18427e-09	1.36634e-08	1.36037e-07	1.15838e-06	8.35606e-06	5.05657e-05	0.000254321	0.00105517	0.0035979	0.0101064	0.0236222	0.0467306	0.0799441	0.121064	0.165736	0.208414	0.243668	0.267162	0.276293	0.270191	0.24941	0.216192	0.174578	0.129834	0.0875995	0.052545	0.0273772	0.0121093	0.00446121	
0.000208994	4.81239e-05	2.17952e-05	0.000102827	0.000655327	0.00348522	0.0150476	0.0519539	0.141838	0.305887	0.531299	0.777674	1.01458	1.22921	1.41639	1.57156	1.69459	1.78579	1.84864	1.88007	1.88608	1.87055	1.8271	1.75275	1.64945	1.51303	1.34535	1.14593	0.921955	0.678964	0.435818	0.23131	0.0979683	0.0327329	0.00867202	0.00184549	0.000320327	4.6038e-05	5.55516e-06	5.69783e-07	5.02224e-08	3.84085e-09	2.5702e-10	1.51618e-11	7.9367e-13	3.70896e-14	1.61119e-15	4.93586e-16	2.83946e-15	1.56586e-14	7.301e-14	2.87649e-13	9.56823e-13	2.67963e-12	6.30435e-12	1.25223e-11	2.138e-11	3.20924e-11	4.24589e-11	4.87529e-11	4.80046e-11	4.05877e-11	2.98713e-11	1.93973e-11	1.10345e-11	5.36372e-12	2.19402e-12	7.54575e-13	2.40992e-13	4.76094e-13	6.83397e-12	9.6828e-11	1.20029e-09	1.28978e-08	1.1914e-07	9.3763e-07	6.22937e-06	3.46271e-05	0.00015982	0.00060954	0.00192096	0.0050336	0.0111038	0.0209727	0.0345907	0.0508089	0.0675398	0.0822285	0.0924574	0.096536	0.0938055	0.0847022	0.0707231	0.0541862	0.0376709	0.0234036	0.0127454	0.00596258	0.00235197	0.000771368	
2.76513e-05	1.36391e-05	6.91789e-05	0.000476457	0.00274711	0.0128791	0.0482232	0.141838	0.324619	0.58392	0.863462	1.12847	1.37511	1.59385	1.77633	1.91468	2.01568	2.07926	2.11889	2.13717	2.13964	2.1318	2.10587	2.05748	1.98004	1.86397	1.70849	1.51033	1.27854	1.02486	0.751987	0.473614	0.240276	0.0952083	0.0294177	0.00717877	0.00140775	0.000225746	3.00807e-05	3.37814e-06	3.23706e-07	2.67529e-08	1.92488e-09	1.21564e-10	6.78732e-12	3.37342e-13	1.64922e-14	1.15544e-14	6.76235e-14	3.53028e-13	1.55984e-12	5.83634e-12	1.84945e-11	4.95723e-11	1.12379e-10	2.16832e-10	3.61917e-10	5.32077e-10	6.91195e-10	7.85576e-10	7.7442e-10	6.6281e-10	4.97301e-10	3.29831e-10	1.92104e-10	9.63174e-11	4.09677e-11	1.47217e-11	4.47356e-12	1.17722e-12	7.07705e-13	6.95661e-12	9.16817e-11	1.05832e-09	1.05478e-08	8.99932e-08	6.51549e-07	3.96826e-06	2.01738e-05	8.51264e-05	0.000297587	0.000864695	0.00210671	0.00436022	0.00779003	0.0122269	0.0171266	0.0216653	0.0249537	0.0262953	0.0253951	0.0224516	0.018094	0.0131936	0.00860822	0.00494994	0.0024649	0.00104485	0.000371513	0.000109785	
7.26416e-06	3.95741e-05	0.000294565	0.00184384	0.00941968	0.0385175	0.123559	0.305887	0.58392	0.891783	1.18394	1.46666	1.71598	1.91321	2.05338	2.14294	2.19228	2.21509	2.21913	2.22165	2.22244	2.22069	2.21837	2.20865	2.17564	2.11317	2.003	1.84172	1.62156	1.35563	1.06933	0.768892	0.463904	0.219768	0.0801188	0.0226632	0.00506648	0.000913163	0.000135166	1.66998e-05	1.74652e-06	1.56492e-07	1.21393e-08	8.22625e-10	4.90842e-11	2.60108e-12	1.58732e-13	2.53572e-13	1.44588e-12	7.12589e-12	2.97623e-11	1.05506e-10	3.17818e-10	8.13813e-10	1.7748e-09	3.32138e-09	5.41238e-09	7.79042e-09	9.94139e-09	1.11875e-08	1.10411e-08	9.56217e-09	7.31118e-09	4.95559e-09	2.95946e-09	1.53279e-09	6.79054e-10	2.55831e-10	8.1858e-11	2.22511e-11	5.16769e-12	1.44386e-12	6.3027e-12	7.5792e-11	8.10989e-10	7.46086e-09	5.84961e-08	3.87547e-07	2.15245e-06	9.95886e-06	3.8256e-05	0.000122127	0.000325863	0.000733829	0.00141252	0.00235895	0.00346929	0.00454683	0.00535385	0.00568915	0.00546374	0.00473791	0.0036956	0.00257367	0.0015825	0.00084667	0.000388113	0.000150289	4.86441e-05	1.34652e-05	
1.91746e-05	0.000154318	0.00105047	0.00586876	0.026383	0.093397	0.255001	0.531299	0.863462	1.18394	1.49874	1.77671	1.98085	2.12486	2.20253	2.22857	2.21261	2.17664	2.13616	2.10275	2.09343	2.11384	2.15203	2.19169	2.22337	2.22376	2.17837	2.0751	1.90724	1.67346	1.37429	1.05841	0.729327	0.408727	0.176299	0.0581729	0.0149202	0.00303911	0.000501978	6.84852e-05	7.84091e-06	7.63611e-07	6.39947e-08	4.66133e-09	2.97669e-10	1.68923e-11	1.62332e-12	5.08004e-12	2.76024e-11	1.28038e-10	5.04069e-10	1.68844e-09	4.82313e-09	1.17737e-08	2.46558e-08	4.46757e-08	7.09703e-08	9.99648e-08	1.25366e-07	1.39742e-07	1.38064e-07	1.20939e-07	9.42006e-08	6.52977e-08	4.0049e-08	2.14636e-08	9.92243e-09	3.92776e-09	1.32704e-09	3.82114e-10	9.37112e-11	1.95921e-11	3.84209e-12	5.29541e-12	5.46523e-11	5.38965e-10	4.55182e-09	3.26057e-08	1.96502e-07	9.89484e-07	4.14422e-06	1.44226e-05	4.18412e-05	0.000101886	0.000210249	0.000372142	0.000572688	0.000775341	0.000931281	0.000996972	0.000952745	0.000811961	0.000614699	0.00041023	0.000238633	0.000119363	5.06704e-05	1.80628e-05	5.52638e-06	3.2778e-06	
6.81675e-05	0.000505603	0.00309977	0.0154115	0.0608161	0.186221	0.434756	0.777674	1.12847	1.46666	1.77671	1.99966	2.1589	2.22774	2.22261	2.15335	2.05098	1.9383	1.84071	1.7838	1.77059	1.80133	1.87557	1.98337	2.09408	2.18572	2.23322	2.21163	2.10379	1.92078	1.66083	1.33207	0.991297	0.635014	0.320189	0.122971	0.0362228	0.00835384	0.00154258	0.000232771	2.92143e-05	3.09578e-06	2.80547e-07	2.19809e-08	1.50332e-09	9.25527e-11	1.98834e-11	9.13586e-11	4.67592e-10	2.0346e-09	7.52558e-09	2.37458e-08	6.41469e-08	1.48921e-07	2.98837e-07	5.23263e-07	8.08976e-07	1.11439e-06	1.37396e-06	1.51761e-06	1.50094e-06	1.32922e-06	1.05447e-06	7.48128e-07	4.72099e-07	2.6232e-07	1.26812e-07	5.28734e-08	1.89164e-08	5.78834e-09	1.51171e-09	3.36504e-10	6.38261e-11	1.05783e-11	4.66274e-12	3.43564e-11	3.09633e-10	2.3857e-09	1.55121e-08	8.44841e-08	3.8328e-07	1.44467e-06	4.52893e-06	1.18606e-05	2.61245e-05	4.88405e-05	7.8409e-05	0.000109363	0.000133711	0.000144076	0.00013709	0.000115043	8.47528e-05	5.43648e-05	3.00203e-05	1.40984e-05	5.57534e-06	1.89817e-06	1.2455e-06	7.82653e-06	
0.000204268	0.00137891	0.00762067	0.0337873	0.117504	0.313804	0.637759	1.01458	1.37511	1.71598	1.98085	2.1589	2.23063	2.20269	2.08917	1.92205	1.71751	1.52014	1.35623	1.24762	1.22039	1.28233	1.4164	1.59543	1.80025	1.99533	2.14635	2.22285	2.21836	2.09652	1.88883	1.58409	1.23292	0.864453	0.496427	0.219187	0.0737118	0.0191859	0.00395272	0.000658766	9.05335e-05	1.0429e-05	1.02112e-06	8.59931e-08	6.29722e-09	4.42317e-10	2.80663e-10	1.45807e-09	6.98032e-09	2.8381e-08	9.826e-08	2.91039e-07	7.4116e-07	1.63192e-06	3.13047e-06	5.28516e-06	7.93718e-06	1.06847e-05	1.29542e-05	1.41844e-05	1.40423e-05	1.25671e-05	1.01523e-05	7.37987e-06	4.80119e-06	2.77208e-06	1.40475e-06	6.18661e-07	2.35138e-07	7.67365e-08	2.14232e-08	5.10316e-09	1.03562e-09	1.79037e-10	2.65735e-11	5.25051e-12	1.89104e-11	1.53103e-10	1.06862e-09	6.26194e-09	3.06032e-08	1.24244e-07	4.18691e-07	1.17377e-06	2.74904e-06	5.41211e-06	9.04051e-06	1.29589e-05	1.60968e-05	1.74431e-05	1.6535e-05	1.36871e-05	9.83554e-06	6.07982e-06	3.19657e-06	1.41586e-06	5.4087e-07	3.95408e-07	2.67161e-06	2.52184e-05	
0.000512227	0.00316041	0.0158354	0.0630855	0.195424	0.462562	0.83935	1.22921	1.59385	1.91321	2.12486	2.22774	2.20269	2.07151	1.83692	1.54251	1.23412	0.941061	0.705507	0.567258	0.534791	0.609984	0.789061	1.05357	1.35831	1.668	1.93702	2.13745	2.22579	2.20044	2.05226	1.79615	1.45014	1.07617	0.681869	0.339222	0.128638	0.0374746	0.00856135	0.00156833	0.000235073	2.93381e-05	3.09454e-06	2.79392e-07	2.1911e-08	2.11711e-09	3.98131e-09	2.04592e-08	9.11023e-08	3.44575e-07	1.11184e-06	3.07883e-06	7.36453e-06	1.53313e-05	2.80361e-05	4.55217e-05	6.6267e-05	8.70864e-05	0.000103836	0.000112749	0.000111725	0.000101005	8.31005e-05	6.19679e-05	4.16577e-05	2.5057e-05	1.33475e-05	6.22917e-06	2.52455e-06	8.82309e-07	2.64471e-07	6.77189e-08	1.47731e-08	2.74296e-09	4.33872e-10	5.87211e-11	7.78196e-12	9.3548e-12	6.48163e-11	4.06468e-10	2.12993e-09	9.27015e-09	3.3431e-08	9.99237e-08	2.48009e-07	5.1283e-07	8.89333e-07	1.30729e-06	1.64694e-06	1.79354e-06	1.69459e-06	1.38577e-06	9.7339e-07	5.81159e-07	2.91944e-07	1.26462e-07	1.03825e-07	7.55351e-07	7.74348e-06	6.86826e-05	
0.00108701	0.00618223	0.0283657	0.102766	0.287837	0.615734	1.02333	1.41639	1.77633	2.05338	2.20253	2.22261	2.08917	1.83692	1.48467	1.07114	0.640812	0.250144	-0.0541172	-0.244633	-0.292427	-0.184341	0.0551825	0.39841	0.813883	1.23817	1.63465	1.95292	2.15727	2.23346	2.1575	1.95665	1.63647	1.26251	0.857662	0.469487	0.197362	0.0635453	0.0159414	0.00318437	0.000517114	6.95244e-05	7.8609e-06	7.5767e-07	6.42508e-08	1.35059e-08	5.17142e-08	2.50103e-07	1.03009e-06	3.60557e-06	1.07884e-05	2.77991e-05	6.21978e-05	0.00012198	0.000211968	0.000330028	0.000464583	0.000595282	0.000697895	0.000751661	0.000745506	0.000680692	0.000570547	0.000437107	0.000304403	0.000191316	0.000107471	5.33468e-05	2.31528e-05	8.70712e-06	2.8166e-06	7.79301e-07	1.83698e-07	3.68166e-08	6.27458e-09	9.11428e-10	1.13342e-10	1.25524e-11	4.59747e-12	2.33731e-11	1.303e-10	6.05496e-10	2.32776e-09	7.39206e-09	1.93862e-08	4.20074e-08	7.54818e-08	1.13566e-07	1.44892e-07	1.58475e-07	1.49303e-07	1.20781e-07	8.30846e-08	4.80527e-08	2.39262e-08	2.22604e-08	1.74691e-07	1.95062e-06	1.90094e-05	0.000157192	
0.00198219	0.0105112	0.0447283	0.149492	0.384916	0.758924	1.18108	1.57156	1.91468	2.14294	2.22857	2.15335	1.92205	1.54251	1.07114	0.533042	-0.00019907	-0.484036	-0.876277	-1.12103	-1.18006	-1.04471	-0.733584	-0.298812	0.209549	0.752035	1.26811	1.70979	2.03072	2.205	2.21027	2.07022	1.78676	1.41964	1.01262	0.596319	0.272624	0.0955147	0.0259765	0.00559787	0.000975926	0.000140238	1.68807e-05	1.72813e-06	1.6945e-07	1.22976e-07	5.90364e-07	2.63738e-06	9.98474e-06	3.21462e-05	8.8671e-05	0.000211456	0.000440413	0.000810313	0.00133319	0.00198381	0.00269333	0.00335944	0.00387055	0.00413505	0.00410486	0.00378545	0.00323481	0.00255073	0.00184537	0.00121599	0.000723012	0.000383343	0.000179046	7.28584e-05	2.55872e-05	7.69697e-06	1.97242e-06	4.292e-07	7.9245e-08	1.24358e-08	1.66493e-09	1.91171e-10	1.90992e-11	2.81282e-12	7.17893e-12	3.49009e-11	1.4252e-10	4.79382e-10	1.325e-09	3.00265e-09	5.58116e-09	8.58016e-09	1.10718e-08	1.21559e-08	1.14237e-08	9.1528e-09	6.18315e-09	3.59719e-09	3.83454e-09	3.2532e-08	3.97243e-07	4.27136e-06	3.93235e-05	0.000305949	
0.00315639	0.0158094	0.0632622	0.198002	0.476419	0.881522	1.30822	1.69459	2.01568	2.19228	2.21261	2.05098	1.71751	1.23412	0.640812	-0.00019907	-0.634764	-1.213	-1.6572	-1.91736	-1.97817	-1.83761	-1.49948	-0.991722	-0.385252	0.255126	0.889552	1.44347	1.87065	2.13892	2.22515	2.14063	1.89923	1.54617	1.14121	0.709062	0.345975	0.129707	0.0376848	0.00864894	0.00160053	0.000243359	3.09104e-05	3.35598e-06	5.15597e-07	1.22305e-06	5.8083e-06	2.37236e-05	8.19573e-05	0.000240959	0.000608511	0.00133455	0.00257327	0.00442097	0.00685834	0.00971744	0.0126872	0.0153757	0.0173921	0.0184248	0.0183072	0.0170584	0.0148785	0.0121006	0.0091224	0.00632618	0.00399801	0.0022751	0.00115001	0.000509632	0.000195676	6.44631e-05	1.80887e-05	4.30319e-06	8.66305e-07	1.47736e-07	2.1415e-08	2.65205e-09	2.82312e-10	2.60531e-11	2.42575e-12	1.93277e-12	7.73777e-12	2.74626e-11	7.98145e-11	1.88824e-10	3.62539e-10	5.68639e-10	7.41311e-10	8.16644e-10	7.65787e-10	6.09078e-10	4.20254e-10	5.20342e-10	4.78876e-09	6.42695e-08	7.66402e-07	7.89231e-06	6.93709e-05	0.000513703	
0.0044519	0.0213433	0.0814437	0.242285	0.553589	0.977903	1.40564	1.78579	2.07926	2.21509	2.17664	1.9383	1.52014	0.941061	0.250144	-0.484036	-1.213	-1.85582	-2.36056	-2.68298	-2.76305	-2.5803	-2.17797	-1.61235	-0.926792	-0.188624	0.536341	1.18988	1.70585	2.05884	2.21182	2.18228	1.97883	1.64091	1.24077	0.800713	0.409733	0.161629	0.0493987	0.0119064	0.00230903	0.000367143	4.87066e-05	5.79341e-06	2.6319e-06	1.10782e-05	4.85598e-05	0.00017968	0.000561565	0.00149494	0.00342873	0.00686603	0.012182	0.0194432	0.0283147	0.0380551	0.0476438	0.0559845	0.0620837	0.065172	0.0648214	0.0610816	0.054462	0.0457858	0.0360772	0.026434	0.0178362	0.0109507	0.00602841	0.00293079	0.00124039	0.000451391	0.000139896	3.66863e-05	8.11498e-06	1.51439e-06	2.39147e-07	3.21194e-08	3.69203e-09	3.65692e-10	3.1442e-11	2.44087e-12	5.29274e-13	1.40811e-12	4.26733e-12	1.05217e-11	2.08411e-11	3.33067e-11	4.3824e-11	4.84248e-11	4.53899e-11	3.73285e-11	5.44315e-11	5.46654e-10	8.10918e-09	1.07844e-07	1.24847e-06	1.24498e-05	0.000105721	0.000754318	
0.00562145	0.0261403	0.0964699	0.276899	0.610357	1.04546	1.47344	1.84864	2.11889	2.21913	2.13616	1.84071	1.35623	0.705507	-0.0541172	-0.876277	-1.6572	-2.36056	-2.98451	-3.42354	-3.53627	-3.28015	-2.74893	-2.08724	-1.35536	-0.546965	0.262314	0.980229	1.57259	1.98332	2.19275	2.20201	2.02683	1.70442	1.31072	0.867205	0.457971	0.186995	0.0591892	0.0147656	0.0029604	0.000486029	6.6885e-05	1.08831e-05	1.89181e-05	8.59864e-05	0.000340173	0.00112867	0.00315874	0.00753859	0.0155605	0.0282303	0.0457993	0.0675733	0.0920046	0.116929	0.140073	0.15933	0.172968	0.17974	0.178975	0.170751	0.15587	0.135683	0.112003	0.0869929	0.062932	0.0418999	0.0252848	0.0135943	0.00640152	0.00259953	0.000899026	0.000262482	6.43857e-05	1.3258e-05	2.29765e-06	3.3682e-07	4.2039e-08	4.49962e-09	4.16062e-10	3.34772e-11	2.37535e-12	2.10328e-13	2.11758e-13	5.23188e-13	1.06716e-12	1.73559e-12	2.30306e-12	2.55616e-12	2.49876e-12	4.31449e-12	4.77086e-11	7.85883e-10	1.1709e-08	1.53007e-07	1.73706e-06	1.69598e-05	0.000140744	0.000979232	
0.00640018	0.0292501	0.105886	0.29773	0.643307	1.08457	1.51292	1.88007	2.13717	2.22165	2.10275	1.7838	1.24762	0.567258	-0.244633	-1.12103	-1.91736	-2.68298	-3.42354	-3.9583	-4.0956	-3.78337	-3.13885	-2.37506	-1.60952	-0.776771	0.0983352	0.850476	1.4869	1.93516	2.17664	2.2077	2.05572	1.7386	1.34897	0.905727	0.48678	0.202529	0.0653615	0.0166262	0.00339788	0.000568757	8.32951e-05	3.52357e-05	0.000132789	0.00055823	0.00196567	0.00577831	0.0143087	0.0302748	0.0557039	0.0908916	0.134166	0.182432	0.231836	0.278518	0.31935	0.35177	0.373801	0.38435	0.383173	0.370285	0.346058	0.311772	0.269549	0.22205	0.172556	0.124995	0.0831264	0.0498081	0.0263567	0.0120813	0.00471932	0.00155241	0.000426995	9.79898e-05	1.87999e-05	3.03075e-06	4.13389e-07	4.80781e-08	4.80576e-09	4.16062e-10	3.14279e-11	2.08784e-12	1.31023e-13	2.96676e-14	4.92463e-14	8.09511e-14	1.0845e-13	1.26422e-13	2.5853e-13	3.16946e-12	5.80723e-11	9.70764e-10	1.43398e-08	1.85564e-07	2.08483e-06	2.01274e-05	0.000164979	0.0011322	
0.00659301	0.0300106	0.108149	0.302642	0.651013	1.09398	1.52251	1.88608	2.13964	2.22244	2.09343	1.77059	1.22039	0.534791	-0.292427	-1.18006	-1.97817	-2.76305	-3.53627	-4.0956	-4.239	-3.91295	-3.23831	-2.44417	-1.66838	-0.8332	0.0596307	0.820442	1.46533	1.92458	2.1719	2.20944	2.06394	1.74585	1.35724	0.914722	0.493628	0.20624	0.0668499	0.0170809	0.00350694	0.000593803	0.000114544	0.000185643	0.000797126	0.0029784	0.00920499	0.0236422	0.0511241	0.0948437	0.154367	0.225738	0.303268	0.381241	0.454479	0.519522	0.573685	0.615176	0.64248	0.6551	0.653707	0.638202	0.607979	0.563804	0.507312	0.440401	0.365907	0.287575	0.21082	0.141379	0.0847768	0.0443819	0.0198502	0.00746043	0.00233174	0.00060354	0.000129532	2.31694e-05	3.47977e-06	4.42553e-07	4.80781e-08	4.49961e-09	3.65689e-10	2.59993e-11	1.62832e-12	9.12676e-14	6.48837e-15	3.60134e-15	4.83463e-15	1.17081e-14	1.59366e-13	3.25083e-12	6.09906e-11	1.01831e-09	1.5011e-08	1.93835e-07	2.17287e-06	2.09264e-05	0.000171067	0.0011704	
0.00614899	0.0282548	0.102904	0.291228	0.633187	1.07262	1.5007	1.87055	2.1318	2.22069	2.11384	1.80133	1.28233	0.609984	-0.184341	-1.04471	-1.83761	-2.5803	-3.28015	-3.78337	-3.91295	-3.61885	-3.01186	-2.2839	-1.53081	-0.703966	0.149498	0.890469	1.51429	1.94964	2.18211	2.20567	2.04665	1.72881	1.33745	0.893727	0.477753	0.19764	0.0634033	0.0160309	0.00326144	0.000576456	0.000279439	0.000998346	0.00393958	0.0128331	0.0342712	0.0757717	0.141384	0.228467	0.329156	0.434812	0.538752	0.636311	0.723974	0.800435	0.863012	0.910479	0.942454	0.958026	0.956279	0.937356	0.9022	0.851676	0.786198	0.707319	0.617556	0.518382	0.41368	0.308423	0.209721	0.126394	0.0655756	0.0285944	0.0103135	0.00305398	0.000742352	0.000148886	2.48386e-05	3.47977e-06	4.13389e-07	4.2039e-08	3.69203e-09	2.82305e-10	1.89329e-11	1.12117e-12	5.90495e-14	2.90708e-15	5.13166e-16	5.97231e-15	1.35819e-13	2.8648e-12	5.41008e-11	9.08177e-10	1.34594e-08	1.74748e-07	1.97003e-06	1.90878e-05	0.000157069	0.00108255	
0.0051834	0.024366	0.0909977	0.26453	0.590477	1.02205	1.44976	1.8271	2.10587	2.21837	2.15203	1.87557	1.4164	0.789061	0.0551825	-0.733584	-1.49948	-2.17797	-2.74893	-3.13885	-3.23831	-3.01186	-2.53534	-1.91743	-1.20265	-0.416241	0.359659	1.05645	1.62133	2.01169	2.20063	2.19651	2.01	1.68256	1.28664	0.843886	0.440789	0.177835	0.0556052	0.0137088	0.00274863	0.00064813	0.00113313	0.00456364	0.0157184	0.0438774	0.0996449	0.187402	0.30072	0.42701	0.55615	0.682855	0.804224	0.91689	1.0187	1.10663	1.1789	1.23282	1.26937	1.28825	1.28611	1.26341	1.22342	1.16592	1.09027	0.999423	0.895147	0.780583	0.657791	0.530398	0.401253	0.276645	0.167462	0.0858689	0.036332	0.0125085	0.00349365	0.000795304	0.000148886	2.31694e-05	3.03075e-06	3.3682e-07	3.21194e-08	2.65205e-09	1.91151e-10	1.21153e-11	6.79686e-13	3.3961e-14	1.68287e-15	4.24069e-15	9.90729e-14	2.11486e-12	4.0388e-11	6.85926e-10	1.02911e-08	1.35366e-07	1.54756e-06	1.52236e-05	0.000127369	0.000894109	
0.00393019	0.0191521	0.0743842	0.225475	0.525002	0.942892	1.37028	1.75275	2.05748	2.20865	2.19169	1.98337	1.59543	1.05357	0.39841	-0.298812	-0.991722	-1.61235	-2.08724	-2.37506	-2.44417	-2.2839	-1.91743	-1.3784	-0.718266	-0.0185477	0.671166	1.28735	1.7693	2.09161	2.21917	2.16859	1.95128	1.60687	1.20447	0.766912	0.385777	0.149381	0.0448155	0.0106343	0.00220491	0.00133317	0.00465919	0.0169588	0.0498669	0.117381	0.224246	0.359427	0.506366	0.656148	0.806868	0.955038	1.09629	1.22417	1.33778	1.43161	1.50789	1.56464	1.60029	1.61684	1.61502	1.5947	1.55501	1.49421	1.41434	1.31656	1.19961	1.06896	0.925703	0.776722	0.625977	0.476496	0.331021	0.199978	0.10053	0.0409037	0.0133364	0.00349365	0.000742352	0.000129532	1.87999e-05	2.29765e-06	2.39147e-07	2.1415e-08	1.66493e-09	1.13295e-10	6.7967e-12	3.61789e-13	1.72779e-14	3.18756e-15	5.92663e-14	1.28654e-12	2.50206e-11	4.33234e-10	6.63534e-09	8.92268e-08	1.04454e-06	1.05415e-05	9.06729e-05	0.000655985	
0.00265751	0.0136047	0.0557294	0.178805	0.441225	0.835494	1.26093	1.64945	1.98004	2.17564	2.22337	2.09408	1.80025	1.35831	0.813883	0.209549	-0.385252	-0.926792	-1.35536	-1.60952	-1.66838	-1.53081	-1.20265	-0.718266	-0.150567	0.449972	1.04297	1.55003	1.93662	2.16766	2.22369	2.11716	1.85794	1.49915	1.09333	0.666253	0.317348	0.115996	0.0328892	0.00750637	0.00217326	0.00429806	0.0161467	0.0504522	0.124695	0.245344	0.397398	0.561454	0.731972	0.908727	1.08421	1.24974	1.40059	1.53344	1.64789	1.74337	1.81736	1.87387	1.91127	1.92873	1.92679	1.90539	1.86411	1.80408	1.72599	1.62636	1.50837	1.37163	1.21779	1.04955	0.87334	0.69711	0.528156	0.365657	0.217788	0.105875	0.0409037	0.0125085	0.00305398	0.00060354	9.79898e-05	1.3258e-05	1.51439e-06	1.47736e-07	1.24358e-08	9.11424e-10	5.86255e-11	3.33301e-12	1.68577e-13	8.75749e-15	2.84606e-14	6.28883e-13	1.25933e-11	2.2479e-10	3.55397e-09	4.94097e-08	5.99076e-07	6.27465e-06	5.6149e-05	0.00042379	
0.00158331	0.00862838	0.0378001	0.130291	0.346316	0.70381	1.12153	1.51303	1.86397	2.11317	2.22376	2.18572	1.99533	1.668	1.23817	0.752035	0.255126	-0.188624	-0.546965	-0.776771	-0.8332	-0.703966	-0.416241	-0.0185477	0.449972	0.951814	1.41773	1.81607	2.08621	2.22189	2.1938	2.03049	1.73176	1.36042	0.953541	0.546771	0.24224	0.0821882	0.0217561	0.0051381	0.00395379	0.013614	0.0454596	0.119783	0.247321	0.411843	0.590595	0.781509	0.982614	1.18088	1.3658	1.53784	1.69127	1.82654	1.93893	2.03048	2.10098	2.15044	2.18173	2.19634	2.19474	2.17683	2.14214	2.08864	2.01376	1.91819	1.80119	1.66199	1.50487	1.32976	1.1422	0.942385	0.742031	0.554328	0.377444	0.217788	0.10053	0.036332	0.0103135	0.00233174	0.000426995	6.43857e-05	8.11498e-06	8.66305e-07	7.9245e-08	6.27458e-09	4.33864e-10	2.6403e-11	1.42385e-12	6.88667e-14	1.3511e-14	2.45114e-13	5.1016e-12	9.483e-11	1.56387e-09	2.2721e-08	2.88499e-07	3.17215e-06	2.98824e-05	0.000238193	
0.000818546	0.0048084	0.0228377	0.0858361	0.249826	0.555028	0.952506	1.34535	1.70849	2.003	2.17837	2.23322	2.14635	1.93702	1.63465	1.26811	0.889552	0.536341	0.262314	0.0983352	0.0596307	0.149498	0.359659	0.671166	1.04297	1.41773	1.7627	2.03506	2.1965	2.22786	2.12214	1.89886	1.56579	1.19108	0.789441	0.417124	0.168587	0.0522576	0.013001	0.00459701	0.01033	0.0364202	0.103862	0.22988	0.402198	0.59325	0.800936	1.02268	1.23924	1.44545	1.63931	1.81381	1.96391	2.08857	2.19048	2.26873	2.32638	2.36893	2.39556	2.40731	2.40603	2.39152	2.36178	2.31613	2.25483	2.17197	2.06546	1.93606	1.78064	1.60212	1.40473	1.19698	0.978114	0.757596	0.554328	0.365657	0.199978	0.0858689	0.0285944	0.00746043	0.00155241	0.000262482	3.66863e-05	4.30319e-06	4.292e-07	3.68166e-08	2.74296e-09	1.79024e-10	1.03129e-11	5.27952e-13	2.72973e-14	7.74646e-14	1.66722e-12	3.25053e-11	5.63428e-10	8.62398e-09	1.1567e-07	1.34753e-06	1.34963e-05	0.000114835	
0.00036149	0.00231221	0.0120455	0.0500472	0.162142	0.401773	0.760036	1.14593	1.51033	1.84172	2.0751	2.21163	2.22285	2.13745	1.95292	1.70979	1.44347	1.18988	0.980229	0.850476	0.820442	0.890469	1.05645	1.28735	1.55003	1.81607	2.03506	2.18266	2.23195	2.1696	1.99307	1.71696	1.36685	0.994355	0.608023	0.289137	0.10466	0.0293549	0.00766493	0.00754281	0.0259003	0.0808113	0.195753	0.368796	0.569361	0.787904	1.02634	1.26058	1.48877	1.70333	1.89308	2.05726	2.19438	2.3046	2.38701	2.44828	2.48925	2.51303	2.52593	2.53139	2.53082	2.52404	2.50937	2.48258	2.4376	2.3724	2.28491	2.16899	2.02674	1.85687	1.66251	1.44337	1.21468	0.978114	0.742031	0.528156	0.331021	0.167462	0.0655756	0.0198502	0.00471932	0.000899026	0.000139896	1.80887e-05	1.97242e-06	1.83698e-07	1.47731e-08	1.03562e-09	6.38071e-11	3.48017e-12	1.69854e-13	2.6641e-14	4.42336e-13	9.08312e-12	1.66322e-10	2.6967e-09	3.84333e-08	4.77457e-07	5.12048e-06	4.68751e-05	
0.000134565	0.000943494	0.00543462	0.0252132	0.0921421	0.259458	0.555666	0.921955	1.27854	1.62156	1.90724	2.10379	2.21836	2.22579	2.15727	2.03072	1.87065	1.70585	1.57259	1.4869	1.46533	1.51429	1.62133	1.7693	1.93662	2.08621	2.1965	2.23195	2.18825	2.03296	1.80596	1.48777	1.1388	0.773956	0.423557	0.177167	0.0566095	0.0146611	0.00636799	0.0164425	0.0559371	0.150909	0.313797	0.519359	0.744047	0.99339	1.24635	1.49269	1.72655	1.93349	2.1144	2.26379	2.37793	2.46033	2.51684	2.5488	2.56343	2.57133	2.57447	2.5753	2.57523	2.57415	2.57027	2.56121	2.54405	2.50762	2.44598	2.35797	2.23645	2.08089	1.89366	1.6825	1.44337	1.19698	0.942385	0.69711	0.476496	0.276645	0.126394	0.0443819	0.0120813	0.00259953	0.000451391	6.44631e-05	7.69697e-06	7.79301e-07	6.77189e-08	5.10316e-09	3.36503e-10	1.9568e-11	1.01053e-12	5.05613e-14	9.76255e-14	2.07829e-12	4.03246e-11	6.94867e-10	1.05609e-08	1.40463e-07	1.62014e-06	1.60368e-05	
4.18095e-05	0.000322356	0.00206123	0.0107348	0.0445979	0.144539	0.35848	0.678964	1.02486	1.35563	1.67346	1.92078	2.09652	2.20044	2.23346	2.205	2.13892	2.05884	1.98332	1.93516	1.92458	1.94964	2.01169	2.09161	2.16766	2.22189	2.22786	2.1696	2.03296	1.83355	1.55135	1.22352	0.888655	0.542619	0.257522	0.0930996	0.0262027	0.00743971	0.0096747	0.034138	0.103772	0.243416	0.444556	0.673254	0.925902	1.19556	1.45706	1.71106	1.93715	2.13707	2.29552	2.4177	2.50252	2.55167	2.56875	2.56638	2.55165	2.52892	2.50672	2.49469	2.49606	2.51059	2.53381	2.55543	2.56788	2.56735	2.54469	2.48827	2.39658	2.26635	2.10086	1.89366	1.66251	1.40473	1.1422	0.87334	0.625977	0.401253	0.209721	0.0847768	0.0263567	0.00640152	0.00124039	0.000195676	2.55872e-05	2.8166e-06	2.64471e-07	2.14232e-08	1.51171e-09	9.37098e-11	5.14078e-12	2.51854e-13	2.80301e-14	3.9199e-13	8.06246e-12	1.47884e-10	2.4009e-09	3.425e-08	4.25744e-07	4.56714e-06	
1.07846e-05	9.14393e-05	0.000649149	0.00379704	0.017962	0.0673089	0.195724	0.435818	0.751987	1.06933	1.37429	1.66083	1.88883	2.05226	2.1575	2.21027	2.22515	2.21182	2.19275	2.17664	2.1719	2.18211	2.20063	2.21917	2.22369	2.1938	2.12214	1.99307	1.80596	1.55135	1.25172	0.945298	0.622139	0.326586	0.131606	0.0408862	0.0106283	0.00598088	0.0182875	0.0626849	0.168645	0.349633	0.578067	0.829257	1.10655	1.38474	1.65545	1.9042	2.12181	2.2984	2.43389	2.5195	2.56352	2.56593	2.54147	2.49358	2.43258	2.37513	2.33365	2.31332	2.31562	2.34039	2.38568	2.44498	2.50456	2.54841	2.56791	2.55852	2.50526	2.41165	2.26635	2.08089	1.85687	1.60212	1.32976	1.04955	0.776722	0.530398	0.308423	0.141379	0.0498081	0.0135943	0.00293079	0.000509632	7.28584e-05	8.70712e-06	8.82309e-07	7.67365e-08	5.78834e-09	3.82113e-10	2.22497e-11	1.1507e-12	5.5681e-14	6.34053e-14	1.3376e-12	2.61191e-11	4.53034e-10	6.93256e-09	9.28774e-08	1.07983e-06	
2.30863e-06	2.14746e-05	0.000168781	0.0011051	0.00593062	0.0256145	0.0873444	0.23131	0.473614	0.768892	1.05841	1.33207	1.58409	1.79615	1.95665	2.07022	2.14063	2.18228	2.20201	2.2077	2.20944	2.20567	2.19651	2.16859	2.11716	2.03049	1.89886	1.71696	1.48777	1.22352	0.945298	0.649714	0.366304	0.161297	0.0549758	0.0149031	0.00473776	0.00871925	0.0328052	0.102243	0.246047	0.460569	0.709544	0.983071	1.27618	1.56103	1.83332	2.0716	2.27311	2.42312	2.521	2.56678	2.55968	2.51188	2.42809	2.32257	2.2185	2.12928	2.0634	2.02937	2.03326	2.07433	2.14562	2.23848	2.34404	2.44732	2.52454	2.56427	2.5632	2.50526	2.39658	2.23645	2.02674	1.78064	1.50487	1.21779	0.925703	0.657791	0.41368	0.21082	0.0831264	0.0252848	0.00602841	0.00115001	0.000179046	2.31528e-05	2.52455e-06	2.35138e-07	1.89164e-08	1.32704e-09	8.18579e-11	4.4722e-12	2.18096e-13	1.75104e-14	1.85927e-13	3.85481e-12	7.1367e-11	1.1702e-09	1.68744e-08	2.12287e-07	
4.11692e-07	4.18541e-06	3.62498e-05	0.00026417	0.00159711	0.00788516	0.0312621	0.0979683	0.240276	0.463904	0.729327	0.991297	1.23292	1.45014	1.63647	1.78676	1.89923	1.97883	2.02683	2.05572	2.06394	2.04665	2.01	1.95128	1.85794	1.73176	1.56579	1.36685	1.1388	0.888655	0.622139	0.366304	0.172481	0.0637003	0.0185722	0.00483253	0.00397051	0.014722	0.053246	0.150834	0.329645	0.569205	0.835707	1.12946	1.43102	1.7187	1.98577	2.21121	2.38797	2.50799	2.56491	2.55895	2.49826	2.38486	2.23499	2.07272	1.91072	1.76258	1.64927	1.59057	1.59724	1.66808	1.79018	1.94268	2.10543	2.26639	2.41166	2.51496	2.56427	2.55852	2.48827	2.35797	2.16899	1.93606	1.66199	1.37163	1.06896	0.780583	0.518382	0.287575	0.124995	0.0418999	0.0109507	0.0022751	0.000383343	5.33468e-05	6.22917e-06	6.18661e-07	5.28734e-08	3.92776e-09	2.55831e-10	1.47217e-11	7.53474e-13	3.53814e-14	2.31366e-14	4.79362e-13	9.45714e-12	1.65853e-10	2.56863e-09	3.48756e-08	
6.15648e-08	6.81027e-07	6.46465e-06	5.20847e-05	0.000351804	0.00196511	0.00894666	0.0327329	0.0952083	0.219768	0.408727	0.635014	0.864453	1.07617	1.26251	1.41964	1.54617	1.64091	1.70442	1.7386	1.74585	1.72881	1.68256	1.60687	1.49915	1.36042	1.19108	0.994355	0.773956	0.542618	0.326584	0.161294	0.0636928	0.0200049	0.00517399	0.00205293	0.00566172	0.0234483	0.0786865	0.204796	0.413039	0.671049	0.953921	1.26244	1.56768	1.85769	2.11268	2.32262	2.47064	2.55525	2.56491	2.5076	2.38051	2.19768	1.98052	1.73822	1.48854	1.26492	1.10078	1.01841	1.02769	1.12756	1.3058	1.53761	1.7882	2.02611	2.2374	2.41166	2.52454	2.56791	2.54469	2.44598	2.28491	2.06546	1.80119	1.50837	1.19961	0.895147	0.617556	0.365907	0.172556	0.062932	0.0178362	0.00399801	0.000723012	0.000107471	1.33475e-05	1.40475e-06	1.26812e-07	9.92243e-09	6.79054e-10	4.09677e-11	2.19397e-12	1.05018e-13	6.67025e-15	5.08274e-14	1.06311e-12	1.98969e-11	3.30102e-10	4.82233e-09	
7.78303e-09	9.32542e-08	9.64859e-07	8.53648e-06	6.38808e-05	0.000399518	0.00206188	0.00867202	0.0294177	0.0801188	0.176299	0.320189	0.496427	0.681869	0.857662	1.01262	1.14121	1.24077	1.31072	1.34897	1.35724	1.33745	1.28664	1.20447	1.09333	0.953541	0.789441	0.608022	0.423556	0.257518	0.131593	0.0549408	0.0184962	0.00505262	0.00138505	0.00192221	0.00862317	0.034276	0.107223	0.259735	0.491174	0.763436	1.06129	1.38004	1.68643	1.97271	2.21645	2.40495	2.52608	2.56904	2.53538	2.41713	2.22279	1.97147	1.66526	1.32119	0.983294	0.698147	0.497844	0.399697	0.410694	0.530093	0.749144	1.04796	1.39118	1.73064	2.02611	2.26639	2.44732	2.54841	2.56735	2.50762	2.3724	2.17197	1.91819	1.62636	1.31656	0.999423	0.707319	0.440401	0.22205	0.0869929	0.026434	0.00632618	0.00121599	0.000191316	2.5057e-05	2.77208e-06	2.6232e-07	2.14636e-08	1.53279e-09	9.63174e-11	5.36372e-12	2.66383e-13	1.20486e-14	5.06544e-15	1.0227e-13	2.03761e-12	3.6115e-11	5.65845e-10	
8.38983e-10	1.08408e-08	1.21617e-07	1.17408e-06	9.65845e-06	6.69856e-05	0.000387265	0.00184549	0.00717877	0.0226632	0.0581729	0.122971	0.219187	0.339222	0.469487	0.596319	0.709062	0.800713	0.867205	0.905727	0.914722	0.893727	0.843886	0.766912	0.666253	0.546771	0.417123	0.289134	0.177155	0.0930603	0.0407765	0.0146395	0.00428398	0.00108189	0.000645423	0.00262889	0.0122791	0.0462451	0.136349	0.311597	0.560783	0.844631	1.15442	1.47803	1.78566	2.06686	2.296	2.46576	2.55541	2.56234	2.48008	2.30248	2.04875	1.71435	1.30514	0.869418	0.467512	0.143074	-0.07926	-0.186975	-0.174936	-0.0436942	0.200346	0.54275	0.955627	1.39118	1.7882	2.10543	2.34404	2.50456	2.56788	2.54405	2.4376	2.25483	2.01376	1.72599	1.41434	1.09027	0.786198	0.507312	0.269549	0.112003	0.0360772	0.0091224	0.00184537	0.000304403	4.16577e-05	4.80119e-06	4.72099e-07	4.0049e-08	2.95946e-09	1.92104e-10	1.10345e-11	5.64496e-13	2.58809e-14	1.4266e-15	8.52525e-15	1.79623e-13	3.3921e-12	5.68229e-11	
7.77741e-11	1.07939e-09	1.30665e-08	1.36851e-07	1.22901e-06	9.37257e-06	6.00753e-05	0.000320327	0.00140775	0.00506648	0.0149202	0.0362228	0.0737118	0.128638	0.197362	0.272624	0.345975	0.409733	0.457971	0.48678	0.493628	0.477753	0.440789	0.385777	0.317348	0.242239	0.16858	0.104632	0.0565123	0.0259135	0.0098908	0.00310784	0.000812266	0.000264361	0.000669438	0.00357415	0.0161517	0.0581196	0.163493	0.357121	0.619307	0.912127	1.23173	1.55845	1.86356	2.13932	2.35514	2.50534	2.56772	2.54177	2.41036	2.18728	1.87054	1.44447	0.945789	0.445924	0.00422056	-0.344244	-0.580576	-0.694606	-0.681871	-0.542862	-0.283081	0.0859119	0.54275	1.04796	1.53761	1.94268	2.23848	2.44498	2.55543	2.56121	2.48258	2.31613	2.08864	1.80408	1.49421	1.16592	0.851676	0.563804	0.311772	0.135683	0.0457858	0.0121006	0.00255073	0.000437107	6.19679e-05	7.37987e-06	7.48128e-07	6.52977e-08	4.95559e-09	3.29831e-10	1.93973e-11	1.01464e-12	4.74835e-14	2.02287e-15	6.88287e-16	1.3741e-14	2.75736e-13	4.92401e-12	
6.25025e-12	9.28277e-11	1.20735e-09	1.36486e-08	1.32997e-07	1.10712e-06	7.79853e-06	4.6038e-05	0.000225746	0.000913163	0.00303911	0.00835384	0.0191859	0.0374746	0.0635453	0.0955147	0.129707	0.161629	0.186995	0.202529	0.20624	0.19764	0.177835	0.14938	0.115994	0.0821759	0.0522025	0.0291481	0.014007	0.00568142	0.00191803	0.000536795	0.000139554	0.00015088	0.000838201	0.0045091	0.0197273	0.068583	0.186329	0.393821	0.665211	0.96451	1.29012	1.61879	1.92357	2.1907	2.39843	2.52786	2.57241	2.51219	2.3447	2.08515	1.70277	1.19758	0.636473	0.0971113	-0.368778	-0.732732	-0.978655	-1.09716	-1.08393	-0.939441	-0.668985	-0.283081	0.200346	0.749144	1.3058	1.79018	2.14562	2.38568	2.53381	2.57027	2.50937	2.36178	2.14214	1.86411	1.55501	1.22342	0.9022	0.607979	0.346058	0.15587	0.054462	0.0148785	0.00323481	0.000570547	8.31005e-05	1.01523e-05	1.05447e-06	9.42006e-08	7.31118e-09	4.97301e-10	2.98713e-11	1.59513e-12	7.61754e-14	3.27178e-15	1.65509e-16	9.22912e-16	1.95454e-14	3.71073e-13	
4.38726e-13	6.94994e-12	9.67483e-11	1.17519e-09	1.23595e-08	1.11601e-07	8.57482e-07	5.55516e-06	3.00807e-05	0.000135166	0.000501978	0.00154258	0.00395272	0.00856135	0.0159414	0.0259765	0.0376848	0.0493987	0.0591892	0.0653615	0.0668499	0.0634032	0.0556047	0.0448121	0.0328694	0.0216613	0.0126207	0.00638801	0.00275983	0.00100258	0.000303466	7.8334e-05	3.6162e-05	0.000158166	0.000996264	0.00526064	0.0225015	0.0764621	0.203035	0.419823	0.69671	1.00053	1.33088	1.65821	1.96361	2.22458	2.42511	2.5403	2.57194	2.48377	2.29579	2.00561	1.56898	1.00971	0.411347	-0.150644	-0.63103	-1.00487	-1.25715	-1.37867	-1.3651	-1.21693	-0.939441	-0.542862	-0.0436942	0.530093	1.12756	1.66808	2.07433	2.34039	2.51059	2.57415	2.52404	2.39152	2.17683	1.90539	1.5947	1.26341	0.937356	0.638202	0.370285	0.170751	0.0610816	0.0170584	0.00378545	0.000680692	0.000101005	1.25671e-05	1.32922e-06	1.20939e-07	9.56217e-09	6.6281e-10	4.05877e-11	2.2105e-12	1.07709e-13	4.72028e-15	1.89074e-16	6.07483e-17	1.21676e-15	2.44945e-14	
2.70836e-14	4.5627e-13	6.77505e-12	8.8078e-11	9.95169e-10	9.6947e-09	8.07386e-08	5.69783e-07	3.37814e-06	1.66998e-05	6.84852e-05	0.000232771	0.000658766	0.00156833	0.00318437	0.00559787	0.00864894	0.0119064	0.0147656	0.0166262	0.0170809	0.0160302	0.0137043	0.0106068	0.00736501	0.00453167	0.0024355	0.00112619	0.00044164	0.00014525	4.00371e-05	1.16318e-05	2.45377e-05	0.000172685	0.00109128	0.00569494	0.024073	0.0808623	0.212264	0.433896	0.712904	1.01876	1.35359	1.6796	1.98388	2.24313	2.43764	2.54689	2.57025	2.46636	2.26886	1.95944	1.49183	0.905122	0.289081	-0.283688	-0.771293	-1.15023	-1.40585	-1.52895	-1.51521	-1.3651	-1.08393	-0.681871	-0.174936	0.410694	1.02769	1.59724	2.03326	2.31562	2.49606	2.57523	2.53082	2.40603	2.19474	1.92679	1.61502	1.28611	0.956279	0.653707	0.383173	0.178975	0.0648214	0.0183072	0.00410486	0.000745506	0.000111725	1.40423e-05	1.50094e-06	1.38064e-07	1.10411e-08	7.7442e-10	4.80046e-11	2.64743e-12	1.30662e-13	5.80116e-15	2.32876e-16	1.12902e-17	6.7194e-17	1.42563e-15	
