1.53749	1.25456	0.956881	0.636264	0.343115	0.145849	0.0490211	0.0132732	0.00312769	0.00125122	0.00212177	0.00495579	0.0103393	0.018908	0.0307479	0.0451515	0.0606617	0.0753428	0.0871819	0.0944941	0.0962441	0.09219	0.0829005	0.0696966	0.054439	0.0391589	0.0256454	0.0150768	0.00783049	0.00353761	0.00137229	0.000453038	0.000126749	3.00558e-05	6.06143e-06	1.04541e-06	1.55219e-07	1.99806e-08	2.24555e-09	2.21823e-10	1.93823e-11	1.50681e-12	1.04788e-13	6.55108e-15	3.69852e-16	1.89346e-17	8.82484e-19	3.84544e-20	7.05266e-21	3.00261e-20	1.37911e-19	5.42478e-19	1.81593e-18	5.14317e-18	1.22798e-17	2.48571e-17	4.3831e-17	7.82201e-17	3.62343e-16	6.04803e-15	1.18481e-13	2.14002e-12	3.49485e-11	5.13053e-10	6.73201e-09	7.84519e-08	8.06108e-07	7.24307e-06	5.63729e-05	0.000375906	0.00212055	0.00997345	0.0384687	0.119558	0.294677	0.572404	0.894289	1.1973	1.48232	1.73334	1.91021	2.02021	2.06737	2.0606	2.01089	1.93577	1.85225	1.77563	1.72563	1.70656	1.71934	1.76336	1.83543	1.9197	1.99725	2.05394	2.06941	2.03506	1.93661	1.77504	
1.25456	0.980832	0.684497	0.396649	0.183355	0.0672018	0.0198039	0.0050608	0.00218437	0.00395689	0.00979404	0.0214549	0.0408021	0.0684543	0.10319	0.142081	0.181107	0.215971	0.242868	0.259014	0.26284	0.253982	0.233285	0.202808	0.165784	0.126294	0.0886224	0.0564533	0.0320789	0.0159646	0.006845	0.0024977	0.000770336	0.000200501	4.41565e-05	8.27258e-06	1.32747e-06	1.83808e-07	2.21255e-08	2.33199e-09	2.16663e-10	1.78555e-11	1.31274e-12	8.65527e-14	5.14227e-15	2.76503e-16	1.35136e-17	6.28702e-19	1.84294e-19	8.23393e-19	3.63666e-18	1.37716e-17	4.44946e-17	1.22082e-16	2.83801e-16	5.62186e-16	9.65295e-16	1.46386e-15	1.98895e-15	3.13519e-15	2.07794e-14	3.55526e-13	6.10292e-12	9.48934e-11	1.32338e-09	1.64526e-08	1.81133e-07	1.75268e-06	1.4778e-05	0.000107515	0.000667359	0.00348881	0.0151381	0.0536526	0.152865	0.346029	0.623585	0.923596	1.20181	1.46164	1.69008	1.86413	1.97852	2.04302	2.06421	2.05857	2.03415	2.00794	1.98501	1.97333	1.98109	2.00343	2.02888	2.05473	2.06507	2.05029	1.99521	1.89183	1.72928	1.51129	
0.956881	0.684497	0.415832	0.205208	0.0810356	0.0258004	0.00711874	0.00330708	0.00639189	0.016744	0.0384142	0.0755872	0.129748	0.198491	0.276177	0.355503	0.429092	0.490796	0.536214	0.562773	0.569034	0.554594	0.520281	0.467956	0.400864	0.324159	0.244561	0.169624	0.106177	0.0587255	0.0281182	0.011464	0.0039388	0.00113613	0.000275559	5.64905e-05	9.8583e-06	1.47618e-06	1.91193e-07	2.15853e-08	2.13966e-09	1.87476e-10	1.46089e-11	1.01811e-12	6.37806e-14	3.60838e-15	1.85248e-16	9.3825e-18	4.57612e-18	2.0777e-17	8.8113e-17	3.2086e-16	9.99527e-16	2.65442e-15	6.00356e-15	1.16361e-14	1.96247e-14	2.92369e-14	3.8436e-14	4.40722e-14	4.58111e-14	8.70874e-14	9.43229e-13	1.50921e-11	2.2315e-10	2.95492e-09	3.47928e-08	3.61767e-07	3.29601e-06	2.60821e-05	0.000177476	0.0010267	0.00498553	0.0200379	0.0657025	0.173532	0.367042	0.628356	0.904049	1.15969	1.39267	1.59856	1.7654	1.88873	1.97297	2.0223	2.04741	2.05734	2.06108	2.06402	2.06164	2.05827	2.05077	2.02876	1.98566	1.90835	1.79378	1.63506	1.43652	1.20801	
0.636264	0.396649	0.205208	0.0862223	0.0294286	0.00872722	0.0043539	0.00897859	0.0249041	0.0598344	0.121562	0.212335	0.326741	0.45414	0.582544	0.701389	0.803058	0.883233	0.939999	0.972594	0.980257	0.962634	0.920305	0.854044	0.764915	0.655688	0.531926	0.402511	0.278883	0.172828	0.0934247	0.0430889	0.0166986	0.00539954	0.00145693	0.000329659	6.30242e-05	1.02687e-05	1.43849e-06	1.74729e-07	1.85492e-08	1.73359e-09	1.43584e-10	1.06029e-11	7.01886e-13	4.18589e-14	2.26198e-15	1.29359e-16	1.06712e-16	4.80884e-16	1.95522e-15	6.83766e-15	2.05139e-14	5.2678e-14	1.15817e-13	2.19455e-13	3.63326e-13	5.32218e-13	6.89703e-13	7.82757e-13	7.72049e-13	6.67841e-13	6.16673e-13	2.40024e-12	3.26446e-11	4.56919e-10	5.73955e-09	6.39551e-08	6.27604e-07	5.38102e-06	3.99519e-05	0.000254306	0.00137239	0.00620336	0.0231903	0.0708576	0.175536	0.352952	0.586191	0.834758	1.06863	1.27852	1.46138	1.61257	1.73329	1.82375	1.88742	1.92604	1.94761	1.95616	1.95067	1.93155	1.89712	1.83862	1.75377	1.63919	1.49428	1.31742	1.11287	0.883292	
0.343115	0.183355	0.0810356	0.0294286	0.00933886	0.00499348	0.0109972	0.0323677	0.0816505	0.17154	0.304463	0.468861	0.646115	0.818947	0.975153	1.10765	1.21425	1.29515	1.35168	1.38335	1.3905	1.37364	1.33207	1.26581	1.1748	1.0577	0.915299	0.751255	0.57494	0.40058	0.24667	0.130349	0.0577849	0.02123	0.00644915	0.00162702	0.00034366	6.13576e-05	9.35142e-06	1.22815e-06	1.40215e-07	1.40275e-08	1.23868e-09	9.71766e-11	6.81322e-12	4.2919e-13	2.44779e-14	1.68928e-15	2.3121e-15	1.01734e-14	3.95923e-14	1.32784e-13	3.83178e-13	9.50423e-13	2.0293e-12	3.75585e-12	6.09963e-12	8.78405e-12	1.12254e-11	1.2643e-11	1.24763e-11	1.07948e-11	8.25476e-12	5.83262e-12	7.44633e-12	6.29136e-11	8.18632e-10	9.73802e-09	1.02569e-07	9.48907e-07	7.64905e-06	5.32478e-05	0.000316991	0.00159675	0.00673117	0.0234981	0.0673768	0.158274	0.306926	0.502003	0.716096	0.924321	1.11313	1.27563	1.40966	1.51684	1.59841	1.65521	1.68813	1.69945	1.69221	1.66381	1.61175	1.53529	1.43323	1.30486	1.14796	0.964114	0.758945	0.544341	
0.145849	0.0672018	0.0258004	0.00872722	0.00499348	0.0117641	0.0368718	0.098157	0.214443	0.388225	0.5985	0.81624	1.02086	1.20183	1.35483	1.47907	1.57692	1.64967	1.69913	1.72488	1.72999	1.71693	1.68206	1.62335	1.54086	1.43254	1.29699	1.13255	0.941195	0.729806	0.51186	0.312664	0.160757	0.0681083	0.023612	0.00671965	0.00158335	0.000312251	5.21167e-05	7.44096e-06	9.17768e-07	9.86629e-08	9.31888e-09	7.78884e-10	5.79782e-11	3.86601e-12	2.33662e-13	2.17313e-14	4.61218e-14	1.9597e-13	7.28721e-13	2.34011e-12	6.48639e-12	1.55214e-11	3.21505e-11	5.80641e-11	9.24295e-11	1.30832e-10	1.64919e-10	1.84375e-10	1.82097e-10	1.58949e-10	1.2315e-10	8.49969e-11	5.2503e-11	3.51616e-11	1.14422e-10	1.29034e-09	1.44802e-08	1.4394e-07	1.25357e-06	9.48744e-06	6.18566e-05	0.000344181	0.00161858	0.0063732	0.0208492	0.0564435	0.126819	0.239473	0.388705	0.558189	0.730029	0.890358	1.0299	1.14484	1.23438	1.29915	1.33867	1.35316	1.3435	1.30905	1.24925	1.16475	1.05491	0.920145	0.763391	0.592905	0.421546	0.266765	
0.0490211	0.0198039	0.00711874	0.0043539	0.0109972	0.0368718	0.104327	0.239267	0.446217	0.693722	0.940922	1.16829	1.3699	1.54241	1.68259	1.79147	1.87085	1.92455	1.95508	1.97092	1.97451	1.96594	1.94489	1.90609	1.84222	1.75176	1.63005	1.47728	1.29222	1.07995	0.843769	0.592337	0.355894	0.176246	0.0707327	0.022997	0.00610954	0.00134247	0.00024713	3.85823e-05	5.16591e-06	5.99175e-07	6.07402e-08	5.42436e-09	4.29757e-10	3.0401e-11	1.96213e-12	2.86631e-13	8.40501e-13	3.42278e-12	1.21377e-11	3.72556e-11	9.90369e-11	2.28328e-10	4.58274e-10	8.0673e-10	1.25768e-09	1.74934e-09	2.17563e-09	2.4149e-09	2.387e-09	2.10159e-09	1.65198e-09	1.16081e-09	7.26773e-10	4.02701e-10	2.0551e-10	2.29755e-10	1.80687e-09	1.89212e-08	1.77132e-07	1.44948e-06	1.02817e-05	6.26887e-05	0.000325687	0.00142961	0.00526345	0.0161805	0.0415466	0.0897701	0.165754	0.267284	0.385757	0.509918	0.628792	0.733733	0.819325	0.882773	0.922543	0.937625	0.927478	0.89255	0.833741	0.752419	0.651029	0.534345	0.410417	0.289869	0.18411	0.102599	
0.0132732	0.0050608	0.00330708	0.00897859	0.0323677	0.098157	0.239267	0.466849	0.743044	1.01379	1.26268	1.48924	1.68199	1.83274	1.93821	2.00623	2.04133	2.05743	2.05953	2.06124	2.06328	2.06067	2.05918	2.05279	2.02999	1.98345	1.90079	1.77786	1.60992	1.40152	1.1658	0.90805	0.629955	0.366488	0.172246	0.0647643	0.0196086	0.00484376	0.000990633	0.000170123	2.48483e-05	3.12208e-06	3.4084e-07	3.2616e-08	2.75708e-09	2.07386e-10	1.45381e-11	3.92256e-12	1.38973e-11	5.39494e-11	1.82053e-10	5.33076e-10	1.3567e-09	3.00904e-09	5.84424e-09	1.00158e-08	1.52778e-08	2.08753e-08	2.562e-08	2.82408e-08	2.79365e-08	2.48025e-08	1.97778e-08	1.41592e-08	9.06872e-09	5.15927e-09	2.58505e-09	1.14622e-09	6.2199e-10	2.30989e-09	2.17792e-08	1.91395e-07	1.46828e-06	9.74039e-06	5.54314e-05	0.000268505	0.00109941	0.00378665	0.0109577	0.0267529	0.0556927	0.100486	0.160319	0.230915	0.3058	0.377789	0.440469	0.488977	0.520164	0.532135	0.524102	0.496617	0.451361	0.391173	0.320573	0.245693	0.173678	0.111257	0.0632768	0.0313008	
0.00312769	0.00218437	0.00639189	0.0249041	0.0816505	0.214443	0.446217	0.743044	1.0374	1.30931	1.56425	1.7731	1.92342	2.0152	2.05842	2.06413	2.04546	2.01487	1.98618	1.96264	1.95666	1.97061	1.99689	2.02694	2.05542	2.06483	2.04681	1.98439	1.87098	1.69653	1.46571	1.20321	0.922736	0.620429	0.342075	0.14996	0.0522101	0.0146151	0.00334305	0.00063499	0.000101632	1.38847e-05	1.63747e-06	1.68343e-07	1.52168e-08	1.22015e-09	9.68715e-11	5.41349e-11	2.07156e-10	7.63361e-10	2.44543e-09	6.81606e-09	1.65759e-08	3.53081e-08	6.62615e-08	1.10405e-07	1.64606e-07	2.20857e-07	2.67519e-07	2.92906e-07	2.8997e-07	2.5954e-07	2.09934e-07	1.53206e-07	1.005e-07	5.88867e-08	3.05701e-08	1.39563e-08	5.5898e-09	2.15719e-09	2.92078e-09	2.21619e-08	1.81691e-07	1.30311e-06	8.06396e-06	4.2734e-05	0.000192644	0.000734968	0.00236763	0.00645244	0.0149825	0.0300059	0.0526705	0.0825008	0.117317	0.153645	0.18746	0.214966	0.233204	0.240302	0.235549	0.219417	0.193553	0.160708	0.12455	0.0891216	0.0580695	0.0338792	0.0173833	0.00773712	
0.00125122	0.00395689	0.016744	0.0598344	0.17154	0.388225	0.693722	1.01379	1.30931	1.59032	1.81549	1.96317	2.04939	2.06995	2.04183	1.97359	1.88778	1.79692	1.72275	1.67817	1.66735	1.69203	1.74917	1.83282	1.92304	2.00407	2.05903	2.06871	2.02286	1.91258	1.73484	1.48134	1.19416	0.888529	0.564805	0.288212	0.11585	0.0369395	0.00949611	0.00200331	0.000352577	5.25263e-05	6.708e-06	7.42396e-07	7.18837e-08	6.16627e-09	6.1394e-10	7.19204e-10	2.76604e-09	9.63926e-09	2.92356e-08	7.73761e-08	1.79413e-07	3.6634e-07	6.6317e-07	1.07266e-06	1.56136e-06	2.0561e-06	2.45815e-06	2.67388e-06	2.64901e-06	2.38989e-06	1.96092e-06	1.45968e-06	9.81922e-07	5.93493e-07	3.1989e-07	1.5256e-07	6.39674e-08	2.34881e-08	7.73045e-09	4.3112e-09	2.01312e-08	1.51525e-07	1.01257e-06	5.82765e-06	2.86802e-05	0.000120051	0.00042607	0.00128239	0.00328802	0.00724628	0.013902	0.023571	0.0358764	0.049707	0.0633978	0.075081	0.0830821	0.0862481	0.0841283	0.0770216	0.0659506	0.0525089	0.0385577	0.025835	0.0155836	0.00833341	0.00390223	0.0016744	
0.00212177	0.00979404	0.0384142	0.121562	0.304463	0.5985	0.940922	1.26268	1.56425	1.81549	1.97317	2.06554	2.0683	1.99985	1.87328	1.7181	1.55285	1.40268	1.2845	1.21199	1.19516	1.23468	1.32715	1.45906	1.6176	1.78361	1.92938	2.035	2.07846	2.03754	1.92015	1.72545	1.44605	1.13804	0.804233	0.470158	0.217225	0.0788996	0.0228279	0.00535785	0.00103858	0.000168963	2.33943e-05	2.79007e-06	2.89669e-07	2.67927e-08	4.12034e-09	8.84021e-09	3.28613e-08	1.07901e-07	3.08895e-07	7.74129e-07	1.70725e-06	3.33449e-06	5.81155e-06	9.10957e-06	1.2929e-05	1.66997e-05	1.97047e-05	2.12968e-05	2.11139e-05	1.91978e-05	1.59809e-05	1.21433e-05	8.3885e-06	5.23925e-06	2.93765e-06	1.46688e-06	6.47511e-07	2.51163e-07	8.52325e-08	2.54006e-08	8.34815e-09	1.68534e-08	1.10999e-07	6.87836e-07	3.66921e-06	1.67174e-05	6.48017e-05	0.000213471	0.000599077	0.00144132	0.00300218	0.00548156	0.0088947	0.0129965	0.0172881	0.0211129	0.0238134	0.0248998	0.0241717	0.0217631	0.0181132	0.0138589	0.00967125	0.00609124	0.00341886	0.00169196	0.000772838	0.000619203	
0.00495579	0.0214549	0.0755872	0.212335	0.468861	0.81624	1.16829	1.48924	1.7731	1.96317	2.06554	2.06458	1.96503	1.79572	1.57438	1.32459	1.08374	0.865554	0.7007	0.602074	0.577912	0.632945	0.758698	0.947678	1.1802	1.42683	1.66642	1.87265	2.01236	2.08	2.03308	1.90062	1.66744	1.36345	1.03142	0.672142	0.352058	0.144728	0.0469808	0.0122471	0.00261202	0.000463715	6.95724e-05	8.93747e-06	9.95049e-07	1.01721e-07	3.20859e-08	9.79112e-08	3.44808e-07	1.06262e-06	2.86132e-06	6.76863e-06	1.41583e-05	2.63867e-05	4.41803e-05	6.6984e-05	9.25627e-05	0.000117176	0.000136427	0.000146513	0.000145357	0.000133199	0.000112526	8.73618e-05	6.20692e-05	4.01386e-05	2.34637e-05	1.22977e-05	5.73139e-06	2.35796e-06	8.51239e-07	2.68411e-07	7.38208e-08	1.89459e-08	1.42635e-08	7.15367e-08	4.07564e-07	2.00724e-06	8.43667e-06	3.01891e-05	9.20375e-05	0.000240054	0.000539599	0.00105577	0.00181924	0.00279433	0.00386662	0.00486	0.00558079	0.00587516	0.00567764	0.00503228	0.00407837	0.00300628	0.00199996	0.00118877	0.000625847	0.000305732	0.000263451	0.000980532	
0.0103393	0.0408021	0.129748	0.326741	0.646115	1.02086	1.3699	1.68199	1.92342	2.04939	2.0683	1.96503	1.77351	1.48819	1.16658	0.825039	0.502206	0.232	0.0269403	-0.0951854	-0.123314	-0.0575985	0.100258	0.334572	0.627641	0.958175	1.2985	1.60929	1.86012	2.01884	2.07438	2.0105	1.84005	1.56147	1.23455	0.870767	0.506665	0.232862	0.0841505	0.0242334	0.00566368	0.00109372	0.000177343	2.44858e-05	2.92405e-06	3.58755e-07	2.78762e-07	9.60506e-07	3.16918e-06	9.12689e-06	2.3024e-05	5.12247e-05	0.000101307	0.00017966	0.00028827	0.000421837	0.000566628	0.000702315	0.00080652	0.000860563	0.000854387	0.000789146	0.000676911	0.000537549	0.00039349	0.000264051	0.000161329	8.90026e-05	4.39369e-05	1.92432e-05	7.4218e-06	2.50543e-06	7.36905e-07	1.88369e-07	4.26202e-08	1.44506e-08	4.09654e-08	2.10065e-07	9.50702e-07	3.67175e-06	1.20835e-05	3.39621e-05	8.19462e-05	0.000171054	0.000311889	0.000502097	0.000720923	0.000930755	0.0010867	0.00115122	0.00110787	0.000967774	0.000765171	0.000544715	0.00034653	0.000195706	0.000102909	9.57737e-05	0.000388043	0.0021543	
0.018908	0.0684543	0.198491	0.45414	0.818947	1.20183	1.54241	1.83274	2.0152	2.06995	1.99985	1.79572	1.48819	1.10775	0.685124	0.266532	-0.119659	-0.446816	-0.681594	-0.815878	-0.847669	-0.77408	-0.598626	-0.324597	0.0263063	0.431159	0.859093	1.26449	1.62455	1.89027	2.04571	2.06232	1.95829	1.72484	1.41063	1.05163	0.66484	0.336156	0.133683	0.0421596	0.0107233	0.00223978	0.000390628	5.77435e-05	7.43853e-06	1.37328e-06	2.40387e-06	8.23938e-06	2.5276e-05	6.76878e-05	0.00015924	0.000331836	0.000618252	0.00104005	0.00159474	0.00224695	0.00292849	0.00354964	0.00401792	0.00425841	0.004231	0.00394028	0.00343442	0.0027934	0.00211083	0.0014735	0.000943634	0.000549724	0.000288512	0.000135086	5.59222e-05	2.03125e-05	6.43484e-06	1.77039e-06	4.2208e-07	8.76348e-08	1.89956e-08	2.17018e-08	9.39422e-08	3.8818e-07	1.37141e-06	4.13222e-06	1.06531e-05	2.36312e-05	4.54486e-05	7.64836e-05	0.000113692	0.000150488	0.00017841	0.000190087	0.000182233	0.000157076	0.000121377	8.36485e-05	5.11875e-05	2.92123e-05	2.95214e-05	0.000130485	0.000797947	0.00425984	
0.0307479	0.10319	0.276177	0.582544	0.975153	1.35483	1.68259	1.93821	2.05842	2.04183	1.87328	1.57438	1.16658	0.685124	0.178719	-0.309368	-0.743232	-1.09106	-1.34463	-1.49667	-1.53177	-1.44883	-1.25389	-0.964016	-0.579114	-0.117979	0.380397	0.882614	1.34141	1.70701	1.95915	2.06433	2.02893	1.84951	1.55765	1.20817	0.813528	0.444771	0.191968	0.0655597	0.0179793	0.00403	0.00075091	0.00011828	1.69988e-05	6.79387e-06	1.8893e-05	6.10894e-05	0.000173048	0.000428471	0.000935106	0.00181668	0.00317571	0.00504972	0.00737645	0.00998105	0.0125966	0.0149101	0.0166199	0.0174886	0.0173898	0.0163381	0.0144853	0.0120855	0.00944731	0.00687896	0.00463211	0.00285978	0.00160231	0.000805869	0.000360002	0.000141512	4.85736e-05	1.44766e-05	3.73321e-06	8.31951e-07	1.60576e-07	2.83493e-08	1.20159e-08	3.64835e-08	1.35946e-07	4.37018e-07	1.19893e-06	2.81654e-06	5.69778e-06	1.00003e-05	1.53589e-05	2.08072e-05	2.50164e-05	2.67927e-05	2.55969e-05	2.17952e-05	1.64901e-05	1.10604e-05	6.91886e-06	7.64344e-06	3.69337e-05	0.000249424	0.00148518	0.00743543	
0.0451515	0.142081	0.355503	0.701389	1.10765	1.47907	1.79147	2.00623	2.06413	1.97359	1.7181	1.32459	0.825039	0.266532	-0.309368	-0.847294	-1.30322	-1.66128	-1.9032	-2.02665	-2.05173	-1.98956	-1.82062	-1.53137	-1.13483	-0.637607	-0.0805947	0.494669	1.03662	1.49595	1.84021	2.02933	2.05936	1.93674	1.67506	1.33809	0.944278	0.549127	0.253505	0.0925735	0.0270739	0.00644992	0.00127336	0.000213337	3.91755e-05	4.09512e-05	0.000129678	0.000386771	0.00100439	0.00228435	0.00459735	0.00828331	0.0135257	0.0202521	0.0280913	0.036406	0.0444002	0.0512421	0.0561831	0.0586596	0.0583791	0.055375	0.0500001	0.0428625	0.034736	0.0264554	0.0187946	0.0123448	0.0074177	0.00402884	0.00195405	0.000836808	0.000313388	0.000101884	2.86144e-05	6.92656e-06	1.44528e-06	2.6061e-07	4.13319e-08	8.49063e-09	1.25179e-08	4.06126e-08	1.17957e-07	2.92564e-07	6.21005e-07	1.13446e-06	1.79703e-06	2.48779e-06	3.02984e-06	3.26029e-06	3.10505e-06	2.615e-06	1.94675e-06	1.35009e-06	1.6436e-06	8.70226e-06	6.50672e-05	0.000433194	0.00245116	0.0115985	
0.0606617	0.181107	0.429092	0.803058	1.21425	1.57692	1.87085	2.04133	2.04546	1.88778	1.55285	1.08374	0.502206	-0.119659	-0.743232	-1.30322	-1.76676	-2.09799	-2.30527	-2.42012	-2.44705	-2.38334	-2.23577	-1.98289	-1.59435	-1.08859	-0.499658	0.131615	0.742791	1.28515	1.70566	1.97034	2.06389	1.99284	1.76325	1.44102	1.05258	0.641568	0.31228	0.120342	0.0370883	0.00929082	0.00192649	0.000349509	0.000114879	0.000246935	0.000759645	0.00206305	0.00487184	0.0101023	0.018626	0.0309525	0.0469981	0.0660189	0.0866954	0.107373	0.12633	0.141965	0.152945	0.158345	0.157737	0.151167	0.139166	0.122747	0.103311	0.082494	0.0620229	0.0435071	0.0281667	0.0166154	0.00880864	0.00414098	0.00170579	0.000609902	0.000188038	4.98122e-05	1.13301e-05	2.21666e-06	3.74394e-07	5.5049e-08	7.92217e-09	4.11073e-09	1.03071e-08	2.67255e-08	5.93791e-08	1.12706e-07	1.83848e-07	2.59728e-07	3.2008e-07	3.45903e-07	3.28573e-07	2.74929e-07	2.13949e-07	2.8971e-07	1.68524e-06	1.39877e-05	0.00010437	0.000668605	0.00362373	0.016373	
0.0753428	0.215971	0.490796	0.883233	1.29515	1.64967	1.92455	2.05743	2.01487	1.79692	1.40268	0.865554	0.232	-0.446816	-1.09106	-1.66128	-2.09799	-2.36763	-2.51088	-2.57257	-2.58416	-2.55439	-2.46532	-2.28019	-1.94341	-1.44409	-0.842565	-0.173137	0.493403	1.09593	1.57965	1.9075	2.05117	2.02459	1.82491	1.51748	1.13635	0.716756	0.362868	0.145637	0.0467203	0.01217	0.00263666	0.000572237	0.000467042	0.00132241	0.00373306	0.0091315	0.0194322	0.0364441	0.0611496	0.0932512	0.131186	0.172449	0.214076	0.253211	0.287317	0.314328	0.332693	0.341522	0.340535	0.329759	0.309569	0.280995	0.245702	0.205855	0.164067	0.123238	0.0862941	0.0555814	0.0324315	0.0168759	0.00771724	0.00306381	0.00104671	0.000306126	7.65144e-05	1.63649e-05	3.00561e-06	4.76396e-07	6.56003e-08	8.11643e-09	1.61896e-09	2.23942e-09	5.02694e-09	9.88634e-09	1.65839e-08	2.38782e-08	2.97489e-08	3.22813e-08	3.07064e-08	2.71239e-08	4.12638e-08	2.6456e-07	2.44394e-06	2.04843e-05	0.000148795	0.000924306	0.00484629	0.0211297	
0.0871819	0.242868	0.536214	0.939999	1.35168	1.69913	1.95508	2.05953	1.98618	1.72275	1.2845	0.7007	0.0269403	-0.681594	-1.34463	-1.9032	-2.30527	-2.51088	-2.5239	-2.45069	-2.42359	-2.48075	-2.53658	-2.45458	-2.16601	-1.6951	-1.09037	-0.397922	0.303691	0.948282	1.47958	1.85096	2.03492	2.04377	1.86442	1.56795	1.19441	0.771205	0.401006	0.165476	0.0545781	0.0146294	0.00335999	0.00116821	0.00210203	0.00598582	0.0151375	0.0329847	0.0626566	0.105481	0.160257	0.223702	0.291466	0.359015	0.422432	0.478754	0.525615	0.561367	0.585085	0.59638	0.595123	0.581329	0.555156	0.517087	0.468182	0.410241	0.345741	0.277811	0.210542	0.148502	0.0958961	0.0556769	0.0285449	0.0127206	0.00486873	0.00158855	0.000440468	0.000103858	2.08966e-05	3.60656e-06	5.37282e-07	6.95608e-08	7.92769e-09	9.40671e-10	4.47227e-10	7.76506e-10	1.329e-09	1.94761e-09	2.4515e-09	2.68076e-09	2.71422e-09	4.68355e-09	3.32134e-08	3.42217e-07	3.22811e-06	2.66206e-05	0.000189606	0.00115298	0.00590726	0.0251188	
0.0944941	0.259014	0.562773	0.972594	1.38335	1.72488	1.97092	2.06124	1.96264	1.67817	1.21199	0.602074	-0.0951854	-0.815878	-1.49667	-2.02665	-2.42012	-2.57257	-2.45069	-2.26154	-2.20542	-2.32948	-2.52255	-2.54938	-2.28167	-1.8304	-1.24102	-0.522988	0.184899	0.864544	1.41375	1.81883	2.02132	2.05065	1.88696	1.59599	1.22668	0.802536	0.423627	0.177546	0.0594963	0.0163217	0.00435395	0.00340321	0.00859974	0.0223314	0.0498078	0.0956377	0.160886	0.242181	0.333382	0.427974	0.52041	0.606445	0.683558	0.749742	0.803574	0.844045	0.871099	0.884398	0.882909	0.866769	0.837023	0.793873	0.737475	0.668986	0.589916	0.502364	0.409103	0.314714	0.224955	0.146418	0.0848932	0.0429459	0.0186432	0.00686885	0.00213663	0.000560937	0.000124704	2.36085e-05	3.83221e-06	5.37279e-07	6.55401e-08	7.01426e-09	6.85694e-10	1.09036e-10	9.9271e-11	1.42172e-10	1.81102e-10	2.12285e-10	4.18843e-10	3.29525e-09	3.79149e-08	4.02893e-07	3.77367e-06	3.08113e-05	0.000217067	0.00130429	0.00659566	0.0276484	
0.0962441	0.26284	0.569034	0.980257	1.3905	1.72999	1.97451	2.06328	1.95666	1.66735	1.19516	0.577912	-0.123314	-0.847669	-1.53177	-2.05173	-2.44705	-2.58416	-2.42359	-2.20542	-2.14246	-2.28145	-2.51142	-2.57185	-2.30792	-1.86	-1.27863	-0.550883	0.155454	0.84595	1.39659	1.81219	2.01573	2.0508	1.89299	1.60279	1.234	0.809764	0.428954	0.180446	0.0608199	0.01737	0.00699947	0.0114553	0.029527	0.0674365	0.131009	0.220026	0.327492	0.443824	0.561245	0.674773	0.781165	0.878268	0.964868	1.03861	1.09878	1.14448	1.1752	1.19031	1.18862	1.17026	1.13653	1.08792	1.02497	0.948549	0.859653	0.760589	0.65255	0.537935	0.420277	0.305009	0.200478	0.11613	0.0578824	0.0244057	0.00862671	0.00255089	0.000632864	0.000132535	2.36085e-05	3.60656e-06	4.76382e-07	5.48342e-08	5.5419e-09	4.98082e-10	4.54053e-11	1.21208e-11	1.30415e-11	2.92737e-11	2.55831e-10	3.28739e-09	3.9345e-08	4.18313e-07	3.91058e-06	3.18578e-05	0.000223887	0.00134161	0.00676399	0.0282606	
0.09219	0.253982	0.554594	0.962634	1.37364	1.71693	1.96594	2.06067	1.97061	1.69203	1.23468	0.632945	-0.0575985	-0.77408	-1.44883	-1.98956	-2.38334	-2.55439	-2.48075	-2.32948	-2.28145	-2.38432	-2.53207	-2.52016	-2.24591	-1.7894	-1.19276	-0.484842	0.222413	0.890364	1.43521	1.82874	2.02639	2.04851	1.87964	1.58752	1.21693	0.792872	0.416591	0.173917	0.058765	0.0191817	0.0156577	0.0354524	0.0824882	0.162785	0.273761	0.403833	0.540637	0.677315	0.811006	0.93939	1.05939	1.16876	1.26459	1.34517	1.40959	1.45849	1.48981	1.50343	1.50195	1.485	1.45012	1.39799	1.33038	1.24659	1.14788	1.03609	0.914269	0.784514	0.650092	0.513077	0.37693	0.249594	0.143943	0.0703335	0.0286414	0.0096631	0.00270583	0.000632864	0.000124704	2.08966e-05	3.0056e-06	3.74351e-07	4.07064e-08	3.89348e-09	3.30108e-10	2.54799e-11	3.26462e-12	1.54757e-11	2.20528e-10	2.97091e-09	3.58123e-08	3.82617e-07	3.59497e-06	2.94461e-05	0.000208165	0.00125551	0.00637509	0.0268439	
0.0829005	0.233285	0.520281	0.920305	1.33207	1.68206	1.94489	2.05918	1.99689	1.74917	1.32715	0.758698	0.100258	-0.598626	-1.25389	-1.82062	-2.23577	-2.46532	-2.53658	-2.52255	-2.51142	-2.53207	-2.52356	-2.39504	-2.09091	-1.60778	-1.00197	-0.319013	0.37136	0.99967	1.51579	1.87136	2.04135	2.03783	1.85095	1.55066	1.17435	0.752137	0.387593	0.159099	0.0550775	0.0260099	0.0400489	0.0919068	0.185244	0.314247	0.462449	0.616285	0.771786	0.927895	1.08025	1.22363	1.35312	1.46757	1.56359	1.64363	1.70554	1.75148	1.78165	1.79489	1.79344	1.77705	1.74361	1.69451	1.62902	1.54566	1.44609	1.32829	1.19595	1.0503	0.896768	0.74054	0.585246	0.432094	0.286282	0.163068	0.0774265	0.0302026	0.0096631	0.00255089	0.000560937	0.000103858	1.63649e-05	2.21665e-06	2.60497e-07	2.67826e-08	2.42726e-09	1.95279e-10	1.47227e-11	1.21795e-11	1.70957e-10	2.3335e-09	2.84463e-08	3.07506e-07	2.92564e-06	2.42881e-05	0.000174215	0.00106746	0.00551424	0.0236573	
0.0696966	0.202808	0.467956	0.854044	1.26581	1.62335	1.90609	2.05279	2.02694	1.83282	1.45906	0.947678	0.334572	-0.324597	-0.964016	-1.53137	-1.98289	-2.28019	-2.45458	-2.54938	-2.57185	-2.52016	-2.39504	-2.17966	-1.82074	-1.31375	-0.716832	-0.0574001	0.587604	1.16786	1.627	1.93265	2.0578	2.01373	1.80302	1.49015	1.10599	0.689138	0.344495	0.138842	0.0541125	0.0465742	0.0945567	0.194548	0.336625	0.49924	0.668481	0.843773	1.02304	1.1971	1.35866	1.50422	1.63233	1.74304	1.83547	1.91013	1.96881	2.00992	2.03738	2.05124	2.0497	2.03301	2.00289	1.95845	1.89642	1.81846	1.72225	1.60818	1.4764	1.32769	1.16306	0.98748	0.808175	0.634189	0.466142	0.305703	0.169869	0.0774265	0.0286414	0.00862671	0.00213663	0.000440468	7.65144e-05	1.13301e-05	1.44527e-06	1.60317e-07	1.55945e-08	1.34023e-09	1.02871e-10	1.43509e-11	1.13992e-10	1.57819e-09	1.95961e-08	2.15997e-07	2.09789e-06	1.78037e-05	0.000130745	0.000821615	0.0043615	0.0192702	
0.054439	0.165784	0.400864	0.764915	1.1748	1.54086	1.84222	2.02999	2.05542	1.92304	1.6176	1.1802	0.627641	0.0263063	-0.579114	-1.13483	-1.59435	-1.94341	-2.16601	-2.28167	-2.30792	-2.24591	-2.09091	-1.82074	-1.42118	-0.920779	-0.340269	0.269305	0.859294	1.36875	1.75969	1.99451	2.0647	1.97439	1.73136	1.40296	1.01224	0.606872	0.291598	0.1183	0.0637172	0.092874	0.189766	0.338904	0.513103	0.696315	0.890768	1.09053	1.28194	1.45841	1.62043	1.76347	1.88795	1.99023	2.07352	2.13647	2.184	2.2172	2.23614	2.24408	2.24325	2.23339	2.21173	2.17558	2.12526	2.05849	1.97137	1.86486	1.73629	1.58952	1.4242	1.24472	1.05109	0.850848	0.659016	0.477586	0.305703	0.163068	0.0703335	0.0244057	0.00686885	0.00158855	0.000306126	4.98122e-05	6.92656e-06	8.31914e-07	8.71178e-08	8.02068e-09	6.54232e-10	5.15681e-11	6.69713e-11	9.10838e-10	1.16133e-08	1.3163e-07	1.31652e-06	1.15238e-05	8.74479e-05	0.000569058	0.00313569	0.01442	
0.0391589	0.126294	0.324159	0.655688	1.0577	1.43254	1.75176	1.98345	2.06483	2.00407	1.78361	1.42683	0.958175	0.431159	-0.117979	-0.637607	-1.08859	-1.44409	-1.6951	-1.8304	-1.86	-1.7894	-1.60778	-1.31375	-0.920779	-0.435341	0.101656	0.64632	1.15704	1.58434	1.8912	2.04709	2.05104	1.9058	1.63159	1.28945	0.894828	0.509892	0.23532	0.105262	0.0939925	0.173568	0.321285	0.503996	0.698876	0.909093	1.12624	1.33261	1.52633	1.70546	1.86325	1.99546	2.10358	2.18827	2.25177	2.29872	2.33024	2.3502	2.36338	2.37021	2.36947	2.36129	2.34679	2.32498	2.29061	2.24047	2.17322	2.08376	1.97112	1.83348	1.67135	1.48829	1.2925	1.08334	0.865539	0.659016	0.466142	0.286282	0.143943	0.0578824	0.0186432	0.00486873	0.00104671	0.000188038	2.86144e-05	3.73321e-06	4.22011e-07	4.17182e-08	3.63596e-09	2.83208e-10	4.96118e-11	4.45856e-10	5.87207e-09	6.90219e-08	7.17083e-07	6.53216e-06	5.16966e-05	0.000351709	0.00203187	0.00982766	
0.0256454	0.0886224	0.244561	0.531926	0.915299	1.29699	1.63005	1.90079	2.04681	2.05903	1.92938	1.66642	1.2985	0.859093	0.380397	-0.0805947	-0.499658	-0.842565	-1.09037	-1.24102	-1.27863	-1.19276	-1.00197	-0.716832	-0.340269	0.101656	0.571969	1.04119	1.45735	1.78387	2.00049	2.06814	2.00565	1.8048	1.50254	1.14876	0.7567	0.405471	0.184402	0.10897	0.152649	0.286317	0.47216	0.676082	0.896806	1.12946	1.35107	1.56331	1.75817	1.92627	2.06654	2.18005	2.26642	2.32774	2.36778	2.38897	2.40044	2.40344	2.40083	2.3985	2.39881	2.40149	2.40338	2.39884	2.38574	2.36151	2.31721	2.25135	2.1594	2.04075	1.89473	1.72154	1.52155	1.30801	1.08334	0.850848	0.634189	0.432094	0.249594	0.11613	0.0429459	0.0127206	0.00306381	0.000609902	0.000101884	1.44766e-05	1.77038e-06	1.88259e-07	1.75639e-08	1.44964e-09	1.18333e-10	1.89835e-10	2.51825e-09	3.09174e-08	3.36226e-07	3.21329e-06	2.67487e-05	0.000191976	0.00117391	0.00603257	
0.0150768	0.0564533	0.169624	0.402511	0.751255	1.13255	1.47728	1.77786	1.98439	2.06871	2.035	1.87265	1.60929	1.26449	0.882614	0.494669	0.131615	-0.173137	-0.397922	-0.522988	-0.550883	-0.484842	-0.319013	-0.0574001	0.269305	0.64632	1.04119	1.40633	1.72807	1.95035	2.06492	2.04869	1.91737	1.66395	1.34353	0.982412	0.604476	0.303814	0.148658	0.136928	0.239871	0.418807	0.628874	0.855291	1.10023	1.33878	1.56672	1.77763	1.95701	2.10979	2.23	2.31434	2.36944	2.39646	2.40303	2.39557	2.37842	2.35993	2.34696	2.34092	2.34162	2.34904	2.36324	2.38223	2.39806	2.40294	2.39306	2.36062	2.30007	2.20882	2.08202	1.92306	1.73837	1.52155	1.2925	1.05109	0.808175	0.585246	0.37693	0.200478	0.0848932	0.0285449	0.00771724	0.00170579	0.000313388	4.85736e-05	6.43484e-06	7.36893e-07	7.36639e-08	6.48344e-09	5.10055e-10	9.85074e-11	9.14959e-10	1.17738e-08	1.34827e-07	1.36056e-06	1.19962e-05	9.15172e-05	0.000597259	0.00329081	
0.00783049	0.0320789	0.106177	0.278883	0.57494	0.941195	1.29222	1.60992	1.87098	2.02286	2.07846	2.01236	1.86012	1.62455	1.34141	1.03662	0.742791	0.493403	0.303691	0.184899	0.155454	0.222413	0.37136	0.587604	0.859294	1.15704	1.45735	1.72807	1.92878	2.05185	2.06897	1.97331	1.77701	1.48622	1.15673	0.794079	0.449107	0.217052	0.136437	0.191379	0.347979	0.558344	0.788182	1.03897	1.29483	1.53636	1.76478	1.95996	2.12699	2.25134	2.33863	2.38922	2.40473	2.39301	2.35985	2.31254	2.26442	2.22005	2.18433	2.16544	2.16761	2.19035	2.22839	2.27387	2.32243	2.368	2.39715	2.40416	2.38206	2.32443	2.22965	2.09658	1.92306	1.72154	1.48829	1.24472	0.98748	0.74054	0.513077	0.305009	0.146418	0.0556769	0.0168759	0.00414098	0.000836808	0.000141512	2.03125e-05	2.50543e-06	2.68395e-07	2.52029e-08	2.09232e-09	1.72827e-10	2.89766e-10	3.80302e-09	4.60414e-08	4.92807e-07	4.62539e-06	3.77173e-05	0.000264361	0.00157293	
0.00353761	0.0159646	0.0587255	0.172828	0.40058	0.729806	1.07995	1.40152	1.69653	1.91258	2.03754	2.08	2.01884	1.89027	1.70701	1.49595	1.28515	1.09593	0.948282	0.864544	0.84595	0.890364	0.99967	1.16786	1.36875	1.58434	1.78387	1.95035	2.05185	2.07672	1.99504	1.83927	1.58454	1.2763	0.943556	0.593343	0.30645	0.156426	0.151605	0.268293	0.466484	0.69842	0.949016	1.21693	1.47462	1.71881	1.935	2.11567	2.25317	2.34846	2.39681	2.40208	2.37179	2.31053	2.23019	2.14179	2.05333	1.9759	1.92242	1.89655	1.89948	1.93099	1.98966	2.07057	2.1598	2.24713	2.32486	2.38045	2.40456	2.39084	2.33218	2.22965	2.08202	1.89473	1.67135	1.4242	1.16306	0.896768	0.650092	0.420277	0.224955	0.0958961	0.0324315	0.00880864	0.00195405	0.000360002	5.59222e-05	7.4218e-06	8.51238e-07	8.52141e-08	7.51005e-09	5.91567e-10	1.13395e-10	1.04359e-09	1.33613e-08	1.52104e-07	1.52432e-06	1.3332e-05	0.000100755	0.00065036	
0.00137229	0.006845	0.0281182	0.0934247	0.24667	0.51186	0.843769	1.1658	1.46571	1.73484	1.92015	2.03308	2.07438	2.04571	1.95915	1.84021	1.70566	1.57965	1.47958	1.41375	1.39659	1.43521	1.51579	1.627	1.75969	1.8912	2.00049	2.06492	2.06897	1.99504	1.85792	1.63563	1.34715	1.04117	0.710079	0.398975	0.193577	0.128193	0.192116	0.359703	0.586954	0.836193	1.10587	1.38139	1.63985	1.87872	2.07717	2.23655	2.34188	2.39698	2.4009	2.35656	2.27143	2.15629	2.02241	1.88006	1.74807	1.63982	1.56257	1.52291	1.52746	1.57527	1.65914	1.77286	1.90839	2.05029	2.18109	2.29186	2.36879	2.40291	2.39084	2.32443	2.20882	2.04075	1.83348	1.58952	1.32769	1.0503	0.784514	0.537935	0.314714	0.148502	0.0555814	0.0166154	0.00402884	0.000805869	0.000135086	1.92432e-05	2.35796e-06	2.51162e-07	2.34688e-08	1.94005e-09	1.58579e-10	2.51384e-10	3.296e-09	3.99469e-08	4.28003e-07	4.021e-06	3.28214e-05	0.000230308	
0.000453038	0.0024977	0.011464	0.0430889	0.130349	0.312664	0.592337	0.90805	1.20321	1.48134	1.72545	1.90062	2.0105	2.06232	2.06433	2.02933	1.97034	1.9075	1.85096	1.81883	1.81219	1.82874	1.87136	1.93265	1.99451	2.04709	2.06814	2.04869	1.97331	1.83926	1.63562	1.37101	1.08827	0.783428	0.47391	0.236388	0.121768	0.131075	0.251219	0.456917	0.703822	0.968931	1.2532	1.52998	1.78602	2.01226	2.19201	2.32059	2.39184	2.40135	2.3547	2.25516	2.11038	1.93514	1.73845	1.54308	1.36145	1.20533	1.09199	1.03555	1.04193	1.11046	1.23361	1.39618	1.58147	1.77838	1.97286	2.14157	2.27849	2.36879	2.40456	2.38206	2.30007	2.1594	1.97112	1.73629	1.4764	1.19595	0.914269	0.65255	0.409103	0.210542	0.0862941	0.0281667	0.0074177	0.00160231	0.000288512	4.39369e-05	5.73139e-06	6.47511e-07	6.39659e-08	5.57189e-09	4.34046e-10	7.77287e-11	6.94228e-10	8.9362e-09	1.0235e-07	1.0327e-06	9.10262e-06	6.94211e-05	
0.000126749	0.000770336	0.0039388	0.0166986	0.0577849	0.160757	0.355894	0.629955	0.922736	1.19416	1.44605	1.66744	1.84005	1.95829	2.02893	2.05936	2.06389	2.05117	2.03492	2.02132	2.01573	2.02639	2.04135	2.0578	2.0647	2.05104	2.00565	1.91737	1.77701	1.58453	1.34713	1.08822	0.808021	0.515209	0.269883	0.125655	0.0905975	0.157354	0.320239	0.552742	0.813973	1.09386	1.38632	1.66091	1.91266	2.1213	2.27845	2.3744	2.40494	2.36803	2.26582	2.10605	1.8985	1.65465	1.39623	1.13685	0.893674	0.693899	0.556908	0.490935	0.498344	0.578863	0.729234	0.939553	1.18836	1.4484	1.70495	1.94377	2.14157	2.29186	2.38045	2.40416	2.36062	2.25135	2.08376	1.86486	1.60818	1.32829	1.03609	0.760589	0.502364	0.277811	0.123238	0.0435071	0.0123448	0.00285978	0.000549724	8.90026e-05	1.22977e-05	1.46688e-06	1.5256e-07	1.3955e-08	1.13174e-09	8.9939e-11	1.29731e-10	1.70843e-09	2.089e-08	2.26067e-07	2.14835e-06	1.77736e-05	
3.00558e-05	0.000200501	0.00113613	0.00539954	0.02123	0.0681083	0.176246	0.366488	0.620429	0.888529	1.13804	1.36345	1.56147	1.72484	1.84951	1.93674	1.99284	2.02459	2.04377	2.05065	2.0508	2.04851	2.03783	2.01373	1.97439	1.9058	1.80479	1.66394	1.48619	1.27622	1.04098	0.78305	0.514666	0.281701	0.129687	0.0680342	0.0893548	0.196963	0.391362	0.642503	0.915493	1.20775	1.50345	1.77462	2.01624	2.20627	2.33863	2.39911	2.38893	2.30157	2.14414	1.9233	1.64698	1.33654	1.00493	0.672999	0.373787	0.130857	-0.0408075	-0.126732	-0.116991	-0.0128017	0.174272	0.429602	0.737786	1.07261	1.40038	1.70495	1.97286	2.18109	2.32486	2.39715	2.39306	2.31721	2.17322	1.97137	1.72225	1.44609	1.14788	0.859653	0.589916	0.345741	0.164067	0.0620229	0.0187946	0.00463211	0.000943634	0.000161329	2.34637e-05	2.93765e-06	3.1989e-07	3.057e-08	2.58407e-09	1.95718e-10	3.23497e-11	2.81131e-10	3.65431e-09	4.23253e-08	4.32576e-07	3.87069e-06	
6.06143e-06	4.41565e-05	0.000275559	0.00145693	0.00644915	0.023612	0.0707327	0.172246	0.342075	0.564805	0.804233	1.03142	1.23455	1.41063	1.55765	1.67506	1.76325	1.82491	1.86442	1.88696	1.89299	1.87964	1.85095	1.80302	1.73136	1.63158	1.50252	1.34345	1.15653	0.943044	0.708957	0.471758	0.266368	0.125491	0.0558116	0.0482175	0.10458	0.24128	0.458991	0.723474	1.00654	1.30764	1.60256	1.86957	2.10026	2.26993	2.37634	2.40259	2.3502	2.2142	2.00137	1.71619	1.37693	0.99263	0.583476	0.183367	-0.184895	-0.501213	-0.734952	-0.85424	-0.840703	-0.696445	-0.443379	-0.114564	0.261315	0.665624	1.07261	1.4484	1.77838	2.05029	2.24713	2.368	2.40294	2.36151	2.24047	2.05849	1.81846	1.54566	1.24659	0.948549	0.668986	0.410241	0.205855	0.082494	0.0264554	0.00687896	0.0014735	0.000264051	4.01386e-05	5.23925e-06	5.93493e-07	5.88867e-08	5.15921e-09	4.02121e-10	3.05975e-11	4.14906e-11	5.50963e-10	6.81176e-09	7.46511e-08	7.19937e-07	
1.04541e-06	8.27258e-06	5.64905e-05	0.000329659	0.00162702	0.00671965	0.022997	0.0647643	0.14996	0.288212	0.470158	0.672142	0.870767	1.05163	1.20817	1.33809	1.44102	1.51748	1.56795	1.59599	1.60279	1.58752	1.55066	1.49014	1.40295	1.2894	1.14862	0.981964	0.792906	0.590659	0.393549	0.226629	0.110053	0.0466303	0.0268668	0.0479235	0.126007	0.284411	0.519482	0.793637	1.0849	1.392	1.6853	1.94649	2.1635	2.31601	2.39478	2.39051	2.29635	2.11713	1.84821	1.50768	1.10205	0.643788	0.165227	-0.315989	-0.782164	-1.19143	-1.49153	-1.64252	-1.62548	-1.44247	-1.11669	-0.691733	-0.220018	0.261315	0.737786	1.18836	1.58147	1.90839	2.1598	2.32243	2.39806	2.38574	2.29061	2.12526	1.89642	1.62902	1.33038	1.02497	0.737475	0.468182	0.245702	0.103311	0.034736	0.00944731	0.00211083	0.00039349	6.20692e-05	8.3885e-06	9.81922e-07	1.005e-07	9.06871e-09	7.26746e-10	5.23509e-11	8.24506e-12	7.21962e-11	9.48041e-10	1.11063e-08	1.15018e-07	
1.55219e-07	1.32747e-06	9.8583e-06	6.30242e-05	0.00034366	0.00158335	0.00610954	0.0196086	0.0522101	0.11585	0.217225	0.352058	0.506665	0.66484	0.813528	0.944278	1.05258	1.13635	1.19441	1.22668	1.234	1.21693	1.17435	1.10598	1.01217	0.894559	0.755843	0.602128	0.443525	0.294819	0.172069	0.0860209	0.0367688	0.0163841	0.0195194	0.0547643	0.147597	0.322614	0.570424	0.851592	1.14934	1.4596	1.7497	2.00666	2.21125	2.34619	2.403	2.36803	2.24082	2.01819	1.7041	1.31064	0.840887	0.323724	-0.227751	-0.809134	-1.3789	-1.86838	-2.21752	-2.38998	-2.37062	-2.16103	-1.78013	-1.26906	-0.691733	-0.114564	0.429602	0.939553	1.39618	1.77286	2.07057	2.27387	2.38223	2.39884	2.32498	2.17558	1.95845	1.69451	1.39799	1.08792	0.793873	0.517087	0.280995	0.122747	0.0428625	0.0120855	0.0027934	0.000537549	8.73618e-05	1.21433e-05	1.45968e-06	1.53206e-07	1.41592e-08	1.16081e-09	8.50016e-11	6.11298e-12	8.54374e-12	1.14852e-10	1.4337e-09	1.58867e-08	
1.99806e-08	1.83808e-07	1.47618e-06	1.02687e-05	6.13576e-05	0.000312251	0.00134247	0.00484376	0.0146151	0.0369395	0.0788996	0.144728	0.232862	0.336156	0.444771	0.549127	0.641568	0.716756	0.771205	0.802536	0.809764	0.792867	0.752114	0.689029	0.606442	0.508447	0.401328	0.293609	0.195238	0.115414	0.0593167	0.026139	0.0105441	0.00764744	0.0196894	0.0626133	0.1661	0.353482	0.610134	0.895879	1.19849	1.51139	1.79837	2.04927	2.2447	2.36512	2.4027	2.34454	2.18836	1.93079	1.58217	1.13763	0.622217	0.0564101	-0.574988	-1.25297	-1.90402	-2.44692	-2.82565	-3.01054	-2.98984	-2.76478	-2.35012	-1.78013	-1.11669	-0.443379	0.174272	0.729234	1.23361	1.65914	1.98966	2.22839	2.36324	2.40338	2.34679	2.21173	2.00289	1.74361	1.45012	1.13653	0.837023	0.555156	0.309569	0.139166	0.0500001	0.0144853	0.00343442	0.000676911	0.000112526	1.59809e-05	1.96092e-06	2.09934e-07	1.97778e-08	1.65198e-09	1.23151e-10	8.29129e-12	1.32024e-12	1.22114e-11	1.61644e-10	1.91003e-09	
2.24555e-09	2.21255e-08	1.91193e-07	1.43849e-06	9.35142e-06	5.21167e-05	0.00024713	0.000990633	0.00334305	0.00949611	0.0228279	0.0469808	0.0841505	0.133683	0.191968	0.253505	0.31228	0.362868	0.401005	0.423626	0.428949	0.416561	0.387447	0.343887	0.289441	0.228848	0.167887	0.112507	0.067632	0.0357775	0.0163809	0.00656562	0.00321741	0.00594081	0.0213866	0.0688658	0.179643	0.375313	0.637412	0.926044	1.23229	1.54619	1.83126	2.07895	2.26461	2.37761	2.39791	2.32706	2.14535	1.86844	1.4903	1.00776	0.466424	-0.141753	-0.843021	-1.59154	-2.29323	-2.8663	-3.26118	-3.45287	-3.43143	-3.19792	-2.76478	-2.16103	-1.44247	-0.696445	-0.0128017	0.578863	1.11046	1.57527	1.93099	2.19035	2.34904	2.40149	2.36129	2.23339	2.03301	1.77705	1.485	1.17026	0.866769	0.581329	0.329759	0.151167	0.055375	0.0163381	0.00394028	0.000789146	0.000133199	1.91978e-05	2.38989e-06	2.5954e-07	2.48025e-08	2.10159e-09	1.58949e-10	1.07984e-11	7.34429e-13	1.17624e-12	1.60215e-11	2.01224e-10	
2.21823e-10	2.33199e-09	2.15853e-08	1.74729e-07	1.22815e-06	7.44096e-06	3.85823e-05	0.000170123	0.00063499	0.00200331	0.00535785	0.0122471	0.0242334	0.0421596	0.0655597	0.0925735	0.120342	0.145637	0.165475	0.17754	0.180413	0.173744	0.158335	0.135985	0.109312	0.0814616	0.0555937	0.034235	0.0187173	0.00894206	0.00370771	0.00150368	0.00159604	0.00584044	0.0225835	0.0723987	0.18707	0.386993	0.65161	0.941981	1.25119	1.56435	1.84647	2.0951	2.2736	2.38379	2.39387	2.31717	2.11978	1.83514	1.43797	0.936415	0.382721	-0.253049	-0.995666	-1.78093	-2.50668	-3.09351	-3.4958	-3.69068	-3.66889	-3.43143	-2.98984	-2.37062	-1.62548	-0.840703	-0.116991	0.498344	1.04193	1.52746	1.89948	2.16761	2.34162	2.39881	2.36947	2.24325	2.0497	1.79344	1.50195	1.18862	0.882909	0.595123	0.340535	0.157737	0.0583791	0.0173898	0.004231	0.000854387	0.000145357	2.11139e-05	2.64901e-06	2.8997e-07	2.79365e-08	2.387e-09	1.82097e-10	1.24766e-11	7.77479e-13	1.37782e-13	1.40632e-12	1.86952e-11	
1.93823e-11	2.16663e-10	2.13966e-09	1.85492e-08	1.40215e-07	9.17768e-07	5.16591e-06	2.48483e-05	0.000101632	0.000352577	0.00103858	0.00261202	0.00566368	0.0107233	0.0179793	0.0270738	0.0370882	0.0467196	0.054573	0.0594637	0.060639	0.0579149	0.0517142	0.0429853	0.0330288	0.0232418	0.0148033	0.0084196	0.00421646	0.00183793	0.00071804	0.000435783	0.00128114	0.00579375	0.022688	0.072726	0.187755	0.388057	0.652884	0.943455	1.25305	1.566	1.84761	2.09649	2.27427	2.38426	2.39339	2.31619	2.11727	1.83201	1.43305	0.929854	0.375022	-0.263499	-1.01001	-1.79856	-2.52639	-3.1144	-3.51733	-3.71249	-3.69068	-3.45287	-3.01054	-2.38998	-1.64252	-0.85424	-0.126732	0.490935	1.03555	1.52291	1.89655	2.16544	2.34092	2.3985	2.37021	2.24408	2.05124	1.79489	1.50343	1.19031	0.884398	0.59638	0.341522	0.158345	0.0586596	0.0174886	0.00425841	0.000860563	0.000146513	2.12968e-05	2.67388e-06	2.92906e-07	2.82408e-08	2.4149e-09	1.84375e-10	1.2643e-11	7.83146e-13	5.09421e-14	1.11716e-13	1.54102e-12	
