0.242874	0.092256	0.0263771	0.00576794	0.000986041	0.000134665	1.4981e-05	1.38074e-06	1.08417e-07	1.90112e-08	7.9849e-08	4.30866e-07	1.89395e-06	6.72098e-06	1.92736e-05	4.50169e-05	8.68538e-05	0.000140802	0.000194938	0.00023318	0.000242842	0.000220644	0.000174066	0.000118108	6.80122e-05	3.2664e-05	1.28958e-05	4.14333e-06	1.07562e-06	2.25016e-07	3.80466e-08	5.23913e-09	5.93556e-10	5.59423e-11	4.43466e-12	2.98743e-13	1.72642e-14	8.63178e-16	3.76236e-17	1.43937e-18	4.86251e-20	1.45836e-21	3.90189e-23	9.35299e-25	2.0163e-26	3.92264e-28	6.90857e-30	1.21726e-31	1.60947e-31	1.8414e-30	1.73014e-29	1.31592e-28	8.08383e-28	3.96613e-27	1.50029e-26	4.18292e-26	8.89446e-26	1.7522e-25	3.89623e-25	4.76571e-24	2.24264e-22	1.04532e-20	4.41055e-19	1.67534e-17	5.70477e-16	1.73315e-14	4.67278e-13	1.1113e-11	2.31535e-10	4.19298e-09	6.54088e-08	8.69833e-07	9.74267e-06	9.06269e-05	0.000688761	0.00419683	0.0200751	0.0737698	0.204754	0.42943	0.706421	0.983527	1.24407	1.48423	1.68971	1.85391	1.97401	2.05702	2.10164	2.11582	2.10643	2.06922	1.99356	1.88092	1.72646	1.52812	1.2945	1.037	0.762868	0.483528	
0.092256	0.028818	0.00691606	0.00129625	0.000193398	2.33974e-05	2.33402e-06	1.97394e-07	3.74795e-08	1.76599e-07	1.06924e-06	5.29299e-06	2.12025e-05	6.86453e-05	0.000180602	0.000391092	0.00070961	0.0010992	0.0014767	0.00173857	0.00180448	0.00165326	0.0013326	0.000937715	0.000569025	0.000292571	0.000125163	4.39213e-05	1.25059e-05	2.87202e-06	5.32201e-07	8.00576e-08	9.86933e-09	1.00807e-09	8.62664e-11	6.25102e-12	3.87313e-13	2.07022e-14	9.62191e-16	3.91627e-17	1.40474e-18	4.46558e-20	1.26445e-21	3.20342e-23	7.29057e-25	1.4959e-26	2.77662e-28	5.55329e-30	1.18775e-29	1.29957e-28	1.16487e-27	8.46934e-27	4.9847e-26	2.34949e-25	8.58545e-25	2.3385e-24	4.90219e-24	9.37305e-24	1.63668e-23	2.19071e-23	3.55829e-23	7.35811e-22	3.22166e-20	1.2979e-18	4.69851e-17	1.52131e-15	4.3839e-14	1.11805e-12	2.50773e-11	4.91134e-10	8.33041e-09	1.2123e-07	1.49747e-06	1.55067e-05	0.000132709	0.000923508	0.00513207	0.02235	0.075025	0.192702	0.383879	0.619114	0.858499	1.08037	1.27811	1.44194	1.57238	1.66593	1.72386	1.74683	1.73111	1.68012	1.59443	1.4706	1.31394	1.1221	0.904945	0.667621	0.42914	0.225608	
0.0263771	0.00691606	0.00141957	0.000231568	3.05226e-05	3.30317e-06	3.01675e-07	6.20647e-08	3.25381e-07	2.19348e-06	1.2128e-05	5.4349e-05	0.000196669	0.000576107	0.00138056	0.00275537	0.00467824	0.00689405	0.0089535	0.0103502	0.0106995	0.00989803	0.00817644	0.00599162	0.00384842	0.00212934	0.000993631	0.000383787	0.00012087	3.07334e-05	6.2923e-06	1.04164e-06	1.4064e-07	1.56562e-08	1.45339e-09	1.13757e-10	7.58426e-12	4.34724e-13	2.16024e-14	9.37591e-16	3.57794e-17	1.20763e-18	3.62416e-20	9.7164e-22	2.337e-23	5.06185e-25	9.91061e-27	2.38621e-28	8.05012e-28	8.40401e-27	7.18009e-26	4.9859e-25	2.80908e-24	1.27106e-23	4.48422e-23	1.1924e-22	2.46306e-22	4.60228e-22	7.80169e-22	1.01859e-21	9.89697e-22	7.57306e-22	2.38556e-21	8.47104e-20	3.24779e-18	1.11895e-16	3.43993e-15	9.38726e-14	2.26072e-12	4.77319e-11	8.76963e-10	1.39018e-08	1.88307e-07	2.15558e-06	2.05916e-05	0.000161836	0.00103019	0.00522517	0.0208003	0.0643725	0.1554	0.299496	0.479997	0.670052	0.850023	1.00639	1.13179	1.22311	1.28173	1.3048	1.2892	1.23719	1.15268	1.0341	0.883414	0.7074	0.517958	0.333449	0.180165	0.0780526	
0.00576794	0.00129625	0.000231568	3.33416e-05	3.92645e-06	3.88513e-07	8.6683e-08	5.01838e-07	3.74209e-06	2.2957e-05	0.000114303	0.000458927	0.00148436	0.00389515	0.00843053	0.015402	0.024332	0.0339435	0.0424373	0.0480242	0.0494038	0.0462295	0.039279	0.0301104	0.0205756	0.012323	0.00632022	0.0027118	0.000954316	0.00027147	6.202e-05	1.14002e-05	1.69904e-06	2.07526e-07	2.10186e-08	1.7857e-09	1.28639e-10	7.93534e-12	4.22884e-13	1.96232e-14	7.98479e-16	2.86697e-17	9.13425e-19	2.59523e-20	6.60491e-22	1.51173e-23	3.12563e-25	9.95795e-27	4.9976e-26	4.96828e-25	4.04184e-24	2.67791e-23	1.44287e-22	6.26224e-22	2.13153e-21	5.5289e-21	1.12453e-20	2.05337e-20	3.38128e-20	4.35671e-20	4.23559e-20	3.11523e-20	1.83656e-20	1.4497e-20	1.95176e-19	6.9753e-18	2.28284e-16	6.65097e-15	1.7153e-13	3.89218e-12	7.71706e-11	1.32659e-09	1.95983e-08	2.46348e-07	2.60511e-06	2.28853e-05	0.00016471	0.000957209	0.00443043	0.0161687	0.0464607	0.106451	0.199857	0.318552	0.447571	0.57221	0.679351	0.760821	0.812057	0.831229	0.818452	0.773484	0.69772	0.595276	0.473152	0.34392	0.221838	0.122435	0.0556586	0.0202018	
0.000986041	0.000193398	3.05226e-05	3.92645e-06	4.22591e-07	1.02376e-07	6.50007e-07	5.33114e-06	3.60885e-05	0.00019858	0.000880067	0.0031258	0.00892055	0.0207252	0.0401294	0.0666108	0.0973334	0.127879	0.153272	0.169258	0.173113	0.164185	0.144011	0.115997	0.0847866	0.0553054	0.0314373	0.0151447	0.00602838	0.0019431	0.000501434	0.000103473	1.71848e-05	2.32169e-06	2.58297e-07	2.39562e-08	1.87373e-09	1.24901e-10	7.16309e-12	3.56431e-13	1.55041e-14	5.93493e-16	2.0112e-17	6.06543e-19	1.63563e-20	3.96058e-22	8.66187e-24	4.1688e-25	2.83403e-24	2.67821e-23	2.07227e-22	1.30848e-21	6.7349e-21	2.80103e-20	9.19141e-20	2.3236e-19	4.64954e-19	8.29632e-19	1.3276e-18	1.68763e-18	1.64306e-18	1.22871e-18	7.42263e-19	4.08006e-19	2.06211e-19	4.45033e-19	1.29641e-17	4.01748e-16	1.1068e-14	2.69111e-13	5.73803e-12	1.06522e-10	1.70778e-09	2.34297e-08	2.72255e-07	2.64899e-06	2.13127e-05	0.000139935	0.000740282	0.00312333	0.0104668	0.0280359	0.0611339	0.111462	0.175211	0.244862	0.311188	0.365557	0.401269	0.414964	0.405835	0.374348	0.323217	0.258621	0.188873	0.123252	0.0697791	0.0332136	0.0129002	0.00400412	
0.000134665	2.33974e-05	3.30317e-06	3.88513e-07	1.02376e-07	7.084e-07	6.35907e-06	4.72785e-05	0.000286307	0.00139558	0.00542658	0.0167846	0.0416165	0.0844869	0.144935	0.217104	0.292039	0.360002	0.412631	0.443852	0.451102	0.434144	0.393915	0.334303	0.262456	0.187421	0.119001	0.0651054	0.0297306	0.011027	0.00326301	0.000766196	0.000143456	2.16465e-05	2.66681e-06	2.71826e-07	2.32132e-08	1.67995e-09	1.04094e-10	5.57292e-12	2.59881e-13	1.06319e-14	3.84012e-16	1.23149e-17	3.52415e-19	9.03988e-21	2.09708e-22	1.77777e-23	1.46372e-22	1.31268e-21	9.64751e-21	5.79791e-20	2.84725e-19	1.13351e-18	3.58264e-18	8.81846e-18	1.73445e-17	3.02398e-17	4.70458e-17	5.89853e-17	5.75127e-17	4.37432e-17	2.7213e-17	1.52757e-17	7.49517e-18	2.88748e-18	1.492e-18	2.10857e-17	6.13132e-16	1.59304e-14	3.64122e-13	7.27239e-12	1.25961e-10	1.87606e-09	2.37999e-08	2.54469e-07	2.2668e-06	1.66189e-05	9.90734e-05	0.000475318	0.00182446	0.00561432	0.0140181	0.0289744	0.0507968	0.0775961	0.105737	0.13066	0.148077	0.155037	0.150377	0.134872	0.111128	0.0832415	0.055834	0.032791	0.0164197	0.00682795	0.00230486	0.00062319	
1.4981e-05	2.33402e-06	3.01675e-07	8.6683e-08	6.50007e-07	6.35907e-06	5.17211e-05	0.000343543	0.00183753	0.0078137	0.0261879	0.069218	0.146568	0.256851	0.387872	0.52327	0.64843	0.751451	0.826026	0.868141	0.877701	0.855366	0.800154	0.713526	0.600691	0.469694	0.334205	0.209549	0.111379	0.0483867	0.0167205	0.00454261	0.00097253	0.000165832	2.28412e-05	2.57883e-06	2.42004e-07	1.91164e-08	1.28549e-09	7.43256e-11	3.72759e-12	1.63418e-13	6.30567e-15	2.15453e-16	6.55392e-18	1.78349e-19	4.41366e-21	7.61557e-22	6.86364e-21	5.83128e-20	4.06462e-19	2.32148e-18	1.08616e-17	4.13399e-17	1.25723e-16	3.00986e-16	5.81293e-16	9.90157e-16	1.49839e-15	1.85253e-15	1.80903e-15	1.39964e-15	8.96139e-16	5.14161e-16	2.56979e-16	1.01559e-16	3.16892e-17	8.85919e-18	3.10129e-17	8.14719e-16	1.98992e-14	4.26148e-13	7.94268e-12	1.27822e-10	1.76044e-09	2.05457e-08	2.01006e-07	1.62961e-06	1.08216e-05	5.82488e-05	0.000252312	0.000878595	0.00247743	0.00574089	0.0111421	0.0185184	0.0269606	0.0349664	0.0408651	0.0432968	0.041663	0.0363695	0.0286549	0.0201642	0.0124765	0.00664039	0.00297112	0.00109375	0.000325773	7.79086e-05	
1.38074e-06	1.97394e-07	6.20647e-08	5.01838e-07	5.33114e-06	4.72785e-05	0.000343543	0.0020135	0.00936737	0.0341069	0.0964653	0.213437	0.380481	0.573593	0.767224	0.943744	1.09273	1.20824	1.28912	1.33685	1.34857	1.32225	1.26098	1.16624	1.03692	0.876116	0.690958	0.495288	0.30899	0.159918	0.0658786	0.0211235	0.00526023	0.00102788	0.000160078	2.02014e-05	2.0986e-06	1.82033e-07	1.33507e-08	8.37108e-10	4.5308e-11	2.13481e-12	8.82193e-14	3.21836e-15	1.04254e-16	3.0144e-18	8.06873e-20	3.17081e-20	2.91201e-19	2.33944e-18	1.5439e-17	8.36601e-17	3.7233e-16	1.35291e-15	3.95433e-15	9.19654e-15	1.74205e-14	2.89862e-14	4.2691e-14	5.20388e-14	5.0896e-14	4.00604e-14	2.63806e-14	1.54767e-14	7.89012e-15	3.22114e-15	1.0471e-15	2.74662e-16	6.00144e-17	4.66028e-17	9.45679e-16	2.16164e-14	4.32037e-13	7.48195e-12	1.11331e-10	1.41016e-09	1.50493e-08	1.33836e-07	9.80684e-07	5.85809e-06	2.82924e-05	0.000110098	0.000346444	0.000890758	0.00189871	0.00341424	0.00528533	0.0071657	0.00860822	0.00921541	0.00880654	0.00750457	0.0056758	0.00376998	0.00216367	0.00105154	0.000424533	0.000139966	3.72514e-05	7.97787e-06	
1.08417e-07	3.74795e-08	3.25381e-07	3.74209e-06	3.60885e-05	0.000286307	0.00183753	0.00936737	0.0372299	0.113616	0.265261	0.484023	0.728758	0.967177	1.18391	1.37321	1.52712	1.64747	1.72878	1.77728	1.78978	1.76206	1.70023	1.60389	1.46931	1.30172	1.09972	0.873817	0.630354	0.390477	0.195223	0.0754819	0.022296	0.00507403	0.000905075	0.000128982	1.49546e-05	1.43383e-06	1.15314e-07	7.87578e-09	4.61736e-10	2.34548e-11	1.04074e-12	4.06276e-14	1.40411e-15	4.3209e-17	1.2987e-18	1.24132e-18	1.11359e-17	8.44246e-17	5.26472e-16	2.70142e-15	1.14154e-14	3.95373e-14	1.10914e-13	2.50251e-13	4.64351e-13	7.5458e-13	1.08231e-12	1.30066e-12	1.2741e-12	1.02022e-12	6.90515e-13	4.14421e-13	2.15813e-13	9.1126e-14	3.09309e-14	8.52247e-15	1.9237e-15	3.59655e-16	9.44571e-17	9.63484e-16	2.04364e-14	3.7948e-13	6.07526e-12	8.31089e-11	9.61978e-10	9.32167e-09	7.47837e-08	4.91366e-07	2.62015e-06	1.12785e-05	3.9212e-05	0.000110868	0.000257661	0.000498597	0.000816924	0.00115286	0.00141845	0.00153179	0.00145536	0.00121469	0.000885574	0.000557777	0.000298515	0.000133401	4.90133e-05	1.46149e-05	3.51183e-06	6.8041e-07	
1.90112e-08	1.76599e-07	2.19348e-06	2.2957e-05	0.00019858	0.00139558	0.0078137	0.0341069	0.113616	0.284768	0.541832	0.82562	1.0998	1.35851	1.58956	1.78363	1.93097	2.0378	2.10672	2.13872	2.14521	2.12928	2.08375	1.99984	1.87775	1.71097	1.50152	1.25673	0.992112	0.711771	0.431294	0.204306	0.0729751	0.0196741	0.00407531	0.000663027	8.65412e-05	9.23492e-06	8.18941e-07	6.1202e-08	3.90113e-09	2.14302e-10	1.02368e-11	4.28546e-13	1.58304e-14	5.19453e-16	1.94384e-17	4.46046e-17	3.82214e-16	2.72828e-15	1.60405e-14	7.77677e-14	3.11382e-13	1.02611e-12	2.75857e-12	6.02913e-12	1.09431e-11	1.73622e-11	2.4269e-11	2.87542e-11	2.8212e-11	2.29786e-11	1.59736e-11	9.81257e-12	5.22814e-12	2.28642e-12	8.11673e-13	2.35396e-13	5.61466e-14	1.1075e-14	1.81406e-15	2.83785e-16	8.74566e-16	1.68078e-14	2.88425e-13	4.24354e-12	5.30154e-11	5.56612e-10	4.85747e-09	3.48497e-08	2.03535e-07	9.61009e-07	3.66123e-06	1.12975e-05	2.84451e-05	5.89506e-05	0.000101818	0.000148967	0.000187093	0.000203514	0.000192432	0.000157786	0.000111325	6.67585e-05	3.34767e-05	1.38402e-05	4.66146e-06	1.26743e-06	2.77354e-07	4.96978e-08	
7.9849e-08	1.06924e-06	1.2128e-05	0.000114303	0.000880067	0.00542658	0.0261879	0.0964653	0.265261	0.541832	0.857723	1.16531	1.47058	1.73966	1.95838	2.11797	2.22959	2.29508	2.33547	2.35729	2.36203	2.35053	2.32182	2.2732	2.19058	2.0597	1.87828	1.63733	1.35035	1.04335	0.730635	0.420745	0.18366	0.0594869	0.01449	0.00271894	0.000402766	4.81442e-05	4.73193e-06	3.8856e-07	2.702e-08	1.60965e-09	8.29666e-11	3.73184e-12	1.47581e-13	5.17744e-15	3.08616e-16	1.44848e-15	1.17189e-14	7.85556e-14	4.34323e-13	1.98458e-12	7.51161e-12	2.35032e-11	6.04448e-11	1.27754e-10	2.26449e-10	3.50658e-10	4.78034e-10	5.58482e-10	5.48822e-10	4.54586e-10	3.24318e-10	2.04054e-10	1.11435e-10	5.0555e-11	1.88047e-11	5.75259e-12	1.45345e-12	3.04441e-13	5.29881e-14	7.6736e-15	9.56719e-16	7.47656e-16	1.20077e-14	1.892e-13	2.54069e-12	2.87643e-11	2.7158e-10	2.11462e-09	1.3437e-08	6.91092e-08	2.86537e-07	9.58815e-07	2.60115e-06	5.74913e-06	1.04316e-05	1.57667e-05	2.01551e-05	2.2057e-05	2.07727e-05	1.67772e-05	1.14955e-05	6.58602e-06	3.10745e-06	1.19476e-06	3.71163e-07	9.26655e-08	1.88659e-08	8.05355e-09	
4.30866e-07	5.29299e-06	5.4349e-05	0.000458927	0.0031258	0.0167846	0.069218	0.213437	0.484023	0.82562	1.16531	1.51023	1.81253	2.04805	2.22143	2.33024	2.38189	2.39647	2.38585	2.36895	2.36378	2.37468	2.39195	2.39434	2.36613	2.29524	2.15968	1.96084	1.70001	1.37317	1.0306	0.686331	0.361565	0.141166	0.040722	0.0088736	0.00150048	0.000201856	2.20721e-05	1.99749e-06	1.51905e-07	9.83304e-09	5.47758e-10	2.65069e-11	1.12341e-12	4.24119e-14	5.98592e-15	4.20733e-14	3.19257e-13	2.00379e-12	1.03875e-11	4.46058e-11	1.59167e-10	4.71754e-10	1.15827e-09	2.36283e-09	4.08263e-09	6.16728e-09	8.20624e-09	9.45621e-09	9.30722e-09	7.83666e-09	5.73376e-09	3.69785e-09	2.07407e-09	9.77879e-10	3.81925e-10	1.23544e-10	3.31568e-11	7.39673e-12	1.37315e-12	2.12209e-13	2.73317e-14	2.96494e-15	7.06513e-16	7.43761e-15	1.06682e-13	1.29713e-12	1.31893e-11	1.10887e-10	7.62373e-10	4.24642e-09	1.90506e-08	6.87576e-08	2.0004e-07	4.69811e-07	8.92947e-07	1.38991e-06	1.80407e-06	1.98432e-06	1.86256e-06	1.48494e-06	9.91125e-07	5.44114e-07	2.42433e-07	8.70759e-08	2.50854e-08	5.87138e-09	2.82715e-09	2.98772e-08	
1.89395e-06	2.12025e-05	0.000196669	0.00148436	0.00892055	0.0416165	0.146568	0.380481	0.728758	1.0998	1.47058	1.81253	2.0761	2.27328	2.37407	2.3959	2.36134	2.28935	2.22175	2.17814	2.16722	2.19178	2.24664	2.3198	2.38151	2.3947	2.34314	2.20541	1.97859	1.6848	1.3212	0.953256	0.581628	0.269751	0.0918415	0.0232457	0.00449198	0.000680901	8.29156e-05	8.2765e-06	6.88733e-07	4.84636e-08	2.91849e-09	1.51962e-10	6.90302e-12	2.87956e-13	1.36659e-13	1.08448e-12	7.68156e-12	4.49873e-11	2.17914e-10	8.76497e-10	2.93946e-09	8.23035e-09	1.92472e-08	3.78127e-08	6.35533e-08	9.35978e-08	1.2166e-07	1.38332e-07	1.36361e-07	1.16654e-07	8.74674e-08	5.78767e-08	3.34177e-08	1.64085e-08	6.74533e-09	2.31376e-09	6.61696e-10	1.57747e-10	3.1343e-11	5.18751e-12	7.15413e-13	8.24109e-14	7.98084e-15	9.0767e-16	3.99611e-15	5.14168e-14	5.60816e-13	5.06902e-12	3.75313e-11	2.25291e-10	1.08832e-09	4.21729e-09	1.31052e-08	3.26016e-08	6.47483e-08	1.03508e-07	1.36141e-07	1.50385e-07	1.40761e-07	1.10978e-07	7.2346e-08	3.81536e-08	1.61038e-08	5.4252e-09	1.47923e-09	8.13936e-10	9.16679e-09	1.42331e-07	
6.72098e-06	6.86453e-05	0.000576107	0.00389515	0.0207252	0.0844869	0.256851	0.573593	0.967177	1.35851	1.73966	2.04805	2.27328	2.37565	2.39046	2.30633	2.1578	1.99078	1.83421	1.72418	1.69681	1.75925	1.89355	2.05794	2.22117	2.34893	2.39728	2.35072	2.19415	1.93802	1.59172	1.20235	0.808319	0.432064	0.171039	0.0498819	0.0109602	0.00186522	0.000252228	2.77032e-05	2.51733e-06	1.9219e-07	1.24899e-08	6.98615e-10	3.39818e-11	1.77094e-12	3.15434e-12	2.46264e-11	1.62115e-10	8.82391e-10	3.97806e-09	1.49296e-08	4.68886e-08	1.23637e-07	2.74649e-07	5.1832e-07	8.45355e-07	1.21281e-06	1.54117e-06	1.7301e-06	1.70795e-06	1.48352e-06	1.13919e-06	7.74299e-07	4.61446e-07	2.36537e-07	1.02632e-07	3.7452e-08	1.14551e-08	2.92982e-09	6.25549e-10	1.11318e-10	1.65014e-11	2.0411e-12	2.11547e-13	1.84915e-14	1.50107e-15	1.88973e-15	2.10285e-14	2.03543e-13	1.6165e-12	1.04139e-11	5.39451e-11	2.23559e-10	7.39432e-10	1.94303e-09	4.0239e-09	6.59107e-09	8.76968e-09	9.72259e-09	9.07867e-09	7.08885e-09	4.5238e-09	2.29683e-09	9.21076e-10	2.97072e-10	1.89555e-10	2.27712e-09	3.80949e-08	5.49743e-07	
1.92736e-05	0.000180602	0.00138056	0.00843053	0.0401294	0.144935	0.387872	0.767224	1.18391	1.58956	1.95838	2.22143	2.37407	2.39046	2.27396	2.06407	1.78972	1.49161	1.23459	1.07606	1.03895	1.12539	1.32762	1.61009	1.90342	2.15966	2.33762	2.39618	2.33053	2.12685	1.82114	1.42841	1.01857	0.605096	0.272097	0.0900764	0.0222664	0.00421957	0.000629408	7.56363e-05	7.46797e-06	6.15915e-07	4.30256e-08	2.57604e-09	1.34234e-10	1.35649e-11	6.67175e-11	4.88946e-10	2.97738e-09	1.49916e-08	6.2612e-08	2.18272e-07	6.39312e-07	1.58181e-06	3.32735e-06	6.01445e-06	9.49218e-06	1.32521e-05	1.64754e-05	1.82721e-05	1.80632e-05	1.59183e-05	1.25118e-05	8.74817e-06	5.39722e-06	2.89646e-06	1.33073e-06	5.18556e-07	1.70351e-07	4.69589e-08	1.08246e-08	2.08071e-09	3.33006e-10	4.4414e-11	4.95421e-12	4.64854e-13	3.69529e-14	2.56306e-15	8.45373e-16	7.23431e-15	6.13544e-14	4.22695e-13	2.33961e-12	1.03342e-11	3.62718e-11	1.00433e-10	2.16493e-10	3.62594e-10	4.87366e-10	5.42017e-10	5.05084e-10	3.91064e-10	2.44785e-10	1.19908e-10	4.66608e-11	3.50606e-11	4.49927e-10	8.1275e-09	1.27531e-07	1.70783e-06	
4.50169e-05	0.000391092	0.00275537	0.015402	0.0666108	0.217104	0.52327	0.943744	1.37321	1.78363	2.11797	2.33024	2.3959	2.30633	2.06407	1.70997	1.27531	0.844276	0.489854	0.26392	0.20849	0.335955	0.618248	1.0109	1.45532	1.86396	2.17566	2.36058	2.38957	2.26028	1.99822	1.62148	1.20296	0.769126	0.382266	0.140765	0.0385528	0.00803783	0.00130953	0.000170752	1.81883e-05	1.61032e-06	1.20246e-07	7.66857e-09	4.37495e-10	1.7243e-10	1.24304e-09	8.4169e-09	4.71557e-08	2.18443e-07	8.40578e-07	2.70766e-06	7.36034e-06	1.70163e-05	3.37704e-05	5.8268e-05	8.87016e-05	0.000120342	0.000146453	0.000160582	0.000158953	0.000142004	0.000114214	8.22962e-05	5.27423e-05	2.97319e-05	1.4518e-05	6.06761e-06	2.15153e-06	6.42659e-07	1.60822e-07	3.35742e-08	5.83179e-09	8.42787e-10	1.01632e-10	1.02822e-11	8.788e-13	6.39387e-14	4.01123e-15	4.43468e-16	2.07519e-15	1.51686e-14	8.94334e-14	4.19815e-13	1.55951e-12	4.54042e-12	1.01716e-11	1.73881e-11	2.35821e-11	2.62976e-11	2.44623e-11	1.88001e-11	1.15665e-11	5.58901e-12	5.0264e-12	6.90016e-11	1.35164e-09	2.31705e-08	3.41552e-07	4.28067e-06	
8.68538e-05	0.00070961	0.00467824	0.024332	0.0973334	0.292039	0.64843	1.09273	1.52712	1.93097	2.22959	2.38189	2.36134	2.1578	1.78972	1.27531	0.689591	0.100123	-0.425465	-0.780455	-0.86921	-0.665936	-0.229522	0.331876	0.928416	1.49695	1.95455	2.25873	2.39298	2.3372	2.12688	1.77775	1.35616	0.911414	0.488035	0.195476	0.0582145	0.0131457	0.00230872	0.000323025	3.67683e-05	3.46586e-06	2.74656e-07	1.85607e-08	1.3741e-09	2.73026e-09	2.00547e-08	1.24424e-07	6.37283e-07	2.69835e-06	9.50506e-06	2.81154e-05	7.0529e-05	0.000151609	0.000282661	0.000463692	0.000678363	0.000892747	0.00106375	0.00115397	0.00114363	0.00103497	0.000851859	0.000633964	0.000423698	0.000251878	0.000131286	5.91487e-05	2.27706e-05	7.4169e-06	2.02817e-06	4.62846e-07	8.7798e-08	1.38282e-08	1.8123e-09	1.98633e-10	1.83312e-11	1.43547e-12	9.61386e-14	5.55567e-15	3.40051e-16	4.96272e-16	3.0329e-15	1.50893e-14	5.91878e-14	1.80851e-13	4.20494e-13	7.32523e-13	1.00142e-12	1.11938e-12	1.03967e-12	7.94147e-13	4.91983e-13	5.41172e-13	7.95954e-12	1.70283e-10	3.21291e-09	5.25144e-08	7.36062e-07	8.74456e-06	
0.000140802	0.0010992	0.00689405	0.0339435	0.127879	0.360002	0.751451	1.20824	1.64747	2.0378	2.29508	2.39647	2.28935	1.99078	1.49161	0.844276	0.100123	-0.70491	-1.4372	-1.92133	-2.04026	-1.76671	-1.16463	-0.382223	0.408467	1.11616	1.71174	2.13438	2.35835	2.37676	2.21373	1.89096	1.47489	1.02541	0.578458	0.246496	0.0782487	0.0188033	0.00350429	0.000518729	6.22912e-05	6.17881e-06	5.14128e-07	3.68476e-08	7.12637e-09	4.06181e-08	2.76876e-07	1.56202e-06	7.25866e-06	2.78739e-05	8.91903e-05	0.000240478	0.000552999	0.00109896	0.00191534	0.00297357	0.00416338	0.00530261	0.00618453	0.00664111	0.00658905	0.0060376	0.00508844	0.00392197	0.00274531	0.00172898	0.00096679	0.000472326	0.00019876	7.11301e-05	2.14216e-05	5.38557e-06	1.12399e-06	1.94271e-07	2.78451e-08	3.32478e-09	3.32944e-10	2.81823e-11	2.03294e-12	1.25976e-13	6.75865e-15	3.29724e-16	1.04675e-16	4.83178e-16	1.9953e-15	6.38769e-15	1.53966e-14	2.72948e-14	3.75817e-14	4.20966e-14	3.90689e-14	3.04453e-14	4.2171e-14	6.68582e-13	1.57702e-11	3.30681e-10	6.04791e-09	9.56083e-08	1.29301e-06	1.47806e-05	
0.000194938	0.0014767	0.0089535	0.0424373	0.153272	0.412631	0.826026	1.28912	1.72878	2.10672	2.33547	2.38585	2.22175	1.83421	1.23459	0.489854	-0.425465	-1.4372	-2.32772	-2.89573	-3.03291	-2.71623	-2.00065	-1.03321	-0.0386783	0.805848	1.4919	2.02009	2.31108	2.39113	2.26297	1.96893	1.55874	1.10687	0.645806	0.286824	0.0951385	0.0238841	0.00464365	0.000715724	8.93011e-05	9.18402e-06	7.91319e-07	6.54739e-08	7.33587e-08	5.22589e-07	3.23234e-06	1.64381e-05	6.86719e-05	0.000236929	0.000682313	0.00166233	0.00347722	0.00634675	0.0102828	0.0150302	0.0200519	0.0246468	0.0281092	0.0298812	0.0296796	0.0275365	0.023795	0.0190548	0.014034	0.00941266	0.00567819	0.00302857	0.00140417	0.000557039	0.0001865	5.21416e-05	1.2081e-05	2.31065e-06	3.64933e-07	4.77863e-08	5.22271e-09	4.80265e-10	3.74761e-11	2.50244e-12	1.44136e-13	7.21462e-15	3.18398e-16	2.59936e-17	6.04888e-17	2.01214e-16	5.0224e-16	9.04955e-16	1.25406e-15	1.40833e-15	1.34358e-15	2.31676e-15	4.03809e-14	1.05766e-12	2.4832e-11	5.11909e-10	9.19074e-09	1.42402e-07	1.88401e-06	2.10212e-05	
0.00023318	0.00173857	0.0103502	0.0480242	0.169258	0.443852	0.868141	1.33685	1.77728	2.13872	2.35729	2.36895	2.17814	1.72418	1.07606	0.26392	-0.780455	-1.92133	-2.89573	-3.50419	-3.64988	-3.31295	-2.5412	-1.46996	-0.33719	0.615354	1.34971	1.93897	2.28085	2.38931	2.291	2.01059	1.6029	1.1545	0.686041	0.311325	0.105779	0.0272301	0.0054268	0.000856327	0.000109202	1.14585e-05	1.01495e-06	1.77434e-07	8.44666e-07	5.67464e-06	3.14806e-05	0.000142811	0.000530412	0.00162568	0.00416732	0.00908155	0.0171308	0.0285165	0.0427005	0.0584552	0.0740086	0.0875383	0.0974516	0.10249	0.101917	0.0958214	0.0850682	0.0709956	0.0552509	0.0396773	0.025974	0.0152356	0.00785249	0.00348913	0.00131338	0.000413012	0.000107405	2.29637e-05	4.03275e-06	5.83743e-07	7.01102e-08	7.04538e-09	5.9771e-10	4.31933e-11	2.68145e-12	1.44136e-13	6.75704e-15	2.78424e-16	1.17282e-17	6.00613e-18	1.46802e-17	2.68393e-17	3.74433e-17	4.35057e-17	9.25287e-17	1.79996e-15	5.23193e-14	1.37423e-12	3.19214e-11	6.50927e-10	1.15586e-08	1.7707e-07	2.31495e-06	2.55015e-05	
0.000242842	0.00180448	0.0106995	0.0494038	0.173113	0.451102	0.877701	1.34857	1.78978	2.14521	2.36203	2.36378	2.16722	1.69681	1.03895	0.20849	-0.86921	-2.04026	-3.03291	-3.64988	-3.79736	-3.45622	-2.67261	-1.57836	-0.41195	0.569795	1.31542	1.91739	2.27398	2.38712	2.29796	2.01869	1.61226	1.16601	0.695675	0.317131	0.108335	0.0280518	0.00562328	0.000892229	0.000114355	1.20647e-05	1.19129e-06	1.23467e-06	8.49323e-06	5.1206e-05	0.000251798	0.00100604	0.00327739	0.0088036	0.0198336	0.0382346	0.0644794	0.0972766	0.134018	0.171204	0.205315	0.233363	0.253152	0.263057	0.261936	0.249929	0.228341	0.198884	0.163893	0.126503	0.0902868	0.0586283	0.0338967	0.0170638	0.00731698	0.00262374	0.00077612	0.000187806	3.70806e-05	5.99048e-06	7.97164e-07	8.81509e-08	8.17861e-09	6.42812e-10	4.31933e-11	2.50244e-12	1.25976e-13	5.54924e-15	2.1529e-16	7.53848e-18	6.1162e-19	7.22375e-19	1.04141e-18	2.70625e-18	5.87461e-17	1.8979e-15	5.58081e-14	1.46089e-12	3.38196e-11	6.87497e-10	1.21728e-08	1.85969e-07	2.42476e-06	2.66374e-05	
0.000220644	0.00165326	0.00989803	0.0462295	0.164185	0.434144	0.855366	1.32225	1.76206	2.12928	2.35053	2.37468	2.19178	1.75925	1.12539	0.335955	-0.665936	-1.76671	-2.71623	-3.31295	-3.45622	-3.12524	-2.37009	-1.33021	-0.241008	0.675621	1.39478	1.96605	2.29055	2.39119	2.28251	1.99882	1.58954	1.13944	0.673443	0.303658	0.10241	0.0261552	0.00517205	0.000810147	0.000102631	1.0844e-05	2.29784e-06	1.0927e-05	7.1019e-05	0.000377915	0.00162424	0.00562762	0.0158241	0.0366839	0.0716685	0.121026	0.18148	0.24774	0.314329	0.37573	0.428574	0.469883	0.497497	0.510622	0.509163	0.493109	0.462661	0.418841	0.364027	0.301275	0.234286	0.168764	0.110134	0.0634726	0.0314434	0.013063	0.00446666	0.00124192	0.000279425	5.09708e-05	7.58919e-06	9.31105e-07	9.51262e-08	8.17861e-09	5.9771e-10	3.74761e-11	2.03294e-12	9.61381e-14	3.9905e-15	1.46278e-16	4.77021e-18	1.5619e-19	5.97723e-20	1.33672e-18	4.84379e-17	1.60813e-15	4.77568e-14	1.26116e-12	2.94345e-11	6.02919e-10	1.07522e-08	1.65406e-07	2.17144e-06	2.40222e-05	
0.000174066	0.0013326	0.00817644	0.039279	0.144011	0.393915	0.800154	1.26098	1.70023	2.08375	2.32182	2.39195	2.24664	1.89355	1.32762	0.618248	-0.229522	-1.16463	-2.00065	-2.5412	-2.67261	-2.37009	-1.69249	-0.789985	0.127618	0.917805	1.57321	2.06328	2.32864	2.38802	2.24598	1.94213	1.53038	1.07835	0.621838	0.272297	0.0889544	0.0219897	0.00421131	0.0006398	7.88818e-05	9.38189e-06	1.2586e-05	8.42658e-05	0.000484441	0.002241	0.00827686	0.0244176	0.0582132	0.114736	0.192563	0.284424	0.381587	0.477032	0.565515	0.643079	0.707792	0.757879	0.790632	0.805278	0.803685	0.785552	0.749199	0.695927	0.628537	0.548611	0.458394	0.362137	0.265441	0.175645	0.101616	0.0497091	0.0200114	0.00650975	0.00169657	0.00035438	5.97354e-05	8.21058e-06	9.31105e-07	8.81509e-08	7.04538e-09	4.80265e-10	2.81823e-11	1.43547e-12	6.39372e-14	2.50684e-15	8.70314e-17	2.69047e-18	9.62861e-20	8.90015e-19	3.31921e-17	1.11523e-15	3.35088e-14	8.9557e-13	2.11624e-11	4.39113e-10	7.93816e-09	1.23899e-07	1.65218e-06	1.85936e-05	
0.000118108	0.000937715	0.00599162	0.0301104	0.115997	0.334303	0.713526	1.16624	1.60389	1.99984	2.2732	2.39434	2.3198	2.05794	1.61009	1.0109	0.331876	-0.382223	-1.03321	-1.46996	-1.57836	-1.33021	-0.789985	-0.0959655	0.611111	1.26318	1.809	2.18438	2.37589	2.36439	2.18425	1.84986	1.43128	0.983702	0.544744	0.226952	0.0703735	0.0165268	0.00301285	0.000436793	5.2603e-05	1.62006e-05	8.59513e-05	0.000531616	0.00265032	0.0104732	0.0325939	0.0802781	0.159773	0.266065	0.386452	0.510207	0.631146	0.746403	0.851081	0.944429	1.02079	1.07979	1.12041	1.13997	1.13778	1.11393	1.06939	1.00685	0.927022	0.831009	0.72417	0.607285	0.485602	0.361848	0.243322	0.141436	0.068203	0.0264821	0.00814926	0.00198206	0.000383543	5.97354e-05	7.58919e-06	7.97164e-07	7.01102e-08	5.22271e-09	3.32944e-10	1.83312e-11	8.788e-13	3.69491e-14	1.37125e-15	4.51759e-17	1.3392e-18	5.07867e-19	1.79465e-17	6.12501e-16	1.87144e-14	5.09225e-13	1.22675e-11	2.59908e-10	4.80593e-09	7.68805e-08	1.0532e-06	1.22093e-05	
6.80122e-05	0.000569025	0.00384842	0.0205756	0.0847866	0.262456	0.600691	1.03692	1.46931	1.87775	2.19058	2.36613	2.38151	2.22117	1.90342	1.45532	0.928416	0.408467	-0.0386783	-0.33719	-0.41195	-0.241008	0.127618	0.611111	1.14223	1.65101	2.04679	2.30494	2.39713	2.31262	2.08039	1.72039	1.29921	0.857673	0.446975	0.173534	0.0500738	0.0109678	0.0018713	0.00025564	3.72875e-05	7.70341e-05	0.000500013	0.00269129	0.0114354	0.037854	0.0972917	0.197135	0.327515	0.47107	0.618147	0.766574	0.911733	1.04946	1.17198	1.27834	1.36496	1.42811	1.46995	1.49059	1.48826	1.46325	1.4172	1.3495	1.25859	1.14881	1.02294	0.883135	0.736894	0.588514	0.441777	0.29996	0.174087	0.082054	0.0304241	0.00878084	0.00198206	0.00035438	5.09708e-05	5.99048e-06	5.83743e-07	4.77863e-08	3.32478e-09	1.98633e-10	1.02822e-11	4.64853e-13	1.84836e-14	6.50412e-16	2.03706e-17	7.49524e-19	7.03094e-18	2.4726e-16	7.80793e-15	2.19824e-13	5.4864e-12	1.20601e-10	2.31766e-09	3.86081e-08	5.52019e-07	6.697e-06	
3.2664e-05	0.000292571	0.00212934	0.012323	0.0553054	0.187421	0.469694	0.876116	1.30172	1.71097	2.0597	2.29524	2.3947	2.34893	2.15966	1.86396	1.49695	1.11616	0.805848	0.615354	0.569795	0.675621	0.917805	1.26318	1.65101	1.99403	2.24964	2.38297	2.37382	2.21401	1.93452	1.54806	1.13228	0.705662	0.338049	0.119533	0.0314587	0.00631699	0.000994378	0.000131675	6.83756e-05	0.000403535	0.00234704	0.0107868	0.0383725	0.104444	0.218949	0.367712	0.530432	0.70126	0.879746	1.05579	1.22181	1.37124	1.50347	1.61316	1.70336	1.77138	1.81552	1.83626	1.83395	1.80858	1.75968	1.68706	1.59289	1.47875	1.34254	1.18987	1.02096	0.844053	0.666118	0.497211	0.336458	0.192295	0.0871932	0.0304241	0.00814926	0.00169657	0.000279425	3.70806e-05	4.03275e-06	3.64933e-07	2.78451e-08	1.8123e-09	1.01632e-10	4.95421e-12	2.11546e-13	7.96651e-15	2.66173e-16	7.98172e-18	2.23204e-18	7.42741e-17	2.44995e-15	7.21643e-14	1.88758e-12	4.35697e-11	8.8117e-10	1.54869e-08	2.34303e-07	3.01782e-06	
1.28958e-05	0.000125163	0.000993631	0.00632022	0.0314373	0.119001	0.334205	0.690958	1.09972	1.50152	1.87828	2.15968	2.34314	2.39728	2.33762	2.17566	1.95455	1.71174	1.4919	1.34971	1.31542	1.39478	1.57321	1.809	2.04679	2.24964	2.38091	2.38722	2.28497	2.05805	1.73507	1.34151	0.937405	0.536129	0.229744	0.0723904	0.0170764	0.00309937	0.000447917	8.66624e-05	0.00028181	0.00175564	0.00878368	0.0339624	0.099633	0.221008	0.383041	0.562	0.756443	0.961882	1.16401	1.35323	1.53068	1.68873	1.82519	1.93951	2.02776	2.09095	2.13241	2.15268	2.15041	2.12579	2.0801	2.01227	1.91872	1.7995	1.65888	1.49639	1.31635	1.12436	0.920962	0.715991	0.525459	0.348907	0.192295	0.082054	0.0264821	0.00650975	0.00124192	0.000187806	2.29637e-05	2.31065e-06	1.94271e-07	1.38282e-08	8.42787e-10	4.4414e-11	2.0411e-12	8.24102e-14	2.94241e-15	9.34504e-17	3.0936e-18	1.70857e-17	5.90308e-16	1.83162e-14	5.05705e-13	1.235e-11	2.64967e-10	4.95541e-09	8.00607e-08	1.10575e-06	
4.14333e-06	4.39213e-05	0.000383787	0.0027118	0.0151447	0.0651054	0.209549	0.495288	0.873817	1.25673	1.63733	1.96084	2.20541	2.35072	2.39618	2.36058	2.25873	2.13438	2.02009	1.93897	1.91739	1.96605	2.06328	2.18438	2.30494	2.38297	2.38722	2.31054	2.1158	1.84392	1.48864	1.10501	0.71856	0.364534	0.136113	0.0375117	0.00782335	0.00127152	0.000183454	0.000179677	0.0011242	0.0061586	0.0261765	0.0842774	0.202937	0.372809	0.564882	0.778268	1.00604	1.22978	1.44622	1.65038	1.83179	1.98981	2.12164	2.22588	2.30896	2.36967	2.40788	2.42554	2.42358	2.40194	2.35939	2.29417	2.20684	2.09752	1.96009	1.79742	1.61119	1.40362	1.18561	0.960565	0.733497	0.525459	0.336458	0.174087	0.068203	0.0200114	0.00446666	0.00077612	0.000107405	1.2081e-05	1.12399e-06	8.7798e-08	5.83179e-09	3.33006e-10	1.65014e-11	7.15413e-13	2.73307e-14	9.25806e-16	2.80357e-17	3.78358e-18	1.10881e-16	3.6392e-15	1.06537e-13	2.76579e-12	6.3267e-11	1.26586e-09	2.19674e-08	3.27411e-07	
1.07562e-06	1.25059e-05	0.00012087	0.000954316	0.00602838	0.0297306	0.111379	0.30899	0.630354	0.992112	1.35035	1.70001	1.97859	2.19415	2.33053	2.38957	2.39298	2.35835	2.31108	2.28085	2.27398	2.29055	2.32864	2.37589	2.39713	2.37382	2.28497	2.1158	1.8759	1.56631	1.20526	0.848057	0.4912	0.213123	0.0678851	0.0161641	0.00295814	0.000435611	0.000130492	0.000616534	0.00370263	0.0174772	0.0627711	0.168158	0.337422	0.539004	0.763629	1.01009	1.25455	1.49721	1.72402	1.92551	2.10532	2.25414	2.37418	2.46823	2.53521	2.57749	2.60265	2.61377	2.61257	2.59881	2.57058	2.52404	2.45162	2.35214	2.22689	2.0716	1.88684	1.68078	1.44924	1.20576	0.960565	0.715991	0.497211	0.29996	0.141436	0.0497091	0.013063	0.00262374	0.000413012	5.21416e-05	5.38557e-06	4.62846e-07	3.35742e-08	2.08071e-09	1.11318e-10	5.18751e-12	2.12209e-13	7.67233e-15	2.46634e-16	7.50966e-18	1.66212e-17	5.72219e-16	1.78051e-14	4.92632e-13	1.20472e-11	2.58622e-10	4.83563e-09	7.80391e-08	
2.25016e-07	2.87202e-06	3.07334e-05	0.00027147	0.0019431	0.011027	0.0483867	0.159918	0.390477	0.711771	1.04335	1.37317	1.6848	1.93802	2.12685	2.26028	2.3372	2.37676	2.39113	2.38931	2.38712	2.39119	2.38802	2.36439	2.31262	2.21401	2.05805	1.84392	1.56631	1.23933	0.91263	0.578477	0.283232	0.102509	0.0275977	0.00566008	0.000910908	0.000150432	0.000294896	0.00189885	0.0100337	0.0407275	0.12389	0.279658	0.485051	0.714668	0.973818	1.23802	1.50186	1.74953	1.97719	2.17607	2.33794	2.47022	2.56944	2.6359	2.67952	2.709	2.72706	2.73478	2.73396	2.72434	2.70408	2.67216	2.62481	2.55226	2.44624	2.30814	2.13932	1.93331	1.70203	1.44924	1.18561	0.920962	0.666118	0.441777	0.243322	0.101616	0.0314434	0.00731698	0.00131338	0.0001865	2.14216e-05	2.02817e-06	1.60822e-07	1.08246e-08	6.25549e-10	3.1343e-11	1.37315e-12	5.29881e-14	1.81263e-15	5.53268e-17	3.46168e-18	7.21247e-17	2.38618e-15	7.04203e-14	1.84255e-12	4.24737e-11	8.56357e-10	1.49766e-08	
3.80466e-08	5.32201e-07	6.2923e-06	6.202e-05	0.000501434	0.00326301	0.0167205	0.0658786	0.195223	0.431294	0.730635	1.0306	1.3212	1.59172	1.82114	1.99822	2.12688	2.21373	2.26297	2.291	2.29796	2.28251	2.24598	2.18425	2.08039	1.93452	1.73507	1.48864	1.20526	0.91263	0.609096	0.324857	0.130589	0.0392395	0.00895733	0.00159066	0.000236348	0.000135858	0.00082641	0.00490907	0.0227271	0.0796851	0.207514	0.405032	0.636756	0.898825	1.1804	1.45985	1.73267	1.98182	2.19995	2.38226	2.5252	2.6274	2.69014	2.72858	2.74839	2.75258	2.74807	2.74351	2.74409	2.7492	2.75272	2.74591	2.72255	2.67978	2.61049	2.49967	2.34889	2.15948	1.93331	1.68078	1.40362	1.12436	0.844053	0.588514	0.361848	0.175645	0.0634726	0.0170638	0.00348913	0.000557039	7.11301e-05	7.4169e-06	6.42659e-07	4.69589e-08	2.92982e-09	1.57747e-10	7.39673e-12	3.04441e-13	1.1075e-14	3.58245e-16	1.0547e-17	7.64555e-18	2.59696e-16	8.17176e-15	2.28659e-13	5.65626e-12	1.22871e-10	2.32618e-09	
5.23913e-09	8.00576e-08	1.04164e-06	1.14002e-05	0.000103473	0.000766196	0.00454261	0.0211235	0.0754819	0.204306	0.420745	0.686331	0.953256	1.20235	1.42841	1.62148	1.77775	1.89096	1.96893	2.01059	2.01869	1.99882	1.94213	1.84986	1.72039	1.54806	1.34151	1.10501	0.848057	0.578477	0.324857	0.141433	0.0467215	0.0117764	0.00230445	0.000360627	8.06465e-05	0.000305222	0.00202676	0.0107633	0.0439207	0.134403	0.305438	0.533682	0.791267	1.08073	1.37494	1.66898	1.93915	2.18412	2.38616	2.54416	2.65339	2.71493	2.7423	2.73763	2.70521	2.66071	2.62182	2.60084	2.60324	2.62842	2.66964	2.71328	2.74124	2.73934	2.70543	2.63622	2.51583	2.34889	2.13932	1.88684	1.61119	1.31635	1.02096	0.736894	0.485602	0.265441	0.110134	0.0338967	0.00785249	0.00140417	0.00019876	2.27706e-05	2.15153e-06	1.70351e-07	1.14551e-08	6.61696e-10	3.31568e-11	1.45345e-12	5.61466e-14	1.92366e-15	5.87993e-17	2.2319e-18	2.32967e-17	7.7954e-16	2.32982e-14	6.17526e-13	1.4427e-11	2.95028e-10	
5.93556e-10	9.86933e-09	1.4064e-07	1.69904e-06	1.71848e-05	0.000143456	0.00097253	0.00526023	0.022296	0.0729751	0.18366	0.361565	0.581628	0.808319	1.01857	1.20296	1.35616	1.47489	1.55874	1.6029	1.61226	1.58954	1.53038	1.43128	1.29921	1.13228	0.937405	0.71856	0.4912	0.283232	0.130589	0.0467215	0.0128971	0.00277225	0.000472163	7.42192e-05	9.85213e-05	0.000698965	0.00427033	0.0203919	0.0741433	0.201135	0.408584	0.660079	0.942888	1.25167	1.55813	1.85457	2.12348	2.34972	2.53145	2.65548	2.72185	2.74101	2.7099	2.6347	2.54012	2.45219	2.38791	2.35592	2.35951	2.39835	2.46825	2.55919	2.65224	2.72029	2.74086	2.71225	2.63622	2.49967	2.30814	2.0716	1.79742	1.49639	1.18987	0.883135	0.607285	0.362137	0.168764	0.0586283	0.0152356	0.00302857	0.000472326	5.91487e-05	6.06761e-06	5.18556e-07	3.7452e-08	2.31376e-09	1.23544e-10	5.75259e-12	2.35396e-13	8.52247e-15	2.74625e-16	7.96136e-18	1.94131e-18	6.19063e-17	1.97288e-15	5.59241e-14	1.40198e-12	3.08849e-11	
5.59423e-11	1.00807e-09	1.56562e-08	2.07526e-07	2.32169e-06	2.16465e-05	0.000165832	0.00102788	0.00507403	0.0196741	0.0594869	0.141166	0.269751	0.432064	0.605096	0.769126	0.911414	1.02541	1.10687	1.1545	1.16601	1.13944	1.07835	0.983702	0.857673	0.705662	0.536129	0.364534	0.213123	0.102509	0.0392395	0.0117763	0.0027722	0.000517033	7.95569e-05	3.22803e-05	0.000199593	0.00140177	0.00785311	0.0340952	0.111953	0.27395	0.509332	0.780658	1.08669	1.40618	1.72112	2.01641	2.27506	2.48459	2.63462	2.71725	2.74054	2.69489	2.58528	2.44453	2.30725	2.19483	2.11762	2.08024	2.08442	2.12997	2.2147	2.33318	2.47331	2.61099	2.70988	2.74086	2.70543	2.61049	2.44624	2.22689	1.96009	1.65888	1.34254	1.02294	0.72417	0.458394	0.234286	0.0902868	0.025974	0.00567819	0.00096679	0.000131286	1.4518e-05	1.33073e-06	1.02632e-07	6.74533e-09	3.81925e-10	1.88047e-11	8.11673e-13	3.09309e-14	1.0471e-15	3.1665e-17	9.68649e-19	4.16114e-18	1.40468e-16	4.24971e-15	1.14046e-13	2.69883e-12	
4.43466e-12	8.62664e-11	1.45339e-09	2.10186e-08	2.58297e-07	2.66681e-06	2.28412e-05	0.000160078	0.000905075	0.00407531	0.01449	0.040722	0.0918415	0.171039	0.272097	0.382266	0.488035	0.578458	0.645806	0.686041	0.695675	0.673443	0.621838	0.544744	0.446975	0.338049	0.229744	0.136113	0.0678851	0.0275976	0.00895725	0.00230417	0.000471327	7.77798e-05	1.49798e-05	4.72592e-05	0.000376172	0.00247337	0.0128338	0.0512708	0.154191	0.346458	0.60263	0.891691	1.21489	1.54343	1.86243	2.15173	2.39718	2.58453	2.69707	2.74244	2.70513	2.58038	2.40502	2.22381	2.06458	1.94028	1.85666	1.81652	1.82099	1.86997	1.962	2.09389	2.25888	2.44177	2.61099	2.72029	2.73934	2.67978	2.55226	2.35214	2.09752	1.7995	1.47875	1.14881	0.831009	0.548611	0.301275	0.126503	0.0396773	0.00941266	0.00172898	0.000251878	2.97319e-05	2.89646e-06	2.36537e-07	1.64085e-08	9.77879e-10	5.0555e-11	2.28642e-12	9.1126e-14	3.22114e-15	1.01558e-16	2.87621e-18	3.08777e-19	8.50136e-18	2.73905e-16	7.85021e-15	1.99005e-13	
2.98743e-13	6.25102e-12	1.13757e-10	1.7857e-09	2.39562e-08	2.71826e-07	2.57883e-06	2.02014e-05	0.000128982	0.000663027	0.00271894	0.0088736	0.0232457	0.0498819	0.0900764	0.140765	0.195476	0.246496	0.286824	0.311325	0.317131	0.303658	0.272297	0.226952	0.173534	0.119533	0.0723904	0.0375117	0.0161641	0.0056598	0.00158958	0.000357097	6.45318e-05	1.02101e-05	9.79721e-06	8.16924e-05	0.000629012	0.00389319	0.0189126	0.0703946	0.196787	0.413264	0.685339	0.991142	1.32644	1.65849	1.98033	2.25953	2.49248	2.6503	2.73366	2.73221	2.62199	2.43156	2.216	2.01397	1.84355	1.71255	1.62492	1.58293	1.58761	1.63885	1.73538	1.87465	2.0522	2.25888	2.47331	2.65224	2.74124	2.72255	2.62481	2.45162	2.20684	1.91872	1.59289	1.25859	0.927022	0.628537	0.364027	0.163893	0.0552509	0.014034	0.00274531	0.000423698	5.27423e-05	5.39722e-06	4.61446e-07	3.34177e-08	2.07407e-09	1.11435e-10	5.22814e-12	2.15813e-13	7.89012e-15	2.56979e-16	7.49502e-18	2.08167e-19	4.45994e-19	1.51204e-17	4.61788e-16	1.25081e-14	
1.72642e-14	3.87313e-13	7.58426e-12	1.28639e-10	1.87373e-09	2.32132e-08	2.42004e-07	2.0986e-06	1.49546e-05	8.65412e-05	0.000402766	0.00150048	0.00449198	0.0109602	0.0222664	0.0385528	0.0582145	0.0782487	0.0951385	0.105779	0.108335	0.10241	0.0889544	0.0703735	0.0500738	0.0314587	0.0170764	0.0078232	0.00295736	0.000907565	0.00022437	4.47001e-05	7.31764e-06	2.26355e-06	1.43075e-05	0.000127855	0.000939497	0.00552513	0.0254199	0.0893687	0.235941	0.471048	0.75516	1.07332	1.41785	1.75397	2.07196	2.34565	2.55932	2.69328	2.74952	2.69126	2.51759	2.28494	2.04781	1.83464	1.65739	1.52172	1.43109	1.38768	1.39251	1.44549	1.54534	1.68965	1.87465	2.09389	2.33318	2.55919	2.71328	2.74591	2.67216	2.52404	2.29417	2.01227	1.68706	1.3495	1.00685	0.695927	0.418841	0.198884	0.0709956	0.0190548	0.00392197	0.000633964	8.22962e-05	8.74817e-06	7.74299e-07	5.78767e-08	3.69785e-09	2.04054e-10	9.81257e-12	4.14421e-13	1.54767e-14	5.14161e-16	1.52757e-17	4.08273e-19	2.96559e-20	7.21384e-19	2.34231e-17	6.76285e-16	
8.63178e-16	2.07022e-14	4.34724e-13	7.93534e-12	1.24901e-10	1.67995e-09	1.91164e-08	1.82033e-07	1.43383e-06	9.23492e-06	4.81442e-05	0.000201856	0.000680901	0.00186522	0.00421957	0.00803783	0.0131457	0.0188033	0.0238841	0.0272301	0.0280518	0.0261552	0.0219897	0.0165268	0.0109678	0.00631694	0.00309905	0.00126968	0.000426927	0.000116513	2.57088e-05	4.60793e-06	8.30267e-07	2.05782e-06	2.06398e-05	0.000178695	0.00126261	0.00713215	0.0314783	0.106048	0.268436	0.516882	0.810385	1.13839	1.48605	1.82679	2.13913	2.40882	2.60229	2.7221	2.74774	2.63701	2.41956	2.16294	1.91413	1.69423	1.51224	1.37312	1.28022	1.23573	1.24069	1.29498	1.39734	1.54534	1.73538	1.962	2.2147	2.46825	2.66964	2.75272	2.70408	2.57058	2.35939	2.0801	1.75968	1.4172	1.06939	0.749199	0.462661	0.228341	0.0850682	0.023795	0.00508844	0.000851859	0.000114214	1.25118e-05	1.13919e-06	8.74674e-08	5.73376e-09	3.24318e-10	1.59736e-11	6.90515e-13	2.63806e-14	8.96139e-16	2.7213e-17	7.42276e-19	1.90395e-20	3.03581e-20	1.03265e-18	3.1714e-17	
