1.20452	1.46485	1.66485	1.7715	1.80871	1.7643	1.6629	1.54554	1.40261	1.24788	1.14132	1.11953	1.1669	1.24606	1.32814	1.39926	1.45512	1.49559	1.52233	1.53688	1.54015	1.53238	1.51301	1.48089	1.43413	1.37057	1.28843	1.18577	1.06118	0.91505	0.751425	0.579131	0.411522	0.264374	0.150765	0.0752613	0.0326187	0.0122391	0.00398047	0.0011263	0.000278724	6.0677e-05	1.16898e-05	2.0048e-06	3.07774e-07	4.25172e-08	5.31261e-09	6.08597e-10	8.07288e-11	5.59938e-11	1.23311e-10	2.71447e-10	5.4227e-10	9.83015e-10	1.62675e-09	2.51197e-09	4.1143e-09	1.1538e-08	6.98208e-08	5.30093e-07	3.83252e-06	2.50012e-05	0.000145169	0.00074365	0.00332991	0.0128991	0.0427269	0.119509	0.278816	0.537881	0.860154	1.16986	1.4259	1.63055	1.75189	1.76177	1.68518	1.50999	1.25849	0.966509	0.631968	0.299761	-0.0223454	-0.306597	-0.548426	-0.741588	-0.884406	-0.986785	-1.04606	-1.06443	-1.05211	-1.00106	-0.907442	-0.775069	-0.590223	-0.3597	-0.0823562	0.233272	0.564945	0.901165	
1.46485	1.65678	1.76705	1.81937	1.82231	1.77035	1.70619	1.62985	1.51902	1.40945	1.35696	1.37401	1.43417	1.50639	1.57191	1.62335	1.65978	1.68361	1.69827	1.70573	1.70728	1.70352	1.6933	1.67514	1.6465	1.6036	1.54337	1.46347	1.36131	1.23425	1.08052	0.90182	0.705167	0.505143	0.323626	0.181692	0.0882211	0.0368375	0.0132292	0.00410145	0.00110404	0.000259734	5.3765e-05	9.85715e-06	1.61057e-06	2.35883e-07	3.11519e-08	3.78967e-09	6.06173e-10	5.69422e-10	1.25576e-09	2.67795e-09	5.19266e-09	9.16535e-09	1.47826e-08	2.18796e-08	2.99585e-08	3.95543e-08	6.42569e-08	2.25156e-07	1.42076e-06	9.53825e-06	5.8573e-05	0.000319666	0.00153299	0.00639519	0.0229543	0.0700339	0.179356	0.381322	0.670101	0.985645	1.26391	1.49588	1.67653	1.76167	1.7555	1.67683	1.50563	1.27946	1.01616	0.733208	0.450519	0.185485	-0.0524017	-0.249691	-0.405305	-0.514017	-0.580007	-0.607191	-0.589506	-0.530866	-0.430052	-0.283976	-0.0952723	0.13606	0.395259	0.67711	0.959784	1.23099	
1.66485	1.76705	1.82123	1.84914	1.83897	1.81742	1.79412	1.72952	1.62933	1.55362	1.54019	1.57792	1.63562	1.6892	1.72716	1.74792	1.75519	1.75555	1.75281	1.74996	1.74906	1.75094	1.75416	1.75599	1.75321	1.74105	1.71239	1.6628	1.58884	1.4887	1.36029	1.20239	1.01555	0.802966	0.577586	0.36702	0.20158	0.0946331	0.0378849	0.0129759	0.00382614	0.000978495	0.00021871	4.30454e-05	7.51212e-06	1.17002e-06	1.63804e-07	2.13642e-08	4.38932e-09	5.36037e-09	1.16823e-08	2.40965e-08	4.5305e-08	7.78167e-08	1.22587e-07	1.77774e-07	2.38112e-07	2.95743e-07	3.45445e-07	4.16709e-07	7.99441e-07	3.54477e-06	2.13182e-05	0.000122732	0.000629968	0.00283277	0.0110343	0.0368083	0.103874	0.245038	0.479033	0.777386	1.07243	1.32416	1.5396	1.69808	1.76298	1.75493	1.68206	1.53883	1.34861	1.12645	0.893778	0.665165	0.456345	0.274022	0.125045	0.0164947	-0.0510436	-0.0746151	-0.0591869	-0.00124548	0.0999213	0.241199	0.417655	0.621459	0.847825	1.08026	1.30715	1.50581	
1.7715	1.81937	1.84914	1.86263	1.87496	1.89199	1.86842	1.78848	1.70642	1.67341	1.69026	1.72748	1.75781	1.76805	1.75693	1.7312	1.6995	1.66934	1.64333	1.62726	1.62376	1.63196	1.6527	1.68117	1.7123	1.74249	1.76289	1.76398	1.73749	1.6777	1.5822	1.45021	1.28531	1.09092	0.866346	0.620827	0.387691	0.206436	0.0929926	0.0354903	0.0115481	0.00323043	0.000783732	0.000166312	3.11146e-05	5.16995e-06	7.69983e-07	1.09437e-07	3.0956e-08	4.63485e-08	9.88245e-08	1.96844e-07	3.58423e-07	5.98458e-07	9.20068e-07	1.30731e-06	1.72227e-06	2.10934e-06	2.4076e-06	2.57471e-06	2.66747e-06	3.32293e-06	8.7542e-06	4.33543e-05	0.00023102	0.0011147	0.00470802	0.0171698	0.0534359	0.140256	0.307241	0.558843	0.851366	1.12306	1.35516	1.55636	1.70011	1.76251	1.76001	1.70178	1.59468	1.44922	1.2815	1.10381	0.933666	0.779139	0.653065	0.55656	0.495136	0.471932	0.487735	0.540945	0.631059	0.751256	0.900886	1.06865	1.24643	1.41715	1.56996	1.6889	
1.80871	1.82231	1.83897	1.87496	1.92436	1.93627	1.88375	1.81306	1.77496	1.77283	1.7826	1.7791	1.75166	1.69982	1.63224	1.55827	1.48738	1.4236	1.37474	1.34593	1.33983	1.35482	1.39182	1.44762	1.5155	1.58785	1.66059	1.72186	1.76196	1.76819	1.73244	1.64764	1.51216	1.33632	1.13151	0.894334	0.631031	0.382449	0.195269	0.0836916	0.0302668	0.00931832	0.00246654	0.000566791	0.000114092	2.02886e-05	3.22887e-06	5.1461e-07	2.12566e-07	3.65322e-07	7.56318e-07	1.45231e-06	2.55759e-06	4.14641e-06	6.21493e-06	8.64546e-06	1.11982e-05	1.35419e-05	1.53207e-05	1.62409e-05	1.61642e-05	1.52829e-05	1.50103e-05	2.32888e-05	8.23988e-05	0.000393078	0.00177656	0.00705812	0.0241749	0.0705257	0.173368	0.356221	0.611377	0.889858	1.14136	1.35795	1.54534	1.68309	1.75536	1.76868	1.7342	1.66132	1.56149	1.44721	1.3284	1.21562	1.11691	1.0423	0.995403	0.975063	0.988721	1.03089	1.09965	1.19447	1.30469	1.42361	1.53939	1.64428	1.72635	1.78042	
1.7643	1.77035	1.81742	1.89199	1.93627	1.9154	1.86859	1.83941	1.82358	1.80603	1.77058	1.70702	1.61617	1.50343	1.38117	1.25771	1.14491	1.04821	0.980135	0.939425	0.928959	0.952934	1.00405	1.08405	1.18889	1.30664	1.43098	1.55016	1.65417	1.73067	1.76801	1.75684	1.68595	1.54773	1.35881	1.14074	0.887453	0.607424	0.352106	0.170361	0.0688775	0.023465	0.0068085	0.00170096	0.000369642	7.05677e-05	1.208e-05	2.26701e-06	1.40365e-06	2.60549e-06	5.20691e-06	9.62154e-06	1.63634e-05	2.57246e-05	3.75496e-05	5.10923e-05	6.50214e-05	7.76055e-05	8.70483e-05	9.18862e-05	9.13408e-05	8.55442e-05	7.57541e-05	6.56444e-05	6.95266e-05	0.000153912	0.000611422	0.00255932	0.00956918	0.0308859	0.0849203	0.197084	0.384201	0.631653	0.893295	1.12909	1.33259	1.50704	1.64228	1.72849	1.76683	1.7641	1.72793	1.67084	1.60307	1.53496	1.47074	1.41898	1.38562	1.373	1.38125	1.41097	1.45913	1.52153	1.58928	1.65802	1.71851	1.76226	1.78054	1.77666	
1.6629	1.70619	1.79412	1.86842	1.88375	1.86859	1.86149	1.84604	1.81179	1.75748	1.664	1.53395	1.37131	1.19234	1.00939	0.838129	0.687973	0.56815	0.480835	0.430751	0.417907	0.446244	0.512029	0.612994	0.744605	0.905302	1.08159	1.26531	1.43839	1.58848	1.69917	1.75931	1.76287	1.70087	1.5559	1.35323	1.11941	0.845467	0.551882	0.301403	0.136634	0.0516982	0.0165017	0.0044962	0.00105776	0.000217449	4.04976e-05	9.64749e-06	8.73418e-06	1.66881e-05	3.20427e-05	5.6866e-05	9.32423e-05	0.000141936	0.000201512	0.000267922	0.000334742	0.000394099	0.000438117	0.000460512	0.000457963	0.00043086	0.000383275	0.000322449	0.000259676	0.000221048	0.000302737	0.000889442	0.00335016	0.0117607	0.0358845	0.0935299	0.2067	0.386827	0.618083	0.861798	1.08515	1.2785	1.44241	1.57415	1.67048	1.73218	1.76148	1.7636	1.74719	1.72166	1.69422	1.66884	1.65071	1.64433	1.64856	1.66444	1.6888	1.71611	1.74276	1.76196	1.76583	1.74812	1.712	1.67397	
1.54554	1.62985	1.72952	1.78848	1.81306	1.83941	1.84604	1.81229	1.75148	1.63493	1.46261	1.25311	1.01805	0.780872	0.552071	0.348318	0.173483	0.0352836	-0.0635713	-0.117324	-0.12874	-0.100898	-0.0279373	0.0858667	0.239255	0.426648	0.640703	0.875094	1.11272	1.33982	1.53418	1.68088	1.75481	1.76305	1.69683	1.53631	1.31944	1.06543	0.768017	0.469792	0.238401	0.100265	0.0352633	0.0104972	0.00267821	0.000594865	0.000123199	4.08924e-05	5.00981e-05	9.52404e-05	0.000175003	0.00029764	0.000469656	0.000691127	0.00095306	0.00123678	0.00151567	0.00175902	0.00193721	0.00202721	0.00201699	0.00190791	0.0017145	0.00146165	0.00118039	0.000905604	0.000686991	0.000654222	0.00126342	0.00402449	0.0131384	0.037975	0.0943626	0.200251	0.36369	0.571705	0.794856	1.00598	1.19192	1.3493	1.47766	1.57826	1.65322	1.70411	1.73426	1.74876	1.75421	1.75461	1.753	1.75204	1.75273	1.75428	1.75461	1.75053	1.73857	1.71282	1.66997	1.61256	1.55453	1.52204	
1.40261	1.51902	1.62933	1.70642	1.77496	1.82358	1.81179	1.75148	1.62442	1.41774	1.17432	0.893251	0.605847	0.320735	0.0614702	-0.167286	-0.352952	-0.494147	-0.589838	-0.644455	-0.657328	-0.626083	-0.556882	-0.444608	-0.283759	-0.0813932	0.161635	0.432703	0.720321	1.00836	1.27503	1.50423	1.67715	1.75595	1.76123	1.67291	1.48991	1.25613	0.97485	0.657746	0.370975	0.172922	0.0669428	0.021768	0.00602667	0.00145369	0.000349258	0.000174248	0.000259659	0.000480263	0.00084144	0.00136825	0.00207343	0.00294436	0.00393773	0.00498125	0.00598169	0.00683793	0.00745642	0.00776629	0.00773116	0.00735518	0.00668232	0.00578911	0.00477206	0.00373293	0.00276749	0.00197185	0.00151034	0.00186648	0.00452965	0.0134	0.0366468	0.0872295	0.179058	0.318371	0.496722	0.693816	0.888298	1.06569	1.21889	1.34604	1.4487	1.52927	1.58994	1.63317	1.66239	1.68112	1.69163	1.69521	1.69288	1.68391	1.66705	1.64032	1.6006	1.54562	1.47682	1.40328	1.34633	1.33834	
1.24788	1.40945	1.55362	1.67341	1.77283	1.80603	1.75748	1.63493	1.41774	1.14811	0.831091	0.489783	0.154491	-0.158917	-0.432945	-0.656531	-0.834677	-0.96006	-1.0471	-1.09312	-1.10257	-1.08117	-1.01929	-0.914294	-0.769272	-0.573425	-0.32723	-0.0385763	0.288648	0.625412	0.964825	1.25938	1.5128	1.687	1.76277	1.74986	1.62425	1.41726	1.15831	0.845552	0.523772	0.268779	0.114089	0.0404321	0.0121437	0.0032154	0.000963305	0.000729306	0.00119564	0.00212029	0.00352965	0.00547324	0.0079475	0.0108696	0.0140752	0.0173332	0.0203733	0.022921	0.0247337	0.0256339	0.0255322	0.0244386	0.0224616	0.019794	0.0166876	0.0134193	0.0102553	0.00742197	0.00509926	0.00348219	0.00301359	0.00497643	0.0125922	0.0322918	0.0738166	0.147366	0.258049	0.401611	0.565574	0.734714	0.896015	1.04075	1.16479	1.26752	1.34995	1.41361	1.46027	1.49213	1.51098	1.5179	1.51335	1.49702	1.46796	1.42463	1.3655	1.2911	1.20704	1.12973	1.09067	1.12692	
1.14132	1.35696	1.54019	1.69026	1.7826	1.77058	1.664	1.46261	1.17432	0.831091	0.446153	0.0720997	-0.29067	-0.601994	-0.868764	-1.07006	-1.21948	-1.31886	-1.37145	-1.40053	-1.4091	-1.3939	-1.35346	-1.28323	-1.1673	-0.995243	-0.769096	-0.483753	-0.149102	0.219681	0.601411	0.97506	1.29598	1.55456	1.71063	1.77047	1.71495	1.54824	1.31428	1.0189	0.683211	0.382262	0.17677	0.0679928	0.0221618	0.00660034	0.0027032	0.00287435	0.00481946	0.00811339	0.0127881	0.0188578	0.0261767	0.0344127	0.0430748	0.0515688	0.0592642	0.0655653	0.0699749	0.0721436	0.0718992	0.0692612	0.0644388	0.0578142	0.0499087	0.0413305	0.0327086	0.0246232	0.0175437	0.0117952	0.00759785	0.00526609	0.00568814	0.011131	0.0260596	0.0570907	0.111156	0.192252	0.298914	0.424356	0.558886	0.692652	0.817622	0.928559	1.02278	1.09934	1.15818	1.19982	1.22504	1.23442	1.22819	1.2062	1.16799	1.11308	1.04209	0.959039	0.876102	0.82006	0.831844	0.94406	
1.11953	1.37401	1.57792	1.72748	1.7791	1.70702	1.53395	1.25311	0.893251	0.489783	0.0720997	-0.331808	-0.692559	-0.991915	-1.21728	-1.37532	-1.46664	-1.51677	-1.54033	-1.54441	-1.54491	-1.54408	-1.53259	-1.50243	-1.4373	-1.3187	-1.13818	-0.878201	-0.557399	-0.172085	0.237234	0.655638	1.04298	1.37681	1.61368	1.74417	1.76087	1.64701	1.44273	1.17047	0.837242	0.505039	0.252368	0.104845	0.0372646	0.0130988	0.00779993	0.0102368	0.0167772	0.0266186	0.039587	0.0553636	0.073301	0.0924583	0.11171	0.129868	0.145798	0.158516	0.167259	0.171515	0.171037	0.165854	0.156265	0.142834	0.126373	0.107902	0.0885749	0.0695762	0.0520053	0.0367556	0.0244179	0.0152662	0.00940665	0.00716082	0.00966443	0.0194244	0.0402975	0.0764525	0.130604	0.202562	0.288989	0.384273	0.48189	0.575706	0.660831	0.733823	0.792466	0.835435	0.862061	0.872074	0.865387	0.842082	0.802506	0.747772	0.681121	0.611095	0.557334	0.555379	0.647957	0.851107	
1.1669	1.43417	1.63562	1.75781	1.75166	1.61617	1.37131	1.01805	0.605847	0.154491	-0.29067	-0.692559	-1.02917	-1.28358	-1.45103	-1.54	-1.56772	-1.55311	-1.5228	-1.50116	-1.4953	-1.50729	-1.53542	-1.5632	-1.56111	-1.51381	-1.39325	-1.19251	-0.903766	-0.53847	-0.116551	0.337613	0.775646	1.17007	1.48227	1.68197	1.76749	1.71325	1.54451	1.29789	0.977569	0.628541	0.336498	0.150499	0.059277	0.0263599	0.0222419	0.0319141	0.0497959	0.0740488	0.103592	0.137092	0.17285	0.208967	0.243544	0.274837	0.301376	0.32202	0.33596	0.342676	0.341925	0.333735	0.318403	0.296504	0.268913	0.236836	0.201806	0.165607	0.130151	0.0973101	0.0686935	0.0454202	0.0279747	0.0162624	0.00991861	0.00883623	0.0136746	0.025982	0.0477023	0.0802526	0.12369	0.176385	0.235252	0.296338	0.355534	0.409128	0.454094	0.488153	0.509741	0.51795	0.512463	0.49354	0.462189	0.420745	0.37459	0.336111	0.330674	0.398098	0.575003	0.854594	
1.24606	1.50639	1.6892	1.76805	1.69982	1.50343	1.19234	0.780872	0.320735	-0.158917	-0.601994	-0.991915	-1.28358	-1.47801	-1.56388	-1.56775	-1.51077	-1.43084	-1.36354	-1.31824	-1.30596	-1.3316	-1.38794	-1.46422	-1.53907	-1.57487	-1.54202	-1.41201	-1.18044	-0.844462	-0.431386	0.0320646	0.508543	0.953439	1.33077	1.59537	1.74359	1.74959	1.6211	1.40154	1.0998	0.745948	0.424781	0.205024	0.0925698	0.0549142	0.0589403	0.0851274	0.124566	0.172968	0.227236	0.284387	0.341537	0.396087	0.445848	0.489116	0.524677	0.551726	0.569723	0.578318	0.577361	0.56687	0.547032	0.518232	0.481057	0.43638	0.38551	0.330251	0.27288	0.216054	0.162639	0.115365	0.0763522	0.0467137	0.0263765	0.0142958	0.00905273	0.00955402	0.0154268	0.0268936	0.0442686	0.0674152	0.0954302	0.126628	0.15877	0.189401	0.216178	0.237097	0.250641	0.255851	0.252381	0.240547	0.221542	0.198183	0.177103	0.173431	0.216415	0.34669	0.590477	0.918497	
1.32814	1.57191	1.72716	1.75693	1.63224	1.38117	1.00939	0.552071	0.0614702	-0.432945	-0.868764	-1.21728	-1.45103	-1.56388	-1.56489	-1.47621	-1.34585	-1.20546	-1.09929	-1.05206	-1.04319	-1.0632	-1.13671	-1.26017	-1.39874	-1.52087	-1.57436	-1.5339	-1.3708	-1.09068	-0.70272	-0.238811	0.260818	0.742296	1.17164	1.4953	1.69999	1.76194	1.67498	1.48314	1.20281	0.853649	0.515396	0.271945	0.147092	0.114573	0.137886	0.191314	0.260594	0.337719	0.417345	0.495476	0.569128	0.63611	0.694905	0.744596	0.784685	0.814833	0.83473	0.844175	0.843128	0.831593	0.809633	0.777476	0.73544	0.68388	0.623355	0.554895	0.480144	0.401422	0.321812	0.245141	0.175556	0.116794	0.0713205	0.0396334	0.0202236	0.0103447	0.00717357	0.00865995	0.013697	0.0217769	0.0325167	0.0453263	0.0592951	0.0732543	0.0859315	0.0961255	0.102856	0.105477	0.103756	0.0979818	0.089253	0.0804994	0.0792651	0.103048	0.184113	0.362015	0.651173	1.00342	
1.39926	1.62335	1.74792	1.7312	1.55827	1.25771	0.838129	0.348318	-0.167286	-0.656531	-1.07006	-1.37532	-1.54	-1.56775	-1.47621	-1.30332	-1.11352	-0.957112	-0.865805	-0.830812	-0.824673	-0.839049	-0.893722	-1.01286	-1.18838	-1.37892	-1.52537	-1.57299	-1.49205	-1.26928	-0.916759	-0.468225	0.038932	0.547898	1.01932	1.39203	1.64596	1.75804	1.7106	1.54578	1.28854	0.95281	0.612221	0.361305	0.23919	0.224638	0.276103	0.360119	0.456825	0.555718	0.651246	0.740432	0.821589	0.893612	0.955946	1.00834	1.05057	1.08222	1.10299	1.11284	1.11175	1.09973	1.07679	1.04299	0.998688	0.944291	0.879984	0.806068	0.72319	0.632536	0.535848	0.435938	0.336994	0.244376	0.163845	0.100084	0.0550175	0.027119	0.0123653	0.00616177	0.00488819	0.00636552	0.00950996	0.0137728	0.0187351	0.0239288	0.0288176	0.032856	0.0355722	0.0366457	0.0359805	0.0338319	0.031219	0.031263	0.0425871	0.0851379	0.193706	0.405649	0.723754	1.08532	
1.45512	1.65978	1.75519	1.6995	1.48738	1.14491	0.687973	0.173483	-0.352952	-0.834677	-1.21948	-1.46664	-1.56772	-1.51077	-1.34585	-1.11352	-0.897642	-0.764989	-0.710944	-0.715845	-0.724606	-0.708776	-0.72569	-0.807004	-0.975749	-1.21119	-1.41979	-1.5517	-1.54419	-1.38634	-1.07819	-0.652227	-0.14233	0.381465	0.882789	1.29427	1.58878	1.74488	1.73385	1.5949	1.36312	1.05125	0.726558	0.488087	0.383539	0.392826	0.469106	0.573845	0.685499	0.79446	0.896964	0.991493	1.07695	1.15255	1.21798	1.27284	1.31664	1.34889	1.36986	1.3799	1.3788	1.36657	1.34338	1.30881	1.26274	1.20571	1.13822	1.0606	0.973237	0.876965	0.772754	0.661639	0.545554	0.42796	0.31445	0.212575	0.129881	0.0706642	0.0339469	0.014513	0.00592806	0.00304947	0.00279783	0.00368972	0.00508875	0.00668387	0.00824931	0.00957762	0.0104879	0.0108592	0.0106857	0.0102272	0.0105425	0.0151437	0.0339306	0.0892473	0.217831	0.454186	0.790649	1.15398	
1.49559	1.68361	1.75555	1.66934	1.4236	1.04821	0.56815	0.0352836	-0.494147	-0.96006	-1.31886	-1.51677	-1.55311	-1.43084	-1.20546	-0.957112	-0.764989	-0.700416	-0.707537	-0.703853	-0.699146	-0.70675	-0.703302	-0.712275	-0.828128	-1.05593	-1.30033	-1.49895	-1.55574	-1.46032	-1.18935	-0.787847	-0.282635	0.247313	0.772202	1.21437	1.53668	1.72765	1.75068	1.63909	1.43842	1.16335	0.872488	0.660566	0.576395	0.6011	0.688683	0.802099	0.921283	1.03735	1.14643	1.24623	1.33494	1.41206	1.47729	1.53046	1.57134	1.60098	1.62032	1.62957	1.62855	1.61728	1.5959	1.56408	1.52079	1.46516	1.39754	1.31808	1.22708	1.12518	1.01417	0.895595	0.770836	0.641292	0.508936	0.378151	0.257272	0.156836	0.0842297	0.0394597	0.0161279	0.00590767	0.00222299	0.0012655	0.00129267	0.00163349	0.00204207	0.0024087	0.00266731	0.00278488	0.00280265	0.00301169	0.00459364	0.0115427	0.0350059	0.0993767	0.242689	0.496488	0.844542	1.20637	
1.52233	1.69827	1.75281	1.64333	1.37474	0.980135	0.480835	-0.0635713	-0.589838	-1.0471	-1.37145	-1.54033	-1.5228	-1.36354	-1.09929	-0.865805	-0.710944	-0.707537	-0.758127	-0.723425	-0.696384	-0.745729	-0.745152	-0.690197	-0.759366	-0.951741	-1.20699	-1.44673	-1.54625	-1.49865	-1.25564	-0.88011	-0.382355	0.155103	0.689156	1.1546	1.4994	1.71552	1.76908	1.69009	1.53029	1.30309	1.05329	0.865675	0.791367	0.820468	0.913895	1.03575	1.16355	1.28577	1.39706	1.49475	1.57823	1.64848	1.70557	1.75058	1.78447	1.80952	1.82588	1.83291	1.83212	1.82333	1.80516	1.77841	1.74248	1.69514	1.63549	1.56262	1.47636	1.37578	1.26163	1.13605	1.00167	0.861824	0.718975	0.57418	0.429537	0.29281	0.177208	0.0934547	0.0425391	0.0166954	0.00571367	0.00180229	0.000661264	0.000433004	0.000457647	0.000531107	0.000593476	0.000636228	0.000721973	0.00117816	0.00332028	0.0115704	0.0380696	0.10871	0.262263	0.527773	0.88278	1.24224	
1.53688	1.70573	1.74996	1.62726	1.34593	0.939425	0.430751	-0.117324	-0.644455	-1.09312	-1.40053	-1.54441	-1.50116	-1.31824	-1.05206	-0.830812	-0.715845	-0.703853	-0.723425	-0.673706	-0.641472	-0.699131	-0.722168	-0.697406	-0.750803	-0.907047	-1.16039	-1.40682	-1.53647	-1.51101	-1.29369	-0.929564	-0.438599	0.101789	0.641757	1.11968	1.48055	1.71758	1.80133	1.76213	1.65078	1.47058	1.25142	1.07581	1.00649	1.04339	1.14683	1.27546	1.40387	1.52085	1.6228	1.70895	1.78091	1.83935	1.88543	1.92056	1.94724	1.96575	1.97691	1.98127	1.98073	1.97517	1.96261	1.94255	1.91426	1.87719	1.8287	1.76767	1.69289	1.60365	1.49808	1.37658	1.23984	1.09088	0.935012	0.777789	0.621239	0.465048	0.315504	0.188147	0.0967219	0.0425215	0.015993	0.0051842	0.00148238	0.000412509	0.000157838	0.000116146	0.000120746	0.00014416	0.000253187	0.000799941	0.0031914	0.0121218	0.0403338	0.11458	0.273975	0.545977	0.904528	1.2622	
1.54015	1.70728	1.74906	1.62376	1.33983	0.928959	0.417907	-0.12874	-0.657328	-1.10257	-1.4091	-1.54491	-1.4953	-1.30596	-1.04319	-0.824673	-0.724606	-0.699146	-0.696384	-0.641472	-0.611767	-0.669286	-0.701041	-0.700974	-0.75299	-0.897987	-1.15112	-1.39479	-1.53548	-1.5133	-1.30531	-0.939168	-0.450799	0.0899594	0.633914	1.11442	1.48492	1.74282	1.86007	1.86489	1.7974	1.64734	1.44309	1.27873	1.22355	1.27154	1.37673	1.49895	1.61685	1.72165	1.81062	1.88298	1.94051	1.98304	2.01432	2.03492	2.049	2.05635	2.05991	2.06277	2.06239	2.05921	2.05528	2.04674	2.03144	2.009	1.97554	1.93026	1.8697	1.79407	1.70138	1.59169	1.46487	1.32059	1.1604	0.989562	0.817614	0.649503	0.483066	0.323284	0.188146	0.0934443	0.0393912	0.014134	0.00434922	0.00116287	0.000280486	7.19507e-05	3.3269e-05	4.66824e-05	0.000160083	0.000727535	0.00317722	0.012268	0.0408845	0.115979	0.276738	0.550233	0.909562	1.26677	
1.53238	1.70352	1.75094	1.63196	1.35482	0.952934	0.446244	-0.100898	-0.626083	-1.08117	-1.3939	-1.54408	-1.50729	-1.3316	-1.0632	-0.839049	-0.708776	-0.70675	-0.745729	-0.699131	-0.669286	-0.725691	-0.737758	-0.692538	-0.748301	-0.919095	-1.17189	-1.41962	-1.53855	-1.50943	-1.28408	-0.915274	-0.419762	0.120342	0.659576	1.14314	1.52271	1.80055	1.95159	1.99436	1.95238	1.81404	1.6235	1.47928	1.43684	1.48372	1.58074	1.69328	1.79915	1.88859	1.95801	2.00837	2.04201	2.06179	2.07102	2.07305	2.07039	2.06726	2.06358	2.06217	2.06237	2.06419	2.06791	2.07103	2.07315	2.06979	2.05883	2.03639	1.99978	1.94553	1.87187	1.77672	1.66171	1.52757	1.37627	1.20727	1.02344	0.837853	0.658923	0.483066	0.315503	0.177203	0.0842002	0.0337763	0.0115007	0.00335298	0.000846034	0.000188387	4.23632e-05	3.23539e-05	0.000136668	0.00067912	0.00302963	0.0117901	0.0395102	0.112676	0.270304	0.540351	0.897843	1.25605	
1.51301	1.6933	1.75416	1.6527	1.39182	1.00405	0.512029	-0.0279373	-0.556882	-1.01929	-1.35346	-1.53259	-1.53542	-1.38794	-1.13671	-0.893722	-0.72569	-0.703302	-0.745152	-0.722168	-0.701041	-0.737758	-0.734325	-0.693067	-0.779395	-0.985817	-1.24094	-1.4659	-1.55134	-1.48485	-1.23385	-0.849732	-0.346873	0.191363	0.72968	1.20788	1.59498	1.89511	2.07241	2.1343	2.09881	1.96854	1.7965	1.66552	1.62419	1.669	1.76054	1.85904	1.94268	2.00573	2.04628	2.06889	2.07481	2.06947	2.05436	2.03621	2.01623	1.99835	1.98494	1.97727	1.97822	1.98724	2.00158	2.02019	2.03998	2.0578	2.07143	2.07468	2.06586	2.0397	1.99457	1.92557	1.83174	1.71196	1.56858	1.40836	1.23055	1.03493	0.837853	0.649503	0.465048	0.292808	0.156825	0.0705959	0.0267503	0.00859848	0.00236787	0.000564844	0.000120878	4.20424e-05	0.000120681	0.000602218	0.00272142	0.0107165	0.0363471	0.104963	0.255093	0.516686	0.869428	1.22976	
1.48089	1.67514	1.75599	1.68117	1.44762	1.08405	0.612994	0.0858667	-0.444608	-0.914294	-1.28323	-1.50243	-1.5632	-1.46422	-1.26017	-1.01286	-0.807004	-0.712275	-0.690197	-0.697406	-0.700974	-0.692538	-0.693067	-0.737189	-0.878117	-1.11356	-1.34896	-1.52255	-1.55633	-1.43637	-1.1482	-0.739127	-0.230417	0.303932	0.838087	1.31044	1.70692	2.02187	2.20693	2.26875	2.23355	2.11255	1.94858	1.82066	1.78681	1.83138	1.90605	1.97874	2.03463	2.06779	2.07771	2.06786	2.04159	2.00418	1.96092	1.91608	1.87527	1.84079	1.81732	1.80721	1.80836	1.82099	1.84695	1.88297	1.92483	1.96991	2.01228	2.0481	2.07123	2.07752	2.06258	2.02357	1.95796	1.86529	1.74225	1.58943	1.41883	1.23055	1.02344	0.817614	0.621239	0.429536	0.257268	0.129857	0.0548775	0.0195124	0.00589315	0.00152834	0.000346134	8.38487e-05	0.000106973	0.000499889	0.0022924	0.00919005	0.0317641	0.0935663	0.232139	0.480159	0.824518	1.18723	
1.43413	1.6465	1.75321	1.7123	1.5155	1.18889	0.744605	0.239255	-0.283759	-0.769272	-1.1673	-1.4373	-1.56111	-1.53907	-1.39874	-1.18838	-0.975749	-0.828128	-0.759366	-0.750803	-0.75299	-0.748301	-0.779395	-0.878117	-1.05484	-1.27904	-1.46401	-1.56603	-1.52781	-1.34698	-1.0207	-0.581911	-0.0704345	0.461209	0.9836	1.44964	1.853	2.16652	2.33913	2.39173	2.35638	2.23417	2.06736	1.95062	1.92358	1.95358	2.00815	2.05513	2.07886	2.07429	2.04541	1.99618	1.93325	1.86199	1.78785	1.71763	1.65452	1.60492	1.56963	1.55091	1.5531	1.57553	1.6137	1.66616	1.73126	1.80256	1.87686	1.94665	2.00732	2.05276	2.07701	2.0747	2.04171	1.97582	1.87988	1.75226	1.58943	1.40836	1.20727	0.989562	0.777789	0.57418	0.37815	0.212568	0.100037	0.0393764	0.0130641	0.00369276	0.000900735	0.000202349	0.000107052	0.000388921	0.00180513	0.00741254	0.0262875	0.0795609	0.203058	0.432344	0.763673	1.12757	
1.37057	1.6036	1.74105	1.74249	1.58785	1.30664	0.905302	0.426648	-0.0813932	-0.573425	-0.995243	-1.3187	-1.51381	-1.57487	-1.52087	-1.37892	-1.21119	-1.05593	-0.951741	-0.907047	-0.897987	-0.919095	-0.985817	-1.11356	-1.27904	-1.44296	-1.55524	-1.56594	-1.45278	-1.20306	-0.836709	-0.380197	0.13338	0.654593	1.16453	1.62295	2.019	2.31146	2.45952	2.50123	2.45814	2.32192	2.15699	2.05263	2.02025	2.04066	2.07231	2.08213	2.06574	2.02073	1.95048	1.86198	1.75901	1.65126	1.54384	1.4442	1.35783	1.28813	1.24214	1.22087	1.22326	1.24939	1.30037	1.37394	1.46322	1.56513	1.67292	1.7801	1.88078	1.96617	2.03145	2.07051	2.07758	2.05145	1.98187	1.87988	1.74225	1.56858	1.37627	1.1604	0.935012	0.718975	0.508936	0.314448	0.163831	0.0712383	0.0259523	0.00799841	0.00211004	0.000488959	0.000145389	0.000289442	0.00132455	0.00560047	0.0205147	0.0642502	0.169977	0.375557	0.688082	1.05012	
1.28843	1.54337	1.71239	1.76289	1.66059	1.43098	1.08159	0.640703	0.161635	-0.32723	-0.769096	-1.13818	-1.39325	-1.54202	-1.57436	-1.52537	-1.41979	-1.30033	-1.20699	-1.16039	-1.15112	-1.17189	-1.24094	-1.34896	-1.46401	-1.55524	-1.57159	-1.49733	-1.30363	-1.00232	-0.598161	-0.12771	0.375884	0.881862	1.37314	1.81343	2.18837	2.44469	2.56278	2.59029	2.52738	2.3754	2.21807	2.11919	2.08624	2.09168	2.0866	2.06241	2.00324	1.91392	1.79761	1.6639	1.52056	1.37375	1.23348	1.10578	0.996366	0.911728	0.852798	0.822951	0.826344	0.862432	0.926699	1.01643	1.13023	1.26062	1.40254	1.54943	1.69182	1.82249	1.93403	2.01725	2.06682	2.07721	2.05145	1.97582	1.86529	1.71196	1.52757	1.32059	1.09088	0.861824	0.641292	0.42796	0.244372	0.116771	0.0465848	0.0156318	0.0044606	0.00109915	0.000264737	0.000222272	0.000904186	0.0039435	0.0150157	0.0490038	0.135388	0.312925	0.599845	0.954627	
1.18577	1.46347	1.6628	1.76398	1.72186	1.55016	1.26531	0.875094	0.432703	-0.0385763	-0.483753	-0.878201	-1.19251	-1.41201	-1.5339	-1.57299	-1.5517	-1.49895	-1.44673	-1.40682	-1.39479	-1.41962	-1.4659	-1.52255	-1.56603	-1.56595	-1.49733	-1.33502	-1.07928	-0.726096	-0.309046	0.161325	0.648915	1.13091	1.59588	2.0087	2.34652	2.55486	2.64224	2.64946	2.55931	2.39747	2.2485	2.15571	2.12111	2.10048	2.06598	1.99604	1.89014	1.75337	1.59248	1.41418	1.22933	1.04616	0.870834	0.71467	0.582425	0.478415	0.410396	0.378695	0.382222	0.421111	0.49662	0.606938	0.744013	0.904302	1.08203	1.26692	1.45092	1.62598	1.78361	1.91285	2.01192	2.06682	2.07758	2.04171	1.95796	1.83174	1.66171	1.46487	1.23984	1.00167	0.770836	0.545553	0.336993	0.17555	0.0763176	0.0277925	0.00856116	0.00225838	0.000532139	0.000209463	0.000578223	0.00257289	0.0102416	0.0350618	0.101898	0.248337	0.50242	0.841747	
1.06118	1.36131	1.58884	1.73749	1.76196	1.65417	1.43839	1.11272	0.720321	0.288648	-0.149102	-0.557399	-0.903766	-1.18044	-1.3708	-1.49205	-1.54419	-1.55574	-1.54625	-1.53647	-1.53548	-1.53855	-1.55134	-1.55633	-1.52782	-1.45281	-1.30368	-1.07936	-0.773441	-0.398212	0.0289165	0.484436	0.937566	1.3908	1.81778	2.19012	2.47716	2.63347	2.69165	2.67199	2.55441	2.38965	2.2508	2.16766	2.12545	2.0778	2.00405	1.88834	1.73888	1.55128	1.34342	1.12038	0.893556	0.67429	0.469962	0.287391	0.134716	0.0180702	-0.0623681	-0.102754	-0.0981777	-0.0492558	0.0386793	0.162417	0.321447	0.508907	0.717827	0.939075	1.16481	1.3873	1.59008	1.77223	1.91285	2.01725	2.07051	2.0747	2.02357	1.92557	1.77672	1.59169	1.37658	1.13605	0.895595	0.661638	0.435937	0.245139	0.115356	0.0453737	0.0150339	0.00424279	0.00103982	0.000276237	0.000360426	0.00154706	0.00646076	0.0233479	0.0718734	0.186116	0.400863	0.714049	
0.91505	1.23425	1.4887	1.6777	1.76819	1.73067	1.58848	1.33982	1.00836	0.625412	0.219681	-0.172085	-0.53847	-0.844462	-1.09068	-1.26928	-1.38634	-1.46032	-1.49865	-1.51101	-1.5133	-1.50943	-1.48486	-1.43639	-1.34703	-1.20319	-1.00262	-0.726679	-0.399019	-0.0128144	0.390111	0.814719	1.23092	1.64098	2.01811	2.34227	2.56843	2.67468	2.70542	2.65432	2.51506	2.35616	2.23292	2.15916	2.10212	2.02483	1.90999	1.7486	1.5471	1.31662	1.06082	0.797905	0.531938	0.278073	0.0442576	-0.160384	-0.330759	-0.46208	-0.547163	-0.585843	-0.581562	-0.533853	-0.439286	-0.299837	-0.122418	0.0894667	0.327834	0.583757	0.851492	1.11292	1.36495	1.59008	1.78361	1.93403	2.03145	2.07701	2.06258	1.99457	1.87187	1.70138	1.49808	1.26163	1.01417	0.772754	0.535848	0.321812	0.162637	0.0686831	0.0243617	0.00733054	0.00189608	0.00045204	0.000248826	0.000856614	0.00373891	0.0143408	0.0470608	0.130423	0.301567	0.576837	
0.751425	1.08052	1.36029	1.5822	1.73244	1.76801	1.69917	1.53418	1.27503	0.964825	0.601411	0.237234	-0.116551	-0.431386	-0.70272	-0.916759	-1.07819	-1.18935	-1.25564	-1.29369	-1.30531	-1.28409	-1.23388	-1.14829	-1.02096	-0.837357	-0.599589	-0.311813	0.0244038	0.384873	0.7653	1.14114	1.50205	1.86139	2.18324	2.44978	2.61022	2.67525	2.67938	2.59641	2.44754	2.30483	2.20143	2.13377	2.05755	1.947	1.78777	1.58224	1.33447	1.0557	0.758107	0.453435	0.155542	-0.127986	-0.384512	-0.607472	-0.791772	-0.930697	-1.02497	-1.07226	-1.06687	-1.0097	-0.906562	-0.758629	-0.565633	-0.335615	-0.0732401	0.21443	0.514278	0.818714	1.11292	1.3873	1.62598	1.82249	1.96617	2.05276	2.07752	2.0397	1.94553	1.79407	1.60365	1.37578	1.12518	0.876965	0.632536	0.401422	0.216053	0.097308	0.0367435	0.0117338	0.00320505	0.000768426	0.00023319	0.000445113	0.00196959	0.00804701	0.0283053	0.0844979	0.211376	0.438386	
0.579131	0.90182	1.20239	1.45021	1.64764	1.75684	1.75931	1.68088	1.50423	1.25938	0.97506	0.655638	0.337613	0.0320646	-0.238811	-0.468225	-0.652227	-0.787847	-0.880111	-0.929567	-0.939182	-0.915324	-0.849894	-0.739595	-0.583117	-0.382974	-0.133445	0.150717	0.4671	0.790876	1.11795	1.42495	1.74046	2.03274	2.29567	2.4992	2.5992	2.63463	2.61117	2.50301	2.36152	2.24585	2.16517	2.09629	1.99577	1.85047	1.64783	1.39706	1.10417	0.785284	0.446849	0.108152	-0.221591	-0.528174	-0.803796	-1.03893	-1.22863	-1.37199	-1.46587	-1.50791	-1.50329	-1.45132	-1.34721	-1.19452	-0.995456	-0.751087	-0.469313	-0.157491	0.17601	0.514278	0.851492	1.16481	1.45092	1.69182	1.88078	2.00732	2.07123	2.06586	1.99978	1.8697	1.69289	1.47636	1.22708	0.973237	0.72319	0.480144	0.27288	0.130151	0.052003	0.0175313	0.00503893	0.00125278	0.000301528	0.000236425	0.000940209	0.00408616	0.0154687	0.0499967	0.136195	0.308941	
0.411522	0.705167	1.01555	1.28531	1.51216	1.68595	1.76287	1.75481	1.67715	1.5128	1.29598	1.04298	0.775646	0.508543	0.260818	0.038932	-0.14233	-0.282636	-0.382359	-0.438619	-0.450874	-0.420015	-0.347632	-0.232443	-0.0752471	0.123145	0.356291	0.615014	0.884646	1.15767	1.41697	1.67129	1.9111	2.13568	2.34813	2.48255	2.5377	2.55267	2.50174	2.38517	2.27147	2.19017	2.12728	2.0498	1.92299	1.73955	1.49701	1.20446	0.869709	0.510372	0.139829	-0.230359	-0.581618	-0.906278	-1.19282	-1.43307	-1.62691	-1.76872	-1.85947	-1.90212	-1.89733	-1.84528	-1.74472	-1.59208	-1.38833	-1.13939	-0.844368	-0.512863	-0.157491	0.21443	0.583757	0.939075	1.26692	1.54943	1.7801	1.94665	2.0481	2.07468	2.03639	1.93026	1.76767	1.56262	1.31808	1.0606	0.806068	0.554895	0.330251	0.165607	0.0695758	0.024621	0.00741039	0.00191901	0.000443012	0.000158625	0.000410191	0.00186248	0.00760254	0.0266918	0.0795374	0.198652	
0.264374	0.505143	0.802966	1.09092	1.33632	1.54773	1.70087	1.76305	1.75595	1.687	1.55456	1.37681	1.17007	0.953439	0.742296	0.547898	0.381464	0.247307	0.155078	0.101687	0.0895997	0.119219	0.188263	0.296348	0.444704	0.622425	0.825267	1.04033	1.25834	1.46493	1.65384	1.82897	1.99743	2.17805	2.32439	2.39909	2.43333	2.42881	2.35929	2.26089	2.19143	2.14451	2.09221	1.99864	1.84334	1.62429	1.3422	1.01214	0.641629	0.247631	-0.153138	-0.546547	-0.916291	-1.2511	-1.53927	-1.77818	-1.96093	-2.09298	-2.18142	-2.22466	-2.21976	-2.1673	-2.0703	-1.92872	-1.73471	-1.48522	-1.1881	-0.844368	-0.469313	-0.0732401	0.327834	0.717827	1.08203	1.40254	1.67292	1.87686	2.01228	2.07143	2.05883	1.97554	1.8287	1.63549	1.39754	1.13822	0.879984	0.623355	0.38551	0.201806	0.0885748	0.0327083	0.0102534	0.00275799	0.000646863	0.000157238	0.000173032	0.000758443	0.00333177	0.0127211	0.0415502	0.11468	
0.150765	0.323626	0.577586	0.866346	1.13151	1.35881	1.5559	1.69683	1.76123	1.76277	1.71063	1.61368	1.48227	1.33077	1.17164	1.01932	0.882783	0.772172	0.68903	0.641291	0.632398	0.655238	0.718752	0.813764	0.93549	1.07922	1.23608	1.39418	1.54372	1.67401	1.78898	1.89678	2.01541	2.13341	2.21746	2.26802	2.28909	2.26565	2.2037	2.15175	2.13283	2.1115	2.05847	1.94532	1.76173	1.50888	1.19369	0.827288	0.427008	0.00383617	-0.419732	-0.831585	-1.21248	-1.54929	-1.83593	-2.06099	-2.22687	-2.34132	-2.40613	-2.43126	-2.42859	-2.39681	-2.32271	-2.19765	-2.021	-1.78376	-1.48522	-1.13939	-0.751087	-0.335615	0.0894667	0.508907	0.904302	1.26062	1.56513	1.80256	1.96991	2.0578	2.06979	2.009	1.87719	1.69514	1.46516	1.20571	0.944291	0.68388	0.43638	0.236836	0.107902	0.0413304	0.013419	0.00373143	0.000899055	0.000196987	8.50938e-05	0.000277254	0.00129432	0.0053686	0.019212	0.0586204	
0.0752613	0.181692	0.36702	0.620827	0.894334	1.14074	1.35323	1.53631	1.67291	1.74986	1.77047	1.74417	1.68197	1.59537	1.4953	1.39202	1.29423	1.21422	1.15404	1.11781	1.10887	1.12869	1.17495	1.24432	1.33165	1.43369	1.53661	1.63433	1.71687	1.78096	1.82975	1.87526	1.9318	1.99719	2.05962	2.09844	2.10193	2.08259	2.06419	2.07312	2.09639	2.08881	2.02856	1.89302	1.68374	1.40133	1.0568	0.661839	0.233683	-0.211463	-0.653582	-1.07704	-1.46196	-1.79711	-2.07006	-2.27701	-2.41989	-2.50333	-2.54488	-2.56195	-2.56005	-2.5389	-2.4909	-2.39636	-2.2403	-2.021	-1.73471	-1.38833	-0.995456	-0.565633	-0.122418	0.321447	0.744013	1.13023	1.46322	1.73126	1.92483	2.03998	2.07315	2.03144	1.91426	1.74248	1.52079	1.26274	0.998688	0.73544	0.481057	0.268913	0.126373	0.0499087	0.0166875	0.00477186	0.00117949	0.000256577	6.31721e-05	9.45472e-05	0.000444707	0.00199627	0.00780755	0.0262727	
0.0326187	0.0882211	0.20158	0.387691	0.631031	0.887453	1.11941	1.31944	1.48991	1.62425	1.71495	1.76087	1.76749	1.74359	1.69998	1.64593	1.58863	1.53608	1.49729	1.47401	1.46736	1.48161	1.51098	1.5559	1.61117	1.66836	1.71945	1.75827	1.77646	1.77271	1.75439	1.74313	1.7615	1.81121	1.86164	1.88263	1.89067	1.91604	1.96328	2.02877	2.07924	2.07291	2.00107	1.84605	1.61357	1.307	0.938399	0.519917	0.0709384	-0.392743	-0.848333	-1.27752	-1.66513	-1.98781	-2.24349	-2.42644	-2.52829	-2.57114	-2.58843	-2.59573	-2.595	-2.58606	-2.56546	-2.51378	-2.39636	-2.19765	-1.92872	-1.59208	-1.19452	-0.758629	-0.299837	0.162417	0.606938	1.01643	1.37394	1.66616	1.88297	2.02019	2.07103	2.04674	1.94255	1.77841	1.56408	1.30881	1.04299	0.777476	0.518232	0.296504	0.142834	0.0578142	0.019794	0.00578909	0.00146155	0.000322212	6.61916e-05	3.50164e-05	0.000135763	0.0006528	0.0027793	0.01027	
0.0122391	0.0368375	0.0946331	0.206436	0.382449	0.607424	0.845467	1.06543	1.25613	1.41726	1.54824	1.64701	1.71325	1.74959	1.76191	1.7579	1.74429	1.72546	1.70847	1.69791	1.69536	1.70145	1.71492	1.73307	1.75066	1.76105	1.76001	1.74064	1.69925	1.63966	1.57756	1.53898	1.54288	1.57914	1.61466	1.64359	1.70046	1.79651	1.90645	2.01065	2.07223	2.06266	1.97894	1.80608	1.55786	1.22977	0.845231	0.406367	-0.0553386	-0.534747	-0.996828	-1.43118	-1.81617	-2.12658	-2.36337	-2.51313	-2.57072	-2.55913	-2.51546	-2.48128	-2.48569	-2.52489	-2.56518	-2.56546	-2.4909	-2.32271	-2.0703	-1.74472	-1.34721	-0.906562	-0.439286	0.0386793	0.49662	0.926699	1.30037	1.6137	1.84695	2.00158	2.06791	2.05528	1.96261	1.80516	1.5959	1.34338	1.07679	0.809633	0.547032	0.318403	0.156265	0.0644388	0.0224616	0.00668232	0.0017145	0.000383292	7.61918e-05	1.91712e-05	3.78523e-05	0.000187947	0.000866414	0.00349695	
0.00398047	0.0132292	0.0378849	0.0929926	0.195269	0.352106	0.551882	0.768017	0.97485	1.15831	1.31428	1.44273	1.5445	1.62107	1.67486	1.71006	1.73177	1.74369	1.74876	1.75056	1.75111	1.75003	1.74728	1.73984	1.72452	1.69803	1.65653	1.5959	1.51647	1.42513	1.33882	1.2815	1.27043	1.30036	1.35383	1.43594	1.56679	1.72893	1.88259	2.00706	2.06956	2.05512	1.96227	1.77716	1.51717	1.17579	0.77857	0.328137	-0.145148	-0.630746	-1.10137	-1.53389	-1.91647	-2.2207	-2.43181	-2.55678	-2.58238	-2.50207	-2.37148	-2.28184	-2.2928	-2.39726	-2.52489	-2.58606	-2.5389	-2.39681	-2.1673	-1.84528	-1.45132	-1.0097	-0.533853	-0.0492558	0.421111	0.862432	1.24939	1.57553	1.82099	1.98724	2.06419	2.05921	1.97517	1.82333	1.61728	1.36657	1.09973	0.831593	0.56687	0.333735	0.165854	0.0692612	0.0244386	0.00735518	0.00190791	0.000430872	8.56739e-05	1.63677e-05	1.08216e-05	4.79102e-05	0.00023703	0.00103899	
0.00112631	0.00410145	0.0129759	0.0354903	0.0836916	0.170361	0.301403	0.469792	0.657746	0.845552	1.0189	1.17046	1.29787	1.40144	1.48269	1.54397	1.58854	1.61974	1.6397	1.6502	1.65255	1.64694	1.63284	1.60867	1.5725	1.5218	1.45337	1.36549	1.25981	1.14453	1.03858	0.970688	0.966298	1.0285	1.14074	1.29535	1.49154	1.69783	1.87424	2.00615	2.06938	2.05246	1.95168	1.76295	1.49397	1.1474	0.742118	0.286994	-0.194259	-0.679806	-1.15933	-1.58476	-1.97023	-2.27018	-2.45997	-2.57694	-2.5846	-2.44972	-2.25577	-2.13042	-2.14542	-2.2928	-2.48569	-2.595	-2.56005	-2.42859	-2.21976	-1.89733	-1.50329	-1.06687	-0.581562	-0.0981777	0.382222	0.826344	1.22326	1.5531	1.80836	1.97822	2.06237	2.06239	1.98073	1.83212	1.62855	1.3788	1.11175	0.843128	0.577361	0.341925	0.171037	0.0718992	0.0255322	0.00773116	0.00201699	0.000457966	9.13692e-05	1.63977e-05	4.31936e-06	1.10312e-05	5.71309e-05	0.000270352	
0.000278724	0.00110404	0.00382614	0.0115481	0.0302668	0.0688775	0.136634	0.238401	0.370975	0.523772	0.683209	0.837229	0.9775	1.09946	1.20138	1.28322	1.34612	1.39203	1.42279	1.43966	1.44347	1.4345	1.41221	1.37561	1.32316	1.25299	1.1637	1.05577	0.933444	0.808876	0.706425	0.660724	0.700259	0.824077	1.00355	1.21645	1.45318	1.68231	1.86912	2.00458	2.06893	2.05227	1.95067	1.7618	1.49189	1.14486	0.738869	0.283291	-0.198662	-0.684156	-1.16463	-1.58913	-1.97532	-2.27473	-2.46224	-2.57888	-2.58472	-2.44391	-2.24359	-2.11499	-2.13042	-2.28184	-2.48128	-2.59573	-2.56195	-2.43126	-2.22466	-1.90212	-1.50791	-1.07226	-0.585843	-0.102754	0.378695	0.822951	1.22087	1.55091	1.80721	1.97727	2.06217	2.06277	1.98127	1.83291	1.62957	1.3799	1.11284	0.844175	0.578318	0.342676	0.171515	0.0721436	0.0256339	0.00776629	0.00202721	0.000460513	9.18914e-05	1.62842e-05	2.89266e-06	2.48876e-06	1.22085e-05	6.19048e-05	
6.06775e-05	0.000259734	0.000978495	0.00323043	0.00931832	0.023465	0.0516982	0.100265	0.172922	0.268778	0.382254	0.504993	0.628308	0.744902	0.849566	0.939058	1.01168	1.06692	1.10502	1.12637	1.13128	1.11985	1.09186	1.04696	0.984777	0.905383	0.810013	0.702058	0.589052	0.486219	0.419624	0.422752	0.519144	0.699685	0.926804	1.17266	1.42853	1.66789	1.86041	2.00041	2.0675	2.05383	1.95947	1.7731	1.51096	1.16798	0.768701	0.316872	-0.158475	-0.644299	-1.11697	-1.54802	-1.93085	-2.23415	-2.44007	-2.56239	-2.58328	-2.4894	-2.34257	-2.24359	-2.25577	-2.37148	-2.51546	-2.58843	-2.54488	-2.40613	-2.18142	-1.85947	-1.46587	-1.02497	-0.547163	-0.0623681	0.410396	0.852798	1.24214	1.56963	1.81732	1.98494	2.06358	2.05991	1.97691	1.82588	1.62032	1.36986	1.10299	0.83473	0.569723	0.33596	0.167259	0.0699749	0.0247337	0.00745642	0.00193721	0.000438117	8.70491e-05	1.53278e-05	2.46179e-06	7.1743e-07	2.34618e-06	1.25419e-05	
1.16903e-05	5.37651e-05	0.00021871	0.000783732	0.00246654	0.0068085	0.0165017	0.0352632	0.0669421	0.114085	0.176742	0.252221	0.335803	0.421913	0.505169	0.581027	0.645995	0.697618	0.734362	0.755379	0.760258	0.748911	0.721542	0.678712	0.621532	0.551939	0.473066	0.38986	0.310564	0.249393	0.229151	0.278363	0.415823	0.629506	0.880264	1.13988	1.403	1.64792	1.8446	1.98961	2.06553	2.05937	1.97474	1.79905	1.54837	1.2169	0.829592	0.387648	-0.0764596	-0.55786	-1.02121	-1.45598	-1.84002	-2.14879	-2.38082	-2.5242	-2.57448	-2.54996	-2.4894	-2.44391	-2.44972	-2.50207	-2.55913	-2.57114	-2.50333	-2.34132	-2.09298	-1.76872	-1.37199	-0.930697	-0.46208	0.0180702	0.478415	0.911728	1.28813	1.60492	1.84079	1.99835	2.06726	2.05635	1.96575	1.80952	1.60098	1.34889	1.08222	0.814833	0.551726	0.32202	0.158516	0.0655653	0.022921	0.00683793	0.00175902	0.000394099	7.76057e-05	1.35429e-05	2.11759e-06	3.55379e-07	4.26787e-07	2.26257e-06	
2.00515e-06	9.85719e-06	4.30454e-05	0.000166311	0.000566791	0.00170096	0.00449616	0.0104969	0.0217657	0.0404173	0.0679087	0.104425	0.148659	0.19805	0.249282	0.29885	0.343484	0.380412	0.407499	0.42329	0.426983	0.418393	0.397949	0.366711	0.326415	0.279513	0.229229	0.179872	0.137901	0.114322	0.127679	0.202779	0.357619	0.582721	0.841227	1.10459	1.36938	1.61873	1.82127	1.97261	2.06017	2.06556	1.99483	1.83721	1.60125	1.29	0.917689	0.494557	0.0428212	-0.424324	-0.881543	-1.31183	-1.69965	-2.01938	-2.27193	-2.4484	-2.54069	-2.57448	-2.58328	-2.58472	-2.5846	-2.58238	-2.57072	-2.52829	-2.41989	-2.22687	-1.96093	-1.62691	-1.22863	-0.791772	-0.330759	0.134716	0.582425	0.996366	1.35783	1.65452	1.87527	2.01623	2.07039	2.049	1.94724	1.78447	1.57134	1.31664	1.05057	0.784685	0.524677	0.301376	0.145798	0.0592642	0.0203733	0.00598169	0.00151567	0.000334742	6.50214e-05	1.11983e-05	1.7234e-06	2.46701e-07	8.88561e-08	3.67077e-07	
