0.670661	0.565269	0.419509	0.268694	0.166586	0.11677	0.129842	0.209646	0.333735	0.498824	0.667997	0.810953	0.919529	0.957302	0.899463	0.768347	0.570442	0.298938	-0.0180874	-0.314888	-0.535592	-0.662008	-0.711417	-0.706106	-0.664725	-0.597211	-0.505731	-0.389171	-0.250677	-0.0873849	0.0988772	0.303329	0.517978	0.733256	0.938777	1.12301	1.27532	1.39032	1.457	1.45489	1.38414	1.26674	1.10882	0.901116	0.657179	0.42116	0.235936	0.116745	0.0530624	0.0248939	0.0152538	0.0138759	0.0158953	0.0197271	0.026142	0.0391004	0.0682514	0.131627	0.254061	0.454913	0.725525	1.01552	1.2554	1.40533	1.46658	1.43523	1.28902	1.03953	0.725715	0.363101	-0.017981	-0.369093	-0.673309	-0.900628	-1.03451	-1.08189	-1.03592	-0.926471	-0.780388	-0.631975	-0.510625	-0.433857	-0.39417	-0.380066	-0.372729	-0.370347	-0.368313	-0.366416	-0.365821	-0.362196	-0.356559	-0.339092	-0.298773	-0.216342	-0.0715766	0.132302	0.366234	0.565884	0.685745	0.713009	
0.565269	0.420158	0.261088	0.125358	0.0291897	-0.0224961	-0.00544736	0.0664366	0.182813	0.335155	0.48143	0.602805	0.684494	0.686752	0.60427	0.459514	0.246497	-0.0335857	-0.341234	-0.609911	-0.796766	-0.900908	-0.940896	-0.942319	-0.916029	-0.868396	-0.801575	-0.709141	-0.590426	-0.445061	-0.271139	-0.0703085	0.153911	0.393813	0.638468	0.87449	1.08486	1.25331	1.38041	1.45612	1.45375	1.37711	1.2522	1.08127	0.856909	0.603891	0.373499	0.204766	0.104376	0.0561338	0.0389061	0.0369423	0.0414779	0.0486885	0.057849	0.0711829	0.095643	0.145784	0.244427	0.414859	0.661055	0.947753	1.20859	1.39077	1.4859	1.49711	1.40303	1.19834	0.918702	0.584922	0.213036	-0.148785	-0.477378	-0.753187	-0.944391	-1.0526	-1.07618	-1.0299	-0.924989	-0.79486	-0.660078	-0.549189	-0.468767	-0.42193	-0.391652	-0.374768	-0.363744	-0.360708	-0.355099	-0.349087	-0.338176	-0.306381	-0.23915	-0.117328	0.0671584	0.286897	0.493747	0.623562	0.671826	0.647407	
0.419509	0.261088	0.112921	-0.0185606	-0.112099	-0.150511	-0.124036	-0.0495168	0.0712571	0.213345	0.341732	0.446188	0.505633	0.483303	0.391305	0.239216	0.0197077	-0.258784	-0.542833	-0.773278	-0.923911	-1.00739	-1.04315	-1.05518	-1.05117	-1.03274	-0.997083	-0.942645	-0.858633	-0.744067	-0.594113	-0.410787	-0.195477	0.045645	0.306063	0.572065	0.834244	1.06771	1.24858	1.38359	1.45908	1.44733	1.36174	1.22706	1.0391	0.798557	0.544991	0.33278	0.19165	0.117784	0.0901945	0.0879103	0.0970504	0.11046	0.125389	0.142274	0.165542	0.206136	0.283607	0.422475	0.637039	0.90903	1.18181	1.39339	1.52052	1.5692	1.52603	1.3714	1.12877	0.827753	0.475549	0.109778	-0.234547	-0.544954	-0.790552	-0.966378	-1.05779	-1.07404	-1.03313	-0.941314	-0.83438	-0.717867	-0.619704	-0.53803	-0.483915	-0.445141	-0.417062	-0.40173	-0.390186	-0.376048	-0.354926	-0.305804	-0.207827	-0.054836	0.1541	0.36246	0.513687	0.585457	0.590692	0.540095	
0.268694	0.125358	-0.0185606	-0.141283	-0.219765	-0.238992	-0.201992	-0.118958	0.0031234	0.138017	0.259408	0.360827	0.405831	0.371813	0.278724	0.126065	-0.0948964	-0.360272	-0.608182	-0.794116	-0.91014	-0.973359	-1.01061	-1.03302	-1.05239	-1.06745	-1.07055	-1.05892	-1.02333	-0.957963	-0.852864	-0.705526	-0.513559	-0.283917	-0.0217796	0.259167	0.541258	0.824339	1.0724	1.26162	1.40053	1.46589	1.43911	1.34483	1.19896	0.993719	0.745691	0.507984	0.330448	0.228589	0.188117	0.185192	0.200413	0.222274	0.245375	0.268301	0.293271	0.327867	0.387654	0.495821	0.67346	0.918847	1.19116	1.42651	1.58433	1.6652	1.66753	1.5664	1.3652	1.0981	0.774282	0.414042	0.0594919	-0.278839	-0.568596	-0.794234	-0.963198	-1.04967	-1.07831	-1.04702	-0.980536	-0.892413	-0.8019	-0.715992	-0.64567	-0.588123	-0.548535	-0.516768	-0.494506	-0.474683	-0.432483	-0.360945	-0.232248	-0.0417857	0.170562	0.353262	0.459661	0.503891	0.487517	0.410164	
0.166586	0.0291897	-0.112099	-0.219765	-0.27774	-0.280365	-0.233231	-0.138144	-0.00600156	0.132811	0.256561	0.356176	0.383054	0.346325	0.254769	0.100171	-0.122364	-0.363453	-0.568811	-0.710074	-0.791515	-0.83951	-0.875376	-0.907981	-0.945762	-0.985425	-1.02801	-1.05966	-1.07431	-1.06098	-1.01298	-0.918778	-0.776162	-0.578256	-0.338218	-0.0513591	0.249244	0.54951	0.84836	1.10136	1.29695	1.43427	1.48309	1.44441	1.34621	1.19044	0.975036	0.73703	0.535402	0.406687	0.350132	0.343586	0.36327	0.392887	0.42387	0.452899	0.480396	0.511136	0.556615	0.636715	0.775207	0.983859	1.24131	1.49141	1.67928	1.79037	1.83145	1.78454	1.63238	1.40136	1.11215	0.768206	0.410902	0.0610752	-0.274504	-0.550366	-0.771655	-0.93304	-1.02783	-1.07161	-1.06419	-1.0271	-0.966385	-0.901349	-0.838059	-0.782673	-0.737822	-0.70053	-0.669803	-0.633288	-0.573197	-0.465325	-0.295546	-0.075443	0.138998	0.299474	0.387803	0.418847	0.393568	0.297608	
0.11677	-0.0224961	-0.150511	-0.238992	-0.280365	-0.271157	-0.204987	-0.0916406	0.0516195	0.187344	0.318421	0.406366	0.424889	0.388055	0.292676	0.122777	-0.093606	-0.307481	-0.467358	-0.565384	-0.619664	-0.653789	-0.68321	-0.72161	-0.76836	-0.824668	-0.890641	-0.959477	-1.0248	-1.06621	-1.07958	-1.04239	-0.957637	-0.808599	-0.604995	-0.351132	-0.042685	0.275864	0.600144	0.909015	1.16555	1.36965	1.50113	1.53727	1.4982	1.40056	1.23659	1.02189	0.811209	0.65786	0.579485	0.561595	0.579006	0.611136	0.645966	0.678133	0.706545	0.733797	0.767705	0.823742	0.92452	1.09021	1.31862	1.5704	1.78589	1.92981	2.00552	2.0104	1.91771	1.73073	1.4816	1.1718	0.816979	0.463722	0.114271	-0.214482	-0.490204	-0.716317	-0.88019	-0.989683	-1.04818	-1.06929	-1.05967	-1.03215	-0.99311	-0.956223	-0.920126	-0.888393	-0.852547	-0.799753	-0.710638	-0.558455	-0.342445	-0.0981693	0.119809	0.265981	0.351811	0.382227	0.346491	0.241941	
0.129842	-0.00544736	-0.124036	-0.201992	-0.233231	-0.204987	-0.120377	0.0070244	0.15137	0.297018	0.434398	0.501883	0.511953	0.458693	0.340964	0.150078	-0.0612504	-0.243172	-0.36278	-0.426052	-0.464213	-0.483107	-0.504329	-0.535728	-0.575977	-0.634554	-0.705272	-0.79192	-0.885664	-0.976856	-1.04751	-1.08216	-1.05831	-0.977079	-0.814414	-0.597185	-0.317029	0.00898054	0.352785	0.704766	1.02451	1.29657	1.51197	1.63696	1.67029	1.63495	1.52891	1.35098	1.14231	0.965132	0.856871	0.816414	0.821323	0.848072	0.881009	0.912324	0.939354	0.962917	0.987761	1.02475	1.09259	1.21409	1.40182	1.63813	1.87206	2.05165	2.16251	2.21284	2.18624	2.06009	1.85572	1.59652	1.27545	0.919301	0.565466	0.217729	-0.103562	-0.384044	-0.616728	-0.795097	-0.922005	-1.0026	-1.04835	-1.06709	-1.06791	-1.05604	-1.03856	-1.01614	-0.976832	-0.908073	-0.781509	-0.584214	-0.327628	-0.0626568	0.15118	0.296392	0.38431	0.410964	0.357689	0.252766	
0.209646	0.0664366	-0.0495168	-0.118958	-0.138144	-0.0916406	0.0070244	0.14185	0.292032	0.450011	0.558778	0.602382	0.58654	0.503865	0.339152	0.12825	-0.0767154	-0.219788	-0.30906	-0.353018	-0.371398	-0.383931	-0.395297	-0.41009	-0.436623	-0.475565	-0.52943	-0.612003	-0.711075	-0.829953	-0.939258	-1.03352	-1.07578	-1.06138	-0.970134	-0.794762	-0.54616	-0.229694	0.1264	0.51356	0.896602	1.24048	1.53709	1.75309	1.86452	1.88906	1.8353	1.69541	1.49428	1.29454	1.15081	1.0788	1.0628	1.07804	1.10516	1.13334	1.15799	1.17837	1.19683	1.22019	1.26206	1.34309	1.48353	1.68591	1.91926	2.12929	2.27812	2.36638	2.39783	2.34753	2.20361	1.9944	1.7334	1.41571	1.0666	0.712706	0.367883	0.0491068	-0.2339	-0.472299	-0.663983	-0.807811	-0.910659	-0.977587	-1.02108	-1.04359	-1.04968	-1.0376	-0.997502	-0.906509	-0.743908	-0.501917	-0.212661	0.062674	0.273927	0.420144	0.505883	0.518273	0.450023	0.341704	
0.333735	0.182813	0.0712571	0.0031234	-0.00600156	0.0516195	0.15137	0.292032	0.451868	0.588285	0.660829	0.675713	0.613373	0.468011	0.252018	0.0339678	-0.141012	-0.254072	-0.313267	-0.342005	-0.350916	-0.355534	-0.361215	-0.363189	-0.373558	-0.389712	-0.417641	-0.463167	-0.543196	-0.655864	-0.792295	-0.924687	-1.02998	-1.07584	-1.04754	-0.93077	-0.724002	-0.421901	-0.054335	0.362708	0.80348	1.21776	1.58632	1.88125	2.06427	2.14065	2.12858	2.0229	1.83439	1.61857	1.44124	1.3351	1.29414	1.29446	1.31354	1.33728	1.35898	1.37651	1.39057	1.40496	1.42845	1.47681	1.57095	1.72638	1.93529	2.1579	2.34343	2.46836	2.54051	2.55714	2.49262	2.34381	2.13677	1.88165	1.57925	1.24625	0.90151	0.562116	0.243079	-0.0425668	-0.286948	-0.486612	-0.642922	-0.758558	-0.839515	-0.894299	-0.922998	-0.920406	-0.875024	-0.760696	-0.561755	-0.28302	0.0260833	0.299698	0.503888	0.641756	0.714527	0.700007	0.610264	0.48446	
0.498824	0.335155	0.213345	0.138017	0.132811	0.187344	0.297018	0.450011	0.588285	0.684668	0.71578	0.673913	0.536046	0.324711	0.0922252	-0.101873	-0.234941	-0.308577	-0.343052	-0.35744	-0.362832	-0.365507	-0.366919	-0.368824	-0.370315	-0.373033	-0.380672	-0.393545	-0.431389	-0.508254	-0.630479	-0.78009	-0.925088	-1.03069	-1.06613	-0.998045	-0.829029	-0.54764	-0.17103	0.271373	0.75586	1.22664	1.64999	2.00377	2.24605	2.36808	2.392	2.31946	2.15068	1.92882	1.72375	1.58323	1.51331	1.49387	1.50066	1.51663	1.53296	1.54631	1.55628	1.56472	1.57664	1.60242	1.65893	1.76574	1.93239	2.14248	2.35249	2.51854	2.6274	2.68809	2.69446	2.62536	2.48078	2.2805	2.03599	1.75339	1.44358	1.11935	0.793524	0.48013	0.19394	-0.0544991	-0.259762	-0.422497	-0.542556	-0.625761	-0.673405	-0.677927	-0.622364	-0.484764	-0.252092	0.0519742	0.36712	0.629813	0.818933	0.94167	0.987702	0.937536	0.821462	0.672507	
0.667997	0.48143	0.341732	0.259408	0.256561	0.318421	0.434398	0.558778	0.660829	0.71578	0.690915	0.571055	0.358664	0.121614	-0.0816944	-0.21699	-0.292699	-0.331015	-0.341862	-0.346413	-0.347289	-0.348266	-0.355703	-0.361961	-0.3683	-0.379033	-0.387089	-0.384821	-0.386289	-0.41612	-0.501785	-0.634987	-0.796869	-0.933386	-1.01449	-0.995505	-0.856802	-0.592016	-0.213494	0.241104	0.74644	1.25059	1.71053	2.10755	2.4013	2.56847	2.62743	2.58641	2.4395	2.21626	1.98533	1.80723	1.70198	1.65594	1.64467	1.64851	1.65645	1.66381	1.6693	1.67354	1.67904	1.69171	1.72287	1.78944	1.90843	2.08371	2.29335	2.49444	2.65011	2.75201	2.80732	2.81037	2.74615	2.61386	2.42633	2.19589	1.93284	1.64755	1.34909	1.04547	0.747935	0.470343	0.226069	0.0225885	-0.136057	-0.248068	-0.312667	-0.321223	-0.254346	-0.0928555	0.166587	0.485434	0.794873	1.03855	1.20614	1.30299	1.30798	1.21567	1.06494	0.87815	
0.810953	0.602805	0.446188	0.360827	0.356176	0.406366	0.501883	0.602382	0.675713	0.673913	0.571055	0.366849	0.130701	-0.0674033	-0.188503	-0.261799	-0.297485	-0.309914	-0.308079	-0.306446	-0.310289	-0.309747	-0.314915	-0.328332	-0.337973	-0.350617	-0.378172	-0.396495	-0.394052	-0.384962	-0.417339	-0.510659	-0.655056	-0.806327	-0.910115	-0.916301	-0.800846	-0.557244	-0.192581	0.254479	0.759257	1.2786	1.76445	2.19689	2.53646	2.7453	2.83299	2.81413	2.68245	2.45601	2.19909	1.98201	1.83845	1.76237	1.73003	1.71967	1.71797	1.7187	1.71972	1.7209	1.72327	1.72974	1.74673	1.78574	1.86285	1.99203	2.17275	2.38116	2.57797	2.73182	2.83498	2.89179	2.89917	2.84796	2.73579	2.56924	2.35879	2.11659	1.85458	1.5812	1.30245	1.02645	0.765759	0.534827	0.345158	0.206369	0.126281	0.11647	0.195615	0.379327	0.657726	0.979878	1.27201	1.48733	1.62368	1.6796	1.63212	1.48981	1.29246	1.05729	
0.919529	0.684494	0.505633	0.405831	0.383054	0.424889	0.511953	0.58654	0.613373	0.536046	0.358664	0.130701	-0.0581355	-0.171762	-0.22865	-0.267834	-0.283959	-0.280252	-0.282032	-0.280965	-0.279821	-0.282846	-0.28309	-0.291115	-0.303001	-0.309394	-0.332258	-0.372193	-0.395734	-0.38707	-0.381643	-0.421516	-0.523816	-0.648311	-0.749445	-0.77007	-0.676182	-0.462379	-0.129025	0.293297	0.78683	1.31526	1.82073	2.27704	2.64781	2.88573	2.99088	2.98363	2.86099	2.63182	2.35342	2.10145	1.92092	1.8137	1.75845	1.73235	1.71977	1.71294	1.70914	1.70761	1.7087	1.71359	1.72526	1.75014	1.79914	1.88668	2.0237	2.2068	2.41318	2.60868	2.76589	2.87542	2.93871	2.95547	2.92143	2.83404	2.69541	2.5124	2.29622	2.05942	1.8114	1.55792	1.30518	1.06496	0.853805	0.690091	0.591988	0.577904	0.666642	0.867301	1.15696	1.47272	1.73999	1.92176	2.02033	2.02788	1.92447	1.72917	1.48143	1.19933	
0.957302	0.686752	0.483303	0.371813	0.346325	0.388055	0.458693	0.503865	0.468011	0.324711	0.121614	-0.0674033	-0.171762	-0.214489	-0.246152	-0.279408	-0.288613	-0.277788	-0.288523	-0.285155	-0.279373	-0.290509	-0.281501	-0.284916	-0.299113	-0.291223	-0.293133	-0.324265	-0.375564	-0.384086	-0.365292	-0.35391	-0.395941	-0.475554	-0.552083	-0.573489	-0.503959	-0.33332	-0.0393304	0.356479	0.834057	1.36207	1.87393	2.33616	2.72013	2.97596	3.09329	3.09361	2.97727	2.74625	2.44953	2.16433	1.94546	1.80404	1.72313	1.67878	1.65328	1.63759	1.6283	1.62392	1.62464	1.63078	1.64317	1.66501	1.70187	1.76359	1.86261	2.00706	2.19199	2.39755	2.59474	2.75899	2.87835	2.9515	2.97964	2.96235	2.89877	2.78916	2.63704	2.45095	2.24284	2.02326	1.79806	1.57236	1.35838	1.1783	1.06109	1.03631	1.12697	1.33615	1.62856	1.93069	2.16908	2.31496	2.37183	2.32683	2.16432	1.91235	1.61023	1.27803	
0.899463	0.60427	0.391305	0.278724	0.254769	0.292676	0.340964	0.339152	0.252018	0.0922252	-0.0816944	-0.188503	-0.22865	-0.246152	-0.289057	-0.3004	-0.285371	-0.277245	-0.284738	-0.276983	-0.270075	-0.283636	-0.281448	-0.280611	-0.293752	-0.311739	-0.29564	-0.293504	-0.332764	-0.359472	-0.341513	-0.292652	-0.269806	-0.286929	-0.327001	-0.357249	-0.316573	-0.185295	0.073404	0.445088	0.896541	1.40427	1.90701	2.36511	2.75378	3.02167	3.14676	3.14801	3.03021	2.79221	2.47501	2.15588	1.89854	1.72345	1.61699	1.55375	1.51507	1.49072	1.47578	1.46885	1.46957	1.47794	1.49406	1.51865	1.55452	1.60617	1.68178	1.79229	1.94319	2.12992	2.33605	2.53773	2.71233	2.84546	2.93258	2.97405	2.97176	2.9275	2.84221	2.71755	2.55917	2.37828	2.18696	1.99184	1.7981	1.62158	1.49442	1.45715	1.5414	1.74863	2.03374	2.31485	2.51996	2.62629	2.63649	2.534	2.30919	1.99855	1.64084	1.25853	
0.768347	0.459514	0.239216	0.126065	0.100171	0.122777	0.150078	0.12825	0.0339678	-0.101873	-0.21699	-0.261799	-0.267834	-0.279408	-0.3004	-0.285017	-0.262808	-0.27093	-0.262893	-0.256552	-0.260599	-0.257194	-0.26646	-0.269416	-0.26758	-0.300145	-0.300189	-0.293031	-0.305797	-0.326055	-0.294737	-0.215215	-0.127538	-0.0940658	-0.10457	-0.140275	-0.12342	-0.0196515	0.203037	0.539278	0.954439	1.43294	1.92095	2.3705	2.75503	3.0231	3.14471	3.13719	3.01073	2.76248	2.42577	2.07718	1.7864	1.58105	1.4493	1.36749	1.3161	1.28325	1.26244	1.25329	1.25415	1.265	1.28639	1.31673	1.35777	1.41095	1.47933	1.56932	1.68982	1.84449	2.03041	2.23485	2.43948	2.62384	2.77258	2.87737	2.93541	2.94834	2.91983	2.85304	2.7493	2.61162	2.45105	2.28256	2.11537	1.95811	1.83508	1.78911	1.86041	2.05428	2.32134	2.57485	2.74437	2.81088	2.77496	2.61796	2.33726	1.97588	1.57156	1.15112	
0.570442	0.246497	0.0197077	-0.0948964	-0.122364	-0.093606	-0.0612504	-0.0767154	-0.141012	-0.234941	-0.292699	-0.297485	-0.283959	-0.288613	-0.285371	-0.262808	-0.249651	-0.266219	-0.249293	-0.248482	-0.260642	-0.242411	-0.259559	-0.260602	-0.249186	-0.275081	-0.28588	-0.285166	-0.277519	-0.2804	-0.226247	-0.114378	0.01913	0.0940165	0.103809	0.0695492	0.0702863	0.149558	0.332167	0.623766	1.00182	1.45231	1.91916	2.34816	2.71508	2.97213	3.084	3.06488	2.92766	2.66755	2.31235	1.93686	1.61444	1.37877	1.22201	1.12315	1.0595	1.01766	0.991958	0.980159	0.98132	0.995054	1.02131	1.05952	1.10859	1.16941	1.24353	1.33134	1.43842	1.5694	1.72765	1.91049	2.10947	2.31091	2.49832	2.65787	2.77859	2.8541	2.88301	2.8685	2.81645	2.72867	2.60584	2.46006	2.31121	2.17393	2.06479	2.01783	2.07435	2.2456	2.48486	2.7058	2.84035	2.87113	2.79546	2.59308	2.26733	1.86543	1.42423	0.974089	
0.298939	-0.0335857	-0.258784	-0.360272	-0.363453	-0.307481	-0.243172	-0.219788	-0.254072	-0.308577	-0.331015	-0.309914	-0.280252	-0.277788	-0.277245	-0.27093	-0.266219	-0.266025	-0.258051	-0.256109	-0.260527	-0.255679	-0.261553	-0.266749	-0.266151	-0.27261	-0.26971	-0.256644	-0.239232	-0.219084	-0.138014	0.00713693	0.172559	0.271489	0.292573	0.264882	0.258685	0.304723	0.442654	0.698616	1.04262	1.45548	1.88939	2.29099	2.63627	2.8782	2.97607	2.94011	2.7859	2.50866	2.13344	1.73184	1.38149	1.11995	0.944151	0.830419	0.75605	0.706636	0.677476	0.662958	0.664429	0.681005	0.710781	0.756058	0.813681	0.883668	0.965897	1.06124	1.16988	1.29495	1.43816	1.60175	1.78257	1.97492	2.16774	2.34952	2.50906	2.63603	2.72297	2.76402	2.75971	2.7185	2.64266	2.5315	2.40105	2.27834	2.1855	2.14683	2.19422	2.34011	2.54467	2.72812	2.82703	2.82451	2.7137	2.47245	2.10837	1.67125	1.19725	0.720217	
-0.0180864	-0.341234	-0.542833	-0.608182	-0.568811	-0.467358	-0.36278	-0.30906	-0.313267	-0.343052	-0.341862	-0.308079	-0.282032	-0.288523	-0.284738	-0.262893	-0.249293	-0.258051	-0.244454	-0.242994	-0.250505	-0.238385	-0.251953	-0.255247	-0.247782	-0.26742	-0.269396	-0.241893	-0.188433	-0.135127	-0.0246936	0.140416	0.321172	0.432131	0.46945	0.446199	0.419588	0.434196	0.539516	0.760158	1.06145	1.43327	1.83507	2.20852	2.52687	2.74472	2.81974	2.76126	2.58708	2.29231	1.89919	1.47681	1.1054	0.823817	0.631694	0.504633	0.421941	0.367608	0.334158	0.318786	0.320174	0.33808	0.372247	0.421961	0.487222	0.56732	0.659751	0.764946	0.881267	1.01057	1.15198	1.30725	1.4758	1.65568	1.84122	2.0235	2.1937	2.34219	2.46166	2.54732	2.58955	2.58613	2.54808	2.47747	2.37547	2.26659	2.18587	2.15934	2.20638	2.33153	2.49975	2.642	2.70313	2.66782	2.52542	2.25174	1.85714	1.39328	0.896822	0.405729	
-0.314886	-0.609911	-0.773278	-0.794116	-0.710074	-0.565384	-0.426052	-0.353018	-0.342005	-0.35744	-0.346413	-0.306446	-0.280965	-0.285155	-0.276984	-0.256552	-0.248482	-0.25611	-0.242995	-0.240604	-0.251282	-0.237909	-0.249437	-0.252951	-0.244171	-0.25431	-0.247457	-0.206896	-0.124803	-0.0383374	0.0970729	0.274063	0.45972	0.583439	0.631026	0.598915	0.547613	0.540625	0.617361	0.794569	1.05579	1.3946	1.76128	2.09871	2.38329	2.57274	2.62292	2.54221	2.34713	2.03409	1.6228	1.18282	0.793062	0.496139	0.291715	0.158092	0.0699994	0.0123818	-0.0235042	-0.0394354	-0.0380991	-0.0194731	0.0172603	0.070432	0.140276	0.225699	0.327781	0.443744	0.572521	0.712393	0.862989	1.02231	1.18993	1.36386	1.54218	1.71983	1.89025	2.0459	2.17635	2.2767	2.34729	2.37593	2.36092	2.31569	2.24215	2.14958	2.0745	2.05433	2.10452	2.21679	2.35367	2.45609	2.4804	2.41583	2.24997	1.95667	1.54724	1.07429	0.575255	0.091039	
-0.535585	-0.796764	-0.923911	-0.91014	-0.791515	-0.619664	-0.464213	-0.371398	-0.350916	-0.362832	-0.347289	-0.310289	-0.279821	-0.279373	-0.270075	-0.2606	-0.260643	-0.260529	-0.25051	-0.25129	-0.25559	-0.247463	-0.254957	-0.25843	-0.251736	-0.23919	-0.216974	-0.152935	-0.0493303	0.0697749	0.223174	0.407468	0.596757	0.723002	0.765053	0.717895	0.649551	0.619013	0.660806	0.804962	1.0363	1.33482	1.66152	1.96459	2.21658	2.37591	2.39712	2.28998	2.07102	1.73896	1.31159	0.85912	0.459445	0.156115	-0.0522301	-0.189556	-0.279956	-0.338509	-0.373631	-0.390858	-0.389301	-0.36958	-0.333487	-0.279139	-0.207137	-0.118271	-0.0131273	0.108736	0.24605	0.396653	0.559331	0.73095	0.909789	1.09202	1.27466	1.45307	1.6236	1.78029	1.92009	2.02904	2.10469	2.15064	2.15377	2.11845	2.05937	1.9813	1.90854	1.88523	1.93443	2.03984	2.15519	2.22557	2.21882	2.13211	1.9543	1.6575	1.25159	0.788405	0.305046	-0.157523	
-0.661991	-0.900904	-1.00739	-0.973359	-0.83951	-0.653789	-0.483107	-0.383931	-0.355534	-0.365507	-0.348266	-0.309747	-0.282846	-0.29051	-0.283636	-0.257196	-0.242415	-0.255689	-0.238413	-0.237968	-0.247553	-0.233022	-0.24639	-0.246183	-0.228268	-0.229901	-0.194999	-0.101361	0.0438972	0.182635	0.348626	0.530933	0.724531	0.846026	0.871807	0.804777	0.717877	0.664814	0.678798	0.796426	0.991659	1.25343	1.54982	1.81569	2.03158	2.1554	2.14577	2.0126	1.77327	1.42401	0.985157	0.525207	0.123228	-0.18147	-0.389337	-0.525083	-0.612361	-0.668197	-0.702793	-0.717781	-0.716407	-0.69855	-0.663099	-0.612071	-0.542375	-0.453864	-0.347337	-0.22217	-0.0807247	0.0771774	0.24902	0.431996	0.623566	0.819346	1.01697	1.20903	1.39238	1.55855	1.7026	1.82644	1.91265	1.96396	1.98128	1.95537	1.90042	1.83091	1.76118	1.73033	1.77203	1.87258	1.9769	2.02674	1.9972	1.89502	1.71389	1.42494	1.03418	0.590597	0.129928	-0.308273	
-0.711378	-0.940887	-1.04315	-1.01061	-0.875376	-0.68321	-0.504329	-0.395297	-0.361215	-0.366919	-0.355703	-0.314915	-0.28309	-0.281501	-0.28145	-0.266466	-0.259577	-0.261605	-0.252082	-0.249724	-0.255491	-0.247092	-0.253847	-0.251769	-0.233817	-0.209121	-0.142492	-0.0186895	0.140812	0.293823	0.461754	0.652708	0.840139	0.948585	0.950431	0.859023	0.754712	0.676499	0.671095	0.765522	0.929417	1.16573	1.42411	1.65114	1.83421	1.92308	1.88413	1.72437	1.46449	1.09852	0.650902	0.190117	-0.207037	-0.501807	-0.700366	-0.826199	-0.90781	-0.959458	-0.989576	-1.0029	-1.00133	-0.98566	-0.955315	-0.907854	-0.843126	-0.762509	-0.661548	-0.541032	-0.400282	-0.240191	-0.0629269	0.130192	0.334003	0.545748	0.758227	0.969753	1.16918	1.35963	1.52287	1.65915	1.7668	1.83213	1.86207	1.85148	1.80326	1.73918	1.67493	1.6392	1.67022	1.76506	1.86605	1.90685	1.86288	1.7492	1.56749	1.28969	0.916572	0.492872	0.052167	-0.369609	
-0.706025	-0.942301	-1.05517	-1.03302	-0.907981	-0.72161	-0.535728	-0.41009	-0.363189	-0.368824	-0.361961	-0.328332	-0.291116	-0.284918	-0.28062	-0.269444	-0.260684	-0.266967	-0.255775	-0.254101	-0.260639	-0.249732	-0.25578	-0.250014	-0.219361	-0.177631	-0.0854953	0.0608223	0.235082	0.39465	0.57238	0.766527	0.94692	1.02437	0.991901	0.881633	0.757832	0.661999	0.644353	0.716259	0.858576	1.06693	1.28927	1.48783	1.63287	1.68716	1.61477	1.43159	1.15338	0.776938	0.325445	-0.12673	-0.509869	-0.787452	-0.970325	-1.0847	-1.15306	-1.19525	-1.22018	-1.23078	-1.22964	-1.21744	-1.19239	-1.15397	-1.10085	-1.02874	-0.937805	-0.827366	-0.694229	-0.539913	-0.364191	-0.168675	0.0418488	0.266573	0.496	0.727833	0.951456	1.15943	1.35294	1.51382	1.64491	1.73578	1.78479	1.79504	1.76261	1.70668	1.65037	1.61554	1.6373	1.7248	1.82622	1.86732	1.81685	1.69424	1.51107	1.24281	0.884647	0.476228	0.0492929	-0.364277	
-0.664566	-0.915992	-1.05117	-1.05238	-0.945762	-0.76836	-0.575977	-0.436623	-0.373558	-0.370315	-0.3683	-0.337974	-0.303004	-0.299125	-0.293792	-0.2677	-0.249517	-0.266984	-0.249695	-0.248169	-0.259254	-0.2407	-0.250928	-0.235813	-0.18559	-0.14402	-0.031871	0.13705	0.329402	0.492204	0.676782	0.87027	1.02826	1.07081	1.00716	0.872429	0.731291	0.626022	0.599731	0.656877	0.782883	0.966252	1.16064	1.32206	1.43223	1.45439	1.35066	1.14841	0.853328	0.468849	0.0193141	-0.418269	-0.777049	-1.02998	-1.1871	-1.28012	-1.33406	-1.36374	-1.38101	-1.38805	-1.38779	-1.37984	-1.36207	-1.33576	-1.29667	-1.24177	-1.16892	-1.07403	-0.954504	-0.81252	-0.642738	-0.452433	-0.237723	-0.0102051	0.233502	0.477638	0.72589	0.960481	1.17821	1.36968	1.52908	1.65085	1.72633	1.76166	1.75314	1.71143	1.66504	1.63584	1.65217	1.73143	1.83386	1.88174	1.83257	1.70454	1.51914	1.2582	0.912096	0.514951	0.0968028	-0.315104	
-0.596916	-0.868326	-1.03273	-1.06745	-0.985425	-0.824668	-0.634554	-0.475565	-0.389712	-0.373033	-0.379035	-0.350621	-0.30941	-0.291276	-0.311903	-0.30061	-0.276284	-0.275461	-0.273595	-0.266516	-0.261108	-0.265261	-0.259126	-0.236134	-0.191411	-0.123711	0.0352486	0.23696	0.41656	0.582149	0.769688	0.962369	1.0864	1.08347	0.990181	0.834031	0.682801	0.574873	0.545989	0.596294	0.709905	0.870837	1.03486	1.1647	1.24559	1.22866	1.09854	0.874983	0.570929	0.181447	-0.255754	-0.66967	-0.993503	-1.21176	-1.3402	-1.40851	-1.44323	-1.45836	-1.46415	-1.46775	-1.46784	-1.46424	-1.45861	-1.44743	-1.42519	-1.38963	-1.33871	-1.26516	-1.16933	-1.04498	-0.892848	-0.712651	-0.505239	-0.275184	-0.0268176	0.233215	0.494401	0.751951	0.996676	1.21843	1.40739	1.56186	1.6689	1.73162	1.75115	1.72965	1.6949	1.67341	1.68802	1.75911	1.86137	1.9197	1.87935	1.75136	1.56513	1.31117	0.976367	0.589043	0.178071	-0.23492	
-0.505218	-0.801448	-0.997054	-1.07054	-1.02801	-0.890641	-0.705272	-0.52943	-0.417641	-0.380673	-0.387094	-0.37819	-0.332324	-0.293343	-0.29625	-0.301812	-0.289821	-0.278446	-0.287098	-0.280243	-0.272414	-0.280155	-0.259792	-0.226441	-0.170869	-0.058759	0.123659	0.317059	0.482065	0.657316	0.856124	1.03574	1.1117	1.07137	0.941061	0.770074	0.61946	0.517046	0.49418	0.541821	0.643868	0.786296	0.923761	1.02155	1.06779	1.01833	0.863139	0.625196	0.31361	-0.0750789	-0.494892	-0.874448	-1.1572	-1.33245	-1.42419	-1.46152	-1.47215	-1.47201	-1.46909	-1.4656	-1.46627	-1.4704	-1.4747	-1.47878	-1.47839	-1.47057	-1.44601	-1.40135	-1.33208	-1.23254	-1.10329	-0.939277	-0.745746	-0.522076	-0.275216	-0.0104102	0.265633	0.542161	0.807475	1.05758	1.27634	1.46176	1.60261	1.69452	1.7429	1.74569	1.72433	1.71044	1.72536	1.78886	1.88898	1.95905	1.93399	1.81294	1.62961	1.38465	1.06289	0.686232	0.283465	-0.128992	
-0.388329	-0.708924	-0.942594	-1.05891	-1.05966	-0.959476	-0.79192	-0.612003	-0.463168	-0.39355	-0.384843	-0.396572	-0.372444	-0.325018	-0.295558	-0.298136	-0.296719	-0.280473	-0.286763	-0.284189	-0.274887	-0.277361	-0.249436	-0.209646	-0.137734	0.009518	0.188182	0.365494	0.535281	0.737468	0.939089	1.08305	1.10256	1.01654	0.866657	0.694919	0.55176	0.465115	0.451526	0.498921	0.594526	0.7197	0.826234	0.895049	0.910598	0.82529	0.647158	0.398006	0.0820968	-0.297447	-0.691105	-1.02545	-1.25717	-1.38413	-1.43612	-1.44386	-1.43089	-1.41229	-1.39689	-1.39019	-1.39087	-1.3997	-1.41766	-1.43988	-1.46221	-1.47887	-1.48445	-1.47289	-1.43619	-1.36983	-1.26875	-1.13106	-0.956387	-0.745748	-0.505259	-0.237828	0.0413816	0.332182	0.617272	0.890486	1.13761	1.35132	1.52447	1.64638	1.72288	1.75195	1.74612	1.73895	1.75426	1.81041	1.90612	1.98714	1.98211	1.87525	1.69998	1.46759	1.16278	0.799971	0.407456	-0.00174711	
-0.249367	-0.590077	-0.858549	-1.02331	-1.0743	-1.0248	-0.885664	-0.711076	-0.543202	-0.431412	-0.386373	-0.394335	-0.396607	-0.378009	-0.338988	-0.320175	-0.307674	-0.296745	-0.288479	-0.284146	-0.282543	-0.270257	-0.247493	-0.200822	-0.106535	0.0397978	0.214888	0.401455	0.607243	0.820564	1.0008	1.08609	1.05256	0.938251	0.775572	0.614086	0.493901	0.427211	0.426436	0.477935	0.566679	0.671709	0.749182	0.788935	0.767041	0.651573	0.454581	0.198188	-0.118116	-0.48435	-0.842243	-1.12445	-1.29884	-1.37396	-1.38268	-1.35683	-1.3208	-1.28885	-1.26647	-1.25323	-1.25452	-1.27027	-1.2961	-1.33255	-1.37658	-1.42321	-1.46166	-1.48539	-1.48547	-1.45439	-1.38816	-1.27924	-1.13106	-0.939278	-0.71266	-0.452478	-0.168881	0.129354	0.428949	0.721029	0.99357	1.23367	1.43664	1.58822	1.69111	1.74609	1.75775	1.75705	1.77176	1.81996	1.90851	1.99785	2.01539	1.9293	1.76777	1.55211	1.26912	0.925134	0.547629	0.145772	
-0.0854461	-0.444528	-0.743934	-0.957933	-1.06097	-1.06621	-0.976857	-0.829958	-0.655887	-0.50834	-0.41642	-0.385913	-0.389809	-0.391238	-0.376362	-0.362113	-0.350072	-0.34126	-0.330504	-0.325049	-0.318853	-0.306108	-0.27627	-0.217804	-0.105713	0.0603864	0.256735	0.473859	0.690895	0.888471	1.01412	1.03945	0.963063	0.833781	0.685464	0.549677	0.455944	0.41414	0.429628	0.483267	0.563258	0.645151	0.69191	0.701459	0.643492	0.49599	0.282552	0.0223787	-0.291456	-0.634124	-0.947924	-1.16843	-1.28174	-1.30496	-1.27536	-1.22438	-1.17068	-1.12651	-1.09739	-1.08427	-1.08545	-1.10221	-1.13544	-1.18362	-1.24529	-1.31287	-1.38095	-1.44068	-1.47835	-1.48891	-1.45909	-1.38816	-1.26875	-1.10329	-0.892852	-0.642755	-0.364274	-0.0632778	0.247671	0.55466	0.848519	1.11213	1.34136	1.52185	1.65036	1.72971	1.75954	1.76545	1.77842	1.81745	1.89551	1.98879	2.02887	1.96876	1.82644	1.63165	1.37589	1.0562	0.6988	0.312369	
0.101616	-0.270363	-0.593914	-0.852818	-1.01297	-1.07958	-1.04751	-0.939279	-0.792378	-0.630776	-0.502759	-0.42023	-0.389397	-0.384047	-0.382363	-0.37486	-0.368072	-0.365671	-0.358638	-0.355006	-0.34733	-0.327274	-0.290767	-0.210097	-0.0748052	0.10912	0.325557	0.549017	0.748046	0.895377	0.964922	0.944964	0.853032	0.738854	0.610066	0.509931	0.451976	0.436142	0.464674	0.517399	0.585292	0.640214	0.654818	0.628624	0.530617	0.357031	0.131722	-0.131839	-0.437958	-0.752442	-1.01164	-1.16819	-1.21898	-1.19434	-1.13071	-1.06018	-1.00115	-0.958346	-0.931237	-0.916384	-0.918022	-0.935823	-0.966248	-1.01385	-1.08066	-1.16583	-1.26011	-1.35158	-1.42809	-1.47717	-1.48891	-1.45439	-1.36983	-1.23254	-1.04498	-0.812526	-0.539943	-0.240326	0.0766305	0.394642	0.705738	0.990886	1.24325	1.44978	1.60254	1.70516	1.75359	1.76635	1.77643	1.80472	1.86854	1.95978	2.01958	1.98875	1.87045	1.69977	1.47659	1.18819	0.85551	0.491883	
0.307034	-0.0692286	-0.410503	-0.705458	-0.918764	-1.04239	-1.08217	-1.03359	-0.924965	-0.781029	-0.637861	-0.518594	-0.441222	-0.397821	-0.380351	-0.372382	-0.368222	-0.365451	-0.362714	-0.360136	-0.348603	-0.327803	-0.275417	-0.179822	-0.0298308	0.168995	0.385186	0.583793	0.736152	0.835033	0.864774	0.825577	0.745802	0.656119	0.571947	0.516223	0.487984	0.497568	0.535111	0.582747	0.632453	0.652735	0.631846	0.567865	0.429819	0.229495	-0.00537028	-0.269823	-0.563668	-0.83879	-1.03817	-1.12715	-1.12251	-1.06034	-0.979902	-0.90772	-0.852776	-0.817001	-0.795984	-0.785409	-0.786588	-0.799584	-0.823064	-0.86318	-0.925991	-1.01005	-1.11584	-1.23114	-1.33912	-1.42809	-1.47835	-1.48547	-1.43619	-1.33208	-1.16933	-0.954506	-0.694239	-0.400329	-0.0809275	0.245259	0.569731	0.872419	1.14482	1.37549	1.5507	1.67448	1.74174	1.76235	1.76884	1.78472	1.8304	1.91226	1.98599	1.98531	1.89512	1.75049	1.5635	1.31465	1.0128	0.67782	
0.522791	0.155349	-0.19509	-0.513465	-0.776145	-0.957647	-1.05837	-1.07602	-1.03083	-0.927779	-0.804534	-0.674654	-0.56864	-0.487443	-0.436517	-0.399566	-0.381761	-0.368567	-0.360192	-0.35523	-0.340224	-0.313253	-0.259716	-0.155564	-0.00549921	0.183319	0.372013	0.531618	0.647609	0.717177	0.737863	0.71262	0.667839	0.626639	0.585099	0.566977	0.574846	0.604372	0.640431	0.676426	0.698021	0.679077	0.619101	0.510024	0.331945	0.111441	-0.132419	-0.397676	-0.672781	-0.901914	-1.03559	-1.06235	-1.01076	-0.92617	-0.844263	-0.787429	-0.755725	-0.735872	-0.722392	-0.71438	-0.715314	-0.724541	-0.739243	-0.761798	-0.799379	-0.868146	-0.971502	-1.09747	-1.23114	-1.35158	-1.44068	-1.48539	-1.47289	-1.40135	-1.26516	-1.07403	-0.827369	-0.541047	-0.222239	0.108452	0.442678	0.761334	1.05025	1.30149	1.49745	1.64008	1.72551	1.75548	1.75878	1.76109	1.78496	1.84931	1.92814	1.95523	1.8964	1.77911	1.62889	1.42694	1.16461	0.863136	
0.739276	0.395651	0.0461499	-0.283794	-0.578239	-0.808644	-0.977278	-1.0621	-1.07821	-1.03768	-0.951834	-0.849789	-0.739385	-0.645078	-0.567858	-0.511819	-0.471918	-0.442097	-0.424219	-0.40953	-0.393628	-0.365599	-0.308188	-0.208478	-0.0628297	0.108028	0.280789	0.41289	0.518417	0.588004	0.633088	0.638798	0.647467	0.647601	0.657152	0.682793	0.713712	0.748142	0.777162	0.793286	0.775516	0.711394	0.608674	0.450912	0.232483	-0.0061627	-0.257809	-0.52043	-0.768925	-0.943165	-1.01251	-0.985269	-0.904744	-0.819658	-0.756078	-0.726202	-0.712152	-0.700871	-0.693213	-0.688783	-0.689452	-0.694681	-0.702657	-0.714758	-0.732128	-0.77142	-0.853617	-0.971502	-1.11584	-1.26011	-1.38095	-1.46166	-1.48445	-1.44601	-1.33871	-1.16892	-0.937806	-0.661552	-0.347358	-0.0132206	0.32741	0.658412	0.961534	1.23078	1.44605	1.60489	1.70639	1.74684	1.7486	1.73748	1.73693	1.77573	1.84817	1.89643	1.87047	1.78221	1.66663	1.51509	1.30251	1.04089	
0.946043	0.640726	0.306694	-0.0216275	-0.338218	-0.605142	-0.814993	-0.972104	-1.05355	-1.08256	-1.05451	-0.996583	-0.914775	-0.832026	-0.749628	-0.682224	-0.628206	-0.590095	-0.561172	-0.538977	-0.521401	-0.490871	-0.430787	-0.335378	-0.191401	-0.0241044	0.134676	0.270255	0.386695	0.491074	0.57044	0.632713	0.693145	0.747479	0.803748	0.848583	0.896859	0.929606	0.94072	0.921392	0.85561	0.744004	0.590312	0.378901	0.128094	-0.127041	-0.388436	-0.64459	-0.856212	-0.971242	-0.978788	-0.912555	-0.818954	-0.74994	-0.717134	-0.712394	-0.711995	-0.692743	-0.678492	-0.682638	-0.681703	-0.679444	-0.697234	-0.71393	-0.712836	-0.724354	-0.77142	-0.868146	-1.01005	-1.16583	-1.31287	-1.42321	-1.47887	-1.47057	-1.38963	-1.24177	-1.02874	-0.762511	-0.45387	-0.118299	0.225581	0.566869	0.8821	1.1645	1.39714	1.57159	1.68691	1.73747	1.73956	1.71671	1.6911	1.69777	1.7509	1.80891	1.81377	1.75685	1.67315	1.57032	1.41572	1.20239	
1.13149	0.877166	0.572821	0.259337	-0.0514257	-0.351559	-0.598721	-0.799636	-0.944602	-1.033	-1.07375	-1.07085	-1.03922	-0.988873	-0.933651	-0.877556	-0.825478	-0.787197	-0.756247	-0.733076	-0.710595	-0.676359	-0.615012	-0.509313	-0.357944	-0.180226	-0.00592866	0.157865	0.311435	0.463117	0.594035	0.713761	0.821118	0.922732	1.00028	1.07231	1.12504	1.13314	1.11597	1.05063	0.930699	0.766102	0.555689	0.289943	0.0125329	-0.259153	-0.527509	-0.770423	-0.933516	-0.9898	-0.943927	-0.855813	-0.76558	-0.720897	-0.71083	-0.708178	-0.69558	-0.667996	-0.653637	-0.661053	-0.659763	-0.654396	-0.673347	-0.699907	-0.709526	-0.712836	-0.732128	-0.799379	-0.925991	-1.08066	-1.24529	-1.37658	-1.46221	-1.47839	-1.42519	-1.29667	-1.10085	-0.843126	-0.542376	-0.207145	0.140242	0.487084	0.813171	1.10689	1.35262	1.54065	1.66859	1.72864	1.73243	1.70038	1.65135	1.62225	1.64385	1.69602	1.72395	1.69981	1.64673	1.5869	1.49359	1.33763	
1.2849	1.08792	0.835109	0.541411	0.248989	-0.0438024	-0.320749	-0.557156	-0.752934	-0.896417	-0.99507	-1.05016	-1.07247	-1.06619	-1.0462	-1.0173	-0.988098	-0.958646	-0.936173	-0.917588	-0.892404	-0.854773	-0.781128	-0.658263	-0.485929	-0.283012	-0.077323	0.121912	0.324516	0.524658	0.709391	0.874323	1.02957	1.16185	1.26319	1.34226	1.36576	1.35082	1.29505	1.16705	0.990488	0.767455	0.49244	0.183549	-0.11652	-0.409372	-0.679521	-0.896666	-1.00249	-1.0014	-0.915436	-0.814638	-0.739281	-0.710025	-0.713143	-0.693418	-0.65743	-0.628143	-0.617443	-0.62719	-0.625213	-0.617201	-0.633037	-0.664583	-0.699907	-0.71393	-0.714758	-0.761798	-0.86318	-1.01385	-1.18362	-1.33255	-1.43988	-1.47878	-1.44743	-1.33576	-1.15397	-0.907855	-0.612072	-0.279141	0.0704225	0.421922	0.755906	1.05899	1.31501	1.51368	1.65222	1.72095	1.72743	1.689	1.62003	1.55529	1.53637	1.56534	1.60178	1.60783	1.58623	1.56238	1.52689	1.43703	
1.40081	1.25669	1.06865	0.824393	0.548794	0.273203	0.00073952	-0.252346	-0.477024	-0.665749	-0.813968	-0.923357	-0.997586	-1.04238	-1.06479	-1.06978	-1.06717	-1.05844	-1.0476	-1.03363	-1.01118	-0.964371	-0.877972	-0.73454	-0.535784	-0.302485	-0.060264	0.185623	0.437314	0.687401	0.918312	1.12568	1.31342	1.45938	1.56421	1.62102	1.62147	1.57364	1.45102	1.26011	1.02742	0.736353	0.40003	0.0581182	-0.264637	-0.577017	-0.840871	-1.0158	-1.06306	-1.00913	-0.896372	-0.788538	-0.724505	-0.69899	-0.695102	-0.664601	-0.626832	-0.615392	-0.613186	-0.609487	-0.61042	-0.613678	-0.615454	-0.633037	-0.673347	-0.697234	-0.702657	-0.739243	-0.823064	-0.966248	-1.13544	-1.2961	-1.41766	-1.4747	-1.45861	-1.36207	-1.19239	-0.955317	-0.663101	-0.33349	0.0172556	0.372234	0.710739	1.02115	1.28587	1.49247	1.63881	1.71466	1.72423	1.68198	1.59762	1.50095	1.43785	1.42827	1.4532	1.47922	1.49016	1.49796	1.50923	1.48905	
1.46814	1.38401	1.24952	1.07218	0.846623	0.59434	0.336045	0.0836772	-0.150378	-0.360268	-0.539838	-0.688214	-0.804401	-0.891454	-0.954472	-0.998493	-1.02475	-1.04112	-1.04692	-1.04061	-1.01949	-0.964679	-0.863768	-0.697044	-0.46972	-0.20218	0.0807466	0.367654	0.659552	0.948823	1.21095	1.44294	1.64034	1.78733	1.87955	1.91232	1.87677	1.76374	1.57348	1.32819	1.02764	0.663978	0.28345	-0.0864932	-0.438774	-0.76013	-1.00187	-1.12088	-1.11314	-1.01477	-0.885158	-0.772677	-0.714709	-0.690193	-0.676453	-0.646421	-0.613032	-0.616937	-0.62171	-0.603839	-0.607513	-0.623683	-0.613678	-0.617201	-0.654396	-0.679444	-0.694681	-0.724541	-0.799585	-0.935824	-1.10221	-1.27027	-1.3997	-1.47041	-1.46425	-1.37985	-1.21745	-0.985672	-0.698563	-0.369592	-0.0194861	0.338066	0.680985	0.995006	1.26485	1.47748	1.62946	1.71023	1.72231	1.67798	1.58277	1.46042	1.35544	1.29805	1.2904	1.31697	1.35605	1.39662	1.44252	1.48068	
1.46638	1.4598	1.38439	1.26077	1.09757	0.897373	0.673479	0.43946	0.208809	-0.00800056	-0.20337	-0.373895	-0.51854	-0.635826	-0.726918	-0.79825	-0.850038	-0.885458	-0.906178	-0.909338	-0.887934	-0.829655	-0.714669	-0.530263	-0.279018	0.0163266	0.327623	0.642063	0.963902	1.27732	1.55751	1.79935	1.9969	2.13225	2.19589	2.18538	2.08823	1.91169	1.66815	1.35556	0.975811	0.558955	0.147456	-0.255265	-0.632706	-0.948767	-1.14634	-1.2098	-1.15075	-1.02335	-0.877724	-0.764699	-0.706611	-0.687029	-0.67911	-0.652683	-0.620328	-0.609771	-0.606299	-0.597715	-0.598954	-0.607513	-0.61042	-0.625213	-0.659763	-0.681704	-0.689452	-0.715315	-0.78659	-0.918026	-1.08546	-1.25453	-1.39088	-1.46629	-1.46787	-1.38783	-1.22969	-1.00138	-0.716464	-0.389361	-0.0381582	0.320118	0.664377	0.981268	1.25409	1.46943	1.62428	1.70777	1.72121	1.67547	1.57298	1.43192	1.29217	1.18611	1.13035	1.13251	1.18351	1.25755	1.33588	1.41268	
1.39564	1.45735	1.45951	1.39842	1.28939	1.14397	0.970464	0.77774	0.574987	0.37206	0.178231	0.000919152	-0.157249	-0.294444	-0.407633	-0.497982	-0.568648	-0.619078	-0.650514	-0.660821	-0.640932	-0.579489	-0.455741	-0.258659	0.0100363	0.324801	0.65578	0.99176	1.33151	1.65553	1.93971	2.17472	2.35316	2.45434	2.47239	2.40903	2.25662	2.02459	1.71202	1.32146	0.883837	0.432956	-0.0125048	-0.448984	-0.833611	-1.12028	-1.26541	-1.27881	-1.18364	-1.03677	-0.881352	-0.765523	-0.706134	-0.686922	-0.680449	-0.654	-0.621951	-0.6081	-0.602659	-0.596887	-0.597715	-0.603839	-0.609487	-0.627191	-0.661053	-0.682639	-0.688786	-0.714386	-0.78542	-0.916404	-1.08431	-1.25329	-1.39027	-1.46571	-1.46789	-1.38822	-1.23099	-1.00313	-0.718032	-0.391117	-0.0396904	0.318546	0.662742	0.979971	1.25313	1.4687	1.62375	1.70734	1.72042	1.67296	1.56533	1.41169	1.24644	1.09846	0.989594	0.946054	0.982019	1.07731	1.19192	1.30082	
1.2779	1.38039	1.447	1.46149	1.42034	1.33253	1.20978	1.06292	0.900693	0.730525	0.559476	0.395225	0.243393	0.10613	-0.0141229	-0.114176	-0.194564	-0.254771	-0.293438	-0.307859	-0.290056	-0.226217	-0.0987376	0.105622	0.38282	0.706651	1.04624	1.3875	1.72518	2.0418	2.31083	2.52084	2.66552	2.72631	2.69932	2.58483	2.37341	2.07209	1.68673	1.24083	0.770252	0.284151	-0.199454	-0.651869	-1.0176	-1.25671	-1.35514	-1.33037	-1.21728	-1.05733	-0.898931	-0.775377	-0.714544	-0.689315	-0.675594	-0.645883	-0.613175	-0.616321	-0.619717	-0.602659	-0.606299	-0.62171	-0.613186	-0.617445	-0.65364	-0.678499	-0.693228	-0.722423	-0.796039	-0.931332	-1.09754	-1.2667	-1.39722	-1.46953	-1.46472	-1.38171	-1.221	-0.990494	-0.703781	-0.374648	-0.0245082	0.333208	0.676614	0.991209	1.26182	1.47528	1.62791	1.70884	1.71948	1.66926	1.55722	1.39529	1.21332	1.0343	0.87811	0.779832	0.774676	0.863159	1.00472	1.1509	
1.11927	1.25488	1.36005	1.43087	1.4592	1.44149	1.38159	1.28816	1.17123	1.03977	0.900966	0.76141	0.627775	0.50449	0.393649	0.297946	0.219534	0.159358	0.119693	0.104459	0.121119	0.183772	0.309168	0.511002	0.784703	1.10459	1.43841	1.76923	2.09242	2.39103	2.63584	2.81506	2.92312	2.94086	2.86179	2.68666	2.40895	2.04451	1.61372	1.13621	0.630542	0.107637	-0.396001	-0.834567	-1.15825	-1.35265	-1.41406	-1.37332	-1.25135	-1.09128	-0.925918	-0.796135	-0.725878	-0.69817	-0.690465	-0.659576	-0.622382	-0.616309	-0.616321	-0.6081	-0.609772	-0.616938	-0.615394	-0.62815	-0.668013	-0.692779	-0.700944	-0.736011	-0.817244	-0.958748	-1.12713	-1.28977	-1.41356	-1.4737	-1.46049	-1.36631	-1.19822	-0.96276	-0.671724	-0.342133	0.00879959	0.364202	0.703521	1.01493	1.28095	1.48886	1.63615	1.71189	1.71798	1.66343	1.5466	1.3788	1.18673	0.987604	0.796303	0.648331	0.589629	0.641329	0.780341	0.954869	
0.910508	1.08296	1.22314	1.3306	1.40603	1.44727	1.45244	1.42291	1.36374	1.28212	1.18546	1.0803	0.973097	0.869948	0.775025	0.691105	0.62093	0.566478	0.530083	0.515953	0.531677	0.590427	0.709295	0.901804	1.16492	1.47372	1.79474	2.10901	2.41145	2.68425	2.89713	3.03714	3.0992	3.06463	2.9279	2.69671	2.37216	1.97211	1.5112	1.00006	0.460803	-0.0793799	-0.567553	-0.966811	-1.24523	-1.40552	-1.45065	-1.41024	-1.29256	-1.13958	-0.968753	-0.830334	-0.742744	-0.710398	-0.71189	-0.688566	-0.650451	-0.622382	-0.613175	-0.621952	-0.62033	-0.613037	-0.626846	-0.657465	-0.695659	-0.71216	-0.712472	-0.756303	-0.853752	-1.0027	-1.17301	-1.32411	-1.43538	-1.47794	-1.4504	-1.34257	-1.16278	-0.918505	-0.623715	-0.291591	0.0584851	0.410938	0.745905	1.05048	1.30839	1.50873	1.64829	1.716	1.71528	1.65466	1.53203	1.35931	1.16128	0.950498	0.737134	0.553307	0.445729	0.445696	0.549293	0.72035	
