1.84191	1.86726	1.81891	1.67546	1.44687	1.18053	0.877791	0.572017	0.345708	0.244894	0.252143	0.324981	0.42811	0.539775	0.647423	0.743716	0.824513	0.887687	0.932163	0.957387	0.963213	0.94966	0.916741	0.864722	0.794328	0.706956	0.605311	0.494117	0.380273	0.272229	0.178416	0.105202	0.0548879	0.0250018	0.00985693	0.00335085	0.00098251	0.000249258	5.4979e-05	1.06041e-05	1.79928e-06	2.70203e-07	3.61209e-08	4.32191e-09	4.65215e-10	4.52631e-11	3.99883e-12	3.25833e-13	3.89585e-14	5.34491e-14	1.55959e-13	4.14346e-13	9.74699e-13	2.03302e-12	3.77617e-12	6.31716e-12	1.0154e-11	2.36906e-11	1.55432e-10	1.62763e-09	1.67994e-08	1.57656e-07	1.32717e-06	9.94802e-06	6.58935e-05	0.000382383	0.00192494	0.00831156	0.0303897	0.0927756	0.233165	0.477298	0.79696	1.11649	1.39391	1.63378	1.7989	1.86301	1.85371	1.74912	1.57055	1.34494	1.08823	0.822681	0.569466	0.340397	0.152667	0.0128861	-0.0738923	-0.1045	-0.0845109	-0.00941625	0.119726	0.299237	0.521815	0.770264	1.0364	1.29478	1.53013	1.71734	
1.86726	1.82432	1.70592	1.49923	1.25237	0.981238	0.694629	0.462172	0.352338	0.369007	0.470327	0.610737	0.759266	0.89875	1.02088	1.12263	1.20368	1.26471	1.30632	1.32939	1.33464	1.32226	1.2919	1.24267	1.17372	1.08445	0.974329	0.844358	0.698294	0.543845	0.392355	0.257105	0.14991	0.0763915	0.0335968	0.0126722	0.00409545	0.00113735	0.000272811	5.68749e-05	1.03746e-05	1.66681e-06	2.37371e-07	3.01429e-08	3.43212e-09	3.5219e-10	3.2738e-11	2.82804e-12	4.46737e-13	7.78515e-13	2.21263e-12	5.67951e-12	1.29456e-11	2.62587e-11	4.75901e-11	7.74621e-11	1.13916e-10	1.53806e-10	2.16719e-10	6.15667e-10	4.76639e-09	4.54875e-08	4.04159e-07	3.21943e-06	2.27654e-05	0.000141735	0.000769904	0.00361117	0.0144538	0.0487196	0.136372	0.312943	0.584969	0.900746	1.19268	1.44904	1.66944	1.80833	1.86343	1.8546	1.77173	1.63289	1.45304	1.25441	1.05342	0.869262	0.713326	0.591426	0.514044	0.483728	0.504142	0.572622	0.685346	0.835179	1.0145	1.21396	1.41385	1.60009	1.74744	1.844	
1.81891	1.70592	1.51724	1.28738	1.04198	0.78344	0.563802	0.458535	0.488694	0.615529	0.785277	0.959325	1.11772	1.25278	1.36349	1.45167	1.51943	1.56845	1.60037	1.61773	1.62174	1.61231	1.58927	1.55082	1.49454	1.41887	1.32191	1.20145	1.05611	0.88732	0.701642	0.511529	0.335451	0.193148	0.095847	0.0405643	0.0145975	0.00447693	0.00117656	0.000266807	5.25989e-05	9.08183e-06	1.3831e-06	1.87018e-07	2.25888e-08	2.4508e-09	2.40283e-10	2.22537e-11	5.00941e-12	1.04417e-11	2.87636e-11	7.12441e-11	1.57184e-10	3.09793e-10	5.47791e-10	8.7334e-10	1.26105e-09	1.65484e-09	1.98276e-09	2.24285e-09	3.22078e-09	1.33553e-08	1.09533e-07	9.15321e-07	6.89934e-06	4.60604e-05	0.000269856	0.00137439	0.00602039	0.0224115	0.0699797	0.180893	0.383124	0.664383	0.963521	1.23101	1.47017	1.67277	1.80263	1.86107	1.86025	1.80797	1.7132	1.59183	1.45542	1.32288	1.20352	1.11246	1.053	1.02929	1.0448	1.09819	1.18281	1.29728	1.42815	1.5651	1.69043	1.79198	1.85311	1.86583	
1.67546	1.49923	1.28738	1.06182	0.829522	0.632794	0.543864	0.591766	0.739675	0.928602	1.1169	1.28509	1.42679	1.54154	1.63163	1.69922	1.74672	1.77685	1.7949	1.80425	1.80645	1.80151	1.78878	1.76628	1.72984	1.67457	1.59837	1.49853	1.37305	1.21947	1.0379	0.832	0.612011	0.400357	0.226476	0.108814	0.0440923	0.015082	0.00437923	0.00108781	0.000233135	4.34727e-05	7.10945e-06	1.02722e-06	1.32013e-07	1.51834e-08	1.57457e-09	1.59542e-10	5.47853e-11	1.28325e-10	3.41262e-10	8.14523e-10	1.73742e-09	3.3238e-09	5.72915e-09	8.94088e-09	1.2687e-08	1.64211e-08	1.94284e-08	2.10509e-08	2.10769e-08	2.14549e-08	4.10459e-08	2.39697e-07	1.8404e-06	1.3105e-05	8.26429e-05	0.000456129	0.00218184	0.0089489	0.0311056	0.0905122	0.218016	0.431855	0.707515	0.986521	1.23435	1.45599	1.64386	1.77586	1.8477	1.86797	1.84658	1.79383	1.7238	1.64641	1.57337	1.51146	1.47006	1.45665	1.46546	1.50103	1.56006	1.63098	1.70887	1.78063	1.83837	1.86637	1.85578	1.79481	
1.44687	1.25237	1.04198	0.829522	0.657173	0.591356	0.661054	0.827995	1.02993	1.22785	1.40555	1.55517	1.67295	1.75875	1.81529	1.84604	1.85783	1.85805	1.85579	1.85254	1.85107	1.85395	1.857	1.8585	1.85477	1.83623	1.79602	1.72815	1.62961	1.4988	1.33564	1.14337	0.923522	0.681154	0.440925	0.242833	0.112032	0.0431862	0.0139796	0.00383265	0.00089857	0.000181902	3.20838e-05	4.97171e-06	6.8196e-07	8.33742e-08	9.17909e-09	1.05597e-09	5.77125e-10	1.43777e-09	3.67899e-09	8.44902e-09	1.74017e-08	3.22771e-08	5.41784e-08	8.26943e-08	1.1525e-07	1.47132e-07	1.72456e-07	1.85868e-07	1.84365e-07	1.68679e-07	1.46298e-07	1.58467e-07	5.0345e-07	3.31117e-06	2.21307e-05	0.000131826	0.000686085	0.0030876	0.0118911	0.0387649	0.105841	0.240017	0.451231	0.711464	0.971127	1.20302	1.4076	1.58204	1.71592	1.80496	1.8535	1.86629	1.85403	1.82664	1.79629	1.76732	1.74584	1.73703	1.74326	1.76209	1.79025	1.8207	1.84951	1.8656	1.85869	1.8177	1.73741	1.61243	
1.18053	0.981238	0.78344	0.632794	0.591356	0.685408	0.873273	1.08868	1.29803	1.48986	1.64862	1.7641	1.83407	1.86441	1.8624	1.83877	1.80423	1.76999	1.74062	1.7214	1.71588	1.72723	1.7514	1.78342	1.81818	1.85015	1.86612	1.85694	1.81113	1.7236	1.58979	1.41392	1.20757	0.974195	0.712725	0.450682	0.238647	0.104662	0.0381065	0.0116187	0.00299897	0.00066256	0.000126594	2.11167e-05	3.10121e-06	4.04132e-07	4.74946e-08	6.62291e-09	5.75159e-09	1.46085e-08	3.58623e-08	7.9116e-08	1.57113e-07	2.82188e-07	4.60748e-07	6.87184e-07	9.40031e-07	1.18327e-06	1.37394e-06	1.4741e-06	1.46261e-06	1.34199e-06	1.1382e-06	8.98241e-07	7.25986e-07	1.1331e-06	5.42385e-06	3.33424e-05	0.000187336	0.000920055	0.0039021	0.0141519	0.0434743	0.112193	0.242113	0.438254	0.676021	0.916412	1.13483	1.32571	1.48778	1.61826	1.71734	1.78669	1.8288	1.84955	1.85666	1.85805	1.85689	1.85498	1.85635	1.85795	1.85724	1.85201	1.83446	1.79725	1.73346	1.64062	1.51663	1.36172	
0.877791	0.694629	0.563802	0.543864	0.661054	0.873273	1.10777	1.33244	1.54189	1.70862	1.81465	1.86312	1.86162	1.82332	1.75726	1.67878	1.59613	1.52311	1.46252	1.42802	1.42115	1.43801	1.48423	1.5512	1.62861	1.71141	1.78587	1.84277	1.86767	1.85005	1.77996	1.64831	1.45886	1.23535	0.98578	0.704832	0.428147	0.214847	0.088615	0.0302525	0.00864735	0.0020953	0.00043547	7.84616e-05	1.23731e-05	1.72341e-06	2.18334e-07	4.08936e-08	5.32312e-08	1.33846e-07	3.14368e-07	6.64999e-07	1.27127e-06	2.20788e-06	3.50232e-06	5.09898e-06	6.84127e-06	8.48719e-06	9.76071e-06	1.04246e-05	1.03486e-05	9.54763e-06	8.17787e-06	6.49154e-06	4.77483e-06	3.3503e-06	3.05092e-06	8.43686e-06	4.50688e-05	0.000237609	0.00110151	0.00440951	0.0151035	0.0439279	0.10792	0.22384	0.394905	0.603389	0.820757	1.02481	1.20512	1.35799	1.4832	1.58317	1.65973	1.71503	1.75175	1.77497	1.78816	1.79283	1.78971	1.77848	1.75751	1.7239	1.67252	1.60038	1.50523	1.38546	1.23886	1.06687	
0.572017	0.462172	0.458535	0.591766	0.827995	1.08868	1.33244	1.55975	1.73664	1.83395	1.8683	1.84253	1.76879	1.65651	1.52162	1.3784	1.2425	1.12663	1.0418	0.990695	0.979681	1.007	1.07175	1.16953	1.29599	1.43539	1.57805	1.7049	1.80411	1.85948	1.86173	1.80414	1.67389	1.4695	1.22864	0.958962	0.657891	0.376827	0.176599	0.0678069	0.0215588	0.00575175	0.00130465	0.00025463	4.32217e-05	6.45339e-06	8.99326e-07	2.57205e-07	4.5012e-07	1.09899e-06	2.46294e-06	4.98552e-06	9.1584e-06	1.53562e-05	2.36331e-05	3.35484e-05	4.41111e-05	5.39052e-05	6.13849e-05	6.5255e-05	6.48126e-05	6.01385e-05	5.20755e-05	4.19996e-05	3.14625e-05	2.18316e-05	1.41218e-05	9.57068e-06	1.35942e-05	5.53471e-05	0.000269533	0.00117842	0.00445846	0.0144611	0.0399951	0.0941333	0.18918	0.328135	0.500375	0.686927	0.869777	1.03664	1.1809	1.30093	1.39789	1.47349	1.52924	1.56704	1.58931	1.59766	1.59215	1.57282	1.53833	1.48629	1.41477	1.32221	1.20703	1.06802	0.907235	0.734317	
0.345708	0.352338	0.488694	0.739675	1.02993	1.29803	1.54189	1.73664	1.83787	1.86866	1.8294	1.71672	1.55614	1.35907	1.15201	0.948142	0.767259	0.617795	0.50841	0.442933	0.427015	0.463434	0.5467	0.674319	0.836817	1.02775	1.23556	1.44003	1.62554	1.76871	1.85447	1.86363	1.80816	1.66726	1.44495	1.18682	0.892161	0.575194	0.305103	0.131806	0.046698	0.0137467	0.00340984	0.000722165	0.000132164	2.12321e-05	3.40137e-06	1.65299e-06	3.43052e-06	8.03172e-06	1.71264e-05	3.30986e-05	5.83096e-05	9.42236e-05	0.00014047	0.000194182	0.000249973	0.000300712	0.000338945	0.000358576	0.000356336	0.000332601	0.000291296	0.00023892	0.000182999	0.000130418	8.61199e-05	5.26058e-05	3.08613e-05	2.52375e-05	6.37249e-05	0.000274417	0.00112721	0.00403386	0.0124182	0.0327794	0.0742772	0.145435	0.24918	0.38027	0.527452	0.677962	0.820806	0.9484	1.05695	1.14523	1.21327	1.26142	1.29049	1.30131	1.29413	1.26876	1.22448	1.16044	1.07624	0.971751	0.847996	0.708811	0.563733	0.431651	
0.244894	0.369007	0.615529	0.928602	1.22785	1.48986	1.70862	1.83395	1.86866	1.82531	1.68115	1.48176	1.23372	0.967855	0.696251	0.445272	0.223446	0.0456918	-0.0806625	-0.150327	-0.164967	-0.129014	-0.0353404	0.112087	0.306493	0.542721	0.803131	1.0745	1.3371	1.56623	1.74814	1.8538	1.86284	1.79674	1.62821	1.38654	1.10664	0.784393	0.465403	0.225102	0.0887095	0.0287987	0.00781195	0.00179575	0.000354561	6.17253e-05	1.24348e-05	1.04947e-05	2.32907e-05	5.18454e-05	0.00010487	0.000193007	0.000325346	0.000505659	0.000728991	0.00097996	0.00123376	0.00145991	0.00162791	0.00171348	0.00170374	0.00160016	0.00141823	0.00118396	0.000928346	0.000681147	0.000465521	0.000294779	0.000172091	9.33999e-05	5.49097e-05	7.38123e-05	0.000253	0.000964646	0.00326439	0.00955421	0.0241344	0.0528182	0.101028	0.171158	0.261072	0.364745	0.474153	0.581197	0.679217	0.7636	0.831545	0.881415	0.912325	0.923924	0.916168	0.889074	0.842926	0.778494	0.697242	0.601756	0.496609	0.389649	0.294271	0.233708	
0.252143	0.470327	0.785277	1.1169	1.40555	1.64862	1.81465	1.8683	1.8294	1.68115	1.4556	1.17121	0.84406	0.509072	0.18697	-0.104031	-0.341478	-0.530146	-0.659114	-0.734107	-0.752078	-0.70894	-0.613643	-0.463795	-0.253433	0.00765154	0.311038	0.644123	0.975766	1.29358	1.55118	1.75422	1.85557	1.85854	1.76124	1.55656	1.29373	0.982936	0.64096	0.343614	0.149763	0.0534305	0.0158128	0.0039389	0.000839	0.000161171	4.72307e-05	6.2782e-05	0.000139354	0.000293047	0.000560434	0.000979442	0.00157579	0.00235039	0.00327056	0.00426867	0.00524951	0.00610452	0.00673004	0.00704579	0.00700993	0.00662725	0.00594818	0.00505907	0.0040661	0.00307656	0.00218112	0.00144075	0.000881068	0.000495456	0.000255606	0.000127422	9.5737e-05	0.000216411	0.000739875	0.00236071	0.00657402	0.0159153	0.0336827	0.0629423	0.10523	0.159738	0.223382	0.291514	0.358915	0.420723	0.472975	0.512748	0.538033	0.547656	0.541206	0.518961	0.48194	0.431984	0.371846	0.305453	0.238319	0.178776	0.141371	0.152688	
0.324981	0.610737	0.959325	1.28509	1.55517	1.7641	1.86312	1.84253	1.71672	1.48176	1.17121	0.795758	0.411432	0.0232895	-0.323674	-0.629171	-0.871771	-1.04941	-1.17171	-1.2332	-1.2445	-1.21502	-1.13203	-0.986236	-0.779849	-0.514381	-0.189348	0.176828	0.565286	0.951	1.30421	1.58666	1.78211	1.86297	1.83917	1.69055	1.45256	1.1595	0.815059	0.477789	0.228236	0.0889214	0.0285771	0.0076874	0.0017683	0.000392852	0.000194104	0.000340071	0.000726949	0.00143624	0.00258745	0.00428037	0.00655452	0.00935973	0.0125451	0.0158709	0.0190392	0.0217355	0.0236747	0.0246436	0.0245339	0.0233579	0.0212468	0.0184311	0.0152056	0.011885	0.00875892	0.00605111	0.00389262	0.0023141	0.00126113	0.000625986	0.000286725	0.000147165	0.000182411	0.000511748	0.00152404	0.00403552	0.00936455	0.0191548	0.0348948	0.0573258	0.0860389	0.119422	0.154924	0.189522	0.220225	0.244448	0.260225	0.266311	0.262232	0.248307	0.225633	0.196049	0.162097	0.127073	0.0955818	0.0757689	0.0846658	0.154243	
0.42811	0.759266	1.11772	1.42679	1.67295	1.83407	1.86162	1.76879	1.55614	1.23372	0.84406	0.411432	-0.0275612	-0.440719	-0.802917	-1.09322	-1.31236	-1.45947	-1.54511	-1.59357	-1.60592	-1.57941	-1.5174	-1.40681	-1.23369	-0.98789	-0.663749	-0.283199	0.148406	0.585557	1.0075	1.37205	1.6562	1.81946	1.86744	1.78426	1.58231	1.31031	0.97579	0.616299	0.319089	0.134608	0.0466635	0.0134954	0.00337867	0.000962029	0.000829742	0.00162156	0.00326901	0.00603642	0.0102035	0.015923	0.0231388	0.0315541	0.0406532	0.0497678	0.0581606	0.0651153	0.0700211	0.072444	0.0721706	0.0692251	0.063867	0.0565702	0.0479731	0.0388031	0.0297908	0.0215805	0.0146482	0.00924279	0.00537388	0.0028527	0.00137115	0.000596175	0.000251165	0.000168887	0.000325622	0.00087821	0.00220337	0.00489435	0.00965428	0.0170789	0.0274069	0.0403471	0.0550439	0.0701922	0.0842598	0.095745	0.1034	0.10639	0.104387	0.0976109	0.0868057	0.0731721	0.0583183	0.0444619	0.0356392	0.0413979	0.0835872	0.200107	
0.539775	0.89875	1.25278	1.54154	1.75875	1.86441	1.82332	1.65651	1.35907	0.967855	0.509072	0.0232895	-0.440719	-0.857982	-1.19932	-1.45427	-1.62306	-1.71734	-1.75839	-1.76442	-1.76267	-1.76573	-1.74758	-1.68683	-1.56588	-1.36166	-1.0729	-0.698725	-0.258793	0.216901	0.699365	1.13288	1.49324	1.73766	1.85586	1.83955	1.6825	1.43495	1.11664	0.749221	0.415445	0.187909	0.0697141	0.021603	0.00605856	0.0025748	0.0033992	0.00666893	0.0125183	0.0214925	0.0339452	0.0497985	0.068478	0.0889744	0.109993	0.13012	0.147976	0.162341	0.17226	0.177097	0.176554	0.170663	0.159792	0.144641	0.126226	0.105806	0.0847812	0.0645516	0.0463688	0.0311654	0.0194171	0.0111009	0.00576421	0.00269323	0.00112578	0.000429352	0.000187507	0.000201485	0.000453446	0.00106653	0.00226059	0.00428432	0.00732104	0.0113938	0.0163046	0.0216316	0.0267899	0.0311379	0.0340995	0.0352695	0.0344859	0.0318583	0.0277553	0.0227744	0.0178051	0.0145754	0.0176978	0.0397246	0.108349	0.265541	
0.647423	1.02088	1.36349	1.63163	1.81529	1.8624	1.75726	1.52162	1.15201	0.696251	0.18697	-0.323674	-0.802917	-1.19932	-1.50196	-1.69098	-1.78144	-1.79996	-1.77285	-1.74545	-1.7395	-1.75586	-1.78617	-1.79778	-1.75674	-1.629	-1.39359	-1.05386	-0.617596	-0.123382	0.394567	0.885666	1.31293	1.63219	1.81594	1.86227	1.75431	1.53444	1.23505	0.869439	0.510306	0.244962	0.0965079	0.0321538	0.0108702	0.00760982	0.0124729	0.0232633	0.0402948	0.0640024	0.094092	0.129392	0.168025	0.207744	0.246251	0.281409	0.311391	0.334774	0.350577	0.358198	0.357346	0.348053	0.330674	0.305878	0.274733	0.238749	0.199823	0.160137	0.121997	0.0876061	0.0587223	0.0363395	0.0205221	0.0104575	0.00476069	0.00192228	0.000690472	0.000239563	0.000135858	0.000213512	0.000456536	0.000917571	0.00166237	0.00272625	0.00408142	0.00562185	0.00717182	0.00851743	0.00945265	0.00982616	0.00957625	0.00874652	0.00748645	0.0060755	0.00513461	0.00655827	0.016395	0.0509737	0.143461	0.336965	
0.743716	1.12263	1.45167	1.69922	1.84604	1.83877	1.67878	1.3784	0.948142	0.445272	-0.104031	-0.629171	-1.09322	-1.45427	-1.69098	-1.80147	-1.79831	-1.72083	-1.62009	-1.53742	-1.51348	-1.56619	-1.65959	-1.7586	-1.81201	-1.77009	-1.61259	-1.32283	-0.917187	-0.424227	0.117784	0.653683	1.13332	1.51489	1.75915	1.86192	1.80135	1.6104	1.33075	0.97267	0.597741	0.301562	0.125533	0.0459924	0.0211306	0.0227758	0.0393065	0.0678138	0.107655	0.157584	0.215165	0.27713	0.33998	0.400523	0.456092	0.504572	0.544445	0.574751	0.594923	0.604584	0.603508	0.591721	0.569488	0.537218	0.495534	0.445499	0.388751	0.327516	0.264574	0.203202	0.146902	0.0988044	0.0610296	0.0341632	0.017119	0.0076007	0.00296857	0.00101812	0.000314849	0.000111711	9.7037e-05	0.000173135	0.000325423	0.000559781	0.00087446	0.00124801	0.00163738	0.00198472	0.00223068	0.00232995	0.00226405	0.00204913	0.00174821	0.00154315	0.00208788	0.00581938	0.0206077	0.066607	0.181331	0.406359	
0.824513	1.20368	1.51943	1.74672	1.85783	1.80423	1.59613	1.2425	0.767259	0.223446	-0.341478	-0.871771	-1.31236	-1.62306	-1.78144	-1.79831	-1.69125	-1.52697	-1.37048	-1.26342	-1.23623	-1.29902	-1.42899	-1.59319	-1.74651	-1.8065	-1.73744	-1.51654	-1.14994	-0.668763	-0.116286	0.445998	0.967895	1.40232	1.6969	1.84797	1.8296	1.66554	1.40454	1.05674	0.673453	0.354285	0.156371	0.066734	0.0454445	0.0624749	0.103709	0.163184	0.236564	0.319002	0.405385	0.491055	0.572345	0.646681	0.712187	0.767656	0.812419	0.846194	0.868605	0.879272	0.878086	0.865061	0.840351	0.80436	0.757433	0.699888	0.632499	0.5566	0.474199	0.388055	0.302059	0.220988	0.149825	0.0926896	0.051534	0.0254091	0.010998	0.00415249	0.00136481	0.00039394	0.000108914	4.84321e-05	5.92336e-05	0.000100367	0.000162289	0.00023941	0.000322542	0.000398589	0.000453386	0.000475798	0.00046177	0.000419642	0.000391665	0.000565663	0.00175894	0.00708404	0.0262624	0.0828634	0.217426	0.468308	
0.887687	1.26471	1.56845	1.77685	1.85805	1.76999	1.52311	1.12663	0.617795	0.0456918	-0.530146	-1.04941	-1.45947	-1.71734	-1.79996	-1.72083	-1.52697	-1.2746	-1.08631	-1.01069	-0.99978	-1.02928	-1.14769	-1.3756	-1.61608	-1.76793	-1.78967	-1.63326	-1.31236	-0.851566	-0.303152	0.278698	0.830678	1.30316	1.63618	1.8279	1.8459	1.704	1.45824	1.12101	0.735144	0.40201	0.192206	0.103912	0.100066	0.147458	0.225826	0.322545	0.428313	0.536074	0.640815	0.739273	0.829596	0.910514	0.98093	1.04037	1.08851	1.12496	1.14898	1.1602	1.15896	1.14521	1.11867	1.07983	1.02941	0.967738	0.895156	0.812249	0.720182	0.620284	0.51462	0.406762	0.30193	0.206844	0.128354	0.0708854	0.0343497	0.0144668	0.00527013	0.00165959	0.000453867	0.000111063	3.04327e-05	1.95934e-05	2.69522e-05	4.01802e-05	5.54005e-05	6.97136e-05	8.02115e-05	8.46727e-05	8.30788e-05	8.30489e-05	0.000129112	0.000448081	0.00204886	0.00869633	0.0317481	0.0975176	0.248398	0.519006	
0.932163	1.30632	1.60037	1.7949	1.85579	1.74062	1.46252	1.0418	0.50841	-0.0806625	-0.659114	-1.17171	-1.54511	-1.75839	-1.77285	-1.62009	-1.37048	-1.08631	-0.914573	-0.885617	-0.892499	-0.886969	-0.961458	-1.19587	-1.48061	-1.69378	-1.79438	-1.69157	-1.41738	-0.976471	-0.436042	0.161419	0.726832	1.23021	1.59015	1.80666	1.85294	1.72927	1.49466	1.16662	0.783427	0.448166	0.242633	0.173788	0.203754	0.290997	0.405773	0.5302	0.654972	0.775699	0.890091	0.996688	1.09431	1.18124	1.25658	1.31984	1.37068	1.40815	1.43227	1.44361	1.44236	1.42852	1.40177	1.36159	1.30817	1.24246	1.16473	1.07556	0.975991	0.867751	0.751938	0.630131	0.504687	0.379809	0.262833	0.163422	0.0894465	0.0424642	0.0173422	0.00607682	0.00182994	0.000475894	0.00010827	2.32445e-05	7.41298e-06	6.47104e-06	8.44382e-06	1.07268e-05	1.24842e-05	1.34065e-05	1.45457e-05	2.45636e-05	9.51754e-05	0.0004932	0.00239196	0.0100801	0.0361633	0.108901	0.271682	0.555878	
0.957387	1.32939	1.61773	1.80425	1.85254	1.7214	1.42802	0.990695	0.442933	-0.150327	-0.734107	-1.2332	-1.59357	-1.76442	-1.74545	-1.53742	-1.26342	-1.01069	-0.885617	-0.937526	-0.977266	-0.905836	-0.911296	-1.10482	-1.37329	-1.63496	-1.77989	-1.71555	-1.47354	-1.04384	-0.509842	0.0928682	0.6687	1.18514	1.56267	1.79338	1.85499	1.74293	1.51623	1.19686	0.823495	0.502634	0.322684	0.291023	0.360933	0.480515	0.616718	0.755443	0.892123	1.02417	1.14885	1.26363	1.36625	1.45485	1.52992	1.59097	1.63852	1.67233	1.69419	1.70538	1.70416	1.69071	1.6666	1.63011	1.57982	1.51599	1.43818	1.34679	1.24154	1.1246	0.998232	0.864955	0.727329	0.586988	0.446075	0.310766	0.19284	0.104093	0.0481591	0.0189788	0.00637164	0.0018298	0.000452378	9.7154e-05	1.86027e-05	3.75532e-06	1.55528e-06	1.5184e-06	1.74916e-06	2.08076e-06	3.85249e-06	1.66705e-05	9.77205e-05	0.000540436	0.00262221	0.0109536	0.038884	0.115778	0.28547	0.577256	
0.963213	1.33464	1.62174	1.80645	1.85107	1.71588	1.42115	0.979681	0.427015	-0.164967	-0.752078	-1.2445	-1.60592	-1.76267	-1.7395	-1.51348	-1.23623	-0.99978	-0.892499	-0.977266	-1.02941	-0.928993	-0.909632	-1.08838	-1.34418	-1.62143	-1.7755	-1.72041	-1.48657	-1.05782	-0.527001	0.0758042	0.655318	1.17184	1.55636	1.79173	1.85572	1.74711	1.52605	1.21789	0.865841	0.579231	0.442755	0.45219	0.550628	0.687206	0.837127	0.990709	1.14116	1.2825	1.41063	1.52373	1.62056	1.70208	1.76923	1.82268	1.86305	1.89271	1.91191	1.92117	1.92017	1.90886	1.88758	1.85584	1.81306	1.75687	1.68697	1.60245	1.50245	1.38616	1.25525	1.11159	0.959674	0.804614	0.649713	0.49541	0.345284	0.212322	0.112169	0.0502101	0.0189788	0.00607676	0.00165901	0.000389297	7.92101e-05	1.41523e-05	2.33321e-06	4.85078e-07	2.77771e-07	4.96777e-07	2.38171e-06	1.5759e-05	9.91758e-05	0.000552563	0.00267843	0.0111643	0.0395351	0.117413	0.288723	0.582255	
0.94966	1.32226	1.61231	1.80151	1.85395	1.72723	1.43801	1.007	0.463434	-0.129014	-0.70894	-1.21502	-1.57941	-1.76573	-1.75586	-1.56619	-1.29902	-1.02928	-0.886969	-0.905836	-0.928993	-0.885639	-0.921239	-1.13151	-1.41062	-1.65501	-1.78691	-1.71012	-1.45693	-1.02242	-0.485812	0.11441	0.685928	1.19951	1.57142	1.79791	1.85616	1.74505	1.52937	1.23923	0.922943	0.685517	0.594895	0.633497	0.748946	0.902418	1.0705	1.23636	1.3898	1.5272	1.64749	1.75123	1.83771	1.90945	1.96547	2.00941	2.04066	2.06315	2.07674	2.08106	2.08059	2.07475	2.0593	2.03519	2.00166	1.95532	1.89643	1.82164	1.73194	1.62476	1.50109	1.36031	1.20357	1.03483	0.861698	0.691842	0.525458	0.363217	0.219126	0.112169	0.0481591	0.0173421	0.00526994	0.00136322	0.000303018	5.84176e-05	9.86214e-06	1.4857e-06	2.43919e-07	2.97145e-07	2.04794e-06	1.46168e-05	9.3256e-05	0.000522693	0.00254713	0.0106758	0.0380269	0.113629	0.281197	0.570683	
0.916741	1.2919	1.58927	1.78878	1.857	1.7514	1.48423	1.07175	0.5467	-0.0353404	-0.613643	-1.13203	-1.5174	-1.74758	-1.78617	-1.65959	-1.42899	-1.14769	-0.961458	-0.911296	-0.909632	-0.921239	-1.0163	-1.2573	-1.53369	-1.72288	-1.79718	-1.67354	-1.38386	-0.934498	-0.388913	0.20367	0.763395	1.25566	1.60711	1.81624	1.85615	1.73861	1.53327	1.27105	1.0006	0.812645	0.756892	0.81803	0.956393	1.12992	1.3054	1.46783	1.6145	1.7436	1.85379	1.94427	2.01507	2.06878	2.10722	2.13346	2.15062	2.15988	2.1661	2.16889	2.16851	2.16505	2.15836	2.14792	2.129	2.1007	2.05928	2.00244	1.92767	1.83339	1.71911	1.58655	1.43608	1.26942	1.08699	0.897205	0.71306	0.535514	0.363217	0.212322	0.104093	0.0424642	0.0144668	0.00415201	0.00101434	0.000213133	3.88955e-05	6.22316e-06	9.03461e-07	3.21624e-07	1.723e-06	1.24648e-05	8.04907e-05	0.000456531	0.00225271	0.00956808	0.0345651	0.104831	0.263451	0.542987	
0.864722	1.24267	1.55082	1.76628	1.8585	1.78342	1.5512	1.16953	0.674319	0.112087	-0.463795	-0.986236	-1.40681	-1.68683	-1.79778	-1.7586	-1.59319	-1.3756	-1.19587	-1.10482	-1.08838	-1.13151	-1.2573	-1.46509	-1.67101	-1.79072	-1.77369	-1.59414	-1.25288	-0.788015	-0.235383	0.34093	0.883098	1.34039	1.6596	1.84019	1.85476	1.73258	1.54487	1.31724	1.09095	0.941982	0.917265	1.01005	1.17172	1.34914	1.51986	1.67751	1.81582	1.92918	2.01898	2.08468	2.13117	2.15993	2.17654	2.18192	2.18216	2.17968	2.17606	2.17385	2.17403	2.17668	2.18031	2.18235	2.18148	2.17418	2.15525	2.1234	2.07315	2.00305	1.90843	1.79004	1.64724	1.48499	1.30794	1.1135	0.909311	0.71306	0.525458	0.345284	0.19284	0.0894465	0.0343497	0.0109979	0.00296751	0.000682566	0.000135304	2.33473e-05	3.55465e-06	6.31554e-07	1.36048e-06	9.67557e-06	6.35632e-05	0.000367296	0.00184851	0.00801763	0.0296158	0.0919574	0.236832	0.500347	
0.794328	1.17372	1.49454	1.72984	1.85477	1.81818	1.62861	1.29599	0.836817	0.306493	-0.253433	-0.779849	-1.23369	-1.56588	-1.75674	-1.81201	-1.74651	-1.61608	-1.48061	-1.37329	-1.34418	-1.41062	-1.53369	-1.67101	-1.78488	-1.80502	-1.69787	-1.44954	-1.06442	-0.576025	-0.0302063	0.524646	1.03197	1.44695	1.72467	1.86451	1.85176	1.73079	1.56626	1.37109	1.17869	1.06469	1.08084	1.20547	1.37354	1.54945	1.71783	1.86219	1.97774	2.06578	2.12844	2.16655	2.18405	2.18449	2.17228	2.15344	2.13095	2.11039	2.09531	2.08679	2.08773	2.09783	2.11412	2.13548	2.15764	2.17537	2.18564	2.18197	2.1609	2.11789	2.05049	1.95674	1.83565	1.68472	1.50949	1.32048	1.1135	0.897205	0.691842	0.49541	0.310766	0.163422	0.0708854	0.025409	0.00760044	0.0019202	0.000414691	7.7407e-05	1.26235e-05	1.91503e-06	1.12552e-06	6.8203e-06	4.5757e-05	0.000271208	0.00140215	0.00625748	0.0238242	0.0763823	0.203436	0.444769	
0.706956	1.08445	1.41887	1.67457	1.83623	1.85015	1.71141	1.43539	1.02775	0.542721	0.00765154	-0.514381	-0.98789	-1.36166	-1.629	-1.77009	-1.8065	-1.76793	-1.69378	-1.63496	-1.62143	-1.65501	-1.72288	-1.79072	-1.80502	-1.7262	-1.53782	-1.22398	-0.807665	-0.310045	0.225359	0.743337	1.20519	1.56406	1.78883	1.88581	1.84818	1.73318	1.59151	1.41962	1.25522	1.18481	1.24539	1.38736	1.55907	1.73491	1.88441	2.0051	2.09593	2.15529	2.18358	2.18541	2.16538	2.12986	2.0853	2.0361	1.99088	1.9518	1.92428	1.91171	1.91306	1.92862	1.95884	1.9995	2.04581	2.09482	2.13781	2.17103	2.187	2.18034	2.14582	2.08044	1.98275	1.8564	1.69754	1.50949	1.30794	1.08699	0.861698	0.649713	0.446075	0.262833	0.128354	0.051534	0.0171189	0.00476021	0.00112217	0.000226996	3.98377e-05	6.18458e-06	1.38143e-06	4.40239e-06	2.9885e-05	0.000182877	0.000978127	0.00452482	0.0178961	0.0597402	0.166021	0.379233	
0.605311	0.974329	1.32191	1.59837	1.79602	1.86612	1.78587	1.57805	1.23556	0.803131	0.311038	-0.189348	-0.663749	-1.0729	-1.39359	-1.61259	-1.73744	-1.78967	-1.79438	-1.77989	-1.7755	-1.78691	-1.79718	-1.77369	-1.69787	-1.53782	-1.27597	-0.920951	-0.47812	0.00767984	0.512549	0.984123	1.38685	1.68041	1.84832	1.89898	1.83936	1.73467	1.61002	1.45326	1.3224	1.30411	1.39979	1.55348	1.72953	1.88749	2.0154	2.11215	2.16706	2.18688	2.17552	2.13572	2.0765	2.00159	1.92026	1.83929	1.76464	1.7044	1.66165	1.63946	1.64198	1.6687	1.71509	1.77861	1.85525	1.93665	2.0176	2.08986	2.14553	2.17991	2.18561	2.15861	2.09627	1.99099	1.8564	1.68472	1.48499	1.26942	1.03483	0.804614	0.586988	0.379809	0.206844	0.0926896	0.0341632	0.0104574	0.00269246	0.000590589	0.000111674	1.84266e-05	2.96486e-06	2.78249e-06	1.76254e-05	0.000111911	0.000623464	0.00301118	0.0124663	0.0436824	0.127781	0.307878	
0.494117	0.844358	1.20145	1.49853	1.72815	1.85694	1.84277	1.7049	1.44003	1.0745	0.644123	0.176828	-0.283199	-0.698725	-1.05386	-1.32283	-1.51654	-1.63326	-1.69157	-1.71555	-1.72041	-1.71012	-1.67354	-1.59414	-1.44954	-1.22398	-0.920951	-0.538764	-0.102091	0.364752	0.824439	1.22923	1.56407	1.78244	1.89019	1.89578	1.82111	1.7276	1.61149	1.47023	1.38463	1.41786	1.53985	1.70518	1.87281	2.00929	2.11355	2.16936	2.18869	2.16618	2.10974	2.02359	1.91611	1.79831	1.6767	1.55987	1.45802	1.37472	1.31767	1.29113	1.29407	1.32672	1.38947	1.47704	1.58228	1.70115	1.8225	1.93869	2.04231	2.12359	2.1736	2.18795	2.1614	2.09627	1.98275	1.83565	1.64724	1.43608	1.20357	0.959674	0.727329	0.504687	0.30193	0.149825	0.0610295	0.0205221	0.00576407	0.00137001	0.000279	4.9245e-05	7.74756e-06	2.2691e-06	9.39732e-06	6.17134e-05	0.000360347	0.00182941	0.00798559	0.029602	0.0919232	0.235811	
0.380273	0.698294	1.05611	1.37305	1.62961	1.81113	1.86767	1.80411	1.62554	1.3371	0.975766	0.565286	0.148406	-0.258793	-0.617596	-0.917187	-1.14994	-1.31236	-1.41738	-1.47354	-1.48657	-1.45693	-1.38386	-1.25288	-1.06442	-0.807665	-0.478121	-0.102092	0.317005	0.731211	1.12867	1.46355	1.7155	1.85635	1.9068	1.86971	1.78752	1.70279	1.59033	1.47433	1.44364	1.52274	1.66754	1.83791	1.98719	2.10063	2.16784	2.18889	2.16128	2.09073	1.98436	1.85017	1.69568	1.52994	1.36673	1.2132	1.07789	0.971284	0.898015	0.861116	0.865307	0.909938	0.990002	1.10294	1.24293	1.3989	1.56323	1.72708	1.87898	2.00869	2.10728	2.17141	2.18795	2.15861	2.08044	1.95674	1.79004	1.58655	1.36031	1.11159	0.864955	0.630131	0.406762	0.220988	0.0988044	0.0363395	0.0111008	0.00285249	0.00062451	0.000117879	1.94446e-05	3.35387e-06	4.70797e-06	3.04619e-05	0.000187293	0.00100554	0.00465859	0.0184018	0.0611485	0.168525	
0.272229	0.543845	0.88732	1.21947	1.4988	1.7236	1.85005	1.85948	1.76871	1.56623	1.29358	0.951	0.585557	0.216901	-0.123382	-0.424227	-0.668763	-0.851566	-0.976471	-1.04384	-1.05782	-1.02242	-0.934498	-0.788015	-0.576026	-0.310046	0.00767603	0.364742	0.731193	1.09534	1.41128	1.65983	1.82618	1.89311	1.88609	1.81398	1.7334	1.6531	1.54694	1.47181	1.50108	1.62013	1.78273	1.94687	2.07427	2.159	2.187	2.16461	2.08889	1.97062	1.81025	1.62263	1.41775	1.20587	0.998058	0.80649	0.642837	0.51151	0.420853	0.377497	0.382324	0.435372	0.534786	0.673197	0.842959	1.03867	1.24752	1.45982	1.66284	1.84407	1.99862	2.10728	2.1736	2.18561	2.14582	2.05049	1.90843	1.71911	1.50109	1.25525	0.998232	0.751938	0.51462	0.302059	0.146902	0.0587223	0.0194171	0.00537385	0.00126088	0.000253885	4.43769e-05	7.00585e-06	2.72219e-06	1.34299e-05	8.68378e-05	0.00049541	0.00244942	0.0103742	0.0371528	0.11092	
0.178416	0.392355	0.701642	1.0379	1.33564	1.58979	1.77996	1.86173	1.85447	1.74814	1.55118	1.30421	1.0075	0.699365	0.394567	0.117784	-0.116286	-0.303152	-0.436042	-0.509842	-0.527001	-0.485812	-0.388913	-0.235383	-0.030209	0.22535	0.512523	0.824372	1.12852	1.41106	1.63647	1.80791	1.8788	1.87977	1.82004	1.72754	1.65422	1.57493	1.48808	1.47088	1.55953	1.71094	1.88319	2.03312	2.13569	2.18509	2.17329	2.10497	1.97965	1.80602	1.59642	1.35438	1.09835	0.838228	0.587696	0.358794	0.160946	0.00656572	-0.0956338	-0.145334	-0.139739	-0.0792757	0.0334249	0.197499	0.402393	0.635855	0.890212	1.15086	1.40388	1.6413	1.84407	2.00869	2.12359	2.17991	2.18034	2.11789	2.00305	1.83339	1.62476	1.38616	1.1246	0.867751	0.620284	0.388055	0.203202	0.0876061	0.0311654	0.00924279	0.00231406	0.000495182	9.16068e-05	1.48711e-05	2.76464e-06	5.41513e-06	3.56784e-05	0.000216915	0.00114909	0.00524265	0.020347	0.066255	
0.105202	0.257105	0.511529	0.832	1.14337	1.41392	1.64831	1.80414	1.86363	1.8538	1.75422	1.58666	1.37205	1.13288	0.885666	0.653683	0.445998	0.278698	0.161419	0.0928682	0.0758041	0.11441	0.203669	0.340925	0.524628	0.74328	0.983966	1.22884	1.46273	1.65836	1.80602	1.8714	1.86665	1.81171	1.70525	1.61163	1.5456	1.47175	1.42669	1.47954	1.62061	1.79548	1.96754	2.09627	2.17175	2.18388	2.13007	2.01376	1.84025	1.61353	1.34829	1.0563	0.749099	0.443346	0.151382	-0.114843	-0.3399	-0.517522	-0.641783	-0.703904	-0.696908	-0.621568	-0.485959	-0.298633	-0.064597	0.208169	0.503701	0.811143	1.11627	1.40388	1.66284	1.87898	2.04231	2.14553	2.187	2.1609	2.07315	1.92767	1.73194	1.50245	1.24154	0.975991	0.720182	0.474199	0.264574	0.121997	0.0463688	0.0146482	0.00389261	0.00088103	0.000171822	2.91978e-05	4.56455e-06	2.32583e-06	1.296e-05	8.38246e-05	0.000476832	0.00234992	0.00991755	0.0353815	
0.0548879	0.14991	0.335451	0.612011	0.923522	1.20757	1.45886	1.67389	1.80816	1.86284	1.85557	1.78211	1.6562	1.49324	1.31293	1.13332	0.967895	0.830678	0.726832	0.6687	0.655318	0.685926	0.763386	0.883064	1.03186	1.20487	1.38604	1.56223	1.71178	1.81954	1.86878	1.85584	1.79388	1.67417	1.54878	1.4684	1.40663	1.35731	1.37857	1.50294	1.68407	1.87142	2.03419	2.14055	2.18621	2.15988	2.06583	1.90061	1.67809	1.40121	1.08459	0.741331	0.385782	0.0364696	-0.296038	-0.592678	-0.846269	-1.04534	-1.17698	-1.23807	-1.23135	-1.15626	-1.01056	-0.799559	-0.536805	-0.232143	0.106261	0.456752	0.811143	1.15086	1.45982	1.72708	1.93869	2.08986	2.17103	2.18197	2.1234	2.00244	1.82164	1.60245	1.34679	1.07556	0.812249	0.5566	0.327516	0.160137	0.0645516	0.0215805	0.00605111	0.00144075	0.000294743	5.23705e-05	8.21569e-06	1.64528e-06	4.23069e-06	2.8462e-05	0.0001739	0.000926476	0.00425687	0.0166682	
0.0250018	0.0763915	0.193148	0.400357	0.681154	0.974195	1.23535	1.4695	1.66726	1.79674	1.85854	1.86297	1.81946	1.73766	1.63219	1.51489	1.40232	1.30316	1.23021	1.18514	1.17184	1.1995	1.25561	1.3402	1.44638	1.56254	1.67683	1.77492	1.84219	1.86916	1.84378	1.76591	1.63281	1.48043	1.36681	1.29423	1.24787	1.25476	1.35628	1.54099	1.74715	1.93738	2.08504	2.16687	2.18237	2.11951	1.98422	1.77573	1.5038	1.17949	0.814227	0.425056	0.0263671	-0.365535	-0.73075	-1.06014	-1.33946	-1.55298	-1.69698	-1.76777	-1.75985	-1.67383	-1.51569	-1.28875	-0.997668	-0.660015	-0.288998	0.106261	0.503701	0.890212	1.24752	1.56323	1.8225	2.0176	2.13781	2.18564	2.15525	2.05928	1.89643	1.68697	1.43818	1.16473	0.895156	0.632499	0.388751	0.199823	0.0847812	0.0297908	0.00875892	0.00218112	0.000465517	8.60906e-05	1.39443e-05	2.12563e-06	1.39177e-06	8.48765e-06	5.55279e-05	0.000319535	0.00159698	0.00685779	
0.00985693	0.0335968	0.095847	0.226476	0.440925	0.712725	0.98578	1.22864	1.44495	1.62821	1.76124	1.83917	1.86744	1.85586	1.81594	1.75915	1.6969	1.63618	1.59015	1.56266	1.55634	1.57134	1.60681	1.65867	1.72211	1.78259	1.83488	1.86432	1.86191	1.81537	1.71881	1.57582	1.40927	1.2615	1.15443	1.09458	1.09861	1.18641	1.36268	1.58853	1.80565	1.99076	2.12105	2.18067	2.1658	2.06915	1.89562	1.64558	1.33104	0.961008	0.551774	0.120382	-0.318784	-0.743352	-1.14072	-1.49484	-1.79023	-2.0241	-2.18939	-2.27196	-2.26273	-2.1626	-1.98231	-1.73612	-1.42877	-1.06356	-0.660015	-0.232143	0.208169	0.635855	1.03867	1.3989	1.70115	1.93665	2.09482	2.17537	2.17418	2.1007	1.95532	1.75687	1.51599	1.24246	0.967738	0.699888	0.445499	0.238749	0.105806	0.0388031	0.011885	0.00307656	0.000681147	0.000130415	2.18115e-05	3.24459e-06	6.9854e-07	2.25247e-06	1.55075e-05	9.61675e-05	0.000521547	0.00244945	
0.00335085	0.0126722	0.0405643	0.108814	0.242833	0.450682	0.704832	0.958962	1.18682	1.38654	1.55656	1.69055	1.78426	1.83955	1.86227	1.86192	1.84797	1.8279	1.80665	1.79335	1.79162	1.7975	1.81488	1.83628	1.85469	1.86415	1.85664	1.82165	1.75206	1.64285	1.49802	1.32928	1.15823	1.0098	0.914455	0.905404	0.991628	1.15964	1.38991	1.63748	1.85624	2.03333	2.14557	2.18315	2.14219	2.01418	1.80663	1.51981	1.16679	0.757888	0.310278	-0.159655	-0.630036	-1.08724	-1.50905	-1.8776	-2.19023	-2.43668	-2.6007	-2.67717	-2.66877	-2.575	-2.39359	-2.13238	-1.80839	-1.42877	-0.997668	-0.536805	-0.064597	0.402393	0.842959	1.24293	1.58228	1.85525	2.04581	2.15764	2.18148	2.129	2.00166	1.81306	1.57982	1.30817	1.02941	0.757433	0.495534	0.274733	0.126226	0.0479731	0.0152056	0.0040661	0.000928346	0.000182999	3.14606e-05	4.76534e-06	6.98175e-07	5.79989e-07	3.79636e-06	2.52604e-05	0.000148156	0.000757957	
0.00098251	0.00409545	0.0145975	0.0440923	0.112032	0.238647	0.428147	0.657891	0.892161	1.10664	1.29373	1.45256	1.58231	1.6825	1.75431	1.80135	1.8296	1.84589	1.85291	1.85485	1.85519	1.85436	1.85076	1.84075	1.82009	1.78536	1.72883	1.64611	1.53435	1.39406	1.22896	1.04742	0.869403	0.734157	0.692762	0.769118	0.938086	1.16446	1.42594	1.68168	1.89644	2.06385	2.16107	2.18022	2.11502	1.96249	1.72419	1.40808	1.02063	0.581638	0.0989383	-0.39881	-0.899119	-1.38221	-1.81972	-2.20524	-2.52835	-2.77151	-2.92935	-3.00392	-2.99557	-2.90446	-2.72983	-2.46975	-2.13238	-1.73612	-1.28875	-0.799559	-0.298633	0.197499	0.673197	1.10294	1.47704	1.77861	1.9995	2.13548	2.18235	2.14792	2.03519	1.85584	1.63011	1.36159	1.07983	0.80436	0.537218	0.305878	0.144641	0.0565702	0.0184311	0.00505907	0.00118396	0.00023892	4.19994e-05	6.49103e-06	8.99911e-07	2.09811e-07	8.24169e-07	5.80436e-06	3.66705e-05	0.00020342	
0.000249258	0.00113735	0.00447693	0.015082	0.0431862	0.104662	0.214847	0.376827	0.575194	0.784393	0.982936	1.1595	1.31031	1.43495	1.53444	1.6104	1.66553	1.70397	1.72913	1.74233	1.74494	1.73828	1.72042	1.69035	1.6457	1.58272	1.49755	1.3883	1.25353	1.09382	0.913599	0.727989	0.570997	0.493842	0.537985	0.69744	0.924649	1.18401	1.4599	1.71591	1.92618	2.08592	2.16873	2.17418	2.09011	1.91669	1.65628	1.3148	0.902968	0.437411	-0.0694994	-0.591146	-1.11388	-1.61272	-2.07007	-2.46712	-2.78769	-3.03713	-3.21906	-3.31495	-3.30385	-3.18863	-2.99247	-2.72983	-2.39359	-1.98231	-1.51569	-1.01056	-0.485959	0.0334249	0.534786	0.990002	1.38947	1.71509	1.95884	2.11412	2.18031	2.15836	2.0593	1.88758	1.6666	1.40177	1.11867	0.840351	0.569488	0.330674	0.159792	0.063867	0.0212468	0.00594818	0.00141823	0.000291296	5.20755e-05	8.17789e-06	1.13914e-06	1.5904e-07	1.69098e-07	1.17187e-06	7.93571e-06	4.75061e-05	
5.4979e-05	0.000272811	0.00117656	0.00437923	0.0139796	0.0381065	0.088615	0.176599	0.305103	0.465403	0.64096	0.815059	0.97579	1.11664	1.23505	1.33075	1.40451	1.4581	1.49403	1.51387	1.51833	1.50781	1.48169	1.43893	1.37756	1.29516	1.19046	1.06302	0.91411	0.748698	0.578756	0.427903	0.333175	0.335993	0.456802	0.671482	0.929583	1.20408	1.48504	1.73859	1.94549	2.09996	2.1735	2.16855	2.07107	1.88404	1.60624	1.24948	0.818425	0.335655	-0.186665	-0.730445	-1.26069	-1.7752	-2.25261	-2.64648	-2.96388	-3.24149	-3.47063	-3.59883	-3.58383	-3.43094	-3.18863	-2.90446	-2.575	-2.1626	-1.67383	-1.15626	-0.621568	-0.0792757	0.435372	0.909938	1.32672	1.6687	1.92862	2.09783	2.17668	2.16505	2.07475	1.90886	1.69071	1.42852	1.14521	0.865061	0.591721	0.348053	0.170663	0.0692251	0.0233579	0.00662725	0.00160016	0.000332601	6.01385e-05	9.54764e-06	1.34218e-06	1.71015e-07	4.45414e-08	2.09997e-07	1.50837e-06	9.69901e-06	
1.06041e-05	5.68749e-05	0.000266807	0.00108781	0.00383265	0.0116187	0.0302525	0.0678069	0.131806	0.225102	0.343614	0.477789	0.616299	0.74922	0.869435	0.972645	1.05661	1.12042	1.16427	1.18884	1.19453	1.18134	1.14916	1.09737	1.02547	0.933621	0.823259	0.69736	0.561579	0.425273	0.302834	0.215194	0.19015	0.256146	0.423379	0.665209	0.936169	1.21611	1.49814	1.75088	1.9568	2.10558	2.17506	2.16585	2.05867	1.86777	1.57705	1.21604	0.770804	0.282446	-0.250138	-0.806399	-1.33622	-1.86487	-2.35294	-2.7383	-3.05768	-3.36398	-3.63037	-3.78121	-3.76357	-3.58383	-3.30385	-2.99557	-2.66877	-2.26273	-1.75985	-1.23135	-0.696908	-0.139739	0.382324	0.865307	1.29407	1.64198	1.91306	2.08773	2.17403	2.16851	2.08059	1.92017	1.70416	1.44236	1.15896	0.878086	0.603508	0.357346	0.176554	0.0721706	0.0245339	0.00700993	0.00170374	0.000356336	6.48126e-05	1.03486e-05	1.46264e-06	1.8472e-07	2.4651e-08	3.49031e-08	2.53209e-07	1.74039e-06	
1.79928e-06	1.03746e-05	5.25989e-05	0.000233135	0.00089857	0.00299897	0.00864735	0.0215588	0.046698	0.0887095	0.149763	0.228236	0.319089	0.415442	0.510288	0.597637	0.672951	0.733037	0.775853	0.80034	0.806034	0.792807	0.760912	0.711012	0.644524	0.563936	0.472961	0.376783	0.282158	0.197291	0.132213	0.100624	0.122652	0.222048	0.409069	0.660621	0.935553	1.21684	1.49916	1.75202	1.95807	2.10609	2.1751	2.1656	2.05732	1.86625	1.57415	1.21293	0.766205	0.277523	-0.256135	-0.813357	-1.34297	-1.87324	-2.36214	-2.74642	-3.06628	-3.37584	-3.64607	-3.79912	-3.78121	-3.59883	-3.31495	-3.00392	-2.67717	-2.27196	-1.76777	-1.23807	-0.703904	-0.145334	0.377497	0.861116	1.29113	1.63946	1.91171	2.08679	2.17385	2.16889	2.08106	1.92117	1.70538	1.44361	1.1602	0.879272	0.604584	0.358198	0.177097	0.072444	0.0246436	0.00704579	0.00171348	0.000358576	6.5255e-05	1.04246e-05	1.47411e-06	1.85914e-07	2.15362e-08	6.74438e-09	3.78602e-08	2.7602e-07	
2.70204e-07	1.66681e-06	9.08183e-06	4.34727e-05	0.000181902	0.00066256	0.0020953	0.00575175	0.0137467	0.0287987	0.0534305	0.0889211	0.134606	0.187896	0.244886	0.301174	0.352568	0.395494	0.427173	0.445698	0.450034	0.439947	0.415984	0.379525	0.332825	0.279	0.221908	0.165948	0.115668	0.0755774	0.0510656	0.0515654	0.0948742	0.205349	0.396516	0.649223	0.924325	1.20526	1.48806	1.74177	1.94854	2.10175	2.17404	2.16784	2.06793	1.87953	1.59852	1.24027	0.805667	0.321063	-0.20388	-0.751131	-1.2815	-1.79929	-2.27963	-2.67158	-2.9891	-3.27355	-3.51206	-3.64607	-3.63037	-3.47063	-3.21906	-2.92935	-2.6007	-2.18939	-1.69698	-1.17698	-0.641783	-0.0956338	0.420853	0.898015	1.31767	1.66165	1.92428	2.09531	2.17606	2.1661	2.07674	1.91191	1.69419	1.43227	1.14898	0.868605	0.594923	0.350577	0.17226	0.0700211	0.0236747	0.00673004	0.00162791	0.000338945	6.13849e-05	9.76071e-06	1.37394e-06	1.72461e-07	1.94869e-08	2.55194e-09	5.18204e-09	3.89151e-08	
3.61218e-08	2.37371e-07	1.3831e-06	7.10945e-06	3.20838e-05	0.000126594	0.00043547	0.00130465	0.00340984	0.00781194	0.0158127	0.0285759	0.0466553	0.0696639	0.0962369	0.124265	0.151275	0.174813	0.192741	0.203442	0.205967	0.200095	0.186342	0.165938	0.140727	0.113004	0.0852818	0.0599812	0.0391788	0.0248013	0.0200818	0.0331616	0.0816539	0.191203	0.378506	0.628133	0.901681	1.1809	1.46372	1.72088	1.93069	2.08935	2.16998	2.17304	2.08593	1.90902	1.64484	1.29933	0.883404	0.413374	-0.097042	-0.623571	-1.14899	-1.65074	-2.11257	-2.50998	-2.8293	-3.08292	-3.27355	-3.37584	-3.36398	-3.24149	-3.03713	-2.77151	-2.43668	-2.0241	-1.55298	-1.04534	-0.517522	0.00656572	0.51151	0.971284	1.37472	1.7044	1.9518	2.11039	2.17968	2.15988	2.06315	1.89271	1.67233	1.40815	1.12496	0.846194	0.574751	0.334774	0.162341	0.0651153	0.0217355	0.00610452	0.00145991	0.000300712	5.39052e-05	8.48719e-06	1.18327e-06	1.47133e-07	1.64275e-08	1.71933e-09	7.46166e-10	4.91108e-09	
