-0.316705	-0.0232802	0.31531	0.6995	1.1206	1.53656	1.91525	2.24248	2.47707	2.61384	2.64603	2.54986	2.34568	2.06482	1.71009	1.30561	0.917824	0.613533	0.417274	0.313575	0.274293	0.278433	0.312251	0.371002	0.451584	0.551142	0.66787	0.798814	0.936734	1.07681	1.21297	1.33766	1.44064	1.51102	1.53945	1.51788	1.44397	1.32682	1.17551	0.985978	0.758022	0.518278	0.309527	0.160464	0.0723028	0.0284655	0.00986969	0.00305977	0.000898734	0.000325245	0.000237174	0.000293688	0.000402492	0.000543745	0.000734448	0.001087	0.00205843	0.00519591	0.0149335	0.0418359	0.105966	0.235032	0.449442	0.735989	1.03639	1.28143	1.44289	1.52392	1.50483	1.36455	1.13003	0.824557	0.458174	0.078129	-0.288562	-0.619849	-0.881322	-1.06394	-1.15913	-1.18087	-1.13057	-1.041	-0.92254	-0.810672	-0.710627	-0.640346	-0.589799	-0.554083	-0.535145	-0.52966	-0.532414	-0.548471	-0.580545	-0.622828	-0.680169	-0.746883	-0.798309	-0.806209	-0.728371	-0.562737	
-0.0232802	0.303809	0.677285	1.06671	1.44863	1.78824	2.07923	2.30156	2.42561	2.45713	2.37954	2.18305	1.90252	1.56021	1.15903	0.737876	0.365106	0.0941976	-0.0715114	-0.155374	-0.184102	-0.175837	-0.138726	-0.0774348	0.00845779	0.118013	0.247944	0.399568	0.567585	0.744661	0.923488	1.09593	1.25353	1.38585	1.48318	1.53625	1.53148	1.46092	1.33887	1.18092	0.981466	0.740551	0.491785	0.282986	0.140658	0.0606408	0.0228845	0.00772344	0.00253337	0.00110009	0.000926646	0.0011638	0.00155637	0.00202768	0.00255303	0.00316459	0.00409838	0.0062838	0.0126337	0.0306979	0.0763202	0.174775	0.351811	0.610474	0.909751	1.17992	1.37578	1.49628	1.53357	1.45781	1.27787	1.0243	0.70089	0.340093	-0.0212207	-0.3669	-0.662034	-0.904371	-1.06701	-1.15762	-1.1813	-1.14953	-1.08395	-1.00119	-0.915398	-0.840254	-0.77948	-0.739858	-0.713125	-0.701259	-0.711311	-0.73165	-0.7661	-0.8155	-0.864396	-0.898845	-0.877391	-0.780559	-0.588237	-0.328266	
0.31531	0.677285	1.04913	1.39767	1.70961	1.9631	2.16096	2.2701	2.28094	2.20078	2.01304	1.7308	1.39417	1.0091	0.585256	0.173452	-0.159312	-0.38364	-0.513749	-0.577093	-0.596328	-0.588033	-0.553413	-0.497535	-0.418205	-0.312907	-0.182346	-0.0282887	0.151817	0.352004	0.566534	0.784664	0.99546	1.18617	1.34397	1.46006	1.53033	1.53641	1.46465	1.33572	1.16815	0.953799	0.698343	0.445475	0.24478	0.11598	0.0478805	0.0177605	0.00663975	0.00349006	0.00328934	0.00413829	0.00540166	0.00685715	0.00839179	0.00993514	0.0115298	0.0136315	0.0179688	0.0295263	0.0599055	0.130248	0.26775	0.488522	0.772199	1.05802	1.28643	1.44274	1.52982	1.52118	1.40323	1.20564	0.937428	0.611581	0.270873	-0.0776111	-0.39678	-0.665307	-0.88874	-1.04048	-1.13924	-1.17557	-1.1727	-1.13572	-1.08773	-1.03483	-0.986997	-0.951211	-0.927	-0.917361	-0.92335	-0.942606	-0.968997	-1.00037	-1.00801	-0.968088	-0.850719	-0.635225	-0.347891	-0.019452	
0.6995	1.06671	1.39767	1.6832	1.90668	2.06913	2.15422	2.13875	2.03917	1.8563	1.58129	1.24595	0.876685	0.46741	0.046659	-0.325626	-0.597028	-0.76822	-0.860304	-0.903183	-0.915817	-0.907817	-0.883181	-0.838488	-0.774207	-0.687435	-0.570525	-0.426868	-0.253087	-0.0520588	0.173996	0.417872	0.669819	0.915235	1.13929	1.32064	1.44915	1.5286	1.53509	1.45528	1.31731	1.13587	0.901572	0.632861	0.38389	0.200297	0.090935	0.037523	0.0163226	0.0103058	0.0105049	0.0130987	0.0166537	0.0206055	0.0246408	0.0285134	0.0320491	0.0353177	0.0391642	0.0465614	0.0653041	0.111529	0.210276	0.385598	0.637409	0.923187	1.1781	1.36709	1.49421	1.54784	1.49823	1.35919	1.1537	0.876799	0.565883	0.24643	-0.0830812	-0.376856	-0.632087	-0.837054	-0.988348	-1.09044	-1.14814	-1.17081	-1.16911	-1.15025	-1.1306	-1.11004	-1.0967	-1.09275	-1.09211	-1.10103	-1.10853	-1.09481	-1.04134	-0.90746	-0.678749	-0.363216	-0.0119828	0.343652	
1.1206	1.44863	1.70961	1.90668	2.03707	2.08926	2.04712	1.92498	1.73404	1.46599	1.12818	0.764268	0.374776	-0.0331075	-0.416206	-0.717348	-0.916907	-1.02927	-1.08379	-1.10683	-1.11357	-1.10803	-1.09694	-1.07198	-1.03224	-0.972121	-0.887784	-0.770413	-0.618192	-0.428904	-0.206658	0.0439834	0.314339	0.592979	0.863744	1.11669	1.3156	1.45232	1.53279	1.52702	1.43295	1.28285	1.08123	0.824163	0.548873	0.31539	0.158367	0.0737224	0.0378463	0.0279842	0.0298876	0.0366196	0.0452506	0.0545133	0.0636964	0.0722574	0.0797491	0.0859005	0.0909204	0.096333	0.106884	0.133748	0.197292	0.323685	0.528548	0.793034	1.0608	1.27831	1.43564	1.53763	1.55728	1.47978	1.33483	1.12605	0.853467	0.562839	0.263243	-0.0358857	-0.307733	-0.548899	-0.74525	-0.899167	-1.00796	-1.08324	-1.12866	-1.15374	-1.16263	-1.16391	-1.1645	-1.16238	-1.16113	-1.15321	-1.12829	-1.06422	-0.928416	-0.696813	-0.369608	0.00709786	0.389664	0.756479	
1.53656	1.78824	1.9631	2.06913	2.08926	2.01567	1.86983	1.65687	1.38091	1.04169	0.675947	0.309077	-0.0726839	-0.440984	-0.750681	-0.962782	-1.08215	-1.13588	-1.15548	-1.1602	-1.16132	-1.16364	-1.16398	-1.16463	-1.15809	-1.13481	-1.09187	-1.01852	-0.910797	-0.756805	-0.55996	-0.316993	-0.0431021	0.258764	0.55954	0.850823	1.12243	1.32821	1.46892	1.5389	1.50943	1.39783	1.23045	1.00238	0.726581	0.459208	0.256614	0.136497	0.0826146	0.0688674	0.075034	0.0897245	0.107549	0.126018	0.14378	0.159898	0.173638	0.184461	0.192169	0.197357	0.202606	0.2149	0.248926	0.328031	0.476047	0.696556	0.954437	1.19092	1.37182	1.50293	1.57926	1.56923	1.47704	1.33223	1.12817	0.873344	0.601957	0.324027	0.0556717	-0.192948	-0.413371	-0.601524	-0.752879	-0.870143	-0.955248	-1.01731	-1.0583	-1.08401	-1.09611	-1.10044	-1.09179	-1.06464	-1.0014	-0.875865	-0.657304	-0.338429	0.0553126	0.463531	0.849242	1.20898	
1.91525	2.07923	2.16096	2.15422	2.04712	1.86983	1.63023	1.33171	0.991567	0.622529	0.270793	-0.0841735	-0.428096	-0.728839	-0.937025	-1.0525	-1.09301	-1.0991	-1.08865	-1.07816	-1.07912	-1.08559	-1.10041	-1.12319	-1.14611	-1.16854	-1.17313	-1.15218	-1.09661	-0.994774	-0.84395	-0.637599	-0.381178	-0.0852758	0.246471	0.567512	0.879791	1.15546	1.35922	1.49555	1.53988	1.48149	1.35163	1.16093	0.907306	0.62952	0.393544	0.240321	0.168	0.151396	0.164816	0.191365	0.222194	0.253074	0.281867	0.307293	0.328469	0.344768	0.355839	0.361808	0.363919	0.366093	0.377707	0.416424	0.506556	0.666485	0.887059	1.12303	1.32244	1.46975	1.5757	1.62606	1.59449	1.49545	1.35221	1.16148	0.932775	0.685338	0.4336	0.191048	-0.0333948	-0.232841	-0.405255	-0.548075	-0.663301	-0.74947	-0.813663	-0.857923	-0.881556	-0.888483	-0.872123	-0.823655	-0.721058	-0.534549	-0.245901	0.138766	0.562258	0.966575	1.32932	1.65594	
2.24248	2.30156	2.2701	2.13875	1.92498	1.65687	1.33171	0.976347	0.601032	0.245826	-0.0863982	-0.407056	-0.680476	-0.874388	-0.972144	-0.996538	-0.981882	-0.946836	-0.919534	-0.90138	-0.896843	-0.907253	-0.934394	-0.972598	-1.02181	-1.07852	-1.13076	-1.17164	-1.17715	-1.14243	-1.04421	-0.891968	-0.666294	-0.396032	-0.0741733	0.275494	0.618265	0.944783	1.21182	1.40905	1.52579	1.53415	1.45162	1.3047	1.091	0.82873	0.579469	0.40206	0.313218	0.293866	0.314939	0.35393	0.397963	0.440812	0.479636	0.513054	0.540297	0.560899	0.574599	0.581397	0.581844	0.577907	0.574854	0.584133	0.625216	0.721134	0.883043	1.09126	1.29734	1.46016	1.57662	1.6565	1.68326	1.63867	1.53701	1.39663	1.22232	1.02193	0.806632	0.587749	0.374238	0.175861	-0.00188869	-0.154534	-0.283938	-0.387409	-0.465444	-0.520235	-0.552873	-0.558838	-0.535202	-0.464091	-0.321982	-0.0814178	0.265856	0.684981	1.10561	1.48192	1.80864	2.07628	
2.47707	2.42561	2.28094	2.03917	1.73404	1.38091	0.991567	0.601032	0.234726	-0.0850704	-0.383433	-0.627641	-0.801618	-0.876595	-0.884846	-0.842213	-0.791065	-0.74201	-0.708175	-0.690503	-0.681829	-0.694461	-0.722849	-0.764321	-0.827075	-0.904354	-0.992189	-1.07882	-1.14698	-1.1814	-1.15822	-1.06825	-0.903681	-0.65971	-0.36117	-0.0129499	0.350089	0.713228	1.03732	1.29315	1.47792	1.56193	1.54148	1.44803	1.28816	1.06429	0.823252	0.632398	0.527513	0.500816	0.523688	0.569364	0.621118	0.670755	0.714856	0.752106	0.781997	0.804322	0.819005	0.826069	0.825759	0.818955	0.808241	0.8	0.807081	0.849326	0.94675	1.10334	1.29285	1.46892	1.60027	1.68906	1.74318	1.75041	1.69954	1.59987	1.46584	1.30726	1.13294	0.951782	0.769852	0.592714	0.426827	0.278438	0.150948	0.0438766	-0.0395481	-0.0985844	-0.133304	-0.137891	-0.103845	-0.0107701	0.168104	0.454021	0.837326	1.25883	1.65034	1.98003	2.24675	2.423	
2.61384	2.45713	2.20078	1.8563	1.46599	1.04169	0.622529	0.245826	-0.0850704	-0.370759	-0.601109	-0.747889	-0.804029	-0.782466	-0.722554	-0.656059	-0.599445	-0.56099	-0.531154	-0.516732	-0.515812	-0.521817	-0.541485	-0.576942	-0.627766	-0.698732	-0.801563	-0.916425	-1.03774	-1.12974	-1.18092	-1.15916	-1.06193	-0.876905	-0.612779	-0.277602	0.0921792	0.47698	0.848746	1.16345	1.41482	1.58023	1.63727	1.60931	1.51222	1.34018	1.1214	0.922872	0.797476	0.753138	0.766492	0.808921	0.860397	0.910567	0.955114	0.992518	1.02234	1.0445	1.059	1.0659	1.0653	1.05757	1.04379	1.02706	1.01456	1.01977	1.06166	1.15654	1.30295	1.4725	1.62362	1.73133	1.79755	1.82897	1.8206	1.76741	1.67468	1.5527	1.41175	1.26209	1.11195	0.965411	0.825545	0.695976	0.582051	0.485466	0.408045	0.352516	0.321958	0.322162	0.367893	0.481522	0.691045	1.00788	1.40107	1.79949	2.14103	2.40813	2.59568	2.66869	
2.64603	2.37954	2.01304	1.58129	1.12818	0.675947	0.270793	-0.0863982	-0.383433	-0.601109	-0.729064	-0.757306	-0.713724	-0.635912	-0.563233	-0.5095	-0.472652	-0.449257	-0.437177	-0.430276	-0.428099	-0.432382	-0.439718	-0.458836	-0.487999	-0.536248	-0.612734	-0.726173	-0.867852	-1.01199	-1.12699	-1.18145	-1.15485	-1.02782	-0.813612	-0.511502	-0.145153	0.253307	0.663917	1.0389	1.36017	1.61086	1.75545	1.80009	1.7652	1.64429	1.44989	1.24332	1.09124	1.01953	1.01391	1.04603	1.09271	1.14068	1.18395	1.22036	1.24932	1.27076	1.28474	1.29134	1.29066	1.28281	1.26818	1.248	1.22568	1.20875	1.21049	1.24824	1.33494	1.46633	1.61572	1.74738	1.83927	1.88982	1.90419	1.88362	1.82893	1.74491	1.63912	1.52039	1.39809	1.27898	1.16631	1.06152	0.967165	0.886438	0.821191	0.774318	0.750805	0.759243	0.817524	0.951651	1.18683	1.5217	1.9072	2.2664	2.54798	2.74562	2.84507	2.81033	
2.54986	2.18305	1.7308	1.24595	0.764268	0.309077	-0.0841735	-0.407056	-0.627641	-0.747889	-0.757306	-0.69278	-0.594831	-0.512634	-0.461409	-0.442171	-0.430984	-0.42682	-0.421304	-0.419185	-0.422163	-0.42083	-0.422518	-0.429089	-0.437028	-0.449558	-0.487189	-0.565474	-0.696742	-0.856162	-1.01851	-1.1343	-1.18039	-1.12685	-0.964432	-0.700868	-0.348784	0.0586372	0.504024	0.94124	1.33661	1.67139	1.90125	2.01345	2.02949	1.94915	1.77572	1.56223	1.38376	1.28269	1.25535	1.27491	1.31508	1.35926	1.3996	1.43337	1.45995	1.47938	1.49192	1.49781	1.49716	1.49001	1.47637	1.45649	1.43151	1.40473	1.38333	1.37946	1.40827	1.48017	1.59071	1.7177	1.83182	1.9126	1.95406	1.95838	1.92951	1.87258	1.79449	1.70317	1.6071	1.51382	1.42774	1.35007	1.28069	1.22079	1.17226	1.13815	1.12453	1.14331	1.21527	1.3686	1.62308	1.96314	2.32529	2.63206	2.84618	2.96543	2.96582	2.81953	
2.34568	1.90252	1.39417	0.876685	0.374776	-0.0726839	-0.428096	-0.680476	-0.801618	-0.804029	-0.713724	-0.594831	-0.492497	-0.447097	-0.440708	-0.445406	-0.437166	-0.424704	-0.426256	-0.420861	-0.417928	-0.424744	-0.423207	-0.429074	-0.441115	-0.445866	-0.442589	-0.467816	-0.553199	-0.702801	-0.883584	-1.05167	-1.15708	-1.16674	-1.06288	-0.842546	-0.507107	-0.0886793	0.392263	0.8899	1.35496	1.76164	2.06133	2.22737	2.2817	2.23389	2.08236	1.86878	1.66986	1.54089	1.48932	1.49157	1.51956	1.55427	1.58666	1.61361	1.63441	1.64928	1.65874	1.66312	1.66262	1.65724	1.64679	1.63104	1.60989	1.58417	1.55669	1.5334	1.52444	1.54222	1.59517	1.68019	1.78095	1.87513	1.94459	1.98027	1.98057	1.9484	1.88994	1.81398	1.73098	1.6511	1.58144	1.52438	1.4785	1.44165	1.41333	1.39564	1.39514	1.42601	1.51195	1.68131	1.94707	2.27991	2.60622	2.85373	2.99827	3.03706	2.94174	2.6995	
2.06482	1.56021	1.0091	0.46741	-0.0331075	-0.440984	-0.728839	-0.874388	-0.876595	-0.782466	-0.635912	-0.512634	-0.447097	-0.443159	-0.45476	-0.443782	-0.421213	-0.406023	-0.401882	-0.393094	-0.388871	-0.397004	-0.403316	-0.410373	-0.430961	-0.451862	-0.453167	-0.442698	-0.475503	-0.579838	-0.752725	-0.941888	-1.09732	-1.16741	-1.11435	-0.929365	-0.606055	-0.173879	0.342348	0.891358	1.40846	1.86476	2.21617	2.42711	2.51584	2.49871	2.37023	2.15935	1.94035	1.77944	1.69622	1.6726	1.68077	1.70034	1.72088	1.73809	1.7509	1.75974	1.76526	1.76771	1.76744	1.76441	1.75824	1.74866	1.73498	1.71671	1.69446	1.6704	1.64884	1.6374	1.64548	1.67954	1.73784	1.80959	1.87934	1.93285	1.96082	1.95912	1.92771	1.87051	1.79601	1.71676	1.64557	1.59057	1.55304	1.52956	1.51636	1.51298	1.52526	1.56854	1.66842	1.85208	2.12487	2.44543	2.73438	2.9277	3.0112	2.97962	2.80446	2.48648	
1.71009	1.15903	0.585256	0.046659	-0.416206	-0.750681	-0.937025	-0.972144	-0.884846	-0.722554	-0.563233	-0.461409	-0.440708	-0.45476	-0.45275	-0.404814	-0.371288	-0.362195	-0.357437	-0.347429	-0.343685	-0.352913	-0.359372	-0.365185	-0.378639	-0.427612	-0.457893	-0.449353	-0.44362	-0.500766	-0.642576	-0.83693	-1.01955	-1.12963	-1.115	-0.958402	-0.63848	-0.190393	0.350156	0.931883	1.48071	1.96913	2.36286	2.61671	2.73708	2.74281	2.6281	2.413	2.16936	1.97256	1.85357	1.80064	1.78703	1.7904	1.79792	1.80386	1.80761	1.80971	1.81062	1.81089	1.81088	1.81054	1.80944	1.80691	1.80234	1.79442	1.78198	1.76565	1.74676	1.72828	1.71549	1.71521	1.73206	1.76491	1.80703	1.84834	1.87904	1.89233	1.88434	1.85289	1.79814	1.72603	1.6496	1.58381	1.538	1.51288	1.50409	1.50854	1.53032	1.58476	1.69804	1.89497	2.1729	2.48015	2.73471	2.88105	2.91169	2.81812	2.57368	2.19021	
1.30561	0.737876	0.173452	-0.325626	-0.717348	-0.962782	-1.0525	-0.996538	-0.842213	-0.656059	-0.5095	-0.442171	-0.445406	-0.443782	-0.404814	-0.352612	-0.345328	-0.360917	-0.337961	-0.337759	-0.347559	-0.33141	-0.34929	-0.358234	-0.340939	-0.372702	-0.422973	-0.450173	-0.439628	-0.462413	-0.563896	-0.742046	-0.929468	-1.06731	-1.07136	-0.924438	-0.603194	-0.14568	0.398865	0.992464	1.56429	2.08098	2.50987	2.79592	2.93419	2.94766	2.83515	2.61144	2.34431	2.11391	1.96005	1.87744	1.84012	1.82392	1.8142	1.80589	1.79855	1.7922	1.78713	1.78487	1.78513	1.78797	1.79343	1.79981	1.80668	1.81287	1.81596	1.81408	1.80718	1.79554	1.78082	1.76638	1.7575	1.75743	1.76582	1.77856	1.78882	1.79017	1.77922	1.75511	1.71587	1.6585	1.58567	1.50993	1.44756	1.40846	1.393	1.39783	1.42494	1.48834	1.61317	1.82077	2.1006	2.39265	2.61448	2.71863	2.70235	2.55465	2.253	1.82085	
0.917824	0.365106	-0.159312	-0.597028	-0.916907	-1.08215	-1.09301	-0.981882	-0.791065	-0.599445	-0.472652	-0.430984	-0.437166	-0.421213	-0.371288	-0.345328	-0.353512	-0.36205	-0.334562	-0.338803	-0.353059	-0.330209	-0.347327	-0.362649	-0.345639	-0.353873	-0.388641	-0.435969	-0.429743	-0.441287	-0.505852	-0.663638	-0.840359	-0.978239	-0.983125	-0.834156	-0.518417	-0.063716	0.475465	1.0733	1.66521	2.20281	2.64894	2.94791	3.09114	3.10476	2.99028	2.75666	2.46573	2.20026	2.00871	1.89224	1.82597	1.78562	1.75613	1.733	1.71338	1.69741	1.68632	1.68112	1.68171	1.68806	1.70017	1.71685	1.73631	1.7576	1.7798	1.79896	1.8133	1.8209	1.82115	1.81342	1.79955	1.78296	1.76614	1.7503	1.7337	1.71172	1.67938	1.63573	1.58421	1.52532	1.45431	1.37139	1.28919	1.22508	1.18927	1.18314	1.20824	1.27629	1.40971	1.62534	1.90542	2.18378	2.37929	2.45205	2.403	2.2201	1.88666	1.4361	
0.613533	0.0941976	-0.38364	-0.76822	-1.02927	-1.13588	-1.0991	-0.946836	-0.74201	-0.56099	-0.449257	-0.42682	-0.424704	-0.406023	-0.362195	-0.360917	-0.36205	-0.341326	-0.323426	-0.326222	-0.331984	-0.322103	-0.330619	-0.349234	-0.365462	-0.357032	-0.377553	-0.417931	-0.423386	-0.425754	-0.468252	-0.59333	-0.745244	-0.862108	-0.860404	-0.707126	-0.400308	0.0400203	0.574709	1.17986	1.78066	2.31911	2.76549	3.06837	3.21189	3.21924	3.09346	2.84064	2.51963	2.21636	1.98675	1.83595	1.74119	1.67775	1.63021	1.59146	1.55856	1.53272	1.51621	1.5074	1.50842	1.51888	1.53704	1.56438	1.59759	1.63454	1.67426	1.7146	1.75228	1.78476	1.80942	1.82448	1.82751	1.81868	1.79825	1.76774	1.72932	1.68411	1.63041	1.56338	1.48281	1.39649	1.30815	1.21232	1.10874	1.01187	0.941	0.907964	0.918691	0.983757	1.12189	1.34459	1.62755	1.90013	2.08315	2.14293	2.08292	1.89041	1.55342	1.11141	
0.417274	-0.0715114	-0.513749	-0.860304	-1.08379	-1.15548	-1.08865	-0.919534	-0.708175	-0.531154	-0.437177	-0.421304	-0.426256	-0.401882	-0.357437	-0.337961	-0.334562	-0.323426	-0.317803	-0.318022	-0.31795	-0.315781	-0.320262	-0.327504	-0.3357	-0.342459	-0.373201	-0.416088	-0.420805	-0.412093	-0.432359	-0.524168	-0.643501	-0.731323	-0.711154	-0.561215	-0.268828	0.164973	0.699732	1.30131	1.89296	2.42261	2.86509	3.16333	3.29373	3.28078	3.13232	2.85425	2.50302	2.16521	1.90068	1.71723	1.59485	1.50705	1.43919	1.38205	1.33625	1.30116	1.27782	1.26612	1.2674	1.28158	1.30726	1.34424	1.39137	1.44696	1.50671	1.56986	1.63177	1.69071	1.74209	1.784	1.81299	1.82735	1.82547	1.80531	1.7665	1.70972	1.63878	1.55619	1.45683	1.34045	1.21891	1.09818	0.972538	0.844055	0.731687	0.658505	0.640957	0.69283	0.830123	1.05876	1.34827	1.62427	1.80885	1.87228	1.81893	1.63494	1.31096	0.889307	
0.313575	-0.155374	-0.577093	-0.903183	-1.10683	-1.1602	-1.07816	-0.90138	-0.690503	-0.516732	-0.430276	-0.419185	-0.420861	-0.393094	-0.347429	-0.337759	-0.338803	-0.326222	-0.318022	-0.317993	-0.321393	-0.317795	-0.320427	-0.331725	-0.34	-0.338569	-0.361745	-0.407412	-0.412471	-0.396986	-0.394047	-0.45328	-0.534423	-0.58997	-0.557538	-0.411868	-0.125498	0.309876	0.838689	1.42255	2.00059	2.52044	2.94613	3.22129	3.32616	3.28704	3.11211	2.80588	2.42207	2.04889	1.74884	1.53328	1.38248	1.27097	1.18346	1.11187	1.05415	1.01023	0.979742	0.966299	0.967721	0.984528	1.01799	1.06424	1.12368	1.19429	1.27423	1.36057	1.44945	1.53728	1.62028	1.69384	1.75419	1.79723	1.82164	1.82501	1.8061	1.76311	1.69294	1.60105	1.49437	1.36716	1.22032	1.06941	0.920353	0.768073	0.620724	0.50479	0.449449	0.477601	0.606168	0.836664	1.13297	1.417	1.61062	1.68559	1.64595	1.47651	1.16879	0.765962	
0.274293	-0.184102	-0.596328	-0.915817	-1.11357	-1.16132	-1.07912	-0.896843	-0.681829	-0.515812	-0.428099	-0.422163	-0.417928	-0.388871	-0.343685	-0.347559	-0.353059	-0.331984	-0.31795	-0.321393	-0.323527	-0.316593	-0.323729	-0.338896	-0.355647	-0.340038	-0.356832	-0.39915	-0.40482	-0.376325	-0.34956	-0.371839	-0.416253	-0.450078	-0.413464	-0.261276	0.031482	0.462319	0.975763	1.54494	2.10926	2.60294	2.99627	3.24249	3.31738	3.24491	3.03412	2.69166	2.27184	1.86562	1.53466	1.29237	1.11737	0.986612	0.88183	0.796127	0.725794	0.673537	0.639031	0.622163	0.624112	0.644611	0.682491	0.738081	0.810408	0.895803	0.993288	1.09953	1.21268	1.32718	1.44053	1.54713	1.6433	1.72289	1.78179	1.81626	1.82319	1.8038	1.75757	1.67694	1.56915	1.44348	1.29317	1.12329	0.951836	0.78228	0.612956	0.462675	0.367869	0.363956	0.47419	0.698962	0.997919	1.2893	1.49313	1.58039	1.55429	1.39869	1.10472	0.715025	
0.278433	-0.175837	-0.588033	-0.907817	-1.10803	-1.16364	-1.08559	-0.907253	-0.694461	-0.521817	-0.432382	-0.42083	-0.424744	-0.397004	-0.352913	-0.33141	-0.330209	-0.322103	-0.315781	-0.317795	-0.316593	-0.316485	-0.319169	-0.324604	-0.331202	-0.33562	-0.365352	-0.401877	-0.392501	-0.344141	-0.291877	-0.287111	-0.303696	-0.324994	-0.275838	-0.112447	0.189468	0.61548	1.11461	1.66968	2.20593	2.6633	3.02507	3.23274	3.26387	3.14845	2.89715	2.51725	2.0645	1.62894	1.2718	1.00553	0.809705	0.65989	0.53977	0.441302	0.363707	0.305239	0.266239	0.247735	0.249816	0.272392	0.315268	0.377113	0.45773	0.556924	0.670616	0.797261	0.932868	1.07399	1.21604	1.35398	1.48307	1.5981	1.69467	1.76748	1.81239	1.82204	1.80055	1.74943	1.65856	1.53876	1.39728	1.22779	1.04262	0.858969	0.677609	0.50583	0.377078	0.336865	0.419288	0.628713	0.923525	1.21895	1.43165	1.52989	1.51582	1.37295	1.09096	0.71129	
0.312251	-0.138726	-0.553413	-0.883181	-1.09694	-1.16398	-1.10041	-0.934394	-0.722849	-0.541485	-0.439718	-0.422518	-0.423207	-0.403316	-0.359372	-0.34929	-0.347327	-0.33062	-0.320263	-0.320428	-0.323732	-0.319175	-0.323091	-0.336559	-0.349768	-0.347623	-0.367281	-0.395732	-0.367678	-0.300655	-0.226568	-0.200992	-0.208001	-0.213004	-0.146754	0.0358705	0.345593	0.763228	1.25474	1.78962	2.28853	2.71184	3.02904	3.18272	3.16772	3.00714	2.71274	2.2913	1.80481	1.34204	0.964675	0.680492	0.46968	0.307354	0.177244	0.0719438	-0.0127746	-0.0760478	-0.118197	-0.137055	-0.135029	-0.111817	-0.0653912	0.00205242	0.0901872	0.196494	0.321577	0.462656	0.61702	0.781042	0.949999	1.11933	1.28283	1.43388	1.5669	1.67637	1.75783	1.81053	1.82053	1.79626	1.73673	1.63477	1.50481	1.34781	1.16281	0.969321	0.779833	0.596773	0.443218	0.367231	0.414581	0.598942	0.881978	1.17764	1.39819	1.50714	1.5053	1.37655	1.10804	0.738328	
0.371002	-0.0774347	-0.497535	-0.838487	-1.07198	-1.16463	-1.12319	-0.972598	-0.764321	-0.576942	-0.458836	-0.429089	-0.429074	-0.410373	-0.365185	-0.358234	-0.362649	-0.349235	-0.327507	-0.331732	-0.338915	-0.324647	-0.336626	-0.355615	-0.361758	-0.352403	-0.367598	-0.38747	-0.338994	-0.250369	-0.160374	-0.12579	-0.122983	-0.118318	-0.0270792	0.177207	0.494931	0.91367	1.39561	1.90036	2.36291	2.7422	3.00215	3.10528	3.03579	2.82264	2.48023	2.01764	1.50223	1.02151	0.631009	0.3371	0.115866	-0.0542051	-0.192073	-0.303094	-0.389572	-0.453154	-0.494592	-0.515442	-0.513191	-0.48829	-0.442412	-0.374053	-0.283889	-0.170995	-0.0370298	0.114663	0.284064	0.466111	0.656978	0.852264	1.04478	1.23123	1.40057	1.55206	1.6704	1.75763	1.81118	1.81818	1.78895	1.71638	1.60331	1.46194	1.28829	1.09257	0.896319	0.706905	0.537299	0.429866	0.438422	0.589414	0.853122	1.14529	1.37348	1.49445	1.50693	1.39577	1.14476	0.7882	
0.451584	0.00845791	-0.418205	-0.774207	-1.03224	-1.15809	-1.14611	-1.02181	-0.827075	-0.627766	-0.487999	-0.437028	-0.441115	-0.430961	-0.378639	-0.340939	-0.34564	-0.365466	-0.335713	-0.340036	-0.355742	-0.33142	-0.350189	-0.362333	-0.333672	-0.346692	-0.37594	-0.38486	-0.301093	-0.193589	-0.0972223	-0.0699001	-0.0613645	-0.035496	0.0881392	0.31303	0.644262	1.06611	1.53218	2.00576	2.42729	2.75221	2.95692	2.9967	2.86385	2.60293	2.21079	1.71103	1.16891	0.676646	0.280089	-0.0165912	-0.239814	-0.412364	-0.548407	-0.658233	-0.743114	-0.805467	-0.846725	-0.864867	-0.863054	-0.84048	-0.794364	-0.727984	-0.639569	-0.527216	-0.39294	-0.235925	-0.0576939	0.13697	0.346782	0.564295	0.78504	1.00021	1.20479	1.38818	1.55204	1.67623	1.76678	1.81344	1.81508	1.7748	1.68618	1.56182	1.40481	1.21545	1.01505	0.82054	0.640861	0.508099	0.47778	0.589396	0.826673	1.11138	1.34721	1.48234	1.51218	1.42315	1.19505	0.856074	
0.551143	0.118014	-0.312907	-0.687435	-0.972121	-1.13481	-1.16854	-1.07852	-0.904354	-0.698732	-0.536248	-0.449558	-0.445866	-0.451862	-0.427613	-0.372704	-0.353879	-0.357052	-0.342519	-0.338736	-0.340454	-0.336554	-0.349467	-0.35545	-0.350244	-0.383157	-0.40483	-0.363844	-0.254034	-0.134141	-0.0571205	-0.0312051	-0.0202842	0.0374027	0.199458	0.448494	0.799321	1.22021	1.6667	2.10808	2.48038	2.74712	2.88813	2.85696	2.66914	2.35105	1.91033	1.37417	0.815561	0.321218	-0.0691583	-0.36136	-0.578279	-0.746278	-0.878172	-0.981122	-1.0612	-1.11709	-1.15171	-1.16931	-1.16715	-1.14583	-1.10754	-1.04767	-0.963548	-0.856718	-0.726011	-0.569819	-0.39042	-0.189321	0.0314652	0.263558	0.507091	0.747782	0.985739	1.20478	1.40056	1.56683	1.69433	1.78038	1.81643	1.80848	1.74966	1.64525	1.50633	1.33	1.13015	0.93096	0.744184	0.592022	0.5255	0.594317	0.798758	1.07144	1.31439	1.46582	1.51612	1.45383	1.25482	0.938787	
0.667873	0.247945	-0.182346	-0.570525	-0.887784	-1.09187	-1.17313	-1.13076	-0.992189	-0.801563	-0.612734	-0.487189	-0.442589	-0.453168	-0.457896	-0.422982	-0.388671	-0.377646	-0.373464	-0.362428	-0.358443	-0.368796	-0.373896	-0.378779	-0.391703	-0.420391	-0.404343	-0.319543	-0.201939	-0.100839	-0.0456313	-0.025321	0.0113513	0.114916	0.311652	0.592031	0.96099	1.37747	1.80456	2.20716	2.52182	2.72735	2.7988	2.69631	2.44545	2.07311	1.5905	1.02199	0.45773	-0.0315001	-0.406903	-0.685532	-0.89036	-1.0447	-1.16416	-1.25374	-1.31949	-1.36773	-1.39792	-1.40969	-1.40817	-1.39307	-1.35974	-1.30836	-1.23797	-1.14511	-1.02538	-0.877935	-0.704643	-0.501945	-0.278826	-0.0325751	0.223335	0.488767	0.747782	1.00021	1.23122	1.43385	1.59795	1.72225	1.79474	1.81871	1.79216	1.71174	1.59141	1.4319	1.23818	1.03573	0.842936	0.675956	0.577369	0.60234	0.768466	1.02383	1.27234	1.44177	1.51517	1.48343	1.31973	1.03353	
0.798821	0.399569	-0.0282885	-0.426868	-0.770413	-1.01852	-1.15218	-1.17164	-1.07882	-0.916425	-0.726173	-0.565474	-0.467817	-0.442701	-0.449364	-0.450213	-0.436099	-0.418314	-0.417112	-0.409904	-0.404664	-0.41297	-0.415974	-0.420665	-0.432678	-0.420996	-0.366959	-0.2758	-0.181092	-0.107918	-0.0675313	-0.0311115	0.0404487	0.19618	0.438218	0.750141	1.13518	1.54457	1.94534	2.3008	2.55436	2.69469	2.68831	2.51271	2.20356	1.77967	1.25156	0.663557	0.10099	-0.36612	-0.719072	-0.972978	-1.15834	-1.29263	-1.39294	-1.46579	-1.51587	-1.54709	-1.56514	-1.57422	-1.57291	-1.5622	-1.54233	-1.5073	-1.45356	-1.3775	-1.27433	-1.14495	-0.98249	-0.790724	-0.569409	-0.322669	-0.0561715	0.223335	0.507091	0.78504	1.04478	1.28282	1.48301	1.64304	1.75311	1.80898	1.81431	1.76128	1.66052	1.51928	1.33666	1.13382	0.93556	0.756794	0.630629	0.612585	0.735993	0.968042	1.21916	1.40748	1.50608	1.50781	1.38476	1.13493	
0.936748	0.567588	0.151818	-0.253087	-0.618192	-0.910797	-1.09661	-1.17715	-1.14698	-1.03774	-0.867852	-0.696742	-0.553203	-0.475517	-0.44367	-0.439798	-0.430261	-0.424812	-0.424367	-0.420545	-0.421458	-0.423719	-0.421063	-0.421952	-0.416978	-0.395745	-0.344649	-0.279847	-0.215854	-0.161419	-0.111927	-0.0423259	0.0907314	0.302289	0.584562	0.929996	1.32628	1.71976	2.08912	2.39065	2.57777	2.6462	2.55891	2.31302	1.94351	1.47081	0.908712	0.309448	-0.23724	-0.674996	-0.99498	-1.21902	-1.37545	-1.4834	-1.55561	-1.60212	-1.629	-1.64463	-1.65223	-1.65286	-1.65284	-1.65148	-1.64224	-1.62474	-1.59492	-1.54448	-1.46911	-1.36245	-1.22179	-1.04559	-0.834875	-0.591071	-0.322669	-0.0325751	0.263558	0.564295	0.852263	1.11932	1.35396	1.54704	1.69341	1.78231	1.81852	1.79476	1.71505	1.59204	1.42387	1.22434	1.02164	0.833043	0.683483	0.624581	0.702028	0.904192	1.15335	1.36032	1.48548	1.52242	1.445	1.238	
1.07684	0.744665	0.352005	-0.0520586	-0.428904	-0.756805	-0.994774	-1.14243	-1.1814	-1.12974	-1.01199	-0.856166	-0.702817	-0.579898	-0.500974	-0.463066	-0.44314	-0.430501	-0.423094	-0.420073	-0.420323	-0.420565	-0.422058	-0.426919	-0.427537	-0.412502	-0.389139	-0.351846	-0.302711	-0.235106	-0.154571	-0.0258655	0.164976	0.437195	0.764958	1.13661	1.53395	1.90617	2.23611	2.47379	2.59056	2.58129	2.41091	2.09678	1.67309	1.15542	0.562365	-0.0320032	-0.550713	-0.945737	-1.22534	-1.41131	-1.53337	-1.60765	-1.64864	-1.66546	-1.66589	-1.65635	-1.64677	-1.64326	-1.64364	-1.64853	-1.65857	-1.6663	-1.66382	-1.6437	-1.59828	-1.52353	-1.40977	-1.25865	-1.065	-0.834875	-0.569409	-0.278826	0.0314652	0.346782	0.656978	0.949998	1.21603	1.4405	1.62013	1.74145	1.80698	1.81294	1.75633	1.65138	1.49917	1.30643	1.10105	0.904136	0.734899	0.638222	0.667723	0.833097	1.07381	1.29774	1.45024	1.52238	1.49391	1.33755	
1.21301	0.923495	0.566535	0.173997	-0.206657	-0.55996	-0.84395	-1.04421	-1.15822	-1.18092	-1.12699	-1.01853	-0.88365	-0.752963	-0.643345	-0.566144	-0.511767	-0.482276	-0.462322	-0.451887	-0.450874	-0.453831	-0.464268	-0.482023	-0.498195	-0.513526	-0.510801	-0.478495	-0.409686	-0.3063	-0.167564	0.026993	0.292648	0.61991	0.978341	1.37243	1.7602	2.10117	2.38096	2.54715	2.58934	2.49752	2.24621	1.86734	1.39167	0.834686	0.227029	-0.351548	-0.828406	-1.17528	-1.40702	-1.55089	-1.63106	-1.66642	-1.66736	-1.64858	-1.6196	-1.59009	-1.56703	-1.55287	-1.55476	-1.57128	-1.59518	-1.62568	-1.65394	-1.6693	-1.66446	-1.62554	-1.5484	-1.42701	-1.25865	-1.04559	-0.790724	-0.501945	-0.189321	0.13697	0.466111	0.781041	1.07399	1.32717	1.53723	1.69049	1.78385	1.81764	1.78505	1.69842	1.56274	1.37957	1.17368	0.969934	0.784378	0.65374	0.634775	0.75658	0.980292	1.21735	1.39752	1.50374	1.52426	1.42577	
1.33772	1.09594	0.784667	0.417872	0.0439835	-0.316993	-0.637599	-0.891968	-1.06825	-1.15916	-1.18147	-1.13437	-1.05192	-0.942734	-0.83948	-0.74895	-0.680408	-0.629865	-0.595661	-0.579444	-0.573935	-0.583495	-0.602624	-0.632319	-0.665573	-0.680486	-0.672023	-0.608368	-0.494765	-0.328094	-0.123321	0.14651	0.471415	0.844235	1.23583	1.6353	1.99736	2.30054	2.5182	2.60688	2.57212	2.39361	2.06353	1.62682	1.10544	0.514602	-0.096142	-0.640416	-1.06502	-1.35563	-1.53692	-1.63387	-1.67048	-1.66221	-1.62415	-1.56748	-1.50652	-1.45137	-1.41364	-1.39819	-1.3999	-1.41957	-1.46122	-1.51839	-1.57978	-1.63394	-1.66763	-1.67148	-1.63304	-1.5484	-1.40977	-1.22179	-0.98249	-0.704643	-0.39042	-0.0576939	0.284064	0.61702	0.932867	1.21268	1.44943	1.6317	1.75198	1.81213	1.80314	1.73433	1.61497	1.44343	1.2394	1.03044	0.831686	0.671529	0.605333	0.677729	0.874069	1.11725	1.32448	1.46373	1.52991	1.49326	
1.44072	1.25355	0.995463	0.669819	0.314339	-0.0431022	-0.381178	-0.666294	-0.903685	-1.06195	-1.15492	-1.18064	-1.15795	-1.10002	-1.02711	-0.948309	-0.882315	-0.828678	-0.792123	-0.773103	-0.765313	-0.774511	-0.801334	-0.828346	-0.854496	-0.858821	-0.811773	-0.699813	-0.515512	-0.28705	-0.00442572	0.32861	0.716145	1.12433	1.52425	1.91481	2.24454	2.49727	2.64007	2.64929	2.53249	2.26562	1.86494	1.37536	0.812693	0.201082	-0.394899	-0.894009	-1.25769	-1.49099	-1.61837	-1.66757	-1.65572	-1.60315	-1.52182	-1.43195	-1.3475	-1.2784	-1.23369	-1.21241	-1.21495	-1.24081	-1.29019	-1.36385	-1.44998	-1.5391	-1.61754	-1.66388	-1.67148	-1.62554	-1.52353	-1.36245	-1.14495	-0.877935	-0.569819	-0.235925	0.114663	0.462656	0.797261	1.09953	1.36057	1.56984	1.71451	1.79858	1.81268	1.76103	1.65675	1.49779	1.2979	1.08559	0.87659	0.691851	0.581654	0.600828	0.758591	0.997033	1.22819	1.40024	1.50712	1.53073	
1.51114	1.38587	1.18617	0.915235	0.59298	0.258764	-0.0852763	-0.396035	-0.659723	-0.876964	-1.02805	-1.12769	-1.16943	-1.17516	-1.14954	-1.11277	-1.07043	-1.02846	-0.999972	-0.982489	-0.977037	-0.986647	-1.00216	-1.02018	-1.02246	-0.98767	-0.882203	-0.702822	-0.449013	-0.148792	0.200255	0.590075	1.0188	1.43365	1.84361	2.20822	2.48858	2.67769	2.73902	2.66811	2.46509	2.11253	1.65115	1.11669	0.517878	-0.101607	-0.664348	-1.10439	-1.40536	-1.58054	-1.65762	-1.65797	-1.60115	-1.50427	-1.38656	-1.26651	-1.16519	-1.09333	-1.05366	-1.03968	-1.04116	-1.05949	-1.1052	-1.18313	-1.2896	-1.41114	-1.52636	-1.61754	-1.66763	-1.66446	-1.59828	-1.46911	-1.27433	-1.02538	-0.726011	-0.39294	-0.0370298	0.321577	0.670616	0.993287	1.27423	1.5067	1.67424	1.77969	1.81552	1.78044	1.68957	1.54287	1.34882	1.13506	0.918655	0.714533	0.565532	0.530788	0.639786	0.859074	1.10637	1.31086	1.45437	1.53175	
1.53961	1.48321	1.34398	1.13929	0.863744	0.559539	0.246469	-0.074184	-0.361219	-0.61298	-0.81436	-0.966932	-1.07034	-1.13414	-1.16151	-1.16797	-1.16058	-1.14996	-1.1356	-1.12644	-1.12626	-1.12772	-1.12987	-1.12497	-1.09106	-1.00508	-0.843998	-0.595439	-0.280369	0.0825825	0.478357	0.915214	1.35976	1.78691	2.17657	2.48945	2.71886	2.83214	2.80917	2.65622	2.36336	1.93585	1.42531	0.848294	0.225929	-0.382034	-0.897043	-1.27307	-1.51106	-1.63341	-1.66044	-1.61739	-1.51523	-1.38278	-1.23757	-1.10566	-1.01052	-0.950008	-0.920641	-0.913477	-0.914095	-0.924204	-0.959447	-1.02692	-1.12937	-1.26651	-1.41114	-1.5391	-1.63394	-1.6693	-1.6437	-1.54448	-1.3775	-1.14511	-0.856718	-0.527216	-0.170995	0.196494	0.556924	0.895803	1.19429	1.44696	1.63454	1.75757	1.81275	1.79396	1.71515	1.57942	1.39192	1.17837	0.957148	0.738765	0.557723	0.472134	0.5255	0.709634	0.959242	1.19288	1.3709	1.49295	
1.51807	1.53629	1.46007	1.32064	1.11669	0.850821	0.567504	0.275456	-0.0131123	-0.278229	-0.513676	-0.707596	-0.861044	-0.974305	-1.05451	-1.10517	-1.13397	-1.15059	-1.15754	-1.15998	-1.1584	-1.15526	-1.14208	-1.11092	-1.04133	-0.907491	-0.687157	-0.38068	-0.0105127	0.397017	0.833265	1.29165	1.73809	2.14644	2.48979	2.76109	2.92144	2.945	2.84268	2.60503	2.2272	1.73983	1.18877	0.574296	-0.0569716	-0.631536	-1.08516	-1.39908	-1.58039	-1.6567	-1.6402	-1.55695	-1.41902	-1.25656	-1.09973	-0.973225	-0.901459	-0.878846	-0.868121	-0.858015	-0.859485	-0.870371	-0.881212	-0.910857	-0.994816	-1.12937	-1.2896	-1.44998	-1.57978	-1.65394	-1.66382	-1.59492	-1.45356	-1.23797	-0.963548	-0.639569	-0.283889	0.0901872	0.45773	0.810408	1.12368	1.39137	1.59759	1.73631	1.80665	1.80222	1.73453	1.60844	1.42732	1.21506	0.991122	0.763099	0.557559	0.427821	0.424015	0.558863	0.791617	1.04477	1.25625	1.41437	
1.44421	1.53153	1.53034	1.44915	1.3156	1.12243	0.879764	0.618142	0.349598	0.0904118	-0.150843	-0.365046	-0.54811	-0.696812	-0.814316	-0.901865	-0.967367	-1.00958	-1.03732	-1.05207	-1.05251	-1.04308	-1.01378	-0.957164	-0.851641	-0.672866	-0.407635	-0.0587973	0.347523	0.780433	1.23164	1.68619	2.11692	2.48917	2.79182	2.99757	3.06638	3.01464	2.8348	2.50755	2.05963	1.52984	0.939734	0.300039	-0.315239	-0.842167	-1.22865	-1.48766	-1.62054	-1.65974	-1.60673	-1.49073	-1.32813	-1.14864	-0.999942	-0.894749	-0.853981	-0.858539	-0.854384	-0.839576	-0.841861	-0.856639	-0.857076	-0.857023	-0.910857	-1.02692	-1.18313	-1.36385	-1.51839	-1.62568	-1.6663	-1.62474	-1.5073	-1.30836	-1.04767	-0.727984	-0.374053	0.00205242	0.377113	0.738081	1.06424	1.34424	1.56438	1.71685	1.7998	1.80688	1.74855	1.63065	1.45529	1.24478	1.01962	0.785693	0.562986	0.398317	0.341936	0.419264	0.614346	0.868502	1.10932	1.29996	
1.32709	1.46098	1.53642	1.5286	1.45231	1.32819	1.15538	0.944426	0.711886	0.472473	0.239877	0.0233499	-0.169943	-0.337178	-0.47661	-0.586435	-0.671566	-0.734283	-0.775591	-0.797934	-0.80355	-0.786744	-0.74781	-0.671284	-0.541058	-0.336123	-0.0434941	0.331708	0.753827	1.19478	1.64198	2.08223	2.48096	2.80481	3.04244	3.16431	3.16111	3.03841	2.7685	2.36641	1.87303	1.30631	0.681549	0.0399738	-0.535696	-1.00186	-1.33139	-1.54352	-1.64288	-1.65003	-1.57244	-1.42883	-1.25347	-1.07082	-0.938764	-0.872497	-0.857085	-0.867395	-0.85179	-0.815982	-0.821791	-0.858199	-0.86556	-0.857076	-0.881212	-0.959447	-1.1052	-1.29019	-1.46122	-1.59518	-1.65857	-1.64224	-1.54233	-1.35974	-1.10754	-0.794364	-0.442412	-0.0653912	0.315268	0.682491	1.01799	1.30726	1.53704	1.70017	1.79342	1.80943	1.75822	1.64669	1.47607	1.26734	1.04183	0.804669	0.571032	0.381442	0.282175	0.30241	0.443763	0.673537	0.929176	1.15241	
1.1758	1.33894	1.46466	1.53509	1.53278	1.46887	1.35898	1.21086	1.03398	0.838342	0.635319	0.435153	0.247786	0.0789747	-0.0689797	-0.193215	-0.290194	-0.364358	-0.414925	-0.442291	-0.448683	-0.429284	-0.382261	-0.293948	-0.149733	0.0709063	0.380684	0.764183	1.18599	1.61691	2.04185	2.44559	2.7909	3.05208	3.22	3.27419	3.20126	2.99266	2.64558	2.19754	1.67046	1.06765	0.426717	-0.185418	-0.706566	-1.11084	-1.39681	-1.57513	-1.6536	-1.63817	-1.54569	-1.38414	-1.20433	-1.02604	-0.908073	-0.86606	-0.856305	-0.857711	-0.834433	-0.793172	-0.799538	-0.842446	-0.858199	-0.856639	-0.870371	-0.924204	-1.05949	-1.24081	-1.41957	-1.57128	-1.64853	-1.65148	-1.5622	-1.39307	-1.14583	-0.84048	-0.48829	-0.111817	0.272392	0.644611	0.984528	1.28158	1.51888	1.68806	1.78797	1.81054	1.7644	1.65722	1.48994	1.28263	1.05716	0.818431	0.578539	0.373118	0.243154	0.215041	0.297313	0.478999	0.722125	0.968798	
0.986283	1.18099	1.33573	1.45528	1.52698	1.53875	1.49492	1.40674	1.2856	1.14167	0.98379	0.819825	0.657936	0.506446	0.369941	0.249902	0.151048	0.0750623	0.0216118	-0.00825134	-0.0135592	0.0061182	0.0573155	0.148293	0.295609	0.517952	0.823196	1.19382	1.59605	1.99659	2.38157	2.73593	3.02583	3.22742	3.33031	3.31184	3.15761	2.87821	2.48896	2.01078	1.44731	0.823891	0.203139	-0.357975	-0.81845	-1.17613	-1.43068	-1.59107	-1.65634	-1.63159	-1.52841	-1.36349	-1.1785	-1.01043	-0.897604	-0.855127	-0.838131	-0.816909	-0.795955	-0.781574	-0.783025	-0.799538	-0.821791	-0.841861	-0.859485	-0.914095	-1.04116	-1.21495	-1.3999	-1.55476	-1.64364	-1.65284	-1.57291	-1.40817	-1.16715	-0.863054	-0.513192	-0.135029	0.249815	0.624112	0.96772	1.2674	1.50842	1.68171	1.78513	1.81088	1.76744	1.66262	1.49715	1.29063	1.06526	0.825831	0.582808	0.368697	0.219814	0.15693	0.186724	0.308616	0.509131	0.751683	
0.758328	0.981535	1.16816	1.31729	1.43286	1.50905	1.53839	1.52067	1.46237	1.37331	1.26361	1.14192	1.01517	0.890796	0.775826	0.673687	0.586574	0.518203	0.469722	0.442092	0.437202	0.455905	0.50373	0.588756	0.7272	0.936083	1.22196	1.56922	1.94116	2.30351	2.64394	2.9473	3.17923	3.31432	3.34455	3.25432	3.04245	2.72659	2.30819	1.79687	1.2127	0.605062	0.0351468	-0.465181	-0.875807	-1.203	-1.44178	-1.59519	-1.6572	-1.63104	-1.52644	-1.36173	-1.1759	-1.00948	-0.896939	-0.853462	-0.835436	-0.810601	-0.790166	-0.780781	-0.781574	-0.793172	-0.815982	-0.839576	-0.858015	-0.913477	-1.03968	-1.21241	-1.39819	-1.55287	-1.64326	-1.65286	-1.57422	-1.40969	-1.16931	-0.864868	-0.515443	-0.137056	0.247733	0.622161	0.966297	1.26612	1.5074	1.68112	1.78487	1.81089	1.76771	1.66312	1.49781	1.29134	1.06591	0.82616	0.581936	0.364171	0.205839	0.122103	0.11365	0.179743	0.320312	0.523964	
0.518572	0.740616	0.953803	1.13583	1.28263	1.39694	1.47825	1.52376	1.5326	1.50784	1.45592	1.3847	1.30138	1.21237	1.12457	1.044	0.973978	0.917525	0.877091	0.853991	0.849621	0.866109	0.907398	0.982475	1.10602	1.29456	1.55498	1.87094	2.20386	2.52024	2.80753	3.05115	3.21866	3.28912	3.2622	3.12827	2.88503	2.54162	2.09419	1.56602	1.00078	0.445147	-0.0630303	-0.508871	-0.887921	-1.19886	-1.4346	-1.58938	-1.65755	-1.63688	-1.54137	-1.37799	-1.19736	-1.02067	-0.904663	-0.863905	-0.853514	-0.850742	-0.826936	-0.790166	-0.795955	-0.834433	-0.85179	-0.854384	-0.868121	-0.920641	-1.05366	-1.23369	-1.41364	-1.56703	-1.64677	-1.65223	-1.56515	-1.39792	-1.15172	-0.846732	-0.494601	-0.118207	0.266228	0.639019	0.979731	1.27781	1.5162	1.68631	1.78713	1.81061	1.76526	1.65873	1.49192	1.28473	1.05901	0.819047	0.574821	0.356797	0.195715	0.102315	0.0710832	0.0959315	0.178489	0.322186	
0.309798	0.491842	0.698331	0.901457	1.08073	1.22854	1.34516	1.43223	1.49055	1.52097	1.52575	1.50907	1.47616	1.4321	1.38195	1.33123	1.2846	1.24538	1.21642	1.19972	1.19672	1.20955	1.24185	1.30196	1.40348	1.56261	1.78652	2.05939	2.34436	2.60883	2.8409	3.02968	3.14721	3.17522	3.11442	2.95278	2.68231	2.31453	1.86138	1.3606	0.850588	0.360407	-0.0905408	-0.501779	-0.861856	-1.17036	-1.40809	-1.57386	-1.65311	-1.64957	-1.5673	-1.41836	-1.2418	-1.05919	-0.930421	-0.871418	-0.858495	-0.868909	-0.850742	-0.810601	-0.816909	-0.857711	-0.867395	-0.858539	-0.878846	-0.950009	-1.09333	-1.2784	-1.45138	-1.5901	-1.65636	-1.64464	-1.5471	-1.36775	-1.11711	-0.805503	-0.453198	-0.0760988	0.305182	0.673479	1.01017	1.30111	1.53267	1.69737	1.79217	1.80969	1.75973	1.64927	1.47937	1.27076	1.0445	0.804336	0.560974	0.345101	0.18575	0.0902986	0.0485627	0.0487848	0.088337	0.173387	
0.160702	0.283028	0.445428	0.632605	0.823121	0.998636	1.14899	1.27123	1.36614	1.43574	1.48236	1.50887	1.51879	1.51594	1.50388	1.48625	1.4668	1.44865	1.43433	1.42586	1.42473	1.43276	1.45345	1.49437	1.56878	1.69316	1.87638	2.10584	2.34762	2.56926	2.75924	2.90959	2.99413	2.99238	2.90379	2.71875	2.4351	2.07603	1.66009	1.21999	0.779457	0.34712	-0.0629652	-0.454379	-0.806365	-1.11788	-1.36328	-1.54603	-1.64172	-1.6639	-1.60089	-1.47825	-1.31129	-1.13078	-0.984624	-0.886907	-0.85191	-0.858495	-0.853514	-0.835436	-0.838131	-0.856305	-0.857085	-0.853981	-0.901459	-1.01052	-1.1652	-1.3475	-1.50652	-1.61962	-1.66592	-1.62904	-1.51593	-1.31959	-1.06133	-0.743282	-0.389776	-0.0130097	0.36345	0.725528	1.05389	1.33601	1.55834	1.7132	1.7984	1.80751	1.75082	1.63435	1.45992	1.2493	1.02233	0.781997	0.540317	0.32857	0.174051	0.0812478	0.0368895	0.0254239	0.0394603	0.0816993	
0.0725008	0.140677	0.244665	0.383364	0.54686	0.719749	0.886822	1.03719	1.16524	1.26947	1.35081	1.41146	1.45435	1.48277	1.49994	1.50873	1.51186	1.51177	1.5104	1.50931	1.50979	1.51337	1.52331	1.54674	1.59672	1.69024	1.83841	2.03227	2.24011	2.4286	2.58505	2.70352	2.76022	2.73477	2.63093	2.44772	2.18795	1.87839	1.53045	1.15938	0.780831	0.390222	0.0050209	-0.373843	-0.725592	-1.04033	-1.30176	-1.49957	-1.62076	-1.66859	-1.63692	-1.54438	-1.40029	-1.2329	-1.07654	-0.952182	-0.886907	-0.871418	-0.863905	-0.853462	-0.855127	-0.86606	-0.872497	-0.89475	-0.973226	-1.10567	-1.26652	-1.43197	-1.56752	-1.64866	-1.66558	-1.60232	-1.46609	-1.25417	-0.98169	-0.658951	-0.303955	0.0709636	0.440239	0.795027	1.11079	1.38104	1.59055	1.73223	1.80526	1.80338	1.73774	1.61338	1.43322	1.22027	0.992467	0.752082	0.513047	0.307316	0.160014	0.0727115	0.0300832	0.0147858	0.0165421	0.0339514	
