5.84715e-06	3.14817e-07	1.27917e-08	4.01812e-10	9.95302e-12	1.97581e-13	3.18484e-15	4.21257e-17	4.61325e-19	1.8899e-20	5.819e-19	1.73831e-17	3.84473e-16	6.18856e-15	7.15038e-14	5.78643e-13	3.02627e-12	8.84949e-12	1.61623e-11	2.39264e-11	2.7266e-11	2.0381e-11	1.30888e-11	6.21164e-12	1.54917e-12	2.59609e-13	2.84912e-14	2.06337e-15	1.02706e-16	3.66434e-18	9.69741e-20	1.95413e-21	3.0576e-23	3.76815e-25	3.69411e-27	2.89892e-29	1.82618e-31	9.23008e-34	3.72736e-36	1.19237e-38	2.9787e-41	5.68129e-44	7.98212e-47	7.77972e-50	4.69454e-53	1.32028e-56	3.93222e-70	2.67909e-61	2.27377e-58	7.61508e-56	1.27e-53	1.09145e-51	4.57285e-50	9.76909e-49	2.36822e-47	1.34194e-46	3.29839e-46	1.54896e-45	9.68538e-45	1.67969e-44	1.31654e-43	7.32714e-41	3.70609e-38	1.52583e-35	5.17378e-33	1.45669e-30	3.42369e-28	6.73775e-26	1.1115e-23	1.536e-21	1.77401e-19	1.70553e-17	1.35704e-15	8.86748e-14	4.71149e-12	2.01011e-10	6.77922e-09	1.77249e-07	3.50745e-06	5.10082e-05	0.000526594	0.00371969	0.017505	0.0555765	0.127517	0.225254	0.328492	0.41728	0.479419	0.50467	0.487703	0.432199	0.347973	0.246125	0.145228	0.0671856	0.0225173	0.00509091	0.000769116	7.96267e-05	
3.14817e-07	1.4534e-08	5.1339e-10	1.41674e-11	3.10744e-13	5.49426e-15	7.92098e-17	9.40222e-19	4.2295e-20	1.52873e-18	5.43466e-17	1.45848e-15	2.89841e-14	4.19298e-13	4.35379e-12	3.16602e-11	1.50298e-10	4.21152e-10	7.566e-10	1.08548e-09	1.21355e-09	9.43954e-10	6.1714e-10	2.98701e-10	8.03828e-11	1.47775e-11	1.80813e-12	1.46974e-13	8.22077e-15	3.29386e-16	9.78244e-18	2.21186e-19	3.88591e-21	5.3861e-23	5.95553e-25	5.29325e-27	3.79851e-29	2.2041e-31	1.03248e-33	3.88484e-36	1.16327e-38	2.73121e-41	4.91346e-44	6.53213e-47	6.04139e-50	3.46834e-53	9.30314e-57	1.43886e-57	5.9924e-55	1.31376e-52	1.61714e-50	1.102e-48	3.90312e-47	7.64468e-46	1.57459e-44	8.69849e-44	2.12509e-43	8.98934e-43	5.19693e-42	8.87407e-42	8.41146e-42	4.60738e-42	2.37757e-40	1.1474e-37	4.50717e-35	1.45499e-32	3.8907e-30	8.66195e-28	1.61e-25	2.5003e-23	3.24092e-21	3.49661e-19	3.12573e-17	2.30033e-15	1.38188e-13	6.70285e-12	2.58945e-10	7.83267e-09	1.81638e-07	3.14704e-06	3.95055e-05	0.000347338	0.00207713	0.00841655	0.0241923	0.0523358	0.0885026	0.125707	0.154907	0.167325	0.158951	0.132503	0.0961442	0.0591878	0.0288246	0.0106546	0.00277996	0.00049242	5.96943e-05	5.08994e-06	
1.27917e-08	5.1339e-10	1.59298e-11	3.8921e-13	7.60283e-15	1.20223e-16	1.55534e-18	7.66091e-20	3.18779e-18	1.3222e-16	4.21497e-15	1.01347e-13	1.80284e-12	2.3325e-11	2.16396e-10	1.40584e-09	6.03392e-09	1.61059e-08	2.83916e-08	3.95804e-08	4.35091e-08	3.50504e-08	2.33402e-08	1.1565e-08	3.37874e-09	6.84859e-10	9.38981e-11	8.6101e-12	5.43531e-13	2.45387e-14	8.1965e-16	2.08164e-17	4.1058e-19	6.3922e-21	7.95138e-23	7.9723e-25	6.48038e-27	4.28385e-29	2.30389e-31	1.00558e-33	3.54165e-36	9.96707e-39	2.20721e-41	3.75716e-44	4.73969e-47	4.17034e-50	2.28374e-53	3.66887e-54	9.96981e-52	1.60767e-49	1.55576e-47	8.74014e-46	2.67969e-44	4.82785e-43	8.61376e-42	4.63638e-41	1.12551e-40	4.3458e-40	2.325e-39	3.94022e-39	3.73672e-39	1.89426e-39	2.58537e-40	7.37974e-40	2.9794e-37	1.1145e-34	3.41836e-32	8.66221e-30	1.82221e-27	3.18999e-25	4.6491e-23	5.6324e-21	5.65355e-19	4.67729e-17	3.16649e-15	1.73762e-13	7.63617e-12	2.64694e-10	7.1017e-09	1.4409e-07	2.14976e-06	2.28416e-05	0.000167574	0.000836723	0.00292455	0.00757613	0.014852	0.0233389	0.0303511	0.0333793	0.0313353	0.0249524	0.0165291	0.00885998	0.00363634	0.00110163	0.000231866	3.33894e-05	3.35091e-06	2.41087e-07	
4.01812e-10	1.41674e-11	3.8921e-13	8.46892e-15	1.4795e-16	2.09932e-18	1.13302e-19	5.34286e-18	2.5423e-16	9.44474e-15	2.69252e-13	5.77775e-12	9.15163e-11	1.052e-09	8.65448e-09	4.98571e-08	1.92454e-07	4.85733e-07	8.37362e-07	1.13686e-06	1.23168e-06	1.02273e-06	6.94415e-07	3.5403e-07	1.13116e-07	2.5448e-08	3.93587e-09	4.09914e-10	2.93827e-11	1.50201e-12	5.66301e-14	1.61922e-15	3.58958e-17	6.27674e-19	8.77232e-21	9.89642e-23	9.07573e-25	6.79623e-27	4.16411e-29	2.08667e-31	8.52513e-34	2.82184e-36	7.48997e-39	1.56935e-41	2.53477e-44	3.0419e-47	2.55388e-50	5.89411e-51	1.17534e-48	1.48494e-46	1.17501e-44	5.58653e-43	1.50737e-41	2.5048e-40	3.92718e-39	2.05817e-38	4.96304e-38	1.76701e-37	8.75369e-37	1.47139e-36	1.39628e-36	7.16536e-37	1.10002e-37	4.10017e-38	1.78345e-38	6.59371e-37	2.33684e-34	6.79418e-32	1.6273e-29	3.22523e-27	5.30045e-25	7.22264e-23	8.14383e-21	7.56803e-19	5.7617e-17	3.56421e-15	1.7724e-13	6.98892e-12	2.14807e-10	5.03729e-09	8.78008e-08	1.10304e-06	9.67158e-06	5.79054e-05	0.00024006	0.000727653	0.00163858	0.00279005	0.00376427	0.00418737	0.00390169	0.00301319	0.00186141	0.000878664	0.000310434	7.88897e-05	1.37764e-05	1.65735e-06	1.40874e-07	8.70703e-09	
9.95302e-12	3.10744e-13	7.60283e-15	1.4795e-16	2.31923e-18	1.37599e-19	7.25951e-18	3.90731e-16	1.66413e-14	5.52217e-13	1.40215e-11	2.67041e-10	3.73962e-09	3.78644e-08	2.73525e-07	1.38398e-06	4.77192e-06	1.12822e-05	1.89296e-05	2.50686e-05	2.68327e-05	2.28593e-05	1.58567e-05	8.37523e-06	2.95264e-06	7.43654e-07	1.30885e-07	1.56233e-08	1.28207e-09	7.47111e-11	3.19614e-12	1.03278e-13	2.57954e-15	5.07194e-17	7.96369e-19	1.00957e-20	1.04185e-22	8.80227e-25	6.10945e-27	3.48779e-29	1.6359e-31	6.28091e-34	1.96071e-36	4.92377e-39	9.78834e-42	1.50388e-44	1.72353e-47	6.69607e-48	1.04467e-45	1.07563e-43	7.14669e-42	2.92961e-40	7.03995e-39	1.08127e-37	1.50612e-36	7.67938e-36	1.83881e-35	6.08477e-35	2.79224e-34	4.65167e-34	4.41728e-34	2.29704e-34	3.95858e-35	1.52536e-35	6.10605e-36	8.42889e-37	1.30659e-36	4.19439e-34	1.1529e-31	2.60222e-29	4.84285e-27	7.44317e-25	9.44167e-23	9.85825e-21	8.4319e-19	5.86641e-17	3.28859e-15	1.46709e-13	5.12693e-12	1.37581e-10	2.76571e-09	4.0421e-08	4.15476e-07	2.92208e-06	1.40959e-05	4.9065e-05	0.000125517	0.000227406	0.000314645	0.000352618	0.000326975	0.000247349	0.000145001	6.10963e-05	1.8899e-05	4.10433e-06	6.07468e-07	6.22898e-08	4.56047e-09	2.45411e-10	
1.97581e-13	5.49426e-15	1.20223e-16	2.09932e-18	1.37599e-19	8.03618e-18	4.83534e-16	2.32859e-14	8.8525e-13	2.61322e-11	5.87646e-10	9.85905e-09	1.20916e-07	1.06615e-06	6.67684e-06	2.9311e-05	8.94764e-05	0.000195839	0.000317584	0.000410486	0.000435105	0.000378682	0.000269256	0.000148752	5.84819e-05	1.66764e-05	3.37842e-06	4.6775e-07	4.44263e-08	2.97829e-09	1.45615e-10	5.34647e-12	1.51036e-13	3.34748e-15	5.91179e-17	8.42104e-19	9.76602e-21	9.28477e-23	7.27055e-25	4.70157e-27	2.51208e-29	1.10718e-31	4.0087e-34	1.18383e-36	2.82033e-39	5.33276e-42	7.84167e-45	5.72636e-45	7.27288e-43	6.26709e-41	3.56301e-39	1.27657e-37	2.75614e-36	3.91901e-35	4.89105e-34	2.42398e-33	5.76117e-33	1.78315e-32	7.58075e-32	1.25063e-31	1.18852e-31	6.26975e-32	1.20669e-32	4.79912e-33	1.93062e-33	2.78957e-34	2.29317e-35	3.40123e-36	6.48981e-34	1.68117e-31	3.56367e-29	6.20334e-27	8.87664e-25	1.04281e-22	1.00221e-20	7.83366e-19	4.93845e-17	2.48289e-15	9.81105e-14	2.99042e-12	6.86623e-11	1.15333e-09	1.36984e-08	1.11438e-07	6.1646e-07	2.42859e-06	6.9837e-06	1.32796e-05	1.87047e-05	2.10682e-05	1.94721e-05	1.45187e-05	8.17908e-06	3.11515e-06	8.54691e-07	1.60936e-07	2.05157e-08	1.82006e-09	1.16228e-10	5.5005e-12	
3.18484e-15	7.92098e-17	1.55534e-18	1.13302e-19	7.25951e-18	4.83534e-16	2.60285e-14	1.11852e-12	3.78026e-11	9.87046e-10	1.95073e-08	2.85439e-07	3.02757e-06	2.2897e-05	0.000122239	0.000458335	0.00122463	0.00244477	0.00379234	0.00477849	0.00502593	0.00445359	0.00326437	0.00191184	0.000848744	0.000278087	6.58243e-05	1.0739e-05	1.19785e-06	9.35138e-08	5.27616e-09	2.21767e-10	7.12495e-12	1.78693e-13	3.55811e-15	5.70121e-17	7.42918e-19	7.93697e-21	6.99314e-23	5.10135e-25	3.08707e-27	1.54973e-29	6.44023e-32	2.20555e-34	6.1783e-37	1.39979e-39	2.54821e-42	3.83067e-42	4.06735e-40	2.98919e-38	1.47444e-36	4.66453e-35	9.1073e-34	1.20027e-32	1.35103e-31	6.50113e-31	1.53302e-30	4.46097e-30	1.75687e-29	2.8675e-29	2.72744e-29	1.4614e-29	3.12792e-30	1.28238e-30	5.18755e-31	7.8783e-32	7.12053e-33	4.62511e-34	2.46737e-35	8.70275e-34	2.11598e-31	4.19573e-29	6.80039e-27	9.01246e-25	9.74546e-23	8.55869e-21	6.06066e-19	3.42561e-17	1.52466e-15	5.24975e-14	1.3669e-12	2.61495e-11	3.55027e-10	3.30192e-09	2.07145e-08	9.13352e-08	2.92507e-07	5.77928e-07	8.24746e-07	9.32304e-07	8.5967e-07	6.34287e-07	3.4646e-07	1.20582e-07	2.9635e-08	4.89288e-09	5.43823e-10	4.22134e-11	2.37357e-12	9.95326e-14	
4.21257e-17	9.40222e-19	7.66091e-20	5.34286e-18	3.90731e-16	2.32859e-14	1.11852e-12	4.27224e-11	1.2764e-09	2.92527e-08	5.02923e-07	6.33318e-06	5.71211e-05	0.000363065	0.00161584	0.0050724	0.0116903	0.0209103	0.0305512	0.0373664	0.0390431	0.035171	0.0268312	0.0169725	0.0086262	0.0033106	0.000933763	0.000183326	2.44885e-05	2.26285e-06	1.49247e-07	7.25295e-09	2.6701e-10	7.61934e-12	1.71705e-13	3.10196e-15	4.54638e-17	5.45675e-19	5.4017e-21	4.43279e-23	3.02542e-25	1.7198e-27	8.13873e-30	3.19851e-32	1.03884e-34	2.76695e-37	6.13704e-40	2.05588e-39	1.85941e-37	1.18172e-35	5.10985e-34	1.43839e-32	2.552e-31	3.1196e-30	3.18325e-29	1.48541e-28	3.47345e-28	9.54299e-28	3.4808e-27	5.61466e-27	5.34553e-27	2.91332e-27	6.9103e-28	2.91784e-28	1.18771e-28	1.89746e-29	1.87727e-30	1.32742e-31	6.86765e-33	2.45321e-34	1.01818e-33	2.30467e-31	4.25517e-29	6.38747e-27	7.79151e-25	7.69817e-23	6.12371e-21	3.88668e-19	1.94373e-17	7.53196e-16	2.21232e-14	4.78784e-13	7.37059e-12	7.76791e-11	5.47949e-10	2.68076e-09	9.48611e-09	1.93315e-08	2.78621e-08	3.15794e-08	2.90692e-08	2.12793e-08	1.13419e-08	3.64036e-09	8.07481e-10	1.1792e-10	1.15343e-11	7.90073e-13	3.93933e-14	1.47186e-15	
4.61325e-19	4.2295e-20	3.18779e-18	2.5423e-16	1.66413e-14	8.8525e-13	3.78026e-11	1.2764e-09	3.34583e-08	6.66238e-07	9.82974e-06	0.000104639	0.000784326	0.0040751	0.014678	0.0376507	0.0735284	0.115736	0.155933	0.183368	0.190212	0.174575	0.140745	0.0984039	0.0579772	0.0266959	0.00920321	0.00223605	0.000367281	4.10615e-05	3.2206e-06	1.83345e-07	7.81091e-09	2.5547e-10	6.5502e-12	1.33899e-13	2.21204e-15	2.98523e-17	3.31883e-19	3.05891e-21	2.34785e-23	1.50478e-25	8.06128e-28	3.60668e-30	1.34389e-32	4.14912e-35	1.13664e-37	9.00707e-37	7.03444e-35	3.90623e-33	1.49229e-31	3.75934e-30	6.08207e-29	6.89806e-28	6.40603e-27	2.89461e-26	6.70825e-26	1.74621e-25	5.89673e-25	9.38868e-25	8.94824e-25	4.96824e-25	1.30216e-25	5.65917e-26	2.31975e-26	3.90272e-27	4.21208e-28	3.23845e-29	1.83535e-30	7.1912e-32	1.92278e-33	1.06136e-33	2.17425e-31	3.71783e-29	5.13636e-27	5.724e-25	5.12152e-23	3.65037e-21	2.04892e-19	8.91431e-18	2.94313e-16	7.17065e-15	1.24417e-13	1.47598e-12	1.16308e-11	6.2713e-11	2.43578e-10	5.09184e-10	7.39562e-10	8.39932e-10	7.72155e-10	5.61789e-10	2.93551e-10	8.75555e-11	1.76293e-11	2.29246e-12	1.98748e-13	1.20902e-14	5.37355e-16	1.79601e-17	
1.8899e-20	1.52873e-18	1.3222e-16	9.44474e-15	5.52217e-13	2.61322e-11	9.87046e-10	2.92527e-08	6.66238e-07	1.13746e-05	0.000141452	0.0012425	0.00749978	0.0306719	0.0861289	0.176183	0.286865	0.394771	0.482153	0.538001	0.552164	0.520048	0.450317	0.353246	0.241924	0.13682	0.0594075	0.0185152	0.00387529	0.000539936	5.1523e-05	3.49544e-06	1.74546e-07	6.60575e-09	1.94047e-10	4.5107e-12	8.42702e-14	1.28113e-15	1.60057e-17	1.65591e-19	1.42678e-21	1.0279e-23	6.20588e-26	3.14181e-28	1.33224e-30	4.71711e-33	1.73836e-35	3.26054e-34	2.22138e-32	1.08617e-30	3.6874e-29	8.34838e-28	1.23457e-26	1.29895e-25	1.10107e-24	4.80961e-24	1.10393e-23	2.73065e-23	8.53279e-23	1.33915e-22	1.27787e-22	7.24086e-23	2.09182e-23	9.35292e-24	3.86419e-24	6.85564e-25	8.05141e-26	6.72683e-27	4.16803e-28	1.81065e-29	5.42151e-31	1.13867e-32	1.07618e-33	1.77555e-31	2.79398e-29	3.52599e-27	3.55769e-25	2.8513e-23	1.79643e-21	8.76614e-20	3.2461e-18	8.87431e-17	1.72801e-15	2.29616e-14	2.01134e-13	1.18903e-12	5.04112e-12	1.07652e-11	1.57324e-11	1.7896e-11	1.64351e-11	1.18995e-11	6.11679e-12	1.70619e-12	3.13201e-13	3.64521e-14	2.81605e-15	1.52852e-16	6.07841e-18	1.82335e-19	
5.819e-19	5.43466e-17	4.21497e-15	2.69252e-13	1.40215e-11	5.87646e-10	1.95073e-08	5.02923e-07	9.82974e-06	0.000141452	0.00144799	0.0101592	0.0473202	0.145181	0.306817	0.499188	0.684422	0.848814	0.965805	1.03223	1.04779	1.01152	0.925035	0.788447	0.611831	0.422402	0.235719	0.0978671	0.0273162	0.0049335	0.000590215	4.87848e-05	2.90211e-06	1.2861e-07	4.36642e-09	1.1615e-10	2.46478e-12	4.23315e-14	5.95205e-16	6.91399e-18	6.6817e-20	5.39991e-22	3.66221e-24	2.08822e-26	1.00139e-28	4.03293e-31	2.57532e-33	9.83501e-32	5.88977e-30	2.55044e-28	7.72661e-27	1.57679e-25	2.13447e-24	2.08218e-23	1.61431e-22	6.80346e-22	1.54537e-21	3.64134e-21	1.05234e-20	1.62537e-20	1.55311e-20	8.9993e-21	2.85937e-21	1.31499e-21	5.48153e-22	1.02729e-22	1.31069e-23	1.18994e-24	8.05232e-26	3.86769e-27	1.29405e-28	3.06161e-30	5.24367e-32	1.35665e-33	1.25227e-31	1.79971e-29	2.05596e-27	1.8576e-25	1.31545e-23	7.20094e-22	2.98797e-20	9.14793e-19	1.99331e-17	2.95644e-16	2.86838e-15	1.85164e-14	8.53038e-14	1.85494e-13	2.72452e-13	3.10316e-13	2.84749e-13	2.05356e-13	1.04117e-13	2.73045e-14	4.58416e-15	4.79331e-16	3.31251e-17	1.60965e-18	5.74521e-20	6.75147e-21	
1.73831e-17	1.45848e-15	1.01347e-13	5.77775e-12	2.67041e-10	9.85905e-09	2.85439e-07	6.33318e-06	0.000104639	0.0012425	0.0101592	0.054601	0.186362	0.412134	0.668591	0.928609	1.16274	1.36391	1.5196	1.61197	1.63415	1.58302	1.46448	1.28817	1.07262	0.825241	0.565483	0.313317	0.12169	0.0298735	0.0046522	0.000481509	3.48033e-05	1.83202e-06	7.26352e-08	2.2277e-09	5.39828e-11	1.05115e-12	1.66698e-14	2.17617e-16	2.35828e-18	2.13517e-20	1.62271e-22	1.03839e-24	5.6035e-27	2.55032e-29	4.47774e-31	2.48599e-29	1.31599e-27	5.06744e-26	1.37391e-24	2.53184e-23	3.13917e-22	2.83625e-21	2.01375e-20	8.16961e-20	1.8347e-19	4.12668e-19	1.10237e-18	1.67262e-18	1.60075e-18	9.50586e-19	3.31535e-19	1.56812e-19	6.60307e-20	1.3099e-20	1.81407e-21	1.79061e-22	1.32299e-23	7.0144e-25	2.61489e-26	6.94226e-28	1.3428e-29	1.93227e-31	2.56169e-33	7.59818e-32	9.88112e-30	1.01054e-27	8.06442e-26	4.95915e-24	2.30649e-22	7.90232e-21	1.92373e-19	3.17756e-18	3.40614e-17	2.3938e-16	1.19387e-15	2.63695e-15	3.88933e-15	4.4345e-15	4.0664e-15	2.92306e-15	1.46473e-15	3.6275e-16	5.58234e-17	5.25798e-18	3.25913e-19	1.42185e-20	1.89768e-21	1.72881e-19	
3.84473e-16	2.89841e-14	1.80284e-12	9.15163e-11	3.73962e-09	1.20916e-07	3.02757e-06	5.71211e-05	0.000784326	0.00749978	0.0473202	0.186362	0.450948	0.757078	1.08795	1.40904	1.69504	1.9272	2.08349	2.16866	2.18812	2.14259	2.02994	1.84367	1.58519	1.28483	0.954903	0.631342	0.333814	0.115329	0.0242992	0.0032445	0.00029112	1.84839e-05	8.65283e-07	3.08395e-08	8.58142e-10	1.90165e-11	3.40927e-13	5.00718e-15	6.08469e-17	6.16549e-19	5.24017e-21	3.75159e-23	2.26859e-25	1.16112e-27	8.93007e-29	5.28401e-27	2.4824e-25	8.52327e-24	2.07154e-22	3.44997e-21	3.91711e-20	3.27284e-19	2.1291e-18	8.29246e-18	1.83917e-17	3.95562e-17	9.76229e-17	1.45219e-16	1.39224e-16	8.49397e-17	3.24576e-17	1.57906e-17	6.72632e-18	1.41597e-18	2.12822e-19	2.2866e-20	1.84556e-21	1.07935e-22	4.47555e-24	1.32961e-25	2.89268e-27	4.70748e-29	5.82711e-31	5.81408e-33	3.94427e-32	4.58709e-30	4.14206e-28	2.86903e-26	1.4979e-24	5.74551e-23	1.56188e-21	2.86983e-20	3.39372e-19	2.5911e-18	1.39476e-17	3.12293e-17	4.62238e-17	5.27491e-17	4.83432e-17	3.46554e-17	1.71904e-17	4.03553e-18	5.69997e-19	4.84408e-20	2.69936e-21	4.11529e-22	3.92694e-20	4.24465e-18	
6.18856e-15	4.19298e-13	2.3325e-11	1.052e-09	3.78644e-08	1.06615e-06	2.2897e-05	0.000363065	0.0040751	0.0306719	0.145181	0.412134	0.757078	1.14827	1.53304	1.89787	2.19045	2.39958	2.54126	2.62309	2.64233	2.59764	2.49174	2.32525	2.08426	1.75646	1.38133	0.986409	0.61506	0.287596	0.0830993	0.0146034	0.00165329	0.000128127	7.14184e-06	2.97531e-07	9.5439e-09	2.41262e-10	4.89534e-12	8.08969e-14	1.10145e-15	1.24696e-17	1.18222e-19	9.43707e-22	6.36683e-24	3.66242e-26	1.72004e-26	9.45935e-25	3.95405e-23	1.21229e-21	2.64272e-20	3.97689e-19	4.13074e-18	3.18489e-17	1.89794e-16	7.07438e-16	1.5474e-15	3.18695e-15	7.26401e-15	1.05699e-14	1.01539e-14	6.38143e-15	2.66669e-15	1.33476e-15	5.7616e-16	1.29092e-16	2.107e-17	2.46862e-18	2.17937e-19	1.40629e-20	6.48189e-22	2.15139e-23	5.25035e-25	9.62412e-27	1.34849e-28	1.46294e-30	1.25201e-32	1.74097e-32	1.78054e-30	1.39488e-28	8.19751e-27	3.52589e-25	1.07102e-23	2.18885e-22	2.8539e-21	2.36398e-20	1.37013e-19	3.1049e-19	4.60958e-19	5.26419e-19	4.82221e-19	3.44877e-19	1.69561e-19	3.78508e-20	4.90957e-21	3.77021e-22	6.73366e-23	6.66978e-21	7.75036e-19	7.57493e-17	
7.15038e-14	4.35379e-12	2.16396e-10	8.65448e-09	2.73525e-07	6.67684e-06	0.000122239	0.00161584	0.014678	0.0861289	0.306817	0.668591	1.08795	1.53304	1.96639	2.31711	2.58736	2.80665	2.9772	3.08249	3.1078	3.04934	2.91575	2.72436	2.4873	2.18775	1.79749	1.35767	0.913663	0.515805	0.195925	0.0448299	0.00638539	0.000603205	3.99791e-05	1.94334e-06	7.16975e-08	2.06194e-09	4.72012e-11	8.74458e-13	1.32853e-14	1.67269e-16	1.75988e-18	1.55731e-20	1.16463e-22	7.83539e-25	2.89272e-24	1.42614e-22	5.311e-21	1.45445e-19	2.84226e-18	3.86036e-17	3.6614e-16	2.59786e-15	1.41676e-14	5.03503e-14	1.08431e-13	2.14094e-13	4.50646e-13	6.39843e-13	6.16073e-13	3.99992e-13	1.82421e-13	9.39842e-14	4.11979e-14	9.85965e-15	1.74988e-15	2.24139e-16	2.16894e-17	1.54603e-18	7.9244e-20	2.93718e-21	8.02896e-23	1.65341e-24	2.61196e-26	3.20958e-28	3.09767e-30	2.367e-32	6.52921e-33	5.69149e-31	3.78074e-29	1.82869e-27	6.2179e-26	1.41474e-24	2.03446e-23	1.82718e-22	1.13815e-21	2.60699e-21	3.88051e-21	4.4344e-21	4.06044e-21	2.89809e-21	1.41373e-21	3.00891e-22	3.58645e-23	8.11013e-24	8.30888e-22	1.03864e-19	1.09551e-17	9.69615e-16	
5.78643e-13	3.16602e-11	1.40584e-09	4.98571e-08	1.38398e-06	2.9311e-05	0.000458335	0.0050724	0.0376507	0.176183	0.499188	0.928609	1.40904	1.89787	2.31711	2.65214	2.95476	3.23176	3.45507	3.59348	3.62672	3.54992	3.37435	3.12555	2.83629	2.52535	2.16228	1.70247	1.21031	0.74902	0.350075	0.100863	0.0176633	0.00199548	0.000154641	8.63863e-06	3.61481e-07	1.16723e-08	2.97684e-10	6.10745e-12	1.02289e-13	1.41495e-15	1.63171e-17	1.58027e-19	1.29269e-21	1.61939e-23	4.11723e-22	1.80784e-20	5.99841e-19	1.46599e-17	2.56393e-16	3.1361e-15	2.70865e-14	1.7623e-13	8.78002e-13	2.96186e-12	6.26652e-12	1.18719e-11	2.30851e-11	3.18976e-11	3.07928e-11	2.07158e-11	1.02871e-11	5.45914e-12	2.43653e-12	6.25516e-13	1.20975e-13	1.69977e-14	1.80837e-15	1.42703e-16	8.14597e-18	3.374e-19	1.03281e-20	2.38623e-22	4.2393e-24	5.8773e-26	6.42806e-28	5.5864e-30	3.87406e-32	2.15675e-33	1.46714e-31	8.014e-30	3.05929e-28	7.76486e-27	1.23308e-25	1.20089e-24	8.02827e-24	1.85674e-23	2.77011e-23	3.16725e-23	2.89912e-23	2.06555e-23	1.00058e-23	2.03753e-24	6.91293e-25	7.42063e-23	9.96463e-21	1.13265e-18	1.08453e-16	8.69317e-15	
3.02627e-12	1.50298e-10	6.03392e-09	1.92454e-07	4.77192e-06	8.94764e-05	0.00122463	0.0116903	0.0735284	0.286865	0.684422	1.16274	1.69504	2.19045	2.58736	2.95476	3.32561	3.67159	3.94844	4.11871	4.15946	4.06523	3.84866	3.53904	3.17798	2.80768	2.437	2.00396	1.48144	0.968542	0.511266	0.177113	0.0372332	0.00494574	0.000441497	2.79408e-05	1.30744e-06	4.67333e-08	1.30884e-09	2.93014e-11	5.32761e-13	7.96751e-15	9.90029e-17	1.03033e-18	9.05146e-21	1.03875e-21	4.91763e-20	1.92075e-18	5.67164e-17	1.23443e-15	1.92668e-14	2.11532e-13	1.65745e-12	9.84416e-12	4.46875e-11	1.42332e-10	2.95038e-10	5.36597e-10	9.64832e-10	1.2938e-09	1.2527e-09	8.75833e-10	4.72264e-10	2.58411e-10	1.17825e-10	3.26131e-11	6.89428e-12	1.06724e-12	1.2534e-13	1.0986e-14	7.00239e-16	3.24703e-17	1.11405e-18	2.88746e-20	5.7618e-22	8.99017e-24	1.10994e-25	1.09354e-27	8.64288e-30	5.49256e-32	7.57656e-34	2.96212e-32	1.275e-30	3.62135e-29	6.36472e-28	6.72724e-27	4.82237e-26	1.12509e-25	1.68196e-25	1.92403e-25	1.7606e-25	1.25243e-25	6.04148e-26	3.68878e-26	4.25666e-24	6.13794e-22	7.52606e-20	7.81355e-18	6.83133e-16	4.99437e-14	
8.84949e-12	4.21152e-10	1.61059e-08	4.85733e-07	1.12822e-05	0.000195839	0.00244477	0.0209103	0.115736	0.394771	0.848814	1.36391	1.9272	2.39958	2.80665	3.23176	3.67159	4.07838	4.40076	4.59787	4.64493	4.53605	4.28487	3.92307	3.49661	3.05809	2.64427	2.22425	1.7087	1.14745	0.654651	0.258076	0.0623297	0.00947813	0.000962875	6.8928e-05	3.62777e-06	1.45117e-07	4.52859e-09	1.12556e-10	2.2654e-12	3.74193e-14	5.12744e-16	5.87926e-18	5.87035e-20	1.09612e-19	4.90669e-18	1.70224e-16	4.46226e-15	8.61955e-14	1.19556e-12	1.17277e-11	8.29482e-11	4.47204e-10	1.84301e-09	5.5068e-09	1.11436e-08	1.94593e-08	3.24108e-08	4.20669e-08	4.0866e-08	2.97747e-08	1.73752e-08	9.81699e-09	4.5926e-09	1.37892e-09	3.19941e-10	5.48697e-11	7.1516e-12	6.99404e-13	4.99717e-14	2.60227e-15	1.00288e-16	2.9192e-18	6.54286e-20	1.14762e-21	1.59553e-23	1.77518e-25	1.591e-27	1.15301e-29	6.76357e-32	4.12497e-34	4.49283e-33	1.43401e-31	2.7986e-30	3.21562e-29	2.47044e-28	5.80995e-28	8.70137e-28	9.95793e-28	9.10969e-28	6.49156e-28	7.73374e-28	9.00842e-26	1.48997e-23	2.09848e-21	2.50766e-19	2.53153e-17	2.14636e-15	1.51682e-13	
1.61623e-11	7.566e-10	2.83916e-08	8.37362e-07	1.89296e-05	0.000317584	0.00379234	0.0305512	0.155933	0.482153	0.965805	1.5196	2.08349	2.54126	2.9772	3.45507	3.94844	4.40076	4.75699	4.97401	5.02574	4.906	4.62913	4.22848	3.75269	3.25923	2.79844	2.36842	1.87253	1.28377	0.766855	0.324583	0.0864609	0.0145817	0.00162997	0.000126848	7.17135e-06	3.04929e-07	1.00269e-08	2.60727e-10	5.458e-12	9.33211e-14	1.31849e-15	1.55405e-17	3.54581e-19	1.02054e-17	4.06831e-16	1.25018e-14	2.89812e-13	4.94379e-12	6.05863e-11	5.27735e-10	3.34744e-09	1.62665e-08	6.05667e-08	1.68451e-07	3.31175e-07	5.55025e-07	8.58747e-07	1.07635e-06	1.04948e-06	7.98536e-07	5.02247e-07	2.93623e-07	1.41741e-07	4.64994e-08	1.19064e-08	2.27815e-09	3.31801e-10	3.64257e-11	2.93318e-12	1.7232e-13	7.48588e-15	2.45302e-16	6.1832e-18	1.21928e-19	1.90677e-21	2.38997e-23	2.41963e-25	1.98883e-27	1.33068e-29	7.24788e-32	3.3383e-34	4.82164e-34	1.04715e-32	1.31132e-31	1.07959e-30	2.55769e-30	3.83684e-30	4.39265e-30	4.03292e-30	6.96219e-30	9.29312e-28	1.785e-25	2.9256e-23	4.07871e-21	4.82209e-19	4.81291e-17	4.03109e-15	2.81117e-13	
2.39264e-11	1.08548e-09	3.95804e-08	1.13686e-06	2.50686e-05	0.000410486	0.00477849	0.0373664	0.183368	0.538001	1.03223	1.61197	2.16866	2.62309	3.08249	3.59348	4.11871	4.59787	4.97401	5.20273	5.25721	5.13108	4.83911	4.41559	3.91068	3.38419	2.89222	2.4477	1.96218	1.36718	0.830315	0.365273	0.103449	0.018495	0.00216582	0.000174598	1.01376e-05	4.39949e-07	1.46991e-08	3.8709e-10	8.18683e-12	1.41166e-13	2.0086e-15	2.41211e-17	1.77704e-17	7.8955e-16	2.7836e-14	7.54486e-13	1.53811e-11	2.3014e-10	2.47274e-09	1.89719e-08	1.07019e-07	4.64551e-07	1.55291e-06	3.9824e-06	7.55639e-06	1.21394e-05	1.75201e-05	2.11753e-05	2.07285e-05	1.64884e-05	1.11221e-05	6.74837e-06	3.3873e-06	1.22468e-06	3.48546e-07	7.5068e-08	1.23256e-08	1.53107e-09	1.39957e-10	9.33448e-12	4.59435e-13	1.70136e-14	4.83544e-16	1.07342e-17	1.88849e-19	2.66372e-21	3.03896e-23	2.82213e-25	2.1418e-27	1.33068e-29	6.76345e-32	2.81665e-34	3.41954e-35	4.55518e-34	4.01988e-33	9.58869e-33	1.44059e-32	1.66335e-32	5.40236e-32	9.5732e-30	2.01309e-27	3.63382e-25	5.61885e-23	7.42611e-21	8.35991e-19	7.97767e-17	6.41264e-15	4.307e-13	
2.7266e-11	1.21355e-09	4.35091e-08	1.23168e-06	2.68327e-05	0.000435105	0.00502593	0.0390431	0.190212	0.552164	1.04779	1.63415	2.18812	2.64233	3.1078	3.62672	4.15946	4.64493	5.02574	5.25721	5.31233	5.18471	4.88919	4.4603	3.94855	3.41426	2.9147	2.46595	1.98224	1.3868	0.844595	0.375059	0.107796	0.0195235	0.00230822	0.000187351	1.09316e-05	4.76128e-07	1.59514e-08	4.20959e-10	8.91809e-12	1.53984e-13	2.19381e-15	5.11813e-17	1.26229e-15	5.01882e-14	1.55764e-12	3.70162e-11	6.58613e-10	8.56546e-09	7.98717e-08	5.34131e-07	2.65042e-06	1.01612e-05	3.02446e-05	7.07018e-05	0.000128283	0.000197064	0.000266779	0.000310914	0.000305603	0.000253954	0.000182651	0.000115546	6.09408e-05	2.45307e-05	7.83269e-06	1.92037e-06	3.59547e-07	5.10615e-08	5.3494e-09	4.08464e-10	2.29381e-11	9.65236e-13	3.10573e-14	7.78238e-16	1.54245e-17	2.44862e-19	3.1445e-21	3.29113e-23	2.82213e-25	1.98883e-27	1.15301e-29	5.49201e-32	2.14204e-34	2.02237e-36	1.27218e-35	3.05358e-35	4.65741e-35	2.61159e-34	5.80996e-32	1.38329e-29	2.82632e-27	4.95351e-25	7.44113e-23	9.56143e-21	1.04749e-18	9.73906e-17	7.63794e-15	5.01321e-13	
2.0381e-11	9.43954e-10	3.50504e-08	1.02273e-06	2.28593e-05	0.000378682	0.00445359	0.035171	0.174575	0.520048	1.01152	1.58302	2.14259	2.59764	3.04934	3.54992	4.06523	4.53605	4.906	5.13108	5.18471	5.06057	4.77329	4.35688	3.86102	3.34483	2.86271	2.42325	1.93492	1.3412	0.810939	0.352385	0.0978868	0.0171955	0.00198682	0.000158606	9.14301e-06	3.94656e-07	1.31316e-08	3.44698e-10	7.27151e-12	1.25121e-13	1.80755e-15	1.69869e-15	7.42642e-14	2.59611e-12	7.04841e-11	1.45666e-09	2.23926e-08	2.50106e-07	1.99723e-06	1.1483e-05	4.94146e-05	0.000164906	0.000432366	0.000908906	0.00155637	0.00227574	0.00290982	0.00327692	0.00323374	0.00279869	0.00213272	0.00141656	0.000796463	0.000361135	0.000130974	3.70813e-05	8.03517e-06	1.32246e-06	1.60785e-07	1.42133e-08	9.19267e-10	4.42883e-11	1.6226e-12	4.60875e-14	1.03184e-15	1.84613e-17	2.66887e-19	3.1445e-21	3.03896e-23	2.41963e-25	1.591e-27	8.64288e-30	3.87216e-32	1.42475e-34	4.61491e-37	8.3764e-38	3.34252e-37	7.54502e-35	2.28874e-32	5.92641e-30	1.31004e-27	2.47354e-25	3.98642e-23	5.47284e-21	6.37943e-19	6.28435e-17	5.1994e-15	3.58425e-13	
1.30888e-11	6.1714e-10	2.33402e-08	6.94415e-07	1.58567e-05	0.000269256	0.00326437	0.0268312	0.140745	0.450317	0.925035	1.46448	2.02994	2.49174	2.91575	3.37435	3.84866	4.28487	4.62913	4.83911	4.88919	4.77329	4.5055	4.11859	3.66028	3.18645	2.74321	2.31885	1.81599	1.23458	0.727567	0.300653	0.0772507	0.0125552	0.00135899	0.000103007	5.70098e-06	2.38284e-07	7.72661e-09	1.98608e-10	4.11772e-12	6.98634e-14	2.84527e-15	9.0989e-14	3.53686e-12	1.0799e-10	2.54316e-09	4.52151e-08	5.92541e-07	5.59414e-06	3.75895e-05	0.000182502	0.000668425	0.00190623	0.00434106	0.00808299	0.0128238	0.0177054	0.0215404	0.0235513	0.0233217	0.0208999	0.0167764	0.0118286	0.00722974	0.00373913	0.00156549	0.000521167	0.000133281	2.58819e-05	3.71284e-06	3.85629e-07	2.90848e-08	1.62047e-09	6.81313e-11	2.20641e-12	5.60347e-14	1.13292e-15	1.84613e-17	2.44862e-19	2.66372e-21	2.38997e-23	1.77518e-25	1.09354e-27	5.5864e-30	2.36158e-32	8.22375e-35	2.34565e-37	1.02597e-37	3.77604e-35	1.18473e-32	3.1571e-30	7.16395e-28	1.38569e-25	2.2839e-23	3.20224e-21	3.8079e-19	3.82332e-17	3.22197e-15	2.26132e-13	
6.21164e-12	2.98701e-10	1.1565e-08	3.5403e-07	8.37523e-06	0.000148752	0.00191184	0.0169725	0.0984039	0.353246	0.788447	1.28817	1.84367	2.32525	2.72436	3.12555	3.53904	3.92307	4.22848	4.41559	4.4603	4.35688	4.11859	3.77625	3.37434	2.96219	2.56752	2.14582	1.62405	1.08042	0.599392	0.226484	0.0520406	0.00750418	0.000722654	4.91072e-05	2.45909e-06	9.38395e-08	2.80111e-09	6.67654e-11	1.29176e-12	2.22931e-14	9.29603e-14	3.96837e-12	1.34631e-10	3.55975e-09	7.19078e-08	1.08424e-06	1.18996e-05	9.29738e-05	0.000513603	0.00205664	0.00625475	0.0149033	0.0289635	0.0471137	0.067668	0.0870993	0.101388	0.108355	0.107579	0.0990731	0.0835124	0.0635094	0.0431929	0.0257582	0.0127085	0.00508627	0.00157497	0.000369592	6.39524e-05	7.9593e-06	7.11685e-07	4.64669e-08	2.26528e-09	8.43032e-11	2.44269e-12	5.60347e-14	1.03184e-15	1.54245e-17	1.88849e-19	1.90677e-21	1.59553e-23	1.10994e-25	6.42806e-28	3.09767e-30	1.23903e-32	4.09376e-35	1.53871e-37	1.60472e-35	5.06569e-33	1.35881e-30	3.10521e-28	6.05241e-26	1.00592e-23	1.42337e-21	1.70981e-19	1.73625e-17	1.48193e-15	1.05531e-13	
1.54917e-12	8.03828e-11	3.37874e-09	1.13116e-07	2.95264e-06	5.84819e-05	0.000848744	0.0086262	0.0579772	0.241924	0.611831	1.07262	1.58519	2.08426	2.4873	2.83629	3.17798	3.49661	3.75269	3.91068	3.94855	3.86102	3.66028	3.37434	3.04203	2.69817	2.33658	1.89283	1.37778	0.885502	0.44845	0.144725	0.028332	0.00353518	0.000299035	1.80603e-05	8.11002e-07	2.79422e-08	7.57005e-10	1.64415e-11	2.92078e-13	8.2803e-14	3.6773e-12	1.37379e-10	4.03351e-09	9.13338e-08	1.55962e-06	1.95719e-05	0.000175685	0.00110436	0.00486414	0.0155838	0.0381587	0.0742321	0.120988	0.171398	0.219412	0.26018	0.289922	0.304547	0.30291	0.28508	0.252785	0.210213	0.161329	0.111127	0.0659738	0.0324912	0.012579	0.00368171	0.000791378	0.000121166	1.31294e-05	1.02226e-06	5.85703e-08	2.53069e-09	8.43032e-11	2.20641e-12	4.60875e-14	7.78238e-16	1.07342e-17	1.21928e-19	1.14762e-21	8.99017e-24	5.8773e-26	3.20958e-28	1.46294e-30	5.55008e-33	1.74417e-35	2.1596e-36	7.02481e-34	1.98389e-31	4.77668e-29	9.81887e-27	1.72323e-24	2.57893e-22	3.28294e-20	3.5413e-18	3.22011e-16	2.45151e-14	
2.59609e-13	1.47775e-11	6.84859e-10	2.5448e-08	7.43654e-07	1.66764e-05	0.000278087	0.0033106	0.0266959	0.13682	0.422402	0.825241	1.28483	1.75646	2.18775	2.52535	2.80768	3.05809	3.25923	3.38419	3.41426	3.34483	3.18645	2.96219	2.69817	2.3997	2.02816	1.56691	1.09332	0.656036	0.285422	0.0752737	0.0121228	0.00127145	9.22973e-05	4.86622e-06	1.93365e-07	5.95874e-09	1.45618e-10	2.87307e-12	1.01575e-13	2.80964e-12	1.14804e-10	3.71331e-09	9.33525e-08	1.78466e-06	2.52787e-05	0.000257558	0.00183224	0.00892656	0.0301647	0.0746713	0.14304	0.226035	0.310722	0.393523	0.463302	0.51717	0.554803	0.573735	0.571585	0.54868	0.507642	0.450574	0.377795	0.29369	0.209067	0.127775	0.0637764	0.0241978	0.00671199	0.00130918	0.000177006	1.68159e-05	1.15229e-06	5.85703e-08	2.26528e-09	6.81313e-11	1.6226e-12	3.10573e-14	4.83544e-16	6.1832e-18	6.54286e-20	5.7618e-22	4.2393e-24	2.61196e-26	1.34849e-28	5.82709e-31	2.10114e-33	6.42296e-36	4.9442e-35	1.53525e-32	4.04751e-30	9.08022e-28	1.73523e-25	2.82368e-23	3.90608e-21	4.57955e-19	4.53038e-17	3.7591e-15	
2.84912e-14	1.80813e-12	9.38981e-11	3.93587e-09	1.30885e-07	3.37842e-06	6.58243e-05	0.000933763	0.00920321	0.0594075	0.235719	0.565483	0.954903	1.38133	1.79749	2.16228	2.437	2.64427	2.79844	2.89222	2.9147	2.86271	2.74321	2.56752	2.33658	2.02816	1.63161	1.21262	0.791505	0.422737	0.144624	0.0296302	0.00382716	0.000332605	2.0529e-05	9.38364e-07	3.28051e-08	8.9942e-10	1.97247e-11	3.83337e-13	1.76245e-12	7.81958e-11	2.77093e-09	7.6841e-08	1.63225e-06	2.58749e-05	0.000296722	0.00237656	0.01286	0.0463849	0.115773	0.217256	0.331056	0.450663	0.564314	0.671394	0.767811	0.84438	0.897147	0.922608	0.919768	0.888684	0.830862	0.749886	0.650588	0.542006	0.42693	0.307733	0.195589	0.0989935	0.0369459	0.00959065	0.00168048	0.000200664	1.68159e-05	1.02226e-06	4.64669e-08	1.62047e-09	4.42883e-11	9.65236e-13	1.70136e-14	2.45302e-16	2.9192e-18	2.88746e-20	2.38623e-22	1.65341e-24	9.62412e-27	4.70748e-29	1.93225e-31	6.63377e-34	3.78079e-36	6.59875e-34	1.94703e-31	4.86581e-29	1.03231e-26	1.86062e-24	2.84711e-22	3.69097e-20	4.03966e-18	3.71395e-16	
2.06337e-15	1.46974e-13	8.6101e-12	4.09914e-10	1.56233e-08	4.6775e-07	1.0739e-05	0.000183326	0.00223605	0.0185152	0.0978671	0.313317	0.631342	0.986409	1.35767	1.70247	2.00396	2.22425	2.36842	2.4477	2.46595	2.42325	2.31885	2.14582	1.89283	1.56691	1.21262	0.839262	0.500735	0.208556	0.0529284	0.00832261	0.000860498	6.18948e-05	3.24108e-06	1.28006e-07	3.91983e-09	9.51111e-11	1.87533e-12	9.19617e-13	4.2967e-11	1.66182e-09	5.06256e-08	1.18963e-06	2.10109e-05	0.000270145	0.00243329	0.0147163	0.0577426	0.148395	0.275067	0.416917	0.570393	0.72746	0.878975	1.01655	1.12938	1.21494	1.27197	1.29914	1.29612	1.26291	1.20004	1.10894	0.990831	0.849408	0.696322	0.539359	0.387184	0.248542	0.126285	0.0454589	0.010794	0.00168048	0.000177006	1.31294e-05	7.11685e-07	2.90848e-08	9.19267e-10	2.29381e-11	4.59435e-13	7.48588e-15	1.00288e-16	1.11405e-18	1.03281e-20	8.02896e-23	5.25035e-25	2.89268e-27	1.3428e-29	5.24337e-32	1.71667e-34	1.777e-35	5.78358e-33	1.62757e-30	3.87086e-28	7.79662e-26	1.33058e-23	1.92211e-21	2.34444e-19	2.40498e-17	
1.02706e-16	8.22077e-15	5.43531e-13	2.93827e-11	1.28207e-09	4.44263e-08	1.19785e-06	2.44885e-05	0.000367281	0.00387529	0.0273162	0.12169	0.333814	0.61506	0.913663	1.21031	1.48144	1.7087	1.87253	1.96218	1.98224	1.93492	1.81599	1.62405	1.37778	1.09332	0.791505	0.500735	0.234335	0.0704162	0.0132258	0.00161461	0.000134921	8.08119e-06	3.6017e-07	1.23047e-08	3.29902e-10	7.0782e-12	4.8159e-13	1.87433e-11	7.89322e-10	2.63545e-08	6.83657e-07	1.34338e-05	0.000193683	0.00196895	0.013456	0.0588921	0.162206	0.306714	0.475595	0.663963	0.85715	1.05159	1.22729	1.37833	1.50473	1.60485	1.67398	1.7078	1.70401	1.66286	1.58713	1.48141	1.35005	1.19404	1.01381	0.818106	0.625712	0.439552	0.276127	0.136474	0.0454589	0.00959065	0.00130918	0.000121166	7.9593e-06	3.85629e-07	1.42133e-08	4.08464e-10	9.33448e-12	1.7232e-13	2.60227e-15	3.24703e-17	3.374e-19	2.93718e-21	2.15139e-23	1.32961e-25	6.94226e-28	3.06161e-30	1.1383e-32	3.58453e-35	1.13845e-34	3.63507e-32	9.75917e-30	2.20935e-27	4.22538e-25	6.82823e-23	9.31135e-21	1.06843e-18	
3.66434e-18	3.29386e-16	2.45387e-14	1.50201e-12	7.47111e-11	2.97829e-09	9.35138e-08	2.26285e-06	4.10615e-05	0.000539936	0.0049335	0.0298735	0.115329	0.287596	0.515805	0.74902	0.968542	1.14745	1.28377	1.36718	1.3868	1.3412	1.23458	1.08042	0.885502	0.656036	0.422737	0.208556	0.0704162	0.0154283	0.00220895	0.000214504	1.47357e-05	7.43545e-07	2.84271e-08	8.44394e-10	1.98856e-11	4.89497e-13	6.35231e-12	2.90799e-10	1.06349e-08	3.04524e-07	6.6642e-06	0.000108081	0.0012491	0.00979462	0.0492751	0.152909	0.309672	0.49873	0.714421	0.943586	1.17531	1.38837	1.58507	1.76762	1.93007	2.06236	2.15476	2.20018	2.19508	2.13986	2.03881	1.89965	1.73241	1.54673	1.34719	1.13046	0.896419	0.670447	0.457797	0.276127	0.126285	0.0369459	0.00671199	0.000791378	6.39524e-05	3.71284e-06	1.60785e-07	5.3494e-09	1.39957e-10	2.93318e-12	4.99717e-14	7.00239e-16	8.14597e-18	7.9244e-20	6.48189e-22	4.47555e-24	2.61489e-26	1.29405e-28	5.42151e-31	1.91889e-33	7.26738e-36	5.68286e-34	1.73439e-31	4.43756e-29	9.5512e-27	1.73213e-24	2.64651e-22	3.40105e-20	
9.69741e-20	9.78244e-18	8.1965e-16	5.66301e-14	3.19614e-12	1.45615e-10	5.27616e-09	1.49247e-07	3.2206e-06	5.1523e-05	0.000590215	0.0046522	0.0242992	0.0830993	0.195925	0.350075	0.511266	0.654651	0.766855	0.830315	0.844595	0.810939	0.727567	0.599392	0.44845	0.285422	0.144624	0.0529284	0.0132258	0.00220895	0.00025018	1.98461e-05	1.142e-06	4.91899e-08	1.6284e-09	4.23346e-11	9.06057e-13	1.63732e-12	8.09778e-11	3.24883e-09	1.02926e-07	2.51757e-06	4.61988e-05	0.00061305	0.00561277	0.033489	0.12338	0.283614	0.483256	0.719097	0.977379	1.24153	1.49342	1.74101	1.98854	2.22612	2.43845	2.61051	2.73005	2.78859	2.78202	2.71081	2.57996	2.39876	2.18011	1.93936	1.69132	1.44381	1.18987	0.923494	0.670447	0.439552	0.248542	0.0989935	0.0241978	0.00368171	0.000369592	2.58819e-05	1.32246e-06	5.10615e-08	1.53107e-09	3.64257e-11	6.99404e-13	1.0986e-14	1.42703e-16	1.54603e-18	1.40629e-20	1.07935e-22	7.0144e-25	3.86769e-27	1.81065e-29	7.1912e-32	2.41749e-34	7.09534e-36	2.24301e-33	6.52813e-31	1.58908e-28	3.24569e-26	5.5699e-24	8.0277e-22	
1.95413e-21	2.21186e-19	2.08164e-17	1.61922e-15	1.03278e-13	5.34647e-12	2.21767e-10	7.25295e-09	1.83345e-07	3.49544e-06	4.87848e-05	0.000481509	0.0032445	0.0146034	0.0448299	0.100863	0.177113	0.258076	0.324583	0.365273	0.375059	0.352385	0.300653	0.226484	0.144725	0.0752737	0.0296302	0.00832261	0.00161461	0.000214504	1.98461e-05	1.31631e-06	6.45154e-08	2.40109e-09	6.94345e-11	1.59449e-12	3.33567e-13	1.66153e-11	7.34832e-10	2.59014e-08	7.129e-07	1.49293e-05	0.000230101	0.00250094	0.0181626	0.0829565	0.230578	0.431132	0.677655	0.954784	1.24764	1.53424	1.82922	2.14032	2.45566	2.75581	3.02106	3.23409	3.38121	3.45301	3.44497	3.35757	3.19638	2.97168	2.69797	2.39315	2.07717	1.76879	1.477	1.18987	0.896419	0.625712	0.387184	0.195589	0.0637764	0.012579	0.00157497	0.000133281	8.03517e-06	3.59547e-07	1.23256e-08	3.31801e-10	7.1516e-12	1.2534e-13	1.80837e-15	2.16894e-17	2.17937e-19	1.84556e-21	1.32299e-23	8.05232e-26	4.16803e-28	1.83535e-30	6.86764e-33	2.18327e-35	2.15949e-35	7.18873e-33	1.99136e-30	4.60206e-28	8.89928e-26	1.44144e-23	
3.0576e-23	3.88591e-21	4.1058e-19	3.58958e-17	2.57954e-15	1.51036e-13	7.12495e-12	2.6701e-10	7.81091e-09	1.74546e-07	2.90211e-06	3.48033e-05	0.00029112	0.00165329	0.00638539	0.0176633	0.0372332	0.0623297	0.0864609	0.103449	0.107796	0.0978868	0.0772507	0.0520406	0.028332	0.0121228	0.00382716	0.000860498	0.000134921	1.47357e-05	1.142e-06	6.45154e-08	2.73034e-09	8.869e-11	2.25758e-12	8.71721e-14	2.49347e-12	1.22479e-10	4.84126e-09	1.51166e-07	3.64374e-06	6.58342e-05	0.00085839	0.00769177	0.0446101	0.158253	0.350128	0.591924	0.878223	1.19327	1.50694	1.83749	2.20062	2.58595	2.9716	3.33399	3.65117	3.9042	4.07817	4.16288	4.15339	4.05026	3.85951	3.59231	3.26446	2.89559	2.5081	2.12559	1.76879	1.44381	1.13046	0.818106	0.539359	0.307733	0.127775	0.0324912	0.00508627	0.000521167	3.70813e-05	1.92037e-06	7.5068e-08	2.27815e-09	5.48697e-11	1.06724e-12	1.69977e-14	2.24139e-16	2.46862e-18	2.2866e-20	1.79061e-22	1.18994e-24	6.72683e-27	3.23845e-29	1.32742e-31	4.62504e-34	1.52064e-36	6.00464e-35	1.90807e-32	5.01961e-30	1.09866e-27	2.00603e-25	
3.76815e-25	5.3861e-23	6.3922e-21	6.27674e-19	5.07194e-17	3.34748e-15	1.78693e-13	7.61934e-12	2.5547e-10	6.60575e-09	1.2861e-07	1.83202e-06	1.84839e-05	0.000128127	0.000603205	0.00199548	0.00494574	0.00947813	0.0145817	0.018495	0.0195235	0.0171955	0.0125552	0.00750418	0.00353518	0.00127145	0.000332605	6.18948e-05	8.08119e-06	7.43545e-07	4.91899e-08	2.40109e-09	8.869e-11	2.53465e-12	6.13415e-14	2.83861e-13	1.54815e-11	6.87702e-10	2.43965e-08	6.77367e-07	1.43469e-05	0.000224319	0.002482	0.0184253	0.0864287	0.247717	0.4761	0.756647	1.08067	1.41415	1.7646	2.16021	2.59815	3.0567	3.50965	3.93116	4.29754	4.58843	4.78779	4.88469	4.87384	4.75584	4.53713	4.22971	3.85055	3.42077	2.96459	2.5081	2.07717	1.69132	1.34719	1.01381	0.696322	0.42693	0.209067	0.0659738	0.0127085	0.00156549	0.000130974	7.83269e-06	3.48546e-07	1.19064e-08	3.19941e-10	6.89428e-12	1.20975e-13	1.74988e-15	2.107e-17	2.12822e-19	1.81407e-21	1.31069e-23	8.05141e-26	4.21208e-28	1.87727e-30	7.12053e-33	2.29274e-35	4.45051e-37	1.40982e-34	4.25568e-32	1.06057e-29	2.19241e-27	
3.69411e-27	5.95553e-25	7.95138e-23	8.77232e-21	7.96369e-19	5.91179e-17	3.55811e-15	1.71705e-13	6.5502e-12	1.94047e-10	4.36642e-09	7.26352e-08	8.65283e-07	7.14184e-06	3.99791e-05	0.000154641	0.000441497	0.000962875	0.00162997	0.00216582	0.00230822	0.00198682	0.00135899	0.000722654	0.000299035	9.22973e-05	2.0529e-05	3.24108e-06	3.6017e-07	2.84271e-08	1.6284e-09	6.94345e-11	2.25701e-12	5.74231e-14	2.5198e-14	1.45849e-12	7.24798e-11	2.91164e-09	9.29274e-08	2.30564e-06	4.32617e-05	0.000592583	0.00566335	0.0357023	0.140097	0.339672	0.597749	0.916503	1.26373	1.62091	2.0253	2.4905	2.99971	3.52603	4.0409	4.51671	4.92822	5.2538	5.47643	5.5845	5.57241	5.44078	5.19645	4.85216	4.42592	3.94019	3.42077	2.89559	2.39315	1.93936	1.54673	1.19404	0.849408	0.542006	0.29369	0.111127	0.0257582	0.00373913	0.000361135	2.45307e-05	1.22468e-06	4.64994e-08	1.37892e-09	3.26131e-11	6.25516e-13	9.85965e-15	1.29092e-16	1.41597e-18	1.3099e-20	1.02729e-22	6.85564e-25	3.90272e-27	1.89746e-29	7.8783e-32	2.78957e-34	8.41772e-37	8.07479e-37	2.81887e-34	8.06223e-32	1.89802e-29	
2.89892e-29	5.29325e-27	7.9723e-25	9.89642e-23	1.00957e-20	8.42104e-19	5.70121e-17	3.10196e-15	1.33899e-13	4.5107e-12	1.1615e-10	2.2277e-09	3.08395e-08	2.97531e-07	1.94334e-06	8.63863e-06	2.79408e-05	6.8928e-05	0.000126848	0.000174598	0.000187351	0.000158606	0.000103007	4.91072e-05	1.80603e-05	4.86622e-06	9.38364e-07	1.28006e-07	1.23047e-08	8.44394e-10	4.23343e-11	1.58992e-12	4.57758e-14	2.13422e-15	7.82294e-14	4.5685e-12	2.17581e-10	8.32271e-09	2.50896e-07	5.82028e-06	0.000100792	0.00125335	0.0106562	0.0584976	0.198019	0.428694	0.714737	1.06186	1.42303	1.81602	2.27856	2.80826	3.38108	3.96745	4.53709	5.06087	5.51223	5.86843	6.11158	6.2295	6.21631	6.07266	5.80574	5.42891	4.9611	4.42592	3.85055	3.26446	2.69797	2.18011	1.73241	1.35005	0.990831	0.650588	0.377795	0.161329	0.0431929	0.00722974	0.000796463	6.09408e-05	3.3873e-06	1.41741e-07	4.5926e-09	1.17825e-10	2.43653e-12	4.11979e-14	5.7616e-16	6.72632e-18	6.60307e-20	5.48153e-22	3.86419e-24	2.31975e-26	1.18771e-28	5.18755e-31	1.93062e-33	6.10605e-36	1.98846e-38	1.45901e-36	4.83924e-34	1.30766e-31	
