-0.193427	0.0363654	0.309197	0.632498	0.990788	1.35592	1.69241	1.99566	2.23112	2.37785	2.43738	2.38206	2.21037	1.95758	1.63558	1.25202	0.855448	0.520257	0.288878	0.159061	0.105162	0.102208	0.133575	0.191292	0.272356	0.374091	0.49385	0.630819	0.778388	0.930559	1.08166	1.22496	1.35173	1.45109	1.51283	1.52717	1.48608	1.39274	1.26062	1.09315	0.88362	0.643686	0.412376	0.229753	0.111159	0.046894	0.0173826	0.0057489	0.00179231	0.000665365	0.000463099	0.000547776	0.000733519	0.000978109	0.00131492	0.0019527	0.0036815	0.00898419	0.0244169	0.0641721	0.152067	0.315065	0.562556	0.862141	1.14475	1.35324	1.4776	1.51725	1.44493	1.25719	0.989356	0.654364	0.275205	-0.0994039	-0.452771	-0.752469	-0.973611	-1.11095	-1.16394	-1.14287	-1.06072	-0.946897	-0.819661	-0.708276	-0.620039	-0.559494	-0.518302	-0.488536	-0.475492	-0.470848	-0.472441	-0.484949	-0.508604	-0.540141	-0.580901	-0.620742	-0.645353	-0.625555	-0.539232	-0.388772	
0.0363654	0.299359	0.610723	0.939551	1.25775	1.55314	1.81415	2.03043	2.16469	2.21293	2.17093	2.01475	1.76607	1.45783	1.09231	0.685086	0.297496	-0.00446556	-0.200002	-0.303832	-0.342866	-0.34091	-0.307324	-0.249829	-0.168121	-0.0618418	0.0662316	0.216216	0.387183	0.571649	0.762676	0.951221	1.1288	1.28522	1.41029	1.49584	1.53072	1.49913	1.40357	1.26525	1.08922	0.866939	0.615218	0.380475	0.203434	0.0942107	0.0381099	0.0137568	0.00479046	0.00211591	0.00170138	0.00205216	0.00268329	0.00344348	0.00429076	0.00529726	0.00689554	0.0106411	0.0210221	0.0486559	0.113466	0.242518	0.455017	0.73683	1.03055	1.26993	1.42968	1.51379	1.50243	1.37476	1.15703	0.870502	0.522882	0.158478	-0.197636	-0.522939	-0.790732	-0.995197	-1.11245	-1.16513	-1.14747	-1.08936	-0.999842	-0.906734	-0.813968	-0.740911	-0.685529	-0.64729	-0.623691	-0.615291	-0.621301	-0.638748	-0.67052	-0.706842	-0.742805	-0.757708	-0.714553	-0.604464	-0.421075	-0.20594	
0.309197	0.610723	0.924546	1.20187	1.46453	1.69307	1.87249	1.98644	2.01119	1.95856	1.81719	1.57866	1.27996	0.9364	0.546187	0.14012	-0.211171	-0.46478	-0.617551	-0.694255	-0.720903	-0.716829	-0.688209	-0.638023	-0.566547	-0.471074	-0.348195	-0.202155	-0.0289182	0.167984	0.384414	0.611361	0.83787	1.0509	1.23651	1.38148	1.48263	1.53066	1.50188	1.40064	1.25416	1.06499	0.825986	0.564553	0.333793	0.1702	0.0755094	0.0300333	0.011903	0.00630332	0.00567966	0.00689193	0.00880366	0.0110051	0.0133078	0.015622	0.0180738	0.0214899	0.0286709	0.0469795	0.0918662	0.187915	0.360151	0.611703	0.90324	1.16763	1.3614	1.48435	1.52995	1.46846	1.30677	1.07447	0.773436	0.433326	0.087461	-0.254023	-0.546824	-0.793817	-0.980351	-1.09713	-1.15776	-1.15988	-1.12778	-1.07065	-1.00715	-0.946281	-0.891841	-0.85487	-0.829753	-0.817337	-0.826521	-0.843668	-0.866931	-0.893535	-0.888525	-0.833015	-0.69744	-0.488478	-0.234635	0.0313583	
0.632498	0.939551	1.20187	1.43355	1.63654	1.77171	1.84974	1.8537	1.77928	1.64254	1.42087	1.13005	0.802144	0.437499	0.0431963	-0.330591	-0.624585	-0.819503	-0.926909	-0.977189	-0.994557	-0.989357	-0.971815	-0.935517	-0.881911	-0.807973	-0.706716	-0.576029	-0.415411	-0.224376	-0.00608541	0.235178	0.490941	0.748789	0.994226	1.2085	1.36893	1.47945	1.5308	1.49484	1.38409	1.22649	1.01849	0.760791	0.495592	0.278499	0.136179	0.0603709	0.0277256	0.0174621	0.0170538	0.0205758	0.0256202	0.0312181	0.036878	0.0422645	0.0471949	0.0519169	0.0579333	0.0698951	0.0988107	0.164906	0.294556	0.504304	0.776441	1.05378	1.27812	1.43423	1.52689	1.53182	1.43225	1.2562	1.01306	0.709145	0.39023	0.0606042	-0.259354	-0.53096	-0.763264	-0.935348	-1.05769	-1.12703	-1.15748	-1.15352	-1.13169	-1.09863	-1.06839	-1.04214	-1.02403	-1.0182	-1.018	-1.02712	-1.03176	-1.01315	-0.944141	-0.794205	-0.56146	-0.267752	0.0321062	0.331578	
0.990788	1.25775	1.46453	1.63654	1.73722	1.77245	1.75561	1.65985	1.50751	1.29578	1.01023	0.691994	0.352099	-0.0101524	-0.376284	-0.687387	-0.908492	-1.03622	-1.09931	-1.12514	-1.13339	-1.13244	-1.12618	-1.1125	-1.08682	-1.04214	-0.977707	-0.881383	-0.751421	-0.580836	-0.374199	-0.132962	0.132365	0.414913	0.69453	0.966025	1.20204	1.37243	1.48754	1.5302	1.47741	1.35405	1.18014	0.947966	0.674936	0.417499	0.226138	0.113135	0.0608378	0.0444587	0.0455956	0.0541817	0.0656096	0.0778541	0.0898711	0.100959	0.110605	0.118597	0.125512	0.133952	0.151053	0.191849	0.280148	0.439965	0.674102	0.945223	1.19143	1.37579	1.50215	1.56408	1.53088	1.41001	1.2291	0.979983	0.686506	0.388054	0.0795519	-0.211958	-0.470422	-0.689661	-0.860438	-0.98629	-1.06962	-1.12067	-1.14607	-1.15168	-1.14848	-1.14047	-1.13568	-1.13164	-1.12824	-1.11991	-1.09135	-1.01493	-0.863765	-0.617428	-0.299035	0.0408055	0.366419	0.682439	
1.35592	1.55314	1.69307	1.77171	1.77245	1.72272	1.60366	1.41937	1.2023	0.923421	0.613349	0.298026	-0.0271385	-0.362825	-0.668348	-0.896684	-1.03111	-1.09543	-1.11795	-1.12266	-1.1256	-1.13096	-1.13641	-1.14653	-1.15245	-1.1489	-1.12597	-1.07696	-0.995606	-0.87005	-0.699616	-0.479232	-0.219605	0.0739727	0.383443	0.681453	0.973073	1.21737	1.39193	1.50368	1.52431	1.44948	1.31082	1.11416	0.857922	0.582576	0.351216	0.200169	0.125453	0.102563	0.107522	0.124909	0.146801	0.169485	0.191097	0.210505	0.226912	0.239816	0.249226	0.256388	0.265478	0.28655	0.338347	0.445989	0.626916	0.868144	1.11934	1.32647	1.47537	1.57471	1.60424	1.54127	1.41059	1.22829	0.984315	0.70839	0.426128	0.143523	-0.120707	-0.360555	-0.566208	-0.736196	-0.86618	-0.963319	-1.02989	-1.07668	-1.104	-1.11897	-1.12631	-1.126	-1.11617	-1.08497	-1.01223	-0.86985	-0.630006	-0.303661	0.0691897	0.430014	0.767268	1.08177	
1.69241	1.81415	1.87249	1.84974	1.75561	1.60366	1.38787	1.15043	0.87689	0.567596	0.270086	-0.0274613	-0.323828	-0.607182	-0.822641	-0.953573	-1.00893	-1.01897	-1.0105	-1.00044	-1.00102	-1.0087	-1.02917	-1.05758	-1.09031	-1.1276	-1.15299	-1.15933	-1.13114	-1.06277	-0.940934	-0.76824	-0.534544	-0.261702	0.0603781	0.390987	0.711101	1.01392	1.25419	1.42726	1.52161	1.51107	1.41572	1.25957	1.03854	0.771465	0.518867	0.33685	0.240567	0.211453	0.221887	0.250628	0.28552	0.320619	0.353115	0.381543	0.405023	0.423008	0.435308	0.442434	0.446592	0.453809	0.477012	0.537509	0.658914	0.849199	1.08138	1.30093	1.4685	1.58598	1.65768	1.65694	1.57374	1.437	1.25609	1.02793	0.773659	0.510658	0.25302	0.0115331	-0.206104	-0.396219	-0.556035	-0.685943	-0.786175	-0.860686	-0.914732	-0.950873	-0.968255	-0.971847	-0.950519	-0.893463	-0.773636	-0.562629	-0.25192	0.130486	0.523911	0.88291	1.20529	1.48632	
1.99566	2.03043	1.98644	1.8537	1.65985	1.41937	1.15043	0.864014	0.54583	0.251822	-0.0226356	-0.282046	-0.528263	-0.719124	-0.837434	-0.877456	-0.87498	-0.844658	-0.820193	-0.804739	-0.796958	-0.809592	-0.837211	-0.87658	-0.932287	-0.995701	-1.06261	-1.12432	-1.15915	-1.15964	-1.09959	-0.983426	-0.794808	-0.546229	-0.25067	0.0923418	0.439646	0.781378	1.08173	1.31417	1.4769	1.54053	1.5027	1.39476	1.22256	0.988391	0.738186	0.537859	0.422696	0.385635	0.399099	0.436956	0.4826	0.527646	0.568385	0.60323	0.631454	0.652699	0.66684	0.674098	0.675548	0.674416	0.678507	0.703008	0.770083	0.899354	1.08868	1.30166	1.48674	1.61917	1.70813	1.75259	1.72805	1.63259	1.49077	1.31325	1.10427	0.875784	0.640473	0.409527	0.191788	-0.00471822	-0.176886	-0.322539	-0.444179	-0.538344	-0.609059	-0.658351	-0.68505	-0.68683	-0.654678	-0.569033	-0.402548	-0.132599	0.230896	0.63976	1.02454	1.36048	1.64998	1.8733	
2.23112	2.16469	2.01119	1.77928	1.50751	1.2023	0.87689	0.54583	0.243724	-0.0127945	-0.248373	-0.455538	-0.624159	-0.717178	-0.746283	-0.724097	-0.684132	-0.648604	-0.617568	-0.60213	-0.597374	-0.606995	-0.631474	-0.670544	-0.728068	-0.802656	-0.89745	-0.993482	-1.08576	-1.14655	-1.16508	-1.11311	-0.994651	-0.788501	-0.518111	-0.18927	0.168852	0.536618	0.887248	1.17856	1.40604	1.54865	1.58434	1.53698	1.42425	1.24094	1.01335	0.806293	0.672346	0.620431	0.628021	0.666574	0.715631	0.764329	0.807981	0.84485	0.87436	0.89635	0.91081	0.917869	0.91802	0.912802	0.906344	0.907898	0.933969	1.00588	1.13797	1.31968	1.5106	1.66577	1.77029	1.83432	1.8552	1.81526	1.7148	1.57147	1.39883	1.20645	1.00426	0.801144	0.602776	0.41566	0.245435	0.0971078	-0.0295907	-0.133897	-0.213755	-0.269525	-0.300604	-0.29865	-0.253063	-0.138276	0.0717694	0.388363	0.783201	1.18745	1.54306	1.84008	2.07438	2.21008	
2.37785	2.21293	1.95856	1.64254	1.29578	0.923421	0.567596	0.251822	-0.0127945	-0.235547	-0.420773	-0.557934	-0.626375	-0.634178	-0.601675	-0.561778	-0.522454	-0.493466	-0.472757	-0.461054	-0.461019	-0.466174	-0.47898	-0.508606	-0.549283	-0.608797	-0.698922	-0.81258	-0.943018	-1.05912	-1.14294	-1.16411	-1.10992	-0.969551	-0.74593	-0.44184	-0.0841029	0.297401	0.686704	1.03709	1.33089	1.55559	1.67766	1.70298	1.65475	1.52822	1.33221	1.1231	0.966199	0.889029	0.879032	0.908317	0.953332	1.00036	1.04314	1.07933	1.10823	1.12969	1.14373	1.15045	1.15005	1.1432	1.13181	1.12074	1.12023	1.1471	1.22064	1.35014	1.51995	1.69038	1.82334	1.9081	1.95252	1.9557	1.90791	1.80942	1.67165	1.5079	1.33081	1.15203	0.978822	0.814484	0.661925	0.524872	0.406816	0.307532	0.229323	0.174607	0.146606	0.154699	0.216389	0.357981	0.603377	0.949474	1.34751	1.7222	2.03099	2.27026	2.42411	2.457	
2.43738	2.17093	1.81719	1.42087	1.01023	0.613349	0.270086	-0.0226356	-0.248373	-0.420773	-0.531109	-0.574219	-0.561345	-0.522589	-0.483226	-0.45424	-0.432786	-0.420807	-0.413927	-0.410046	-0.409021	-0.411121	-0.415565	-0.426823	-0.445223	-0.479238	-0.53546	-0.630449	-0.762053	-0.913038	-1.05213	-1.14362	-1.16471	-1.08793	-0.915585	-0.653951	-0.310162	0.0800006	0.500956	0.910689	1.27571	1.58382	1.79598	1.89697	1.90821	1.83124	1.66458	1.45363	1.27112	1.16258	1.12825	1.14314	1.18098	1.22455	1.26533	1.30002	1.32765	1.34805	1.36133	1.36761	1.36702	1.35982	1.34673	1.32989	1.31459	1.31132	1.33619	1.40591	1.52603	1.67961	1.83103	1.94803	2.01995	2.05093	2.04245	1.99159	1.89958	1.77385	1.62541	1.46741	1.31212	1.16678	1.03411	0.914967	0.811486	0.724859	0.656157	0.608525	0.588	0.606029	0.684718	0.851206	1.12354	1.48274	1.86404	2.19538	2.44724	2.61779	2.68142	2.61324	
2.38206	2.01475	1.57866	1.13005	0.691994	0.298026	-0.0274613	-0.282046	-0.455538	-0.557934	-0.574219	-0.541804	-0.482579	-0.44438	-0.425327	-0.425201	-0.421437	-0.416518	-0.414874	-0.412011	-0.413873	-0.415232	-0.414237	-0.41906	-0.425705	-0.429674	-0.446226	-0.496811	-0.602141	-0.751998	-0.921072	-1.06673	-1.15049	-1.14881	-1.03602	-0.816933	-0.493886	-0.0978481	0.352898	0.821359	1.25896	1.64475	1.93704	2.10382	2.16192	2.12277	1.98199	1.77315	1.5698	1.43152	1.3717	1.3698	1.39767	1.43485	1.47076	1.50131	1.52535	1.54284	1.55409	1.55935	1.55879	1.55248	1.54055	1.52361	1.50372	1.486	1.48036	1.50107	1.56201	1.66658	1.79958	1.93145	2.03497	2.09813	2.121	2.10587	2.05421	1.96909	1.8567	1.72673	1.59167	1.46305	1.34762	1.24714	1.16132	1.09043	1.03509	0.99831	0.987745	1.0183	1.11459	1.30387	1.5952	1.95385	2.30505	2.58352	2.77122	2.86361	2.82925	2.65791	
2.21037	1.76607	1.27996	0.802144	0.352099	-0.0271385	-0.323828	-0.528263	-0.624159	-0.626375	-0.561345	-0.482579	-0.43018	-0.422806	-0.435651	-0.434722	-0.42302	-0.411257	-0.411166	-0.405487	-0.400229	-0.407646	-0.410566	-0.41467	-0.427619	-0.440791	-0.435351	-0.438994	-0.48747	-0.608004	-0.777747	-0.959634	-1.09963	-1.15645	-1.10035	-0.925845	-0.623903	-0.219084	0.263128	0.784406	1.28347	1.72947	2.0826	2.30163	2.39779	2.39122	2.27751	2.07734	1.85907	1.69205	1.60279	1.57735	1.58787	1.61204	1.63773	1.65992	1.67708	1.68929	1.69703	1.70058	1.70019	1.69585	1.68738	1.67476	1.65825	1.63956	1.62334	1.61803	1.63527	1.68595	1.77239	1.88259	1.9936	2.08312	2.13854	2.15662	2.13874	2.08782	2.00794	1.90546	1.79042	1.67561	1.57228	1.48628	1.4178	1.36491	1.32643	1.30439	1.30704	1.35192	1.46554	1.6731	1.97352	2.31815	2.62733	2.84525	2.96307	2.97122	2.83911	2.57317	
1.95758	1.45783	0.9364	0.437499	-0.0101524	-0.362825	-0.607182	-0.719124	-0.717178	-0.634178	-0.522589	-0.44438	-0.422806	-0.437924	-0.444696	-0.419125	-0.394647	-0.382209	-0.373607	-0.365433	-0.362888	-0.369384	-0.377425	-0.386059	-0.403328	-0.432724	-0.447953	-0.43613	-0.441917	-0.509333	-0.653913	-0.841332	-1.01454	-1.12459	-1.11777	-0.976842	-0.68709	-0.271516	0.237026	0.796722	1.33618	1.82042	2.21866	2.48433	2.61746	2.64084	2.55091	2.35743	2.12213	1.92194	1.79642	1.74009	1.72736	1.73459	1.7475	1.75929	1.76814	1.77418	1.77782	1.77939	1.77923	1.77729	1.77321	1.76666	1.75724	1.74478	1.73057	1.71871	1.71582	1.7308	1.77172	1.84039	1.92799	2.01746	2.09125	2.13745	2.15122	2.13273	2.08435	2.00937	1.91352	1.80744	1.70539	1.61973	1.55592	1.51286	1.48732	1.47904	1.49546	1.55504	1.68502	1.90688	2.20943	2.53298	2.79733	2.95751	3.01061	2.94261	2.72829	2.38752	
1.63558	1.09231	0.546187	0.0431963	-0.376284	-0.668348	-0.822641	-0.837434	-0.746283	-0.601675	-0.483226	-0.425327	-0.435651	-0.444696	-0.420769	-0.365936	-0.344879	-0.348759	-0.333443	-0.330101	-0.332888	-0.327885	-0.341653	-0.348427	-0.345507	-0.389397	-0.433684	-0.447785	-0.430651	-0.455873	-0.557033	-0.733401	-0.92103	-1.06067	-1.08198	-0.963647	-0.680874	-0.256501	0.262383	0.838907	1.40242	1.91422	2.35048	2.65829	2.82189	2.86358	2.78465	2.58958	2.33424	2.1001	1.93748	1.84946	1.81282	1.80214	1.80042	1.79998	1.79924	1.79808	1.79672	1.79605	1.79614	1.79699	1.79838	1.79925	1.79919	1.79719	1.7921	1.78483	1.77854	1.77812	1.79006	1.82045	1.87114	1.93602	2.00289	2.05822	2.09149	2.09779	2.07713	2.03133	1.96174	1.87179	1.77159	1.67702	1.60216	1.55291	1.52804	1.52587	1.55213	1.62459	1.76952	2.00351	2.30567	2.60794	2.8322	2.94332	2.94119	2.8081	2.52508	2.12166	
1.25202	0.685086	0.14012	-0.330591	-0.687387	-0.896684	-0.953573	-0.877456	-0.724097	-0.561778	-0.45424	-0.425201	-0.434722	-0.419125	-0.365936	-0.335836	-0.34174	-0.350193	-0.324762	-0.329379	-0.341554	-0.321258	-0.336232	-0.350081	-0.336404	-0.344247	-0.386808	-0.433351	-0.429861	-0.435323	-0.494601	-0.644065	-0.818951	-0.969249	-1.00332	-0.889693	-0.612443	-0.18969	0.321905	0.898748	1.48172	2.01912	2.48239	2.8157	2.99406	3.04088	2.964	2.76471	2.49136	2.22579	2.02687	1.90588	1.84181	1.80845	1.78766	1.77248	1.76014	1.75004	1.74269	1.73933	1.73971	1.74385	1.75182	1.76214	1.77384	1.7861	1.7973	1.80491	1.80922	1.81158	1.81514	1.82387	1.84272	1.87381	1.91385	1.95516	1.98759	2.002	1.99386	1.96426	1.91596	1.84872	1.76271	1.66661	1.57747	1.51105	1.47437	1.46862	1.49868	1.58054	1.73771	1.98089	2.28009	2.561	2.74881	2.81645	2.76478	2.57377	2.23196	1.77815	
0.855448	0.297496	-0.211171	-0.624585	-0.908492	-1.03111	-1.00893	-0.87498	-0.684132	-0.522454	-0.432786	-0.421437	-0.42302	-0.394647	-0.344879	-0.34174	-0.352184	-0.343058	-0.324485	-0.329554	-0.337026	-0.322625	-0.33346	-0.347248	-0.350024	-0.338413	-0.361253	-0.412454	-0.421352	-0.420824	-0.449862	-0.564592	-0.718919	-0.853469	-0.882782	-0.766053	-0.5034	-0.0972297	0.405387	0.983207	1.57955	2.12873	2.59937	2.94139	3.12559	3.1728	3.09343	2.88539	2.5902	2.29003	2.05204	1.89443	1.79926	1.74083	1.70087	1.67094	1.64615	1.62651	1.61366	1.60712	1.60786	1.61569	1.62976	1.65032	1.67469	1.70155	1.73054	1.75869	1.78361	1.80395	1.81958	1.83112	1.84006	1.84964	1.86142	1.87489	1.88677	1.89079	1.87934	1.84774	1.79866	1.73745	1.66336	1.57369	1.47608	1.38911	1.33047	1.31005	1.33542	1.42097	1.58611	1.8348	2.12882	2.38951	2.54601	2.57803	2.4871	2.25311	1.87309	1.39353	
0.520257	-0.00446556	-0.46478	-0.819503	-1.03622	-1.09543	-1.01897	-0.844658	-0.648604	-0.493466	-0.420807	-0.416518	-0.411257	-0.382209	-0.348759	-0.350193	-0.343058	-0.309582	-0.311918	-0.310104	-0.303101	-0.314078	-0.308789	-0.319832	-0.351853	-0.345162	-0.360314	-0.394576	-0.413489	-0.406143	-0.417328	-0.493311	-0.612058	-0.712972	-0.730963	-0.619778	-0.37288	0.0161605	0.512559	1.08998	1.68406	2.22701	2.69457	3.03932	3.22274	3.26061	3.1667	2.93934	2.61674	2.28162	2.00657	1.81415	1.69023	1.60835	1.54998	1.5032	1.46537	1.43642	1.41773	1.4079	1.40901	1.42075	1.44127	1.47171	1.50981	1.55327	1.59951	1.64802	1.69493	1.73852	1.77585	1.80636	1.82821	1.84156	1.84661	1.84329	1.83208	1.81298	1.78472	1.74196	1.67921	1.60081	1.51553	1.42267	1.31804	1.2105	1.12189	1.07373	1.0819	1.16206	1.32961	1.58148	1.87206	2.11965	2.25722	2.2699	2.15987	1.90789	1.51802	1.04168	
0.288878	-0.200002	-0.617551	-0.926909	-1.09931	-1.11795	-1.0105	-0.820193	-0.617568	-0.472757	-0.413927	-0.414874	-0.411166	-0.373607	-0.333443	-0.324762	-0.324485	-0.311918	-0.310584	-0.310444	-0.307488	-0.309424	-0.310653	-0.316033	-0.326984	-0.324236	-0.346739	-0.390006	-0.409676	-0.393971	-0.380409	-0.417506	-0.493629	-0.563533	-0.567334	-0.463078	-0.23272	0.149191	0.640342	1.20258	1.78143	2.31558	2.77564	3.1097	3.2764	3.29257	3.17604	2.92564	2.57576	2.20809	1.89783	1.67204	1.51901	1.41214	1.33274	1.26894	1.21906	1.18145	1.15546	1.14361	1.14486	1.15955	1.18803	1.22741	1.27831	1.3391	1.40595	1.47722	1.54892	1.61867	1.68264	1.73812	1.78276	1.81456	1.83317	1.83668	1.82378	1.79315	1.74558	1.68524	1.6097	1.5125	1.40027	1.28489	1.16537	1.0384	0.918003	0.832547	0.810225	0.873438	1.03633	1.28968	1.58117	1.82626	1.96044	1.97224	1.86378	1.61624	1.23798	0.78231	
0.159061	-0.303832	-0.694255	-0.977189	-1.12514	-1.12266	-1.00044	-0.804739	-0.60213	-0.461054	-0.410046	-0.412011	-0.405487	-0.365433	-0.330101	-0.329379	-0.329554	-0.310104	-0.310444	-0.308541	-0.306658	-0.311529	-0.309883	-0.315915	-0.333091	-0.326027	-0.339205	-0.379098	-0.397498	-0.372514	-0.333887	-0.332171	-0.369964	-0.411431	-0.408109	-0.308557	-0.0828482	0.295069	0.771452	1.31243	1.87767	2.39683	2.83274	3.14125	3.28342	3.27399	3.13034	2.8512	2.46889	2.06679	1.72169	1.46486	1.28411	1.15553	1.05797	0.9813	0.919399	0.873122	0.841607	0.827355	0.828932	0.846578	0.881106	0.929918	0.992839	1.06697	1.15213	1.24448	1.34191	1.43925	1.5342	1.6213	1.69735	1.75742	1.79974	1.82256	1.82453	1.80529	1.76064	1.68971	1.60164	1.49596	1.36612	1.22257	1.07873	0.932893	0.786734	0.664436	0.603951	0.63933	0.788756	1.03969	1.33415	1.58426	1.72574	1.74813	1.65278	1.42043	1.0611	0.628084	
0.105162	-0.342866	-0.720903	-0.994557	-1.13339	-1.1256	-1.00102	-0.796958	-0.597374	-0.461019	-0.409021	-0.413873	-0.400229	-0.362888	-0.332888	-0.341554	-0.337026	-0.303101	-0.307488	-0.306658	-0.296245	-0.308781	-0.303451	-0.312597	-0.346272	-0.332645	-0.339902	-0.367973	-0.384177	-0.342671	-0.277647	-0.237911	-0.241736	-0.265546	-0.262425	-0.158126	0.0747179	0.440779	0.89647	1.424	1.97041	2.45714	2.86177	3.14179	3.25186	3.20665	3.0263	2.71143	2.29551	1.86244	1.48859	1.20617	1.00307	0.855735	0.741877	0.65084	0.57852	0.524916	0.489988	0.472491	0.474541	0.495611	0.533956	0.590754	0.664764	0.753981	0.855539	0.967174	1.08675	1.20959	1.33252	1.45071	1.56029	1.65602	1.73299	1.78724	1.81482	1.81446	1.78965	1.73381	1.64461	1.53499	1.40373	1.24667	1.07954	0.914668	0.751109	0.601472	0.504154	0.504769	0.631108	0.872339	1.16718	1.42394	1.57616	1.61225	1.53242	1.3166	0.974415	0.558309	
0.102208	-0.34091	-0.716829	-0.989357	-1.13244	-1.13096	-1.0087	-0.809592	-0.606995	-0.466174	-0.411121	-0.415232	-0.407646	-0.369384	-0.327885	-0.321258	-0.322625	-0.314078	-0.309424	-0.31153	-0.308782	-0.311482	-0.311822	-0.316555	-0.323634	-0.318419	-0.334749	-0.369228	-0.364451	-0.301343	-0.201733	-0.138581	-0.12175	-0.140201	-0.12754	-0.0105451	0.222371	0.57874	1.02393	1.53366	2.04613	2.50012	2.87276	3.10954	3.1754	3.08838	2.86956	2.51794	2.06948	1.60673	1.20807	0.903159	0.681564	0.517381	0.390872	0.290391	0.212174	0.15321	0.11361	0.0958509	0.0977751	0.119661	0.163204	0.22539	0.306158	0.405548	0.521073	0.650886	0.791107	0.939008	1.08953	1.23836	1.37988	1.50915	1.62157	1.71221	1.77747	1.81037	1.8074	1.77688	1.70968	1.60609	1.47998	1.32711	1.15008	0.969029	0.793198	0.627484	0.501442	0.465914	0.560837	0.78308	1.07215	1.33317	1.4954	1.54422	1.4788	1.27815	0.950101	0.546072	
0.133575	-0.307324	-0.688209	-0.971815	-1.12618	-1.13641	-1.02917	-0.837211	-0.631474	-0.47898	-0.415565	-0.414237	-0.410566	-0.377425	-0.341653	-0.336232	-0.33346	-0.30879	-0.310654	-0.309886	-0.303458	-0.311835	-0.308545	-0.315367	-0.337856	-0.330984	-0.341618	-0.359662	-0.334545	-0.240544	-0.119905	-0.0376366	-0.0215091	-0.0336578	-0.00293894	0.126785	0.362191	0.712362	1.14717	1.63227	2.11218	2.53184	2.85494	3.04244	3.063	2.93036	2.6681	2.27486	1.79256	1.3046	0.888079	0.569367	0.335743	0.162762	0.0279615	-0.0783343	-0.162669	-0.224676	-0.264989	-0.284328	-0.282229	-0.258899	-0.214434	-0.148031	-0.0609673	0.0446379	0.169718	0.310759	0.467216	0.634568	0.808943	0.986193	1.16004	1.32514	1.47332	1.6013	1.69993	1.77289	1.80775	1.80206	1.76442	1.68411	1.56885	1.42799	1.25651	1.06757	0.881859	0.707142	0.562078	0.493876	0.552288	0.746591	1.02254	1.28406	1.45483	1.51543	1.46409	1.27905	0.964655	0.570552	
0.191293	-0.249829	-0.638023	-0.935517	-1.1125	-1.14653	-1.05758	-0.87658	-0.670544	-0.508606	-0.426823	-0.41906	-0.41467	-0.386059	-0.348427	-0.350082	-0.347248	-0.319834	-0.316039	-0.315931	-0.312638	-0.316643	-0.3155	-0.328183	-0.3523	-0.33725	-0.339728	-0.345035	-0.293505	-0.1735	-0.0348844	0.0460621	0.0638784	0.0587417	0.106792	0.250209	0.490512	0.843282	1.26616	1.72382	2.17033	2.54194	2.81457	2.953	2.91448	2.73236	2.42341	1.99148	1.47935	0.974075	0.546052	0.220878	-0.0190906	-0.197545	-0.335963	-0.44534	-0.528086	-0.589209	-0.629255	-0.648714	-0.6467	-0.623203	-0.578654	-0.513487	-0.427726	-0.317922	-0.187461	-0.0375218	0.131019	0.31382	0.507995	0.708346	0.908724	1.10501	1.28815	1.45446	1.59512	1.69954	1.77528	1.80622	1.79681	1.74777	1.65339	1.52724	1.37019	1.1841	0.991683	0.810371	0.65345	0.558569	0.579273	0.738802	0.994605	1.25293	1.43146	1.50427	1.46851	1.30189	1.00386	0.621305	
0.272358	-0.168121	-0.566547	-0.881911	-1.08682	-1.15245	-1.09031	-0.932287	-0.728068	-0.549283	-0.445223	-0.425705	-0.427619	-0.403328	-0.345507	-0.336404	-0.350026	-0.351862	-0.327013	-0.33317	-0.346469	-0.324066	-0.338648	-0.35333	-0.339495	-0.322402	-0.329543	-0.335688	-0.243977	-0.100743	0.0470559	0.112095	0.124507	0.132511	0.204996	0.362597	0.615613	0.97274	1.37895	1.81077	2.2172	2.53732	2.75893	2.83107	2.73536	2.50511	2.14836	1.6778	1.13807	0.621323	0.191939	-0.131967	-0.367998	-0.544412	-0.678264	-0.783138	-0.864756	-0.923069	-0.960428	-0.977391	-0.97555	-0.954467	-0.912859	-0.850821	-0.766178	-0.660058	-0.53205	-0.380448	-0.207376	-0.0157032	0.193352	0.411892	0.638781	0.861002	1.07855	1.27466	1.45442	1.60101	1.71089	1.78219	1.80581	1.78842	1.72267	1.61496	1.47525	1.30069	1.10693	0.919629	0.75433	0.638765	0.623714	0.744436	0.974125	1.22573	1.41177	1.49827	1.48081	1.33694	1.05982	0.692344	
0.374095	-0.0618412	-0.471074	-0.807973	-1.04214	-1.1489	-1.1276	-0.995701	-0.802656	-0.608797	-0.479238	-0.429674	-0.440791	-0.432725	-0.389398	-0.344251	-0.338427	-0.345207	-0.324367	-0.326369	-0.333459	-0.320159	-0.334261	-0.342408	-0.328113	-0.339841	-0.353745	-0.317711	-0.18626	-0.021817	0.107273	0.155017	0.166778	0.189736	0.29199	0.468894	0.743063	1.10152	1.48978	1.89526	2.25473	2.52092	2.68181	2.68855	2.53601	2.24791	1.8482	1.33922	0.783739	0.26407	-0.155501	-0.469739	-0.695691	-0.862525	-0.989667	-1.08481	-1.15604	-1.207	-1.2381	-1.25351	-1.25148	-1.23272	-1.19857	-1.14433	-1.06913	-0.971563	-0.849338	-0.701652	-0.530979	-0.335034	-0.120192	0.111686	0.35403	0.601147	0.844321	1.07855	1.28812	1.47318	1.6209	1.73034	1.79055	1.80509	1.7715	1.68709	1.56562	1.40749	1.21876	1.02686	0.8541	0.722271	0.675078	0.755522	0.954318	1.19569	1.38897	1.49089	1.49465	1.37839	1.12793	0.779954	
0.493858	0.0662331	-0.348195	-0.706716	-0.977707	-1.12597	-1.15299	-1.06261	-0.89745	-0.698922	-0.53546	-0.446226	-0.435352	-0.447954	-0.43369	-0.386828	-0.361319	-0.360511	-0.347273	-0.340525	-0.342867	-0.340792	-0.352685	-0.357552	-0.353446	-0.376131	-0.362529	-0.273202	-0.112771	0.0405645	0.137445	0.165622	0.184901	0.244665	0.375374	0.579525	0.876688	1.23085	1.60419	1.97865	2.28427	2.49429	2.59018	2.52726	2.31112	1.97557	1.53172	0.990897	0.424574	-0.0867488	-0.48829	-0.781052	-0.989547	-1.13788	-1.24777	-1.32846	-1.38592	-1.42646	-1.45145	-1.46083	-1.45958	-1.44756	-1.42003	-1.37614	-1.31485	-1.23287	-1.12464	-0.990935	-0.828723	-0.637616	-0.42331	-0.183157	0.0699022	0.336632	0.601147	0.861	1.105	1.32507	1.50885	1.65477	1.75283	1.79959	1.79858	1.7419	1.64	1.5002	1.32222	1.1287	0.948624	0.803052	0.727565	0.768068	0.932253	1.15963	1.35943	1.47831	1.50571	1.42149	1.2042	0.881679	
0.630835	0.216219	-0.202155	-0.576028	-0.881383	-1.07696	-1.15933	-1.12432	-0.993482	-0.81258	-0.630449	-0.496812	-0.438995	-0.436137	-0.447811	-0.433441	-0.412729	-0.395345	-0.391962	-0.383624	-0.377506	-0.3875	-0.391446	-0.394721	-0.403835	-0.395074	-0.333963	-0.207382	-0.0589007	0.0639953	0.126239	0.154775	0.198175	0.29454	0.464947	0.704128	1.01948	1.3698	1.72613	2.0597	2.30839	2.45851	2.48232	2.34948	2.07434	1.68815	1.20182	0.639215	0.0722272	-0.415751	-0.789864	-1.05255	-1.23512	-1.36037	-1.44761	-1.50769	-1.54601	-1.56896	-1.58144	-1.58829	-1.58739	-1.57954	-1.56546	-1.53958	-1.4987	-1.43567	-1.34819	-1.23398	-1.08681	-0.910324	-0.7009	-0.46545	-0.205718	0.0699022	0.35403	0.63878	0.90872	1.16001	1.37976	1.55975	1.69526	1.77548	1.80574	1.77914	1.69886	1.57771	1.41443	1.22342	1.03677	0.87865	0.778101	0.779958	0.906597	1.11579	1.32061	1.45756	1.51042	1.46166	1.28351	0.993259	
0.778416	0.387189	-0.0289172	-0.415411	-0.751421	-0.995606	-1.13114	-1.15915	-1.08576	-0.943018	-0.762053	-0.602143	-0.487478	-0.44195	-0.430764	-0.43022	-0.422384	-0.416187	-0.416068	-0.411256	-0.411126	-0.412589	-0.413009	-0.409794	-0.398811	-0.366362	-0.284763	-0.171459	-0.0524974	0.0313069	0.0825117	0.126359	0.215606	0.364468	0.574421	0.84791	1.17959	1.52118	1.85346	2.13951	2.32869	2.41321	2.3619	2.15771	1.8232	1.3939	0.87128	0.292943	-0.260951	-0.717691	-1.05152	-1.27788	-1.42529	-1.51948	-1.57632	-1.60891	-1.62476	-1.6307	-1.63154	-1.62944	-1.62985	-1.63192	-1.63004	-1.62257	-1.6043	-1.5692	-1.51113	-1.42327	-1.30213	-1.14459	-0.951457	-0.722682	-0.46545	-0.183157	0.111686	0.411892	0.708345	0.986184	1.23831	1.4505	1.62043	1.73489	1.79568	1.79982	1.74345	1.64079	1.49407	1.30975	1.11837	0.948485	0.825336	0.790186	0.876815	1.06302	1.27024	1.42575	1.50514	1.49427	1.36104	1.10893	
0.930607	0.571659	0.167985	-0.224376	-0.580835	-0.87005	-1.06277	-1.15964	-1.14655	-1.05912	-0.91304	-0.752007	-0.608041	-0.509466	-0.45631	-0.436618	-0.424299	-0.414572	-0.41247	-0.40932	-0.40928	-0.411433	-0.407286	-0.405024	-0.393705	-0.354195	-0.286874	-0.199128	-0.113916	-0.0383677	0.0239066	0.114774	0.256778	0.455314	0.714056	1.02008	1.35862	1.68629	1.98826	2.21939	2.344	2.35625	2.22727	1.95409	1.56695	1.09305	0.539887	-0.0392426	-0.567355	-0.978272	-1.26572	-1.44725	-1.55552	-1.61274	-1.6358	-1.63641	-1.62348	-1.60564	-1.59079	-1.58496	-1.58576	-1.59343	-1.60893	-1.62627	-1.63836	-1.63464	-1.6093	-1.55513	-1.4636	-1.33505	-1.16164	-0.951457	-0.7009	-0.42331	-0.120192	0.193352	0.507995	0.80894	1.08951	1.33244	1.53387	1.68135	1.77124	1.80503	1.77456	1.69091	1.56122	1.38684	1.19337	1.0128	0.869063	0.798679	0.843155	1.00074	1.20622	1.38003	1.48633	1.51389	1.43088	1.22426	
1.08174	0.762692	0.384417	-0.00608488	-0.374198	-0.699616	-0.940934	-1.09959	-1.16508	-1.14294	-1.05214	-0.921111	-0.777894	-0.65441	-0.558551	-0.49879	-0.460278	-0.440651	-0.427517	-0.419982	-0.420761	-0.419493	-0.425105	-0.430287	-0.425419	-0.407915	-0.364863	-0.298548	-0.214247	-0.124429	-0.0197961	0.129376	0.335373	0.595774	0.890706	1.22134	1.56075	1.86635	2.12752	2.29489	2.35023	2.28725	2.07996	1.73945	1.3037	0.792491	0.218836	-0.351543	-0.838235	-1.19691	-1.42801	-1.56165	-1.62327	-1.63889	-1.62213	-1.58805	-1.54828	-1.51018	-1.48162	-1.46654	-1.46845	-1.48641	-1.51693	-1.5566	-1.59583	-1.62792	-1.6423	-1.62595	-1.57433	-1.47735	-1.33505	-1.14459	-0.910324	-0.637616	-0.335034	-0.0157032	0.313819	0.634567	0.939003	1.20957	1.43914	1.6182	1.73672	1.79784	1.79317	1.72909	1.61648	1.45435	1.26172	1.07209	0.909752	0.806184	0.806846	0.929397	1.12693	1.31754	1.45093	1.51546	1.48536	1.33263	
1.22508	0.951245	0.611366	0.235179	-0.132962	-0.479232	-0.76824	-0.983427	-1.11312	-1.16412	-1.14366	-1.06688	-0.960161	-0.842997	-0.738134	-0.656146	-0.592246	-0.550104	-0.522399	-0.507302	-0.504302	-0.511312	-0.521956	-0.54209	-0.555408	-0.547229	-0.50915	-0.427701	-0.319418	-0.180576	-0.0172826	0.203848	0.472046	0.776944	1.10913	1.45817	1.7811	2.05603	2.26643	2.3632	2.34635	2.203	1.9175	1.51715	1.03736	0.490883	-0.0909528	-0.634086	-1.06851	-1.36493	-1.53927	-1.61958	-1.63514	-1.60563	-1.54925	-1.47895	-1.40897	-1.3516	-1.31363	-1.29698	-1.2989	-1.31968	-1.36154	-1.42222	-1.49375	-1.56239	-1.61632	-1.64327	-1.63122	-1.57433	-1.4636	-1.30213	-1.08681	-0.828723	-0.530979	-0.207376	0.131019	0.467215	0.791105	1.08674	1.34188	1.54876	1.69429	1.78131	1.80172	1.75687	1.66062	1.51211	1.32325	1.12676	0.948122	0.813988	0.770133	0.850937	1.03183	1.23549	1.39618	1.4953	1.51681	1.42534	
1.3519	1.12884	0.837877	0.490942	0.132365	-0.219605	-0.534545	-0.794809	-0.99466	-1.10995	-1.16486	-1.15101	-1.10134	-1.01955	-0.934198	-0.849844	-0.783603	-0.733105	-0.696998	-0.679271	-0.672711	-0.679633	-0.701077	-0.721071	-0.7348	-0.717039	-0.658039	-0.539918	-0.377695	-0.181257	0.0517878	0.340676	0.665124	1.01902	1.37074	1.71765	2.01623	2.25259	2.39804	2.41837	2.32603	2.09977	1.73947	1.28539	0.767527	0.195239	-0.382172	-0.884686	-1.25532	-1.48725	-1.60058	-1.62906	-1.59464	-1.52171	-1.42669	-1.32755	-1.24068	-1.17187	-1.12903	-1.11174	-1.11356	-1.13539	-1.18385	-1.25722	-1.34645	-1.44686	-1.5401	-1.60903	-1.64327	-1.62595	-1.55513	-1.42327	-1.23398	-0.990935	-0.701652	-0.380448	-0.0375218	0.310759	0.650886	0.967172	1.24447	1.47718	1.64782	1.75791	1.80217	1.77628	1.69504	1.56024	1.37761	1.17691	0.98474	0.823482	0.735983	0.769064	0.92241	1.13173	1.31916	1.45118	1.51936	1.49211	
1.45132	1.28527	1.05091	0.748791	0.414914	0.0739725	-0.261703	-0.546236	-0.788532	-0.96968	-1.08841	-1.15045	-1.16143	-1.13808	-1.09322	-1.03899	-0.986206	-0.938214	-0.9071	-0.888942	-0.881107	-0.88965	-0.90693	-0.919483	-0.915868	-0.872981	-0.761317	-0.589015	-0.359101	-0.099714	0.208901	0.553661	0.931685	1.30065	1.66356	2.00104	2.25898	2.44203	2.51215	2.4561	2.28471	1.97265	1.54699	1.04781	0.493517	-0.0939921	-0.647858	-1.09506	-1.39796	-1.56454	-1.62146	-1.59825	-1.51859	-1.40441	-1.27707	-1.15704	-1.0632	-1.00327	-0.970935	-0.95663	-0.958264	-0.975995	-1.01275	-1.07916	-1.17958	-1.30281	-1.42976	-1.5401	-1.61632	-1.6423	-1.6093	-1.51113	-1.34819	-1.12464	-0.849338	-0.53205	-0.187461	0.169718	0.521073	0.855538	1.15213	1.40594	1.59945	1.73029	1.7964	1.78908	1.72155	1.59942	1.42448	1.22223	1.0197	0.83564	0.707454	0.688981	0.802965	1.00611	1.21675	1.38128	1.49008	1.52404	
1.51312	1.41036	1.23652	0.994229	0.69453	0.383442	0.0603728	-0.250695	-0.518219	-0.746352	-0.917063	-1.04066	-1.11335	-1.15012	-1.15322	-1.14192	-1.12154	-1.09799	-1.07823	-1.0658	-1.06342	-1.0664	-1.06929	-1.06387	-1.02646	-0.93467	-0.769174	-0.532118	-0.242226	0.0831168	0.444117	0.838655	1.24219	1.62487	1.99105	2.2836	2.49397	2.61545	2.60272	2.46925	2.2133	1.82094	1.34125	0.802086	0.219936	-0.369651	-0.883207	-1.26528	-1.49817	-1.6046	-1.60769	-1.53943	-1.41872	-1.27309	-1.12976	-1.00632	-0.926539	-0.883578	-0.863131	-0.856942	-0.857347	-0.865669	-0.890252	-0.939192	-1.02761	-1.15781	-1.30281	-1.44686	-1.56239	-1.62792	-1.63464	-1.5692	-1.43567	-1.23287	-0.971563	-0.660058	-0.317922	0.0446379	0.405548	0.753981	1.06697	1.3391	1.55325	1.70148	1.78583	1.79624	1.74171	1.63081	1.46385	1.26217	1.05253	0.850602	0.686861	0.616484	0.680689	0.862017	1.08693	1.28333	1.42803	1.5152	
1.52753	1.49593	1.3815	1.20851	0.966025	0.681449	0.390968	0.0922571	-0.189612	-0.443084	-0.658007	-0.828718	-0.956202	-1.04583	-1.10158	-1.13242	-1.14445	-1.15027	-1.14798	-1.14507	-1.14413	-1.14029	-1.12939	-1.09857	-1.02575	-0.887486	-0.666488	-0.369572	-0.0247501	0.352383	0.757433	1.18665	1.59913	1.98108	2.30829	2.55636	2.71781	2.75506	2.65994	2.45073	2.10693	1.64684	1.1255	0.548051	-0.0522244	-0.621728	-1.0797	-1.39464	-1.5628	-1.6165	-1.57342	-1.46545	-1.3132	-1.14656	-1.00161	-0.899328	-0.850848	-0.842661	-0.834303	-0.818246	-0.820601	-0.837003	-0.842992	-0.856257	-0.915697	-1.02761	-1.17958	-1.34645	-1.49375	-1.59583	-1.63836	-1.6043	-1.4987	-1.31485	-1.06913	-0.766178	-0.427726	-0.0609673	0.306158	0.664764	0.992839	1.27831	1.5098	1.67467	1.77377	1.79892	1.75631	1.65541	1.49601	1.29622	1.08229	0.867518	0.675045	0.556581	0.564714	0.707382	0.930899	1.155	1.33342	1.46287	
1.48651	1.53082	1.48265	1.36893	1.20203	0.97306	0.71104	0.439387	0.167873	-0.0874233	-0.320197	-0.520743	-0.687209	-0.817926	-0.917681	-0.989581	-1.03951	-1.07056	-1.0898	-1.09946	-1.09754	-1.08947	-1.06108	-1.00454	-0.895298	-0.709603	-0.437809	-0.0950376	0.292817	0.703198	1.13465	1.56861	1.97272	2.32728	2.61547	2.81699	2.89648	2.84886	2.68302	2.38919	1.96442	1.45694	0.897022	0.289684	-0.312915	-0.842249	-1.234	-1.48512	-1.59892	-1.60879	-1.53079	-1.39027	-1.22139	-1.04647	-0.918008	-0.846043	-0.824532	-0.837043	-0.830801	-0.806433	-0.810138	-0.834681	-0.834837	-0.824606	-0.856257	-0.939192	-1.07916	-1.25722	-1.42222	-1.5566	-1.62627	-1.62257	-1.53958	-1.37614	-1.14433	-0.850821	-0.513487	-0.148031	0.22539	0.590754	0.929918	1.22741	1.47171	1.65031	1.76212	1.79918	1.76641	1.67394	1.52126	1.32395	1.10786	0.884723	0.67104	0.512067	0.464068	0.554343	0.755442	0.995314	1.2066	1.36971	
1.39323	1.49924	1.53069	1.47946	1.37242	1.21732	1.01373	0.780658	0.534073	0.289382	0.0576186	-0.152818	-0.33722	-0.493028	-0.61981	-0.71742	-0.793524	-0.846806	-0.881944	-0.901143	-0.903542	-0.888094	-0.847557	-0.768872	-0.630299	-0.411894	-0.109527	0.263803	0.67411	1.09932	1.53485	1.96014	2.34315	2.65914	2.89545	3.01907	3.01744	2.90364	2.65832	2.27863	1.7968	1.25376	0.656356	0.0331856	-0.54637	-1.01893	-1.34802	-1.54254	-1.61703	-1.59123	-1.48899	-1.32581	-1.14849	-0.982646	-0.875267	-0.840096	-0.833943	-0.828864	-0.807733	-0.780325	-0.784504	-0.813418	-0.830718	-0.834837	-0.842992	-0.890252	-1.01275	-1.18385	-1.36154	-1.51693	-1.60893	-1.63004	-1.56546	-1.42003	-1.19857	-0.912859	-0.578654	-0.214434	0.163204	0.533956	0.881106	1.18803	1.44127	1.62976	1.75182	1.79836	1.77315	1.68718	1.53992	1.34508	1.12819	0.90016	0.672314	0.482657	0.385059	0.416795	0.574366	0.808135	1.04606	1.2417	
1.26115	1.4037	1.5019	1.5308	1.48751	1.39181	1.2537	1.07991	0.88124	0.669161	0.455869	0.251569	0.0648984	-0.100603	-0.243055	-0.358852	-0.448888	-0.517088	-0.562733	-0.587248	-0.592693	-0.572193	-0.523896	-0.430021	-0.273811	-0.0365972	0.286804	0.676185	1.09301	1.51765	1.94067	2.34043	2.67976	2.93878	3.10656	3.15867	3.09352	2.90272	2.56979	2.12976	1.61418	1.03419	0.409004	-0.204366	-0.737828	-1.14561	-1.42325	-1.57511	-1.6246	-1.57439	-1.45729	-1.28134	-1.10141	-0.948106	-0.853966	-0.837419	-0.831823	-0.808018	-0.780295	-0.757745	-0.760903	-0.785947	-0.813418	-0.834681	-0.837003	-0.865669	-0.975995	-1.13539	-1.31968	-1.48641	-1.59343	-1.63192	-1.57954	-1.44756	-1.23272	-0.954468	-0.623203	-0.258899	0.119661	0.495611	0.846578	1.15955	1.42075	1.61569	1.74385	1.79699	1.77727	1.6958	1.55233	1.35943	1.14241	0.911836	0.675509	0.465191	0.329253	0.306028	0.406553	0.607145	0.851869	1.07918	
1.09371	1.26539	1.40067	1.49483	1.53012	1.50337	1.42604	1.30996	1.16566	1.00224	0.828364	0.652214	0.48278	0.327114	0.187961	0.0675732	-0.0292139	-0.103579	-0.155237	-0.183392	-0.188344	-0.166575	-0.112091	-0.0114368	0.15252	0.397344	0.724979	1.10892	1.51355	1.91629	2.30614	2.66122	2.94673	3.14785	3.25348	3.23954	3.09731	2.82493	2.43523	1.96256	1.41209	0.801157	0.174508	-0.400909	-0.873553	-1.22711	-1.46374	-1.59327	-1.62505	-1.56652	-1.43809	-1.26108	-1.07926	-0.933175	-0.845214	-0.818547	-0.806135	-0.77805	-0.759249	-0.758036	-0.757179	-0.760903	-0.784504	-0.810138	-0.820601	-0.857347	-0.958264	-1.11356	-1.2989	-1.46845	-1.58576	-1.62985	-1.58739	-1.45958	-1.25148	-0.97555	-0.646701	-0.28223	0.0977744	0.47454	0.828932	1.14486	1.40901	1.60786	1.73971	1.79614	1.77923	1.70018	1.55876	1.36695	1.14995	0.91816	0.677325	0.45486	0.293346	0.226648	0.269341	0.415847	0.636245	0.878502	
0.884173	1.08935	1.25418	1.38406	1.47723	1.52355	1.51885	1.468	1.38072	1.26775	1.13866	1.00115	0.862171	0.729459	0.608612	0.50161	0.411664	0.341699	0.292225	0.264489	0.260363	0.281403	0.335311	0.432673	0.591547	0.827591	1.14014	1.5039	1.88291	2.25152	2.60033	2.90803	3.14054	3.28121	3.31802	3.22975	3.01776	2.69628	2.27606	1.77183	1.18968	0.573551	-0.0189055	-0.536502	-0.952504	-1.26677	-1.48045	-1.59964	-1.62611	-1.56607	-1.43595	-1.25934	-1.07723	-0.931837	-0.844758	-0.815744	-0.802465	-0.774065	-0.756505	-0.759238	-0.758036	-0.757745	-0.780325	-0.806433	-0.818246	-0.856942	-0.95663	-1.11174	-1.29698	-1.46654	-1.58496	-1.62944	-1.58829	-1.46083	-1.25351	-0.977394	-0.648717	-0.284332	0.0958465	0.472487	0.827351	1.1436	1.4079	1.60711	1.73933	1.79605	1.77939	1.70058	1.55935	1.3676	1.15046	0.918057	0.675154	0.44679	0.271057	0.175655	0.171205	0.25813	0.427081	0.650528	
0.644219	0.867063	1.065	1.22639	1.3536	1.44779	1.50534	1.52329	1.5031	1.45063	1.37414	1.28199	1.18115	1.07839	0.98068	0.892771	0.817236	0.757205	0.714503	0.690328	0.686611	0.705787	0.754183	0.842857	0.988955	1.20738	1.49764	1.83508	2.18077	2.5086	2.80972	3.06276	3.23366	3.30766	3.27964	3.1367	2.88601	2.537	2.08638	1.55367	0.969611	0.38649	-0.147677	-0.605713	-0.981624	-1.2718	-1.47954	-1.59655	-1.63038	-1.57329	-1.45274	-1.2754	-1.09525	-0.943645	-0.851391	-0.834425	-0.82768	-0.802264	-0.775152	-0.756505	-0.759249	-0.780295	-0.807733	-0.830801	-0.834303	-0.863131	-0.970935	-1.12903	-1.31363	-1.48162	-1.59079	-1.63155	-1.58145	-1.45145	-1.23811	-0.960442	-0.629273	-0.265009	0.113587	0.489965	0.841583	1.15544	1.41771	1.61364	1.74267	1.79671	1.77781	1.69703	1.55409	1.36132	1.14374	0.910903	0.667301	0.437184	0.255758	0.145206	0.109579	0.146495	0.254748	0.428056	
0.412869	0.615325	0.825958	1.01826	1.17918	1.30739	1.40476	1.47191	1.50872	1.51634	1.49826	1.45991	1.40716	1.34546	1.28061	1.21835	1.1628	1.11711	1.08396	1.06511	1.06228	1.0784	1.11886	1.19459	1.32145	1.51413	1.7727	2.07236	2.3739	2.65177	2.89787	3.09374	3.20884	3.23254	3.16441	2.99092	2.71245	2.33546	1.86557	1.33822	0.791545	0.269877	-0.203321	-0.617458	-0.967779	-1.25132	-1.4593	-1.58774	-1.63218	-1.59165	-1.48305	-1.31553	-1.13686	-0.973853	-0.869444	-0.840932	-0.835586	-0.825783	-0.802264	-0.774065	-0.77805	-0.808018	-0.828864	-0.837043	-0.842661	-0.883579	-1.00327	-1.17187	-1.3516	-1.51018	-1.60565	-1.63072	-1.56899	-1.4265	-1.20705	-0.923139	-0.589296	-0.224776	0.1531	0.524803	0.87301	1.18135	1.43633	1.62643	1.74998	1.79804	1.77415	1.68927	1.54283	1.34805	1.12969	0.896383	0.652865	0.423699	0.242338	0.126695	0.0748127	0.0784301	0.134974	0.247196	
0.230188	0.380554	0.564456	0.760289	0.946047	1.10767	1.24015	1.34374	1.42028	1.47177	1.5005	1.50958	1.50295	1.48458	1.45839	1.42857	1.39915	1.37331	1.3537	1.34241	1.34121	1.35275	1.3821	1.43934	1.53969	1.69826	1.91683	2.173	2.42959	2.66122	2.86102	3.01446	3.09291	3.08458	2.98827	2.78919	2.48891	2.10356	1.64999	1.16922	0.687749	0.229336	-0.194987	-0.582629	-0.920514	-1.20653	-1.42258	-1.56926	-1.63001	-1.61481	-1.52436	-1.37689	-1.20495	-1.03088	-0.906657	-0.841928	-0.824845	-0.835586	-0.82768	-0.802465	-0.806135	-0.831823	-0.833943	-0.824532	-0.850848	-0.926541	-1.0632	-1.24069	-1.40898	-1.54831	-1.62353	-1.62484	-1.54614	-1.38611	-1.15629	-0.865074	-0.528469	-0.163106	0.211698	0.578028	0.918914	1.2186	1.46496	1.64581	1.75986	1.79903	1.76799	1.67698	1.52528	1.32761	1.10821	0.87436	0.631501	0.405244	0.22777	0.113538	0.0561119	0.0421275	0.0643427	0.124975	
0.111522	0.203466	0.333564	0.494602	0.671365	0.846521	1.00646	1.14362	1.25556	1.3429	1.40771	1.45277	1.48134	1.49684	1.50247	1.50119	1.49594	1.48926	1.48326	1.47968	1.48011	1.48683	1.50456	1.54276	1.61654	1.74201	1.92377	2.14312	2.36454	2.56128	2.72639	2.84801	2.89804	2.86298	2.74476	2.53453	2.2405	1.88795	1.49032	1.07777	0.66379	0.253683	-0.137495	-0.511418	-0.845931	-1.13916	-1.3703	-1.53483	-1.62055	-1.63279	-1.57067	-1.45131	-1.29431	-1.12381	-0.981412	-0.884043	-0.841928	-0.840932	-0.834425	-0.815744	-0.818547	-0.83742	-0.840096	-0.846044	-0.899332	-1.00632	-1.15706	-1.32759	-1.47903	-1.58819	-1.63666	-1.6093	-1.50825	-1.32925	-1.08584	-0.784427	-0.44687	-0.0800646	0.288522	0.648911	0.979397	1.26714	1.50158	1.66955	1.77135	1.7991	1.75864	1.65946	1.50101	1.29984	1.07923	0.844797	0.603217	0.381595	0.21076	0.101902	0.0453397	0.0245749	0.0285329	0.0556246	
