1.90837	1.80943	1.61694	1.35712	1.06921	0.746898	0.434146	0.206904	0.0887524	0.051928	0.0619599	0.098381	0.151593	0.215682	0.284963	0.353533	0.415915	0.467673	0.505653	0.527812	0.533014	0.520989	0.49234	0.448553	0.392096	0.326635	0.257069	0.189083	0.128286	0.0790495	0.0435055	0.0210503	0.00884205	0.00319819	0.00099273	0.000264588	6.0755e-05	1.20802e-05	2.09237e-06	3.17683e-07	4.25449e-08	5.05587e-09	5.36153e-10	5.10043e-11	4.37381e-12	3.39623e-13	2.39821e-14	1.56818e-15	1.95938e-16	4.20232e-16	1.44056e-15	4.36388e-15	1.15361e-14	2.66059e-14	5.36858e-14	9.56347e-14	1.56602e-13	3.22168e-13	2.01703e-12	2.5545e-11	3.30971e-10	3.91679e-09	4.17289e-08	3.97574e-07	3.36453e-06	2.50972e-05	0.000163573	0.000922154	0.0044449	0.018077	0.0611168	0.169132	0.378061	0.680327	1.00732	1.30207	1.56789	1.77906	1.89486	1.94041	1.9061	1.79705	1.63536	1.44212	1.23562	1.04084	0.869435	0.735167	0.647603	0.61229	0.636245	0.714031	0.839185	1.00364	1.1948	1.4014	1.5979	1.76902	1.8886	1.9414	
1.80943	1.63719	1.39624	1.12935	0.833277	0.524256	0.273459	0.128756	0.0813714	0.10032	0.161491	0.250444	0.356517	0.469716	0.580719	0.681876	0.767916	0.835769	0.883899	0.911351	0.917714	0.902953	0.867197	0.811051	0.735674	0.643095	0.537231	0.424288	0.31262	0.211442	0.128819	0.0693465	0.0324429	0.0130391	0.00447625	0.00131169	0.000329088	7.1062e-05	1.32918e-05	2.16826e-06	3.10567e-07	3.93132e-08	4.42497e-09	4.45377e-10	4.02955e-11	3.2929e-12	2.44208e-13	1.69428e-14	3.01145e-15	7.65607e-15	2.53754e-14	7.41732e-14	1.89748e-13	4.25082e-13	8.36615e-13	1.45555e-12	2.25634e-12	3.14946e-12	4.2431e-12	9.72204e-12	7.88153e-11	9.35103e-10	1.05001e-08	1.06159e-07	9.5727e-07	7.64303e-06	5.35989e-05	0.00032713	0.00171945	0.00769029	0.0288724	0.089662	0.227019	0.464096	0.769806	1.07329	1.34468	1.59232	1.7821	1.89108	1.93584	1.91895	1.85043	1.74242	1.61282	1.47749	1.35374	1.25684	1.19211	1.16788	1.18388	1.24076	1.33238	1.45108	1.58585	1.71725	1.83169	1.90833	1.93741	1.90465	
1.61694	1.39624	1.14878	0.876375	0.58342	0.32731	0.167095	0.113366	0.144506	0.235617	0.366216	0.518191	0.675437	0.825092	0.958399	1.07085	1.16117	1.22971	1.27699	1.30327	1.30922	1.29519	1.26062	1.20492	1.12774	1.02855	0.907445	0.766851	0.612819	0.455722	0.309013	0.186706	0.0983555	0.0444359	0.0170588	0.00555091	0.00153482	0.000362578	7.36944e-05	1.29842e-05	1.998e-06	2.70443e-07	3.24157e-08	3.46187e-09	3.31278e-10	2.85528e-11	2.22869e-12	1.66231e-13	4.51253e-14	1.28342e-13	4.10154e-13	1.15544e-12	2.85738e-12	6.21235e-12	1.19192e-11	2.03035e-11	3.09137e-11	4.22688e-11	5.20099e-11	5.83278e-11	7.13441e-11	2.43224e-10	2.33911e-09	2.46889e-08	2.36766e-07	2.02121e-06	1.52334e-05	0.000100518	0.000575247	0.00282467	0.0117577	0.0409384	0.117596	0.275355	0.523117	0.817323	1.0972	1.34846	1.57596	1.75495	1.86987	1.92547	1.93323	1.9011	1.84491	1.77367	1.70386	1.64161	1.5998	1.58483	1.59516	1.63096	1.69056	1.75946	1.83151	1.89143	1.92962	1.93031	1.88575	1.78259	
1.35712	1.12935	0.876375	0.603904	0.357366	0.194955	0.14104	0.186465	0.308864	0.480968	0.674564	0.866776	1.04291	1.19545	1.32203	1.4239	1.50313	1.56166	1.60022	1.62108	1.62577	1.61454	1.58683	1.54059	1.47391	1.38594	1.27433	1.13742	0.974879	0.791	0.595724	0.405756	0.24298	0.1249	0.0542902	0.0198428	0.00610701	0.00159167	0.000354027	6.77705e-05	1.12593e-05	1.63649e-06	2.09632e-07	2.38279e-08	2.41813e-09	2.20332e-10	1.81467e-11	1.49092e-12	6.52328e-13	1.9717e-12	6.06083e-12	1.64333e-11	3.92405e-11	8.27139e-11	1.54567e-10	2.57595e-10	3.85201e-10	5.19047e-10	6.31265e-10	6.92938e-10	6.88159e-10	6.46926e-10	9.32584e-10	5.35361e-09	5.12146e-08	4.64706e-07	3.75525e-06	2.67237e-05	0.000166029	0.000891993	0.00410017	0.015937	0.0517349	0.13861	0.303972	0.546381	0.821621	1.08116	1.31344	1.52038	1.6908	1.81382	1.89068	1.92752	1.93219	1.91702	1.89273	1.86898	1.8505	1.84058	1.84761	1.86489	1.88761	1.91295	1.93029	1.93095	1.90084	1.83292	1.71915	1.55776	
1.06921	0.833277	0.58342	0.357366	0.20516	0.157186	0.216746	0.367439	0.575934	0.802301	1.01813	1.21059	1.37526	1.51123	1.61985	1.70374	1.76474	1.80557	1.82947	1.84231	1.84566	1.83833	1.82131	1.7913	1.74277	1.67298	1.57942	1.46004	1.31274	1.13649	0.933862	0.711034	0.485046	0.28637	0.142701	0.0593164	0.0205473	0.00596427	0.00146319	0.000306308	5.52426e-05	8.661e-06	1.19026e-06	1.44464e-07	1.55912e-08	1.50552e-09	1.31262e-10	1.24269e-11	8.95753e-12	2.76428e-11	8.15457e-11	2.12498e-10	4.89328e-10	9.98886e-10	1.81623e-09	2.95878e-09	4.3428e-09	5.76603e-09	6.93958e-09	7.57586e-09	7.50264e-09	6.74472e-09	5.56401e-09	4.93833e-09	1.22926e-08	9.46838e-08	8.05516e-07	6.15702e-06	4.13713e-05	0.000242108	0.00122239	0.00527051	0.0191965	0.0584345	0.14735	0.3067	0.530817	0.782687	1.02382	1.23955	1.4284	1.5868	1.71117	1.80329	1.86439	1.90012	1.91655	1.92414	1.92703	1.92718	1.92693	1.92515	1.91864	1.90481	1.87343	1.81791	1.73208	1.61446	1.46255	1.27966	
0.746898	0.524256	0.32731	0.194955	0.157186	0.227797	0.399872	0.637457	0.888828	1.12157	1.32865	1.5071	1.65306	1.76396	1.8421	1.89057	1.91571	1.92423	1.92674	1.92668	1.92673	1.92712	1.9262	1.92174	1.90801	1.8741	1.81481	1.72352	1.59895	1.4394	1.24876	1.03133	0.788354	0.534025	0.307635	0.147127	0.0580225	0.0189465	0.00516992	0.0011918	0.000234668	3.98753e-05	5.90246e-06	7.67546e-07	8.83478e-08	9.06371e-09	8.40677e-10	9.92715e-11	1.14956e-10	3.52053e-10	9.94468e-10	2.48659e-09	5.5141e-09	1.08874e-08	1.92406e-08	3.06103e-08	4.407e-08	5.76388e-08	6.86496e-08	7.45571e-08	7.38758e-08	6.67801e-08	5.50403e-08	4.14123e-08	2.96816e-08	3.36023e-08	1.59994e-07	1.23804e-06	8.92989e-06	5.6636e-05	0.000312251	0.00148286	0.00600857	0.0205789	0.0590822	0.141471	0.282941	0.478429	0.701259	0.921662	1.12246	1.29734	1.44373	1.5626	1.65614	1.7259	1.774	1.80425	1.82153	1.8284	1.82376	1.80878	1.78156	1.73725	1.67207	1.58332	1.46976	1.32899	1.15979	0.963973	
0.434146	0.273459	0.167095	0.14104	0.216746	0.399872	0.6586	0.931511	1.18044	1.40567	1.60147	1.75368	1.85704	1.91393	1.93394	1.9251	1.90142	1.87122	1.84703	1.82884	1.82272	1.83495	1.85596	1.88291	1.91196	1.93087	1.92995	1.89627	1.82143	1.69909	1.52763	1.31849	1.08435	0.822988	0.545723	0.30219	0.136988	0.0508006	0.0155465	0.00397399	0.000859196	0.000158984	2.54477e-05	3.55718e-06	4.37912e-07	4.78538e-08	4.76412e-09	7.92453e-10	1.35899e-09	4.05277e-09	1.09374e-08	2.61946e-08	5.58502e-08	1.06515e-07	1.8273e-07	2.83604e-07	4.00202e-07	5.15422e-07	6.07488e-07	6.564e-07	6.50773e-07	5.9193e-07	4.93426e-07	3.76218e-07	2.61794e-07	1.67678e-07	1.18875e-07	2.64101e-07	1.69832e-06	1.148e-05	6.86636e-05	0.000356613	0.00159391	0.00607997	0.0196451	0.0534819	0.122554	0.237815	0.396765	0.582727	0.774517	0.955714	1.11645	1.25227	1.36332	1.45104	1.517	1.56212	1.58865	1.59855	1.59206	1.56897	1.52776	1.46601	1.38277	1.27651	1.14577	0.989826	0.812196	0.621647	
0.206904	0.128756	0.113366	0.186465	0.367439	0.637457	0.931511	1.19949	1.4449	1.65935	1.81186	1.90185	1.93411	1.92164	1.87415	1.80593	1.72853	1.65564	1.59477	1.5593	1.55032	1.5698	1.61675	1.6841	1.75907	1.83548	1.89606	1.93208	1.92714	1.87334	1.75931	1.57931	1.3496	1.09643	0.814392	0.518648	0.271226	0.115	0.0397433	0.0113338	0.00270453	0.000547298	9.50678e-05	1.43276e-05	1.89123e-06	2.20724e-07	2.40389e-08	6.51999e-09	1.46214e-08	4.19389e-08	1.07875e-07	2.46964e-07	5.05392e-07	9.29568e-07	1.54592e-06	2.33796e-06	3.23097e-06	4.0958e-06	4.77654e-06	5.1349e-06	5.09377e-06	4.66206e-06	3.93187e-06	3.04883e-06	2.16685e-06	1.40607e-06	8.31788e-07	4.73725e-07	4.85619e-07	2.11275e-06	1.31086e-05	7.3794e-05	0.000360889	0.00151867	0.00546106	0.0166936	0.0432874	0.0954874	0.180897	0.299193	0.441356	0.593973	0.744064	0.881515	1.0003	1.09793	1.17391	1.22826	1.26123	1.27341	1.26532	1.23654	1.18647	1.11483	1.02153	0.906887	0.77282	0.624592	0.471658	0.327111	
0.0887524	0.0813714	0.144506	0.308864	0.575934	0.888828	1.18044	1.4449	1.67882	1.83515	1.91692	1.93665	1.89325	1.80389	1.67814	1.53849	1.39764	1.27667	1.18401	1.13008	1.11834	1.14668	1.21722	1.32165	1.4529	1.59563	1.73139	1.84515	1.91753	1.9366	1.89221	1.78313	1.59158	1.34203	1.06855	0.762597	0.456419	0.22142	0.0867202	0.0277011	0.00732278	0.00162583	0.000307315	5.00503e-05	7.09799e-06	8.8754e-07	1.10463e-07	5.49223e-08	1.41715e-07	3.87731e-07	9.48082e-07	2.07016e-06	4.05812e-06	7.18602e-06	1.15674e-05	1.70243e-05	2.3019e-05	2.87063e-05	3.31175e-05	3.54197e-05	3.5156e-05	3.23791e-05	2.76359e-05	2.18078e-05	1.5859e-05	1.05847e-05	6.45122e-06	3.57302e-06	1.82025e-06	1.10899e-06	2.48805e-06	1.33408e-05	7.03395e-05	0.000323642	0.00128232	0.00435134	0.0126109	0.0312454	0.0665819	0.123453	0.202457	0.29927	0.406231	0.514548	0.616185	0.705132	0.777534	0.831153	0.864603	0.877183	0.868757	0.839412	0.789721	0.720939	0.635058	0.535559	0.427998	0.32015	0.221121	0.140478	
0.051928	0.10032	0.235617	0.480968	0.802301	1.12157	1.40567	1.65935	1.83515	1.92007	1.93874	1.86666	1.73234	1.54793	1.3419	1.1296	0.934533	0.770081	0.647613	0.57265	0.554076	0.596219	0.690708	0.831769	1.01103	1.21327	1.42634	1.62597	1.79231	1.90531	1.94078	1.89474	1.77706	1.56316	1.29569	0.998268	0.669184	0.368392	0.163207	0.0584269	0.0171322	0.00417917	0.000860729	0.000151663	2.31351e-05	3.1163e-06	4.87977e-07	4.54687e-07	1.22609e-06	3.18043e-06	7.37163e-06	1.53134e-05	2.86918e-05	4.88181e-05	7.59311e-05	0.000108595	0.00014351	0.000175941	0.000200727	0.000213554	0.000212088	0.000196597	0.000169881	0.000136525	0.000101706	6.99391e-05	4.41682e-05	2.54615e-05	1.33122e-05	6.30571e-06	2.95441e-06	3.05966e-06	1.22098e-05	5.94845e-05	0.000257079	0.000958733	0.00307148	0.00845013	0.0200371	0.0412893	0.0748716	0.121341	0.178674	0.242727	0.308178	0.369625	0.422418	0.463041	0.48906	0.499006	0.492335	0.469422	0.431546	0.380938	0.320882	0.255819	0.191084	0.132282	0.0847395	0.0543869	
0.0619599	0.161491	0.366216	0.674564	1.01813	1.32865	1.60147	1.81186	1.91692	1.93874	1.85466	1.68614	1.46047	1.19218	0.908031	0.633703	0.38222	0.180468	0.0328441	-0.0488704	-0.0662816	-0.0243848	0.0853315	0.257178	0.477515	0.740217	1.02237	1.30086	1.558	1.75902	1.90196	1.93901	1.88657	1.73926	1.49626	1.20942	0.882192	0.541885	0.269341	0.107643	0.0349433	0.00935539	0.00209813	0.000399817	6.56189e-05	9.65343e-06	2.26038e-06	3.52901e-06	9.38518e-06	2.29652e-05	5.02938e-05	9.91153e-05	0.000177053	0.00028882	0.000433227	0.000601126	0.000775467	0.000933863	0.0010531	0.00111429	0.00110731	0.00103333	0.00090449	0.000740951	0.000566179	0.000401817	0.00026347	0.000158622	8.70652e-05	4.32489e-05	1.93383e-05	7.97329e-06	4.47604e-06	1.03195e-05	4.46741e-05	0.000180698	0.000633758	0.00191666	0.00500673	0.0113614	0.0226111	0.0399643	0.0636292	0.0925531	0.124538	0.156651	0.18577	0.209083	0.22441	0.230353	0.22637	0.212826	0.190953	0.162782	0.131021	0.0987766	0.0691498	0.0449608	0.0294197	0.0293038	
0.098381	0.250444	0.518191	0.866776	1.21059	1.5071	1.75368	1.90185	1.93665	1.86666	1.68614	1.43342	1.1055	0.758929	0.401759	0.0766519	-0.205192	-0.431761	-0.58943	-0.683436	-0.706144	-0.652873	-0.532657	-0.349978	-0.101229	0.202905	0.542046	0.898843	1.24261	1.54336	1.76877	1.90929	1.93329	1.85722	1.66314	1.39307	1.07764	0.722945	0.397776	0.176025	0.0629223	0.0184194	0.00448528	0.000922303	0.000162883	2.72287e-05	1.16547e-05	2.47707e-05	6.29744e-05	0.000144678	0.000298289	0.000555892	0.000944076	0.00147284	0.00212595	0.00285686	0.00359266	0.00424563	0.00472928	0.00497521	0.00494723	0.0046495	0.00412551	0.0034486	0.00270688	0.00198631	0.00135527	0.000854324	0.000493874	0.000259712	0.000123236	5.24017e-05	2.00309e-05	7.95211e-06	8.64573e-06	2.99262e-05	0.00011224	0.000369624	0.00105434	0.0026127	0.00566434	0.0108522	0.0185957	0.028862	0.0410576	0.0540758	0.0664882	0.0768119	0.0837746	0.0865105	0.0846778	0.0785049	0.0687601	0.0566482	0.0436352	0.031217	0.0207751	0.0139409	0.0145325	0.0337847	
0.151593	0.356517	0.675437	1.04291	1.37526	1.65306	1.85704	1.93411	1.89325	1.73234	1.46047	1.1055	0.704754	0.285302	-0.115022	-0.479622	-0.778046	-1.00545	-1.16351	-1.24406	-1.25958	-1.21941	-1.10998	-0.92483	-0.665653	-0.338563	0.0393025	0.456088	0.866378	1.25765	1.57937	1.81286	1.92341	1.91926	1.78845	1.54796	1.24831	0.895772	0.536847	0.260066	0.101523	0.0322881	0.00849362	0.00187742	0.000358068	7.54813e-05	6.43088e-05	0.000153473	0.000366701	0.000787124	0.00152158	0.00267189	0.00430059	0.00639891	0.00886738	0.011518	0.0140986	0.0163309	0.017955	0.0187721	0.0186794	0.0176886	0.0159239	0.0135995	0.0109825	0.00834936	0.00594237	0.0039331	0.00240233	0.00134243	0.0006801	0.000309674	0.000125777	4.54164e-05	1.52481e-05	8.19017e-06	1.81769e-05	6.15422e-05	0.000189678	0.000509434	0.00119503	0.00246733	0.00452856	0.00747133	0.011202	0.0154123	0.0196148	0.0232358	0.0257376	0.0267332	0.0260662	0.0238412	0.020404	0.0162724	0.0120349	0.00827815	0.00574016	0.00628982	0.0161308	0.0526997	
0.215682	0.469716	0.825092	1.19545	1.51123	1.76396	1.91393	1.92164	1.80389	1.54793	1.19218	0.758929	0.285302	-0.185258	-0.617982	-0.986051	-1.27674	-1.48288	-1.61317	-1.68637	-1.70375	-1.66336	-1.56991	-1.41	-1.1693	-0.850186	-0.450443	-0.000650454	0.476498	0.939615	1.34431	1.66548	1.86605	1.93501	1.87112	1.67204	1.3923	1.05073	0.674854	0.353242	0.149043	0.0510675	0.0144117	0.00340892	0.000715602	0.000232151	0.000345365	0.00082474	0.00183232	0.00365542	0.00659538	0.0108698	0.0165254	0.0233828	0.0310326	0.038886	0.0462574	0.0524556	0.0568735	0.0590685	0.0588204	0.0561542	0.0513373	0.0448509	0.0373259	0.0294597	0.0219257	0.0152829	0.00989724	0.00590066	0.00320659	0.00157257	0.000689611	0.000268319	9.21602e-05	2.82663e-05	9.6364e-06	1.05478e-05	2.98214e-05	8.53623e-05	0.000215245	0.000476386	0.000932393	0.0016292	0.00256685	0.00368019	0.00483882	0.00586993	0.00659839	0.00689178	0.00669513	0.00604534	0.00506199	0.00391865	0.00281603	0.00203595	0.00235776	0.00668609	0.0245622	0.0801273	
0.284963	0.580719	0.958399	1.32203	1.61985	1.8421	1.93394	1.87415	1.67814	1.3419	0.908031	0.401759	-0.115022	-0.617982	-1.0544	-1.40789	-1.66283	-1.81762	-1.8988	-1.92585	-1.92812	-1.9199	-1.87491	-1.76641	-1.57208	-1.27756	-0.889135	-0.421037	0.0907091	0.610037	1.09141	1.49112	1.7744	1.91432	1.91588	1.76527	1.50973	1.18327	0.802634	0.44798	0.201987	0.0738386	0.0221753	0.00560351	0.00138242	0.00084055	0.00167463	0.00378706	0.00775803	0.0143026	0.0239694	0.0369259	0.0528451	0.07091	0.0899311	0.108528	0.125298	0.138956	0.148465	0.153121	0.152597	0.14693	0.136522	0.122147	0.104902	0.0861063	0.0671697	0.0494484	0.034071	0.0217632	0.0127495	0.00677328	0.003228	0.00136692	0.000510411	0.00016721	4.81407e-05	1.30982e-05	6.62124e-06	1.29058e-05	3.35751e-05	7.91062e-05	0.000164424	0.000303277	0.000500725	0.000746396	0.00101201	0.00125545	0.00143098	0.00150245	0.00145452	0.00129762	0.00106536	0.000809228	0.000616233	0.000759031	0.00238405	0.00985806	0.0365287	0.112904	
0.353533	0.681876	1.07085	1.4239	1.70374	1.89057	1.9251	1.80593	1.53849	1.1296	0.633703	0.0766519	-0.479622	-0.986051	-1.40789	-1.71199	-1.90233	-1.98952	-1.99718	-1.97592	-1.96959	-1.98527	-2.00175	-1.96363	-1.83957	-1.60748	-1.25043	-0.794278	-0.260002	0.301435	0.84126	1.30553	1.66297	1.87084	1.93163	1.82981	1.60159	1.29204	0.914216	0.537286	0.255899	0.0987841	0.0313284	0.00855544	0.00289682	0.00327082	0.00702045	0.0146441	0.0274499	0.0464923	0.0720303	0.103347	0.13885	0.176359	0.213496	0.247969	0.277743	0.301169	0.317076	0.324757	0.323898	0.314532	0.297049	0.272242	0.241382	0.206206	0.168807	0.131511	0.0966836	0.0664191	0.0421521	0.0244054	0.0127292	0.00591164	0.00242113	0.000868291	0.000271537	7.40307e-05	1.80013e-05	5.20885e-06	5.20665e-06	1.1521e-05	2.51326e-05	4.87638e-05	8.41609e-05	0.000130162	0.000181677	0.000230175	0.000265796	0.000280444	0.000270636	0.000238925	0.000194234	0.000157545	0.0002079	0.000724182	0.00337157	0.0141961	0.0504272	0.147984	
0.415915	0.767916	1.16117	1.50313	1.76474	1.91571	1.90142	1.72853	1.39764	0.934533	0.38222	-0.205192	-0.778046	-1.27674	-1.66283	-1.90233	-2.00326	-1.9847	-1.89708	-1.80984	-1.78584	-1.84064	-1.93625	-2.00433	-1.97823	-1.82496	-1.52284	-1.08944	-0.553296	0.0311664	0.611961	1.13259	1.55052	1.81496	1.92812	1.87098	1.66972	1.37719	1.00625	0.61561	0.306246	0.12359	0.0412423	0.0128091	0.00724876	0.0119965	0.0247913	0.046988	0.0800207	0.123879	0.17684	0.235903	0.297451	0.357919	0.414264	0.463993	0.505221	0.536658	0.557607	0.567663	0.566542	0.554278	0.531192	0.497728	0.454681	0.403463	0.346078	0.285135	0.22379	0.165665	0.114312	0.0725223	0.0416901	0.0214108	0.00970401	0.00384526	0.0013242	0.000395241	0.000102297	2.31568e-05	5.04713e-06	2.21912e-06	3.47385e-06	6.85692e-06	1.23186e-05	1.97278e-05	2.83021e-05	3.6575e-05	4.27535e-05	4.53201e-05	4.36397e-05	3.84704e-05	3.36408e-05	4.79507e-05	0.00018544	0.000972011	0.00464951	0.0189729	0.0647543	0.182032	
0.467673	0.835769	1.22971	1.56166	1.80557	1.92423	1.87122	1.65564	1.27667	0.770081	0.180468	-0.431761	-1.00545	-1.48288	-1.81762	-1.98952	-1.9847	-1.86932	-1.68671	-1.50469	-1.45082	-1.57073	-1.76436	-1.92363	-2.00545	-1.94292	-1.70086	-1.30939	-0.7824	-0.190434	0.423892	0.983163	1.44774	1.75953	1.91632	1.89598	1.7172	1.43958	1.07703	0.678954	0.349097	0.146077	0.0518462	0.0207315	0.0203995	0.0382184	0.0723769	0.123399	0.189961	0.268268	0.353195	0.439552	0.5229	0.600017	0.668647	0.727105	0.7744	0.810052	0.833783	0.845204	0.843932	0.830012	0.803875	0.76588	0.716309	0.655718	0.58524	0.506673	0.422428	0.335966	0.251936	0.17558	0.111857	0.0640322	0.0324221	0.0143391	0.00549229	0.00181406	0.000516303	0.000126897	2.7086e-05	5.1783e-06	1.21155e-06	9.61908e-07	1.59877e-06	2.62482e-06	3.86284e-06	5.08595e-06	6.01375e-06	6.40737e-06	6.20787e-06	5.92751e-06	9.20851e-06	3.95802e-05	0.000233529	0.00126845	0.00593992	0.0235473	0.0778778	0.211771	
0.505653	0.883899	1.27699	1.60022	1.82947	1.92674	1.84703	1.59477	1.18401	0.647613	0.0328441	-0.58943	-1.16351	-1.61317	-1.8988	-1.99718	-1.89708	-1.68671	-1.44572	-1.25	-1.1956	-1.31729	-1.54223	-1.77634	-1.95715	-1.98383	-1.80309	-1.45534	-0.940895	-0.347597	0.288242	0.869441	1.37104	1.7126	1.8995	1.91029	1.74882	1.48133	1.12594	0.724653	0.381611	0.165205	0.0653249	0.0392786	0.0556453	0.101546	0.172352	0.263061	0.366439	0.474978	0.582658	0.685257	0.780136	0.865839	0.940912	1.00445	1.0559	1.0951	1.12117	1.13341	1.13205	1.11706	1.0883	1.04661	0.992737	0.926824	0.849529	0.761858	0.665299	0.561418	0.453181	0.345139	0.243643	0.156205	0.0891091	0.0444479	0.0191455	0.00707217	0.0022357	0.00060585	0.000141321	2.85457e-05	5.05773e-06	8.65679e-07	2.85516e-07	3.21197e-07	4.67102e-07	6.24331e-07	7.46637e-07	8.05809e-07	8.51128e-07	1.45507e-06	6.95876e-06	4.62002e-05	0.000284787	0.00152846	0.00702396	0.027273	0.0882258	0.234409	
0.527812	0.911351	1.30327	1.62108	1.84231	1.92668	1.82884	1.5593	1.13008	0.57265	-0.0488704	-0.683436	-1.24406	-1.68637	-1.92585	-1.97592	-1.80984	-1.50469	-1.25	-1.09739	-1.05806	-1.14637	-1.33977	-1.62919	-1.90425	-1.97915	-1.85351	-1.53176	-1.02788	-0.436843	0.208322	0.804285	1.32177	1.68525	1.88778	1.91576	1.76599	1.50458	1.15352	0.751473	0.402786	0.182811	0.0888688	0.0825942	0.132642	0.220859	0.333675	0.458622	0.586364	0.71165	0.831664	0.94444	1.0485	1.14226	1.22371	1.29246	1.34778	1.38927	1.41606	1.42807	1.42675	1.41193	1.38217	1.33784	1.27978	1.20842	1.12443	1.02842	0.92249	0.808139	0.68688	0.560844	0.433107	0.309538	0.199552	0.11321	0.0554457	0.0231709	0.00822447	0.00248132	0.000638985	0.000141317	2.70322e-05	4.51212e-06	6.76468e-07	1.17275e-07	5.97238e-08	6.91736e-08	8.32043e-08	9.83955e-08	1.86956e-07	9.9586e-07	7.43523e-06	5.19719e-05	0.000319226	0.00169674	0.00771211	0.0295933	0.0945378	0.247916	
0.533014	0.917714	1.30922	1.62577	1.84566	1.92673	1.82272	1.55032	1.11834	0.554076	-0.0662816	-0.706144	-1.25958	-1.70375	-1.92812	-1.96959	-1.78584	-1.45082	-1.1956	-1.05806	-1.02422	-1.10288	-1.28123	-1.58453	-1.88979	-1.9734	-1.86415	-1.54872	-1.04703	-0.458526	0.189265	0.789261	1.3091	1.68126	1.88558	1.91581	1.76957	1.51017	1.16051	0.759924	0.414872	0.205971	0.136244	0.168482	0.264297	0.393616	0.535417	0.679019	0.82118	0.96015	1.0931	1.21672	1.32863	1.42614	1.50882	1.57661	1.63	1.66808	1.69265	1.70473	1.7034	1.68881	1.66164	1.62055	1.56417	1.49346	1.40776	1.30732	1.1928	1.06715	0.932679	0.792883	0.650259	0.50642	0.364934	0.235568	0.132204	0.0631951	0.0254756	0.00864778	0.00248132	0.000605848	0.000126879	2.29794e-05	3.62942e-06	5.06065e-07	6.64981e-08	1.34607e-08	9.70914e-09	1.93718e-08	1.14686e-07	9.61868e-07	7.61523e-06	5.3439e-05	0.000327705	0.00173781	0.00787879	0.0301509	0.0960432	0.251113	
0.520989	0.902953	1.29519	1.61454	1.83833	1.92712	1.83495	1.5698	1.14668	0.596219	-0.0243848	-0.652873	-1.21941	-1.66336	-1.9199	-1.98527	-1.84064	-1.57073	-1.31729	-1.14637	-1.10288	-1.20384	-1.41079	-1.68258	-1.92306	-1.98404	-1.8389	-1.50815	-1.00053	-0.408688	0.232572	0.823964	1.33746	1.69352	1.89172	1.91436	1.7608	1.49813	1.14789	0.753008	0.425026	0.247545	0.222606	0.303887	0.439097	0.592613	0.750686	0.911035	1.07044	1.22274	1.36278	1.48749	1.5962	1.68763	1.76435	1.82521	1.87275	1.90654	1.92847	1.94037	1.93906	1.9249	1.90077	1.8643	1.81412	1.75024	1.67054	1.57587	1.46381	1.33597	1.19319	1.03894	0.878911	0.718573	0.560157	0.404139	0.259196	0.142658	0.0659908	0.0254756	0.00822447	0.0022357	0.000516298	0.000102246	1.75233e-05	2.62149e-06	3.45341e-07	4.08649e-08	5.76657e-09	1.08985e-08	9.89022e-08	8.8525e-07	7.08275e-06	4.99722e-05	0.000308061	0.00164281	0.00749302	0.0288596	0.0925579	0.243718	
0.49234	0.867197	1.26062	1.58683	1.82131	1.9262	1.85596	1.61675	1.21722	0.690708	0.0853315	-0.532657	-1.10998	-1.56991	-1.87491	-2.00175	-1.93625	-1.76436	-1.54223	-1.33977	-1.28123	-1.41079	-1.63594	-1.84099	-1.98076	-1.97618	-1.76973	-1.40682	-0.885128	-0.291216	0.336915	0.909263	1.39836	1.72983	1.90601	1.9056	1.73847	1.46944	1.11811	0.737268	0.445082	0.320539	0.351013	0.472865	0.630382	0.801215	0.979954	1.15813	1.32554	1.47756	1.61251	1.73042	1.83078	1.91392	1.98074	2.03285	2.07078	2.09831	2.11415	2.12051	2.11986	2.11179	2.09368	2.06407	2.02364	1.96855	1.89873	1.81206	1.70835	1.58681	1.4486	1.29314	1.12318	0.943794	0.765137	0.592649	0.424258	0.267398	0.142658	0.0631951	0.0231709	0.00707217	0.00181406	0.000395228	7.3905e-05	1.19771e-05	1.69719e-06	2.12054e-07	2.42533e-08	1.03028e-08	8.0849e-08	7.34151e-07	5.94276e-06	4.24303e-05	0.000264895	0.00143186	0.00662619	0.0259197	0.084508	0.226374	
0.448553	0.811051	1.20492	1.54059	1.7913	1.92174	1.88291	1.6841	1.32165	0.831769	0.257178	-0.349978	-0.92483	-1.41	-1.76641	-1.96363	-2.00433	-1.92363	-1.77634	-1.62919	-1.58453	-1.68258	-1.84099	-1.96465	-2.00679	-1.90471	-1.64108	-1.23082	-0.702123	-0.108301	0.494483	1.03992	1.48561	1.78064	1.92231	1.88806	1.70206	1.42438	1.07544	0.722674	0.48667	0.427069	0.505594	0.652654	0.830465	1.02484	1.21815	1.39769	1.56128	1.70868	1.83596	1.94342	2.02851	2.0952	2.14339	2.17899	2.2019	2.21625	2.22557	2.22954	2.22909	2.22407	2.21381	2.19817	2.17289	2.13493	2.08343	2.01304	1.92373	1.81204	1.68069	1.52981	1.36283	1.1804	0.984494	0.788963	0.603504	0.424258	0.259196	0.132204	0.0554457	0.0191455	0.00549229	0.0013242	0.000271508	4.78676e-05	7.3295e-06	9.83519e-07	1.17062e-07	1.79661e-08	5.98643e-08	5.44026e-07	4.483e-06	3.2621e-05	0.000207796	0.00114755	0.00543337	0.0217791	0.0728764	0.200609	
0.392096	0.735674	1.12774	1.47391	1.74277	1.90801	1.91196	1.75907	1.4529	1.01103	0.477515	-0.101229	-0.665653	-1.1693	-1.57208	-1.83957	-1.97823	-2.00545	-1.95715	-1.90425	-1.88979	-1.92306	-1.98076	-2.00679	-1.93788	-1.74937	-1.42461	-0.978553	-0.443376	0.131102	0.700479	1.2005	1.59543	1.83776	1.93107	1.8581	1.65026	1.36421	1.02644	0.719155	0.553102	0.554684	0.66793	0.839871	1.04356	1.24924	1.44076	1.61857	1.7783	1.91312	2.02185	2.10637	2.16796	2.21048	2.23735	2.25112	2.25742	2.25837	2.25698	2.25586	2.25595	2.2572	2.25846	2.25664	2.24912	2.2332	2.20324	2.15739	2.09121	2.00224	1.8881	1.74845	1.58412	1.40343	1.20871	0.998364	0.788963	0.592649	0.404139	0.235568	0.11321	0.0444479	0.0143391	0.00384526	0.000868285	0.000167152	2.77437e-05	4.01029e-06	5.09613e-07	6.08424e-08	4.34883e-08	3.58696e-07	3.02674e-06	2.26095e-05	0.000148065	0.00084201	0.00411285	0.017042	0.0590731	0.168777	
0.326635	0.643095	1.02855	1.38594	1.67298	1.8741	1.93087	1.83548	1.59563	1.21327	0.740217	0.202905	-0.338563	-0.850186	-1.27756	-1.60748	-1.82496	-1.94292	-1.98383	-1.97915	-1.9734	-1.98404	-1.97618	-1.90471	-1.74937	-1.49136	-1.11571	-0.655142	-0.122936	0.421344	0.938095	1.38032	1.70871	1.89008	1.92923	1.8106	1.5803	1.29172	0.978289	0.731339	0.637032	0.689056	0.835188	1.03697	1.2531	1.4569	1.64995	1.81981	1.96041	2.07209	2.15693	2.21433	2.2476	2.26017	2.25708	2.24498	2.22618	2.20875	2.19557	2.18756	2.18844	2.19779	2.21196	2.23007	2.24811	2.25853	2.25917	2.24265	2.20501	2.14219	2.05215	1.93451	1.78853	1.61248	1.41681	1.20871	0.984494	0.765137	0.560157	0.364934	0.199552	0.0891091	0.0324221	0.00970401	0.00242113	0.0005104	9.2057e-05	1.43647e-05	1.95851e-06	2.37228e-07	4.63973e-08	2.10799e-07	1.81847e-06	1.40445e-05	9.52653e-05	0.000562224	0.00285628	0.01234	0.0447167	0.133906	
0.257069	0.537231	0.907445	1.27433	1.57942	1.81481	1.92995	1.89606	1.73139	1.42634	1.02237	0.542046	0.0393025	-0.450443	-0.889135	-1.25043	-1.52284	-1.70086	-1.80309	-1.85351	-1.86415	-1.8389	-1.76973	-1.64108	-1.42461	-1.11571	-0.721845	-0.25706	0.239447	0.741474	1.19407	1.56319	1.8153	1.92659	1.90361	1.73935	1.493	1.21092	0.935273	0.756791	0.728588	0.826581	1.00963	1.23115	1.44703	1.65306	1.83477	1.983	2.10315	2.18829	2.23898	2.26053	2.25505	2.23147	2.19396	2.15002	2.10692	2.06809	2.04044	2.02705	2.02848	2.0448	2.07517	2.11534	2.15889	2.2023	2.23736	2.25797	2.25861	2.23149	2.17401	2.08198	1.9552	1.80145	1.61248	1.40343	1.1804	0.943794	0.718573	0.50642	0.309538	0.156205	0.0640322	0.0214108	0.00591164	0.00136692	0.000268301	4.52535e-05	6.63003e-06	8.5264e-07	1.07222e-07	1.16265e-07	9.66379e-07	7.76431e-06	5.49415e-05	0.00033903	0.00180558	0.00820131	0.031346	0.0993279	
0.189083	0.424288	0.766851	1.13742	1.46004	1.72352	1.89627	1.93208	1.84515	1.62597	1.30086	0.898843	0.456088	-0.000650454	-0.421037	-0.794278	-1.08944	-1.30939	-1.45534	-1.53176	-1.54872	-1.50815	-1.40682	-1.23082	-0.978553	-0.655142	-0.25706	0.18014	0.63633	1.06779	1.44033	1.7301	1.89426	1.93422	1.84743	1.64276	1.38954	1.12415	0.898065	0.790705	0.824177	0.969608	1.18431	1.41138	1.62766	1.82509	1.98515	2.11527	2.20099	2.24922	2.26118	2.24096	2.19489	2.12798	2.05063	1.97077	1.89447	1.83253	1.78902	1.76625	1.76878	1.79612	1.84356	1.90885	1.98676	2.06646	2.14266	2.20616	2.24741	2.26137	2.24228	2.18705	2.09234	1.9552	1.78853	1.58412	1.36283	1.12318	0.878911	0.650259	0.433107	0.243643	0.111857	0.0416901	0.0127292	0.003228	0.000689609	0.00012575	1.98025e-05	2.72103e-06	3.33523e-07	8.28122e-08	4.53597e-07	3.79234e-06	2.81723e-05	0.000183014	0.00102925	0.00495392	0.0201405	0.0681597	
0.128286	0.31262	0.612819	0.974879	1.31274	1.59895	1.82143	1.92714	1.91753	1.79231	1.558	1.24261	0.866378	0.476498	0.0907091	-0.260002	-0.553296	-0.7824	-0.940895	-1.02788	-1.04703	-1.00053	-0.885128	-0.702123	-0.443376	-0.122936	0.239447	0.63633	1.01812	1.37994	1.6616	1.85773	1.93497	1.90316	1.75241	1.52038	1.27117	1.03271	0.866486	0.831541	0.925696	1.11617	1.34915	1.57626	1.78915	1.96684	2.10713	2.20172	2.25365	2.26086	2.22675	2.15746	2.06107	1.94899	1.82679	1.70714	1.59975	1.51004	1.44695	1.41632	1.41967	1.45701	1.52616	1.62002	1.7303	1.85158	1.97257	2.08212	2.17338	2.236	2.2635	2.24592	2.18705	2.08198	1.93451	1.74845	1.52981	1.29314	1.03894	0.792883	0.560844	0.345139	0.17558	0.0725223	0.0244054	0.00677328	0.00157257	0.00030967	5.23671e-05	7.68861e-06	9.91122e-07	1.30985e-07	1.94754e-07	1.62627e-06	1.27427e-05	8.76401e-05	0.000523717	0.00268946	0.0117199	0.0427238	
0.0790495	0.211442	0.455722	0.791	1.13649	1.4394	1.69909	1.87334	1.9366	1.90531	1.75902	1.54336	1.25765	0.939615	0.610037	0.301435	0.0311664	-0.190434	-0.347597	-0.436843	-0.458526	-0.408688	-0.291216	-0.108301	0.131102	0.421344	0.741474	1.06779	1.37993	1.63702	1.82863	1.93183	1.92301	1.82093	1.6175	1.37534	1.13839	0.938632	0.842996	0.88172	1.03412	1.25979	1.49989	1.7253	1.92487	2.07967	2.1921	2.25027	2.26049	2.21816	2.13592	2.01575	1.86688	1.70102	1.53163	1.36903	1.22211	1.10555	1.02674	0.987747	0.992084	1.03935	1.12602	1.24948	1.40075	1.56534	1.73514	1.89785	2.04166	2.15671	2.22927	2.2635	2.24228	2.17401	2.05215	1.8881	1.68069	1.4486	1.19319	0.932679	0.68688	0.453181	0.251936	0.114312	0.0421521	0.0127495	0.00320659	0.0006801	0.000123231	1.92977e-05	2.6388e-06	3.23895e-07	9.89226e-08	6.11285e-07	5.05018e-06	3.69239e-05	0.000235551	0.00129747	0.00609743	0.0241148	
0.0435055	0.128819	0.309013	0.595724	0.933862	1.24876	1.52763	1.75931	1.89221	1.94078	1.90196	1.76877	1.57937	1.34431	1.09141	0.84126	0.611961	0.423892	0.288242	0.208322	0.189265	0.232572	0.336915	0.494483	0.700479	0.938094	1.19407	1.44033	1.66159	1.82861	1.93065	1.92887	1.85279	1.68385	1.44728	1.20926	0.992488	0.848383	0.833536	0.944171	1.14724	1.39516	1.6353	1.85403	2.03384	2.16477	2.24184	2.26094	2.22405	2.13436	1.99307	1.81876	1.61478	1.39651	1.1753	0.966422	0.783715	0.635297	0.52911	0.476523	0.482348	0.546245	0.662008	0.817767	1.00657	1.2193	1.44016	1.65677	1.85731	2.02406	2.15671	2.236	2.26137	2.23149	2.14219	2.00224	1.81204	1.58681	1.33597	1.06715	0.808139	0.561418	0.335966	0.165665	0.0664191	0.0217632	0.00590066	0.00134243	0.000259711	4.32437e-05	6.26328e-06	7.98203e-07	1.09615e-07	2.06877e-07	1.7456e-06	1.35974e-05	9.28707e-05	0.000550568	0.00280158	0.0120804	
0.0210503	0.0693465	0.186706	0.405756	0.711034	1.03133	1.31849	1.57931	1.78313	1.89474	1.93901	1.90929	1.81286	1.66548	1.49112	1.30553	1.13259	0.983163	0.869441	0.804285	0.789261	0.823964	0.909263	1.03992	1.2005	1.38031	1.56318	1.73007	1.85766	1.93167	1.92863	1.86071	1.71657	1.49146	1.25029	1.02293	0.841051	0.774093	0.844617	1.01928	1.26048	1.51805	1.75419	1.96195	2.11816	2.22099	2.26116	2.23799	2.15095	2.00903	1.81484	1.57928	1.31879	1.04378	0.770522	0.516511	0.29133	0.111617	-0.0090649	-0.0658495	-0.0596163	0.00993585	0.14322	0.333396	0.565371	0.823797	1.0992	1.37269	1.62886	1.85731	2.04166	2.17338	2.24741	2.25861	2.20501	2.09121	1.92373	1.70835	1.46381	1.1928	0.92249	0.665299	0.422428	0.22379	0.0966836	0.034071	0.00989724	0.00240233	0.000493874	8.70646e-05	1.33071e-05	1.78093e-06	2.1565e-07	7.80323e-08	5.26171e-07	4.3579e-06	3.19053e-05	0.000203868	0.00112531	0.00530293	
0.00884205	0.0324429	0.0983555	0.24298	0.485046	0.788354	1.08435	1.3496	1.59158	1.77706	1.88657	1.93329	1.92341	1.86605	1.7744	1.66297	1.55052	1.44774	1.37104	1.32177	1.3091	1.33746	1.39835	1.48561	1.59542	1.70869	1.81523	1.89408	1.93454	1.9221	1.85118	1.71451	1.50401	1.26558	1.03154	0.820797	0.702238	0.729501	0.8787	1.10313	1.36799	1.62658	1.85605	2.04689	2.17901	2.25189	2.25258	2.18724	2.04989	1.8534	1.60337	1.3115	0.993087	0.66185	0.337441	0.0315376	-0.233755	-0.442765	-0.588459	-0.661419	-0.653231	-0.56489	-0.405702	-0.184749	0.0901431	0.401333	0.727475	1.0589	1.37269	1.65677	1.89785	2.08212	2.20616	2.25797	2.24265	2.15739	2.01304	1.81206	1.57587	1.30732	1.02842	0.761858	0.506673	0.285135	0.131511	0.0494484	0.0152829	0.0039331	0.000854324	0.000158622	2.5461e-05	3.56862e-06	4.41796e-07	6.20178e-08	1.41494e-07	1.21349e-06	9.51869e-06	6.55411e-05	0.000392348	0.0020204	
0.00319819	0.0130391	0.0444359	0.1249	0.28637	0.534025	0.822988	1.09643	1.34203	1.56316	1.73926	1.85722	1.91926	1.93501	1.91432	1.87084	1.81496	1.75953	1.7126	1.68525	1.68126	1.69352	1.72983	1.78063	1.83772	1.88995	1.92622	1.93327	1.90103	1.81671	1.67645	1.48044	1.25378	1.01908	0.789323	0.624566	0.600423	0.721346	0.931204	1.18866	1.46486	1.71932	1.94003	2.11276	2.22028	2.26087	2.22477	2.11413	1.93095	1.67986	1.37576	1.02664	0.651322	0.267681	-0.111263	-0.461868	-0.767053	-1.01705	-1.1942	-1.28168	-1.2719	-1.16563	-0.972213	-0.709826	-0.395301	-0.037173	0.345162	0.727475	1.0992	1.44016	1.73514	1.97257	2.14266	2.23736	2.25917	2.20324	2.08343	1.89873	1.67054	1.40776	1.12443	0.849529	0.58524	0.346078	0.168807	0.0671697	0.0219257	0.00594237	0.00135527	0.00026347	4.41681e-05	6.45079e-06	8.28478e-07	9.7162e-08	4.06098e-08	2.94285e-07	2.46433e-06	1.82564e-05	0.000118313	0.000664384	
0.00099273	0.00447625	0.0170588	0.0542902	0.142701	0.307635	0.545723	0.814392	1.06855	1.29569	1.49626	1.66314	1.78845	1.87112	1.91588	1.93163	1.92812	1.91632	1.8995	1.88778	1.88558	1.89171	1.906	1.92224	1.93083	1.92852	1.90175	1.84312	1.74354	1.60115	1.4202	1.2103	0.981301	0.744308	0.548073	0.471066	0.549663	0.743914	0.992449	1.26877	1.5485	1.79718	2.00715	2.15975	2.24455	2.25375	2.18149	2.02954	1.7998	1.50059	1.14345	0.741405	0.313878	-0.124878	-0.550605	-0.946173	-1.29789	-1.58001	-1.7701	-1.86032	-1.85027	-1.73998	-1.5305	-1.23209	-0.869914	-0.467982	-0.037173	0.401333	0.823797	1.2193	1.56534	1.85158	2.06646	2.2023	2.25853	2.2332	2.13493	1.96855	1.75024	1.49346	1.20842	0.926824	0.655718	0.403463	0.206206	0.0861063	0.0294597	0.00834936	0.00198631	0.000401817	6.99391e-05	1.05846e-05	1.40577e-06	1.65714e-07	2.34385e-08	6.34231e-08	5.54555e-07	4.4088e-06	3.0844e-05	0.000188242	
0.000264588	0.00131169	0.00555091	0.0198428	0.0593164	0.147127	0.30219	0.518648	0.762597	0.998268	1.20942	1.39307	1.54796	1.67204	1.76527	1.82981	1.87098	1.89598	1.91029	1.91576	1.9158	1.91433	1.90549	1.88769	1.85691	1.80736	1.73158	1.62637	1.48957	1.32318	1.12896	0.910259	0.67893	0.473143	0.357436	0.382605	0.543363	0.783216	1.05269	1.33875	1.61758	1.85931	2.059	2.19394	2.25562	2.23687	2.13157	1.94138	1.6704	1.32634	0.92142	0.473069	-0.00709403	-0.491446	-0.962903	-1.40867	-1.79911	-2.1075	-2.31997	-2.42492	-2.41303	-2.28559	-2.05314	-1.72704	-1.32282	-0.869914	-0.395301	0.0901431	0.565371	1.00657	1.40075	1.7303	1.98676	2.15889	2.24811	2.24912	2.17289	2.02364	1.81412	1.56417	1.27978	0.992737	0.716309	0.454681	0.241382	0.104902	0.0373259	0.0109825	0.00270688	0.000566179	0.000101706	1.5859e-05	2.16683e-06	2.61654e-07	2.91656e-08	1.4079e-08	1.08975e-07	9.25551e-07	6.96636e-06	4.60204e-05	
6.0755e-05	0.000329088	0.00153482	0.00610701	0.0205473	0.0580225	0.136988	0.271226	0.456419	0.669184	0.882192	1.07764	1.24831	1.3923	1.50973	1.60159	1.66972	1.7172	1.74882	1.76598	1.76954	1.76066	1.73793	1.70027	1.64519	1.56775	1.46592	1.33793	1.18322	1.00245	0.79947	0.587402	0.394987	0.26617	0.244713	0.350788	0.562217	0.82535	1.10499	1.39599	1.67274	1.90828	2.09693	2.2156	2.25894	2.21367	2.08178	1.85704	1.55242	1.16726	0.724675	0.2316	-0.289745	-0.815259	-1.33431	-1.81986	-2.24851	-2.60877	-2.87697	-3.01613	-3.0002	-2.83237	-2.54294	-2.16792	-1.72704	-1.23209	-0.709826	-0.184749	0.333396	0.817767	1.24948	1.62002	1.90885	2.11534	2.23007	2.25664	2.19817	2.06407	1.8643	1.62055	1.33784	1.04661	0.76588	0.497728	0.272242	0.122147	0.0448509	0.0135995	0.0034486	0.000740951	0.000136525	2.18078e-05	3.04883e-06	3.76212e-07	4.14369e-08	5.89059e-09	1.90306e-08	1.69617e-07	1.3684e-06	9.74304e-06	
1.20802e-05	7.1062e-05	0.000362578	0.00159167	0.00596427	0.0189465	0.0508006	0.115	0.22142	0.368392	0.541885	0.722945	0.895772	1.05073	1.18327	1.29204	1.37719	1.43958	1.48133	1.50455	1.50999	1.49744	1.46704	1.41723	1.34595	1.25138	1.13311	0.991278	0.828456	0.65104	0.471798	0.310889	0.193905	0.147885	0.19681	0.350792	0.58782	0.861299	1.14623	1.4401	1.71337	1.94334	2.12464	2.22903	2.25684	2.19194	2.03634	1.78686	1.45221	1.03826	0.561572	0.0352956	-0.518162	-1.08588	-1.638	-2.1533	-2.63716	-3.07486	-3.41239	-3.58859	-3.56846	-3.35603	-2.99316	-2.54294	-2.05314	-1.5305	-0.972213	-0.405702	0.14322	0.662008	1.12602	1.52616	1.84356	2.07517	2.21196	2.25846	2.21381	2.09368	1.90077	1.66164	1.38217	1.0883	0.803875	0.531192	0.297049	0.136522	0.0513373	0.0159239	0.00412551	0.00090449	0.000169881	2.76359e-05	3.93187e-06	4.93426e-07	5.50513e-08	5.75221e-09	3.31374e-09	2.72953e-08	2.34924e-07	1.79518e-06	
2.09237e-06	1.32918e-05	7.36944e-05	0.000354027	0.00146319	0.00516992	0.0155465	0.0397433	0.0867202	0.163207	0.269341	0.397776	0.536847	0.674854	0.802634	0.914216	1.00625	1.07702	1.1259	1.15333	1.1597	1.14496	1.10902	1.05139	0.971969	0.871835	0.753234	0.620461	0.48079	0.344691	0.225026	0.134976	0.0872113	0.0968834	0.183888	0.36073	0.609044	0.886925	1.17501	1.47034	1.74029	1.96608	2.14095	2.23678	2.25327	2.17404	2.00316	1.73449	1.37987	0.945999	0.441377	-0.101157	-0.684526	-1.28401	-1.85028	-2.3945	-2.94102	-3.45144	-3.84354	-4.0457	-4.02272	-3.77848	-3.35603	-2.83237	-2.28559	-1.73998	-1.16563	-0.56489	0.00993585	0.546245	1.03935	1.45701	1.79612	2.0448	2.19779	2.2572	2.22407	2.11179	1.9249	1.68881	1.41193	1.11706	0.830012	0.554278	0.314532	0.14693	0.0561542	0.0176886	0.0046495	0.00103333	0.000196597	3.23791e-05	4.66206e-06	5.9193e-07	6.6782e-08	6.77225e-09	9.88818e-10	3.91248e-09	3.54432e-08	2.89498e-07	
3.17683e-07	2.16826e-06	1.29842e-05	6.77705e-05	0.000306308	0.0011918	0.00397399	0.0113338	0.0277011	0.0584269	0.107643	0.176025	0.260066	0.353242	0.44798	0.537285	0.615604	0.678918	0.724464	0.750631	0.75671	0.742567	0.708519	0.655618	0.585898	0.502615	0.410364	0.315345	0.224956	0.146755	0.0870607	0.0506064	0.0435669	0.0798255	0.182594	0.368359	0.621011	0.900798	1.19045	1.48541	1.75351	1.97957	2.14906	2.23969	2.25195	2.1622	1.98631	1.70409	1.3419	0.895131	0.375798	-0.173113	-0.77759	-1.39173	-1.96217	-2.52855	-3.11814	-3.67153	-4.09215	-4.30682	-4.2825	-4.02272	-3.56846	-3.0002	-2.41303	-1.85027	-1.2719	-0.653231	-0.0596163	0.482348	0.992084	1.41967	1.76878	2.02848	2.18844	2.25595	2.22909	2.11986	1.93906	1.7034	1.42675	1.13205	0.843932	0.566542	0.323898	0.152597	0.0588204	0.0186794	0.00494723	0.00110731	0.000212088	3.5156e-05	5.09377e-06	6.50773e-07	7.38761e-08	7.50598e-09	7.30386e-10	5.41834e-10	4.7284e-09	4.11013e-08	
4.25449e-08	3.10567e-07	1.998e-06	1.12593e-05	5.52426e-05	0.000234668	0.000859196	0.00270453	0.00732278	0.0171322	0.0349433	0.0629223	0.101523	0.149043	0.201986	0.255894	0.306216	0.348929	0.380821	0.399605	0.404009	0.393758	0.369514	0.332962	0.286765	0.234481	0.180395	0.129121	0.0848745	0.0506934	0.0281923	0.0189921	0.0289823	0.0742756	0.181204	0.36871	0.622027	0.902073	1.19186	1.48664	1.75456	1.98098	2.14994	2.24	2.252	2.1611	1.98491	1.7013	1.33858	0.890532	0.369933	-0.179609	-0.786257	-1.40155	-1.97229	-2.54108	-3.13499	-3.69238	-4.11553	-4.33127	-4.30682	-4.0457	-3.58859	-3.01613	-2.42492	-1.86032	-1.28168	-0.661419	-0.0658495	0.476523	0.987747	1.41632	1.76625	2.02705	2.18756	2.25586	2.22954	2.12051	1.94037	1.70473	1.42807	1.13341	0.845204	0.567663	0.324757	0.153121	0.0590685	0.0187721	0.00497521	0.00111429	0.000213554	3.54197e-05	5.1349e-06	6.564e-07	7.45571e-08	7.57621e-09	6.97519e-10	1.11619e-10	5.63824e-10	5.16743e-09	
5.05589e-09	3.93132e-08	2.70443e-07	1.63649e-06	8.661e-06	3.98753e-05	0.000158984	0.000547298	0.00162583	0.00417917	0.00935539	0.0184193	0.0322881	0.051067	0.0738351	0.0987607	0.123456	0.14541	0.162365	0.172576	0.174993	0.169373	0.156288	0.137084	0.113738	0.0886438	0.0643164	0.0429768	0.0261551	0.01452	0.00832869	0.00920113	0.0240471	0.0702861	0.175519	0.360314	0.611649	0.890547	1.17915	1.47445	1.74391	1.96963	2.14326	2.23774	2.25291	2.17108	1.99855	1.72647	1.36953	0.932344	0.423702	-0.120605	-0.709316	-1.31303	-1.88064	-2.43038	-2.98803	-3.50995	-3.90988	-4.11553	-4.09215	-3.84354	-3.41239	-2.87697	-2.31997	-1.7701	-1.1942	-0.588459	-0.0090649	0.52911	1.02674	1.44695	1.78902	2.04044	2.19557	2.25698	2.22557	2.11415	1.92847	1.69265	1.41606	1.12117	0.833783	0.557607	0.317076	0.148465	0.0568735	0.017955	0.00472928	0.0010531	0.000200727	3.31175e-05	4.77654e-06	6.07488e-07	6.86496e-08	6.93961e-09	6.31707e-10	5.73894e-11	6.30733e-11	5.78711e-10	
