0.218984	0.624478	1.03476	1.45268	1.85027	2.19356	2.4591	2.59732	2.61606	2.54274	2.37549	2.14646	1.93249	1.78811	1.71442	1.68433	1.67318	1.6679	1.66387	1.66113	1.66048	1.66184	1.6647	1.66684	1.66536	1.65692	1.63687	1.60055	1.54474	1.46694	1.36474	1.23544	1.07759	0.892929	0.689256	0.484181	0.302809	0.165938	0.0790056	0.0326103	0.0116934	0.00365919	0.00100504	0.000243789	5.25469e-05	1.0124e-05	1.75401e-06	2.76846e-07	4.53865e-08	1.96198e-08	3.07664e-08	5.73441e-08	1.00139e-07	1.61922e-07	2.44702e-07	3.6102e-07	6.2953e-07	1.91065e-06	9.54409e-06	5.27262e-05	0.000271825	0.00125356	0.00509504	0.0180571	0.0552026	0.143937	0.316657	0.583487	0.902877	1.19986	1.43278	1.60276	1.68484	1.64852	1.51646	1.29368	0.991562	0.650709	0.275253	-0.0828419	-0.417332	-0.704385	-0.93844	-1.11364	-1.23749	-1.31107	-1.35209	-1.3726	-1.37903	-1.38093	-1.38099	-1.37587	-1.35602	-1.32172	-1.25604	-1.14136	-0.979183	-0.753737	-0.478391	-0.144997	
0.624478	1.01448	1.42132	1.84676	2.22508	2.53039	2.72238	2.77738	2.73251	2.60079	2.38395	2.13547	1.92681	1.78729	1.70372	1.65151	1.61442	1.58463	1.56202	1.54842	1.54524	1.55254	1.56964	1.5943	1.6224	1.64936	1.67043	1.67762	1.66403	1.62439	1.55611	1.45777	1.32855	1.16872	0.978281	0.760695	0.533609	0.329238	0.175919	0.0809182	0.0320655	0.010997	0.00328497	0.000860699	0.000199194	4.09943e-05	7.55592e-06	1.27236e-06	2.39492e-07	1.39069e-07	2.30164e-07	4.17885e-07	7.0927e-07	1.11674e-06	1.63612e-06	2.24255e-06	2.92648e-06	3.95938e-06	7.51708e-06	2.65716e-05	0.000127748	0.000609298	0.00262201	0.00991907	0.0325513	0.0915925	0.21847	0.437548	0.733633	1.04275	1.30357	1.50682	1.64736	1.68567	1.62299	1.48075	1.24649	0.961937	0.645716	0.304841	-0.0188322	-0.321325	-0.578221	-0.791412	-0.955373	-1.07569	-1.16119	-1.21181	-1.24016	-1.25182	-1.24282	-1.21879	-1.1744	-1.09504	-0.983876	-0.827562	-0.624897	-0.374888	-0.0767773	0.255932	
1.03476	1.42132	1.84473	2.24285	2.56642	2.79283	2.88537	2.86574	2.76238	2.56545	2.29677	2.02704	1.81186	1.65955	1.55174	1.4692	1.40111	1.34436	1.30314	1.27889	1.27285	1.28657	1.3174	1.36461	1.42426	1.48962	1.55635	1.61766	1.66356	1.68416	1.67074	1.61852	1.525	1.39253	1.22747	1.03099	0.801569	0.556504	0.335597	0.173379	0.0765292	0.0289701	0.0094695	0.00269395	0.000672363	0.000148361	2.91998e-05	5.29354e-06	1.19642e-06	9.21742e-07	1.56787e-06	2.76522e-06	4.5573e-06	6.99013e-06	1.00087e-05	1.34214e-05	1.69155e-05	2.01974e-05	2.36936e-05	3.23018e-05	7.43883e-05	0.000286804	0.00123985	0.00496411	0.0174959	0.053285	0.138448	0.303527	0.557517	0.860884	1.1449	1.37554	1.55858	1.66973	1.6782	1.60967	1.46603	1.2417	0.981809	0.693866	0.399159	0.113675	-0.147448	-0.377173	-0.565407	-0.714486	-0.822624	-0.899589	-0.945975	-0.960731	-0.950163	-0.910394	-0.840436	-0.73908	-0.598155	-0.418463	-0.194717	0.0628019	0.35652	0.677217	
1.45268	1.84676	2.24285	2.57747	2.82252	2.94712	2.95398	2.86949	2.68638	2.40694	2.08897	1.80421	1.58177	1.41353	1.27871	1.16428	1.06455	0.984754	0.927224	0.893824	0.885536	0.904442	0.947818	1.01404	1.10108	1.20367	1.31219	1.42269	1.52554	1.61168	1.66883	1.68669	1.65637	1.57063	1.43299	1.25907	1.0537	0.811053	0.550758	0.320935	0.158805	0.0667879	0.0240294	0.00746003	0.00201655	0.000478866	0.000101072	2.00126e-05	5.73327e-06	5.65086e-06	9.6708e-06	1.65262e-05	2.64129e-05	3.94263e-05	5.51455e-05	7.25079e-05	8.98714e-05	0.000105277	0.000117023	0.000125419	0.000140614	0.000219065	0.000615126	0.0023139	0.00855105	0.0280883	0.0796187	0.191902	0.38933	0.662559	0.956407	1.21292	1.42289	1.58967	1.67743	1.67393	1.60832	1.47559	1.28133	1.0513	0.800184	0.547813	0.306396	0.0876623	-0.103855	-0.261956	-0.383699	-0.470056	-0.521229	-0.542556	-0.528569	-0.48261	-0.403795	-0.288902	-0.137925	0.0482182	0.263965	0.510769	0.786113	1.0986	
1.85027	2.22508	2.56642	2.82252	2.96711	2.99886	2.92961	2.75354	2.47223	2.12696	1.78894	1.5027	1.27044	1.07687	0.907015	0.758063	0.631072	0.532878	0.460696	0.419774	0.411151	0.431995	0.486781	0.569403	0.678284	0.813253	0.96456	1.12437	1.28268	1.42877	1.55178	1.63972	1.68354	1.67361	1.59557	1.45105	1.26625	1.04817	0.789096	0.516883	0.287464	0.134936	0.0536954	0.0182721	0.0053702	0.0013773	0.00031344	6.94016e-05	2.65598e-05	3.1689e-05	5.36828e-05	8.86738e-05	0.000137241	0.000199123	0.000271794	0.000350167	0.000427015	0.000493992	0.00054311	0.000568687	0.000571217	0.000571851	0.000675111	0.00131198	0.00402623	0.0134921	0.0412401	0.109159	0.24553	0.465097	0.742674	1.01875	1.25237	1.44789	1.60116	1.6781	1.67678	1.61887	1.50756	1.35127	1.16277	0.958501	0.751016	0.555669	0.378729	0.230091	0.108853	0.0208128	-0.0329056	-0.0528915	-0.0400297	0.00730587	0.0881941	0.203608	0.347235	0.52107	0.719514	0.945807	1.20169	1.50255	
2.19356	2.53039	2.79283	2.94712	2.99886	2.94881	2.78153	2.50619	2.15323	1.7759	1.43222	1.13474	0.879764	0.653586	0.455029	0.282586	0.140913	0.0288837	-0.0494055	-0.0936803	-0.102553	-0.0798132	-0.0220408	0.0698238	0.194252	0.346602	0.528244	0.728426	0.94113	1.15034	1.34327	1.50343	1.61719	1.67627	1.67842	1.60093	1.44634	1.24949	1.01386	0.735848	0.458133	0.240253	0.10603	0.0396715	0.0127148	0.0035335	0.000873837	0.000224572	0.000118536	0.000160789	0.000266378	0.000424319	0.00063496	0.000894272	0.00118983	0.00150063	0.00179917	0.0020552	0.00224048	0.00233364	0.00232471	0.00222181	0.00207393	0.00206679	0.00287333	0.00669949	0.0196922	0.0556791	0.138034	0.29182	0.521693	0.792906	1.05018	1.26674	1.45026	1.59381	1.67243	1.6842	1.64253	1.55752	1.43812	1.2963	1.14305	0.988412	0.842126	0.713003	0.608607	0.529977	0.47929	0.462097	0.473405	0.517017	0.590677	0.690085	0.816179	0.963806	1.13234	1.32591	1.56128	1.85353	
2.4591	2.72238	2.88537	2.95398	2.92961	2.78153	2.51692	2.16835	1.7647	1.37351	1.02365	0.713981	0.440297	0.194736	-0.0186801	-0.201857	-0.349161	-0.460867	-0.535229	-0.578059	-0.588421	-0.563953	-0.510416	-0.420764	-0.294913	-0.13351	0.0617953	0.284343	0.530381	0.78688	1.04209	1.27566	1.47352	1.60795	1.67414	1.67711	1.58737	1.41906	1.20744	0.948327	0.652976	0.380944	0.186363	0.0767431	0.0268673	0.008116	0.00220913	0.00069432	0.000501814	0.000730406	0.00117275	0.00179727	0.00259588	0.00354366	0.00459009	0.00566122	0.00666762	0.00751606	0.00812256	0.00842467	0.00839092	0.00802693	0.00738239	0.00658015	0.00594524	0.00645875	0.0110127	0.0269987	0.0696107	0.161822	0.323995	0.553082	0.811861	1.05299	1.25718	1.42989	1.56687	1.65358	1.68619	1.67136	1.61778	1.53542	1.43685	1.33107	1.22649	1.12822	1.0459	0.983768	0.943821	0.928309	0.938762	0.973706	1.032	1.11106	1.20958	1.32291	1.45754	1.62809	1.85649	2.14579	
2.59732	2.77738	2.86574	2.86949	2.75354	2.50619	2.16835	1.75957	1.33852	0.956853	0.601067	0.282819	-0.00973111	-0.263866	-0.482847	-0.657504	-0.79186	-0.887596	-0.952188	-0.987274	-0.995705	-0.978963	-0.931103	-0.852919	-0.743751	-0.592176	-0.400709	-0.167769	0.0978459	0.387462	0.686492	0.977626	1.24011	1.46653	1.61059	1.67905	1.66823	1.55416	1.36942	1.1363	0.849484	0.54592	0.294752	0.133371	0.0510088	0.0168144	0.00514929	0.00209621	0.0019699	0.00293966	0.00454317	0.00668246	0.00929857	0.012284	0.0154695	0.018637	0.021543	0.0239478	0.0256443	0.0264827	0.0263882	0.0253697	0.0235214	0.0210227	0.0181674	0.0155154	0.0144202	0.0183874	0.0355857	0.0814001	0.176837	0.337505	0.556438	0.799487	1.02748	1.223	1.38715	1.5192	1.61349	1.66768	1.68405	1.66703	1.62511	1.56854	1.50643	1.44473	1.38869	1.34481	1.31675	1.30527	1.31303	1.33805	1.37928	1.43488	1.50161	1.58275	1.69085	1.84716	2.06817	2.33857	
2.61606	2.73251	2.76238	2.68638	2.47223	2.15323	1.7647	1.33852	0.936136	0.544271	0.179746	-0.151077	-0.442911	-0.686621	-0.880401	-1.02897	-1.132	-1.20499	-1.24498	-1.26509	-1.27155	-1.26001	-1.23128	-1.18028	-1.09464	-0.97401	-0.809482	-0.594097	-0.334666	-0.0283151	0.298632	0.64391	0.96267	1.2496	1.48366	1.62526	1.68634	1.6439	1.50031	1.29472	1.03047	0.719413	0.425253	0.210538	0.0878751	0.0318267	0.0113563	0.00621112	0.00700207	0.0103727	0.0153468	0.0216126	0.0289172	0.0369083	0.0451269	0.0530464	0.0601266	0.0658685	0.0698614	0.0718181	0.0715979	0.0692167	0.0648467	0.0588066	0.0515503	0.0436889	0.0361483	0.030716	0.0313645	0.0464475	0.090409	0.181306	0.330864	0.531709	0.755942	0.971755	1.16126	1.32057	1.44971	1.54862	1.6182	1.65981	1.67585	1.67177	1.65469	1.63161	1.60687	1.58512	1.57034	1.5645	1.56843	1.58178	1.60309	1.63081	1.66561	1.71677	1.80301	1.94943	2.16447	2.41124	
2.54274	2.60079	2.56545	2.40694	2.12696	1.7759	1.37351	0.956853	0.544271	0.142103	-0.217528	-0.54601	-0.812079	-1.02879	-1.17978	-1.28468	-1.34186	-1.36824	-1.38311	-1.38615	-1.38548	-1.38262	-1.37867	-1.36197	-1.32254	-1.24979	-1.12597	-0.949405	-0.713549	-0.422667	-0.0855158	0.276227	0.654009	0.997187	1.30023	1.52109	1.65154	1.68378	1.59692	1.42395	1.1874	0.887004	0.568079	0.305874	0.139228	0.0561504	0.024405	0.0177156	0.0220606	0.031749	0.0447718	0.0602267	0.077341	0.0952308	0.112912	0.129381	0.143699	0.15506	0.162841	0.16662	0.166196	0.161592	0.153054	0.141045	0.126236	0.109489	0.0918785	0.0748338	0.0606396	0.0535837	0.061672	0.0975798	0.176022	0.305898	0.481549	0.682348	0.883323	1.06661	1.22402	1.35354	1.45641	1.53522	1.59216	1.62966	1.65131	1.66183	1.66538	1.66504	1.66353	1.66285	1.66338	1.6652	1.66757	1.67101	1.68122	1.7134	1.79385	1.94769	2.16688	2.39011	
2.37549	2.38395	2.29677	2.08897	1.78894	1.43222	1.02365	0.601067	0.179746	-0.217528	-0.579195	-0.879925	-1.11188	-1.26869	-1.3614	-1.39506	-1.39869	-1.3795	-1.35791	-1.34304	-1.33661	-1.34672	-1.36805	-1.38815	-1.40002	-1.38841	-1.32957	-1.21661	-1.0256	-0.77051	-0.440902	-0.0711567	0.327067	0.719294	1.08131	1.3761	1.57475	1.67764	1.65663	1.52467	1.31812	1.03916	0.713201	0.415073	0.206521	0.094857	0.051951	0.0469632	0.06051	0.0834261	0.111745	0.143315	0.176406	0.209355	0.240569	0.268614	0.292293	0.310666	0.323053	0.329015	0.328349	0.321077	0.30745	0.287953	0.26332	0.234548	0.202916	0.170016	0.137872	0.109336	0.0889549	0.0841124	0.105384	0.164234	0.267475	0.411686	0.582896	0.762547	0.934506	1.08833	1.21921	1.32666	1.41239	1.47863	1.52782	1.56279	1.58664	1.60188	1.61035	1.61341	1.61159	1.60503	1.59421	1.58232	1.57976	1.60844	1.69924	1.86916	2.08719	2.27587	
2.14646	2.13547	2.02704	1.80421	1.5027	1.13474	0.713981	0.282819	-0.151077	-0.54601	-0.879925	-1.13448	-1.30555	-1.39097	-1.40907	-1.37479	-1.31228	-1.24665	-1.19247	-1.16236	-1.15711	-1.17137	-1.21076	-1.27091	-1.341	-1.39221	-1.41014	-1.36563	-1.24783	-1.04273	-0.755793	-0.39683	0.0138877	0.438044	0.84343	1.20169	1.4667	1.63447	1.68075	1.59757	1.42364	1.17188	0.853778	0.53503	0.293355	0.157547	0.108178	0.111641	0.142456	0.186543	0.236866	0.289464	0.341554	0.3909	0.435697	0.474555	0.50647	0.530734	0.546864	0.554566	0.55371	0.544309	0.526526	0.500689	0.467322	0.427188	0.381368	0.331359	0.279144	0.227301	0.179296	0.140015	0.116338	0.116996	0.15072	0.22263	0.330927	0.466607	0.616576	0.76772	0.909692	1.03604	1.14398	1.23311	1.30433	1.35911	1.39935	1.42688	1.44317	1.4492	1.44556	1.43268	1.41229	1.39039	1.38239	1.41632	1.52344	1.7079	1.91891	2.07722	
1.93249	1.92681	1.81186	1.58177	1.27044	0.879764	0.440297	-0.00973111	-0.442911	-0.812079	-1.11188	-1.30555	-1.40399	-1.40479	-1.34013	-1.23194	-1.11957	-1.02591	-0.960422	-0.923934	-0.915222	-0.935609	-0.982879	-1.06044	-1.16337	-1.27803	-1.37215	-1.41442	-1.37541	-1.24102	-1.00223	-0.673343	-0.276611	0.165182	0.604164	1.01258	1.33819	1.56485	1.67465	1.64472	1.50699	1.2865	0.989075	0.667886	0.408665	0.259719	0.212417	0.231627	0.285279	0.353506	0.425904	0.497088	0.563971	0.624595	0.677715	0.722582	0.758738	0.785854	0.803712	0.812196	0.811257	0.800899	0.781185	0.752244	0.714318	0.667758	0.613063	0.551064	0.48311	0.411219	0.338236	0.268109	0.206179	0.159241	0.134967	0.140284	0.178986	0.249892	0.346856	0.46059	0.58108	0.69953	0.809437	0.906737	0.989316	1.05637	1.10793	1.1445	1.16669	1.17504	1.17004	1.15269	1.12634	1.10052	1.09635	1.14701	1.2814	1.48967	1.70694	1.86053	
1.78811	1.78729	1.65955	1.41353	1.07687	0.653586	0.194736	-0.263866	-0.686621	-1.02879	-1.26869	-1.39097	-1.40479	-1.32407	-1.18481	-1.02882	-0.885912	-0.790618	-0.734693	-0.706647	-0.703486	-0.716617	-0.751345	-0.821249	-0.94017	-1.08948	-1.24664	-1.36432	-1.41298	-1.35495	-1.18761	-0.902599	-0.526238	-0.0832144	0.375979	0.82114	1.19938	1.47962	1.647	1.67121	1.57399	1.39033	1.12672	0.823512	0.566339	0.417363	0.378218	0.413632	0.486247	0.571639	0.657428	0.738139	0.811389	0.876147	0.932008	0.97878	1.01624	1.04418	1.0625	1.07121	1.07025	1.05962	1.03938	1.00953	0.970189	0.921578	0.863911	0.797383	0.722414	0.639909	0.551453	0.459575	0.36822	0.283013	0.211055	0.159988	0.136196	0.14278	0.17845	0.238028	0.314118	0.398894	0.48535	0.567893	0.642427	0.706147	0.757247	0.794673	0.817899	0.826784	0.821706	0.804377	0.780164	0.762622	0.77837	0.863937	1.04284	1.29017	1.53057	1.69954	
1.71442	1.70372	1.55174	1.27871	0.907015	0.455029	-0.0186801	-0.482847	-0.880401	-1.17978	-1.3614	-1.40907	-1.34013	-1.18481	-0.989378	-0.813459	-0.692039	-0.634731	-0.613211	-0.593669	-0.586801	-0.601437	-0.619614	-0.652679	-0.732368	-0.879283	-1.06906	-1.25431	-1.38034	-1.40533	-1.30493	-1.07326	-0.732867	-0.301911	0.168256	0.640119	1.06025	1.38771	1.60792	1.68654	1.63563	1.49753	1.28189	1.01533	0.775567	0.632187	0.59703	0.638467	0.717901	0.809174	0.899365	0.983205	1.05873	1.12535	1.18278	1.23071	1.26874	1.29689	1.31529	1.32402	1.32306	1.31241	1.29206	1.26194	1.22191	1.17203	1.11273	1.04426	0.966816	0.880662	0.786441	0.685106	0.578336	0.469303	0.363228	0.267441	0.190363	0.139182	0.117254	0.122984	0.150901	0.193917	0.24521	0.299103	0.351164	0.398013	0.437112	0.466621	0.485327	0.492661	0.489	0.476785	0.463328	0.465725	0.514694	0.647278	0.878496	1.16812	1.43336	1.61752	
1.68433	1.65151	1.4692	1.16428	0.758063	0.282586	-0.201857	-0.657504	-1.02897	-1.28468	-1.39506	-1.37479	-1.23194	-1.02882	-0.813459	-0.662286	-0.591385	-0.580562	-0.587682	-0.572419	-0.564728	-0.582591	-0.585528	-0.579281	-0.611282	-0.710888	-0.897592	-1.11195	-1.30176	-1.39639	-1.36938	-1.19621	-0.894373	-0.479959	-0.0103143	0.477827	0.931171	1.29872	1.56831	1.7045	1.7089	1.62676	1.46899	1.24677	1.0258	0.881487	0.839096	0.875535	0.954025	1.04715	1.14023	1.22667	1.30401	1.37143	1.42843	1.47472	1.51058	1.53683	1.5539	1.56183	1.56095	1.55122	1.53231	1.50418	1.46629	1.41785	1.35872	1.28922	1.20972	1.12054	1.02243	0.916478	0.803563	0.684731	0.561906	0.438929	0.322626	0.222421	0.147381	0.102141	0.0849977	0.0895505	0.108027	0.133728	0.161763	0.188736	0.212233	0.2305	0.242337	0.247194	0.245639	0.24076	0.241419	0.267335	0.351586	0.529331	0.805647	1.12672	1.40576	1.5935	
1.67318	1.61442	1.40111	1.06455	0.631072	0.140913	-0.349161	-0.79186	-1.132	-1.34186	-1.39869	-1.31228	-1.11957	-0.885912	-0.692039	-0.591385	-0.594166	-0.607399	-0.591734	-0.571788	-0.56591	-0.578242	-0.599388	-0.606832	-0.585027	-0.618163	-0.762007	-0.977335	-1.2078	-1.36028	-1.3971	-1.27333	-1.0132	-0.622117	-0.157048	0.341574	0.82349	1.22623	1.54287	1.74213	1.81182	1.79074	1.68712	1.49996	1.28788	1.13544	1.08249	1.11357	1.19174	1.28623	1.37937	1.46344	1.53632	1.59738	1.64687	1.68559	1.71531	1.73688	1.7506	1.75681	1.7561	1.74842	1.73316	1.70999	1.67858	1.63786	1.58608	1.5226	1.44708	1.35949	1.25985	1.14957	1.03064	0.905007	0.774384	0.640004	0.503777	0.370958	0.25159	0.157204	0.0944636	0.0617598	0.0514658	0.0546706	0.0643654	0.0760912	0.0872496	0.0963052	0.102355	0.105111	0.10543	0.106959	0.119756	0.165412	0.278173	0.490247	0.797347	1.13515	1.41583	1.59697	
1.6679	1.58463	1.34436	0.984754	0.532878	0.0288837	-0.460867	-0.887596	-1.20499	-1.36824	-1.3795	-1.24665	-1.02591	-0.790618	-0.634731	-0.580562	-0.607399	-0.605151	-0.557397	-0.544837	-0.549544	-0.545797	-0.574102	-0.615992	-0.592184	-0.590215	-0.686369	-0.877518	-1.12355	-1.31118	-1.39667	-1.31913	-1.09594	-0.727328	-0.265616	0.235274	0.742027	1.18454	1.55143	1.81665	1.95251	1.98331	1.91582	1.74868	1.54162	1.38553	1.32693	1.35286	1.42537	1.51203	1.59481	1.66717	1.72768	1.77619	1.81424	1.84349	1.86584	1.88111	1.89008	1.8945	1.89397	1.88859	1.87853	1.86191	1.83823	1.8074	1.76739	1.71648	1.65314	1.57678	1.48613	1.38049	1.26098	1.12977	0.990403	0.84677	0.701141	0.553943	0.40806	0.273566	0.164628	0.0901281	0.048391	0.0303311	0.0257942	0.0273912	0.030945	0.0344302	0.0369753	0.0384811	0.040063	0.0458414	0.0668288	0.126015	0.258228	0.492776	0.817785	1.16164	1.43722	1.6079	
1.66387	1.56202	1.30314	0.927224	0.460696	-0.0494055	-0.535229	-0.952188	-1.24498	-1.38311	-1.35791	-1.19247	-0.960422	-0.734693	-0.613211	-0.587682	-0.591734	-0.557397	-0.483503	-0.499765	-0.525107	-0.482152	-0.508972	-0.580454	-0.588482	-0.592678	-0.645514	-0.817671	-1.05616	-1.27115	-1.38651	-1.34775	-1.14399	-0.796983	-0.340075	0.169772	0.699994	1.18532	1.60801	1.93489	2.12142	2.18314	2.13595	1.98569	1.78854	1.63122	1.56216	1.57318	1.62955	1.70014	1.76744	1.8251	1.87063	1.90501	1.92986	1.94758	1.95857	1.96472	1.96794	1.97	1.96979	1.9674	1.96374	1.95681	1.94463	1.92551	1.89898	1.86234	1.81394	1.75205	1.67633	1.58478	1.47679	1.35208	1.21172	1.05961	0.902224	0.744874	0.587734	0.431167	0.285115	0.166361	0.0855034	0.0401088	0.019364	0.0120179	0.0104866	0.0108899	0.0116639	0.0125803	0.0148706	0.0230056	0.0487267	0.116038	0.260086	0.507915	0.842285	1.18701	1.45623	1.61735	
1.66113	1.54842	1.27889	0.893824	0.419774	-0.0936803	-0.578059	-0.987274	-1.26509	-1.38615	-1.34304	-1.16236	-0.923934	-0.706647	-0.593669	-0.572419	-0.571788	-0.544837	-0.499765	-0.508495	-0.523851	-0.496921	-0.514716	-0.560881	-0.571333	-0.57666	-0.623588	-0.786209	-1.0212	-1.2474	-1.3794	-1.35818	-1.16999	-0.832807	-0.374736	0.149497	0.709677	1.24084	1.71514	2.08574	2.2991	2.37766	2.34902	2.21497	2.02031	1.8511	1.76393	1.75664	1.79566	1.84888	1.89783	1.93555	1.96004	1.97431	1.97963	1.97989	1.97576	1.97166	1.96895	1.96654	1.96689	1.96956	1.97236	1.97669	1.98022	1.97905	1.9722	1.9559	1.92843	1.88607	1.82791	1.75251	1.65923	1.54851	1.41992	1.27337	1.11081	0.940244	0.771208	0.60464	0.438857	0.284386	0.160545	0.0783923	0.0336048	0.0134623	0.00600666	0.00382579	0.00350248	0.00410109	0.00670571	0.0159421	0.043981	0.115422	0.265568	0.520105	0.858743	1.2029	1.4677	1.6228	
1.66048	1.54524	1.27285	0.885536	0.411151	-0.102553	-0.588421	-0.995705	-1.27155	-1.38548	-1.33661	-1.15711	-0.915222	-0.703486	-0.586801	-0.564728	-0.56591	-0.549544	-0.525107	-0.523851	-0.53011	-0.52205	-0.533198	-0.559922	-0.565702	-0.566766	-0.619778	-0.778644	-1.01429	-1.23935	-1.37538	-1.35728	-1.1767	-0.834731	-0.366045	0.179531	0.778463	1.3536	1.86206	2.25151	2.47707	2.57137	2.55559	2.42053	2.21444	2.03162	1.92996	1.90474	1.92177	1.94922	1.97091	1.98073	1.97933	1.96892	1.95302	1.93435	1.91661	1.90067	1.88954	1.88285	1.88362	1.89149	1.90357	1.92004	1.93801	1.95654	1.97146	1.98038	1.97903	1.96479	1.93342	1.88301	1.81024	1.71555	1.5999	1.46569	1.31354	1.14212	0.959685	0.780006	0.604557	0.430614	0.270948	0.146984	0.0682502	0.027326	0.00972092	0.00340172	0.00161757	0.0017942	0.00440682	0.0139316	0.0425827	0.115074	0.266721	0.522872	0.862515	1.20652	1.47028	1.62399	
1.66184	1.55254	1.28657	0.904442	0.431995	-0.0798132	-0.563953	-0.978963	-1.26001	-1.38262	-1.34672	-1.17137	-0.935609	-0.716617	-0.601437	-0.582591	-0.578242	-0.545797	-0.482152	-0.496921	-0.52205	-0.481162	-0.501618	-0.566937	-0.578724	-0.586622	-0.630372	-0.798274	-1.03114	-1.25537	-1.37821	-1.35217	-1.15599	-0.801761	-0.308839	0.272282	0.906166	1.51001	2.03239	2.42563	2.65949	2.76057	2.73637	2.58697	2.3709	2.17616	2.05478	2.00353	1.99141	1.98857	1.98083	1.96125	1.9322	1.89488	1.85557	1.81526	1.7792	1.74919	1.72833	1.7193	1.72024	1.73161	1.75463	1.78595	1.82313	1.86357	1.9027	1.93872	1.96544	1.9806	1.97922	1.95948	1.91715	1.84966	1.75547	1.63419	1.49216	1.33307	1.15261	0.959678	0.771154	0.58743	0.406627	0.245777	0.126999	0.0558471	0.02103	0.00691814	0.00222172	0.0014622	0.0037518	0.0129582	0.0408715	0.111786	0.260865	0.514131	0.852153	1.19702	1.46356	1.62082	
1.6647	1.56964	1.3174	0.947818	0.486781	-0.0220408	-0.510416	-0.931103	-1.23128	-1.37867	-1.36805	-1.21076	-0.982879	-0.751345	-0.619614	-0.585528	-0.599388	-0.574102	-0.508972	-0.514716	-0.533198	-0.501618	-0.531967	-0.595137	-0.590931	-0.591583	-0.657292	-0.837112	-1.07958	-1.28519	-1.39121	-1.3319	-1.1093	-0.723661	-0.197997	0.419303	1.08467	1.69887	2.21778	2.60891	2.84071	2.92688	2.88302	2.72009	2.48661	2.2695	2.12497	2.04891	2.00756	1.9728	1.93028	1.87626	1.8135	1.74631	1.67903	1.61639	1.56144	1.51944	1.49037	1.47528	1.47698	1.49516	1.52683	1.57153	1.62847	1.69226	1.76001	1.82634	1.88738	1.93708	1.9709	1.98397	1.97353	1.93631	1.87208	1.77851	1.65169	1.50089	1.33307	1.14211	0.940218	0.744731	0.553246	0.367973	0.211252	0.10304	0.0426675	0.0151284	0.00477914	0.00200263	0.00349417	0.0118493	0.0378802	0.104879	0.247602	0.493628	0.827333	1.17389	1.44693	1.61261	
1.66684	1.5943	1.36461	1.01404	0.569403	0.0698238	-0.420764	-0.852919	-1.18028	-1.36197	-1.38815	-1.27091	-1.06044	-0.821249	-0.652679	-0.579281	-0.606832	-0.615992	-0.580454	-0.560881	-0.559922	-0.566937	-0.595137	-0.62032	-0.589846	-0.593747	-0.711464	-0.910488	-1.15587	-1.32792	-1.39561	-1.2928	-1.02957	-0.597283	-0.031635	0.621632	1.30059	1.90669	2.41644	2.79633	3.00464	3.06421	3.00007	2.80893	2.54669	2.31222	2.14769	2.0434	1.96648	1.89396	1.81304	1.72349	1.62729	1.52983	1.43633	1.35079	1.27818	1.21991	1.18048	1.162	1.16401	1.18668	1.23025	1.29174	1.36703	1.45462	1.54898	1.64662	1.7414	1.82781	1.90071	1.95408	1.98279	1.98173	1.94752	1.88162	1.78582	1.65169	1.49216	1.31353	1.1108	0.902165	0.700837	0.502392	0.317079	0.171022	0.0780939	0.0302951	0.0101771	0.0035232	0.00346115	0.0104388	0.0336342	0.0946964	0.227566	0.46197	0.788158	1.13654	1.41934	1.59792	
1.66536	1.6224	1.42426	1.10108	0.678284	0.194252	-0.294913	-0.743751	-1.09464	-1.32254	-1.40002	-1.341	-1.16337	-0.94017	-0.732368	-0.611282	-0.585027	-0.592184	-0.588482	-0.571333	-0.565702	-0.578724	-0.590931	-0.589847	-0.586818	-0.647044	-0.809983	-1.02999	-1.24553	-1.37712	-1.38067	-1.22138	-0.904762	-0.419313	0.186475	0.867508	1.54132	2.1297	2.6238	2.97342	3.14309	3.17417	3.07525	2.8443	2.56178	2.30644	2.11568	1.9812	1.86979	1.75942	1.64085	1.51287	1.38202	1.25221	1.13075	1.02165	0.929878	0.860267	0.812756	0.790394	0.792858	0.820323	0.872539	0.946674	1.04235	1.15393	1.27745	1.40808	1.53853	1.66363	1.77559	1.86869	1.93828	1.97737	1.98552	1.95169	1.88162	1.77851	1.63419	1.46569	1.27337	1.05959	0.846651	0.639427	0.436448	0.258107	0.12953	0.0550005	0.0199608	0.00666791	0.00387563	0.00889814	0.0285212	0.082047	0.201988	0.420378	0.735073	1.08424	1.37926	1.57474	
1.65692	1.64936	1.48962	1.20367	0.813253	0.346602	-0.13351	-0.592176	-0.97401	-1.24979	-1.38841	-1.39221	-1.27803	-1.08948	-0.879283	-0.710888	-0.618163	-0.590215	-0.592678	-0.57666	-0.566766	-0.586622	-0.591584	-0.593748	-0.647046	-0.768497	-0.96336	-1.16844	-1.33595	-1.39984	-1.33605	-1.10938	-0.725833	-0.188522	0.454344	1.14327	1.797	2.36378	2.82806	3.12848	3.25469	3.2486	3.1017	2.83566	2.52586	2.24631	2.03823	1.8724	1.72404	1.57189	1.4128	1.24782	1.0825	0.924509	0.77727	0.647986	0.540263	0.456688	0.400552	0.373196	0.376269	0.409534	0.471392	0.560099	0.671936	0.805135	0.955388	1.11536	1.28075	1.44413	1.59786	1.73543	1.84812	1.93034	1.97421	1.98552	1.94752	1.87208	1.75547	1.5999	1.41992	1.21171	0.990362	0.774168	0.560912	0.359192	0.196754	0.0911493	0.0358438	0.0123684	0.00515676	0.00752714	0.0230669	0.0679839	0.172541	0.370675	0.669029	1.01635	1.32476	1.54047	
1.63687	1.67043	1.55635	1.31219	0.96456	0.528244	0.0617953	-0.400709	-0.809482	-1.12597	-1.32957	-1.41014	-1.37215	-1.24664	-1.06906	-0.897592	-0.762007	-0.686369	-0.645514	-0.623588	-0.619779	-0.630373	-0.657294	-0.711471	-0.81	-0.96339	-1.14334	-1.30455	-1.39783	-1.38466	-1.23597	-0.940724	-0.494504	0.0934237	0.757656	1.43869	2.06482	2.59878	3.01478	3.2561	3.33527	3.27994	3.08224	2.77814	2.4403	2.14962	1.91484	1.71788	1.53192	1.34188	1.14359	0.943421	0.745195	0.558104	0.388924	0.239488	0.116905	0.0247237	-0.0370856	-0.0653285	-0.0621991	-0.0273113	0.040819	0.138826	0.267101	0.421384	0.594758	0.784085	0.983239	1.18313	1.37622	1.55612	1.71148	1.84066	1.93034	1.97737	1.98173	1.93631	1.84966	1.71555	1.54851	1.35207	1.12976	0.904935	0.684375	0.467746	0.277034	0.139234	0.0592182	0.0216478	0.00784014	0.00668124	0.0178266	0.0536582	0.141209	0.315301	0.591706	0.932639	1.25391	1.49196	
1.60055	1.67762	1.61766	1.42269	1.12437	0.728426	0.284343	-0.167769	-0.594097	-0.949405	-1.21661	-1.36563	-1.41442	-1.36432	-1.25431	-1.11195	-0.977335	-0.877518	-0.817671	-0.78621	-0.778646	-0.798278	-0.837127	-0.91053	-1.03009	-1.16866	-1.30487	-1.39195	-1.40376	-1.30394	-1.08065	-0.709011	-0.203287	0.418375	1.08758	1.74575	2.33195	2.82082	3.17526	3.35214	3.37762	3.26552	3.01709	2.67459	2.3177	2.01122	1.75532	1.53131	1.30484	1.07679	0.840472	0.606679	0.381429	0.170051	-0.0187669	-0.180019	-0.313167	-0.414417	-0.481479	-0.514147	-0.510439	-0.470809	-0.397071	-0.289208	-0.149876	0.0175652	0.210565	0.425012	0.653552	0.886457	1.12114	1.34001	1.5439	1.71148	1.84812	1.93828	1.98279	1.97353	1.91715	1.81024	1.65923	1.47679	1.26098	1.03061	0.803449	0.577801	0.366002	0.198098	0.0907273	0.0353849	0.0124917	0.0067243	0.0133056	0.0401741	0.110124	0.257284	0.505748	0.833647	1.16503	1.42658	
1.54474	1.66403	1.66356	1.52554	1.28268	0.94113	0.530381	0.0978459	-0.334666	-0.713549	-1.0256	-1.24783	-1.37541	-1.41298	-1.38034	-1.30176	-1.2078	-1.12355	-1.05616	-1.02121	-1.0143	-1.03117	-1.07966	-1.15609	-1.24604	-1.33701	-1.39969	-1.40609	-1.32722	-1.14755	-0.843752	-0.417892	0.134466	0.775849	1.42979	2.05105	2.58811	3.01977	3.30122	3.41002	3.37697	3.20596	2.90721	2.5309	2.16259	1.84534	1.56998	1.31088	1.053	0.786339	0.519875	0.255026	0.00595171	-0.22366	-0.42732	-0.600218	-0.738079	-0.840511	-0.908484	-0.939403	-0.936026	-0.897979	-0.823015	-0.713328	-0.567751	-0.389048	-0.180323	0.0551249	0.306659	0.572944	0.838451	1.09852	1.34001	1.55612	1.73543	1.86869	1.95408	1.98397	1.95948	1.88301	1.75251	1.58478	1.38049	1.14956	0.916446	0.684942	0.458845	0.265227	0.13004	0.0540818	0.0195955	0.00797891	0.00989441	0.0284437	0.0813235	0.200057	0.41496	0.721216	1.05686	1.34177	
1.46694	1.62439	1.68416	1.61168	1.42877	1.15034	0.78688	0.387462	-0.0283151	-0.422667	-0.77051	-1.04273	-1.24102	-1.35495	-1.40533	-1.39639	-1.36028	-1.31118	-1.27116	-1.24741	-1.2394	-1.25551	-1.28557	-1.32888	-1.37926	-1.40415	-1.39229	-1.31528	-1.15944	-0.907707	-0.54635	-0.0670188	0.514932	1.14703	1.77267	2.344	2.82026	3.18308	3.38467	3.42516	3.33133	3.10175	2.75704	2.35834	1.98587	1.65859	1.36499	1.07742	0.783469	0.484481	0.187425	-0.0988488	-0.367322	-0.607961	-0.818241	-0.993198	-1.13248	-1.23585	-1.30259	-1.33424	-1.33078	-1.29231	-1.21825	-1.10711	-0.961034	-0.7792	-0.561797	-0.315684	-0.0430158	0.246006	0.543465	0.838451	1.12114	1.37622	1.59786	1.77559	1.90071	1.9709	1.97922	1.93342	1.82791	1.67633	1.48613	1.25985	1.02242	0.786396	0.551239	0.337328	0.175881	0.0777059	0.0294378	0.010675	0.0078246	0.0190672	0.0564769	0.147086	0.324222	0.599127	0.929394	1.23493	
1.36474	1.55611	1.67074	1.66883	1.55178	1.34327	1.04209	0.686492	0.298632	-0.0855158	-0.440902	-0.755793	-1.00223	-1.18761	-1.30493	-1.36938	-1.3971	-1.39668	-1.38653	-1.37946	-1.37559	-1.37883	-1.39281	-1.39934	-1.38849	-1.35083	-1.26111	-1.11837	-0.891111	-0.587976	-0.175827	0.32277	0.910665	1.52116	2.10063	2.60648	3.01562	3.30069	3.41978	3.39478	3.24129	2.95723	2.575	2.16696	1.79719	1.46353	1.14925	0.831517	0.509668	0.181599	-0.138104	-0.443061	-0.72181	-0.969059	-1.1785	-1.35018	-1.48104	-1.57367	-1.63432	-1.66299	-1.65991	-1.62491	-1.55784	-1.45786	-1.31886	-1.13988	-0.922735	-0.668182	-0.384413	-0.0745885	0.246006	0.572944	0.886457	1.18313	1.44413	1.66363	1.82781	1.93708	1.9806	1.96479	1.88607	1.75205	1.57678	1.35949	1.12054	0.880651	0.639854	0.410965	0.226272	0.10565	0.0420208	0.0149062	0.00715416	0.0122706	0.0366355	0.10136	0.239014	0.473403	0.785115	1.10401	
1.23544	1.45777	1.61852	1.68669	1.63972	1.50343	1.27566	0.977626	0.64391	0.276227	-0.0711567	-0.39683	-0.673343	-0.902599	-1.07326	-1.19621	-1.27333	-1.31915	-1.34784	-1.35849	-1.3582	-1.35463	-1.33779	-1.30545	-1.24592	-1.15254	-1.00969	-0.808519	-0.544651	-0.201283	0.224326	0.738401	1.31207	1.87266	2.39336	2.82686	3.16327	3.36268	3.40353	3.3197	3.10893	2.77671	2.37289	1.97087	1.60646	1.26686	0.932871	0.588816	0.237194	-0.11204	-0.450461	-0.763665	-1.04727	-1.28995	-1.49121	-1.64982	-1.7678	-1.84989	-1.89782	-1.91761	-1.91563	-1.89085	-1.83616	-1.74685	-1.62194	-1.45459	-1.24411	-0.993974	-0.702834	-0.384413	-0.0430158	0.306659	0.653552	0.983239	1.28075	1.53853	1.7414	1.88738	1.96544	1.97903	1.92843	1.81394	1.65314	1.44708	1.20972	0.966813	0.722401	0.483047	0.278869	0.136811	0.0570278	0.0206049	0.00778295	0.0079207	0.0220964	0.0648497	0.164513	0.351901	0.630081	0.949142	
1.07759	1.32855	1.525	1.65637	1.68354	1.61719	1.47352	1.24011	0.96267	0.654009	0.327067	0.0138877	-0.276611	-0.526239	-0.732868	-0.89438	-1.01323	-1.09605	-1.1444	-1.17125	-1.18018	-1.16454	-1.12808	-1.06659	-0.970709	-0.832773	-0.65327	-0.419158	-0.131524	0.226555	0.653073	1.1542	1.67559	2.18976	2.63632	2.99067	3.25103	3.36328	3.33778	3.20147	2.93776	2.57235	2.1664	1.78077	1.42454	1.07644	0.720752	0.353803	-0.0194957	-0.387603	-0.736087	-1.05448	-1.33168	-1.56505	-1.7473	-1.88354	-1.97705	-2.03413	-2.0677	-2.08524	-2.08332	-2.06234	-2.02493	-1.9616	-1.85979	-1.71469	-1.5223	-1.27959	-0.993974	-0.668182	-0.315684	0.0551249	0.425012	0.784085	1.11536	1.40808	1.64662	1.82634	1.93872	1.98038	1.9559	1.86234	1.71648	1.5226	1.28922	1.04426	0.79738	0.551051	0.331294	0.169747	0.0738475	0.0275394	0.00949125	0.00561511	0.0124341	0.0381585	0.10453	0.243038	0.474093	0.774757	
0.892929	1.16872	1.39253	1.57063	1.67361	1.67627	1.60795	1.46653	1.2496	0.997187	0.719294	0.438044	0.165182	-0.0832159	-0.301918	-0.479993	-0.622254	-0.727825	-0.798579	-0.837351	-0.846211	-0.827518	-0.775185	-0.689793	-0.569737	-0.41229	-0.213843	0.0272566	0.316557	0.658365	1.06651	1.52555	2.00537	2.4484	2.80438	3.09168	3.27045	3.30293	3.22735	3.04263	2.73545	2.3582	1.97081	1.60788	1.25598	0.898906	0.52236	0.133374	-0.257744	-0.636125	-0.990364	-1.30382	-1.57106	-1.78334	-1.94055	-2.04697	-2.10659	-2.13359	-2.13834	-2.13473	-2.13547	-2.13854	-2.13006	-2.09774	-2.03012	-1.91287	-1.74515	-1.5223	-1.24411	-0.922735	-0.561797	-0.180323	0.210565	0.594758	0.955388	1.27745	1.54898	1.76001	1.9027	1.97146	1.9722	1.89898	1.76739	1.58608	1.35872	1.11273	0.86391	0.61306	0.381354	0.202855	0.0916423	0.0353347	0.0119875	0.00481681	0.00670234	0.0204942	0.0606128	0.153884	0.32945	0.590908	
0.689256	0.978281	1.22747	1.43299	1.59557	1.67842	1.67414	1.61059	1.48366	1.30023	1.08131	0.84343	0.604163	0.375971	0.168221	-0.0104627	-0.157605	-0.267473	-0.345552	-0.388992	-0.398799	-0.375428	-0.318507	-0.227626	-0.103554	0.0584646	0.253218	0.483534	0.75157	1.06822	1.43976	1.85029	2.26122	2.61416	2.90508	3.12166	3.21383	3.19029	3.07597	2.84617	2.51725	2.15636	1.80032	1.45884	1.1076	0.736543	0.343059	-0.0637779	-0.468965	-0.854244	-1.20678	-1.51151	-1.75914	-1.94496	-2.06809	-2.13286	-2.15478	-2.14373	-2.11784	-2.1005	-2.10267	-2.12291	-2.14776	-2.15339	-2.12353	-2.04861	-1.91287	-1.71469	-1.45459	-1.13988	-0.7792	-0.389048	0.0175652	0.421384	0.805135	1.15393	1.45462	1.69226	1.86357	1.95654	1.97905	1.92551	1.8074	1.63786	1.41785	1.17203	0.921577	0.667757	0.427185	0.234536	0.109439	0.0435083	0.0149504	0.00498735	0.00374274	0.0100327	0.0317501	0.0881791	0.208137	0.413349	
0.484181	0.760695	1.03099	1.25907	1.45105	1.60093	1.67711	1.67905	1.62526	1.52109	1.3761	1.20169	1.01257	0.821107	0.639972	0.477252	0.339578	0.229169	0.153357	0.110766	0.0992655	0.125508	0.180244	0.269912	0.391903	0.541734	0.717197	0.919657	1.15083	1.42232	1.73668	2.08285	2.41869	2.70611	2.92848	3.06083	3.09318	3.03684	2.88506	2.62565	2.30669	1.98369	1.66308	1.3365	0.9804	0.595986	0.184507	-0.233517	-0.649089	-1.03572	-1.38443	-1.67485	-1.89968	-2.05465	-2.13451	-2.15339	-2.12338	-2.06116	-1.99907	-1.96388	-1.96809	-2.00991	-2.07432	-2.13311	-2.15401	-2.12353	-2.03012	-1.85979	-1.62194	-1.31886	-0.961034	-0.567751	-0.149876	0.267101	0.671936	1.04235	1.36703	1.62847	1.82313	1.93801	1.98022	1.94463	1.83823	1.67858	1.46629	1.22191	0.970189	0.714318	0.467322	0.263318	0.126227	0.0515158	0.0180583	0.00567625	0.00248264	0.00454848	0.0149153	0.0452323	0.117857	0.260304	
0.302809	0.533609	0.801569	1.0537	1.26625	1.44634	1.58737	1.66823	1.68634	1.65154	1.57475	1.46669	1.33816	1.19925	1.0597	0.929191	0.817194	0.724484	0.657316	0.619135	0.610445	0.631069	0.681113	0.758956	0.861031	0.982197	1.12379	1.28168	1.46259	1.67802	1.93551	2.22069	2.49015	2.70445	2.84906	2.92736	2.93063	2.84273	2.66133	2.40551	2.1296	1.85328	1.55974	1.2408	0.875862	0.479034	0.0534434	-0.374931	-0.794937	-1.1813	-1.52077	-1.79616	-1.99493	-2.11532	-2.15507	-2.12104	-2.03764	-1.9276	-1.81365	-1.74008	-1.74903	-1.83486	-1.95068	-2.05703	-2.13311	-2.15339	-2.09774	-1.9616	-1.74685	-1.45786	-1.10711	-0.713328	-0.289208	0.138826	0.560099	0.946674	1.29174	1.57153	1.78595	1.92004	1.97669	1.95681	1.86191	1.70999	1.50418	1.26194	1.00953	0.752244	0.500689	0.287953	0.141044	0.058801	0.0210063	0.00655121	0.00211434	0.00203182	0.00627395	0.0206109	0.0591675	0.145327	
0.165938	0.329238	0.556504	0.811053	1.04817	1.24949	1.41906	1.55416	1.6439	1.68378	1.67764	1.63444	1.56473	1.47913	1.3859	1.29271	1.20882	1.14066	1.08951	1.05933	1.05307	1.06812	1.10749	1.16604	1.24171	1.33203	1.43326	1.54391	1.6734	1.83377	2.03199	2.24986	2.44746	2.59538	2.69637	2.74995	2.72415	2.60985	2.4327	2.21951	2.00065	1.76386	1.48902	1.16865	0.795873	0.387947	-0.0475468	-0.483243	-0.905855	-1.29087	-1.61901	-1.8819	-2.05187	-2.14116	-2.13968	-2.05219	-1.92269	-1.77319	-1.62497	-1.53251	-1.5435	-1.65211	-1.80442	-1.95068	-2.07432	-2.14776	-2.13006	-2.02493	-1.83616	-1.55784	-1.21825	-0.823015	-0.397071	0.040819	0.471392	0.872539	1.23025	1.52683	1.75463	1.90357	1.97236	1.96374	1.87853	1.73316	1.53231	1.29206	1.03938	0.781185	0.526526	0.30745	0.153053	0.064846	0.0235199	0.00738529	0.00212728	0.0010357	0.00239006	0.00831115	0.0261611	0.0712073	
0.0790057	0.175919	0.335597	0.550758	0.789096	1.01386	1.20744	1.36942	1.50031	1.59692	1.65661	1.68066	1.67426	1.64547	1.60261	1.55226	1.50078	1.45622	1.42249	1.40209	1.39731	1.4084	1.43454	1.47321	1.52159	1.57575	1.63116	1.69057	1.76311	1.86282	1.99858	2.15703	2.30512	2.41868	2.49578	2.5226	2.47474	2.36955	2.23866	2.08916	1.92181	1.71002	1.44489	1.12016	0.740714	0.324715	-0.116994	-0.55743	-0.980669	-1.36415	-1.68378	-1.93374	-2.08485	-2.14318	-2.10794	-1.97788	-1.79713	-1.61787	-1.47109	-1.38811	-1.39786	-1.49644	-1.65211	-1.83486	-2.00991	-2.12291	-2.13854	-2.06234	-1.89085	-1.62491	-1.29231	-0.897979	-0.470809	-0.0273113	0.409534	0.820323	1.18668	1.49516	1.73161	1.89149	1.96956	1.9674	1.88859	1.74842	1.55122	1.31241	1.05962	0.800899	0.544309	0.321077	0.161592	0.0692166	0.0253698	0.00802964	0.00224382	0.000703517	0.000864577	0.0029689	0.0101616	0.0304766	
0.0326104	0.0809182	0.173379	0.320935	0.516883	0.735848	0.948327	1.1363	1.29472	1.42393	1.52461	1.59728	1.64353	1.66688	1.67281	1.66683	1.65329	1.63712	1.62324	1.6144	1.61211	1.61738	1.62847	1.64381	1.66001	1.67343	1.68287	1.69267	1.71383	1.76441	1.85683	1.97976	2.09855	2.18567	2.23821	2.25226	2.22211	2.16963	2.10623	2.01321	1.87976	1.68451	1.42208	1.09443	0.712741	0.289837	-0.151778	-0.598183	-1.01761	-1.40341	-1.71594	-1.95809	-2.10209	-2.13506	-2.08513	-1.92824	-1.70394	-1.50971	-1.3755	-1.30239	-1.31117	-1.39786	-1.5435	-1.74903	-1.96809	-2.10267	-2.13547	-2.08332	-1.91563	-1.65991	-1.33078	-0.936026	-0.510439	-0.0621991	0.376269	0.792858	1.16401	1.47698	1.72024	1.88362	1.96689	1.96979	1.89397	1.7561	1.56095	1.32306	1.07025	0.811257	0.55371	0.328349	0.166196	0.0715979	0.0263883	0.00839185	0.0023314	0.000610634	0.000339887	0.000948839	0.00347027	0.0113892	
0.0116935	0.0320655	0.0765292	0.158805	0.287464	0.458133	0.652976	0.849483	1.03046	1.18736	1.31792	1.42278	1.50372	1.5631	1.60423	1.63116	1.6475	1.65607	1.65994	1.6614	1.66163	1.66104	1.65881	1.65349	1.64279	1.62492	1.60049	1.57451	1.56013	1.57716	1.63863	1.73269	1.82527	1.89407	1.9471	1.99115	2.01896	2.03534	2.03135	1.97762	1.8646	1.67837	1.41881	1.09163	0.710163	0.286457	-0.154883	-0.602114	-1.02085	-1.40714	-1.71872	-1.96029	-2.10371	-2.13373	-2.08281	-1.92318	-1.6941	-1.49885	-1.36627	-1.29381	-1.30239	-1.38811	-1.53251	-1.74008	-1.96388	-2.1005	-2.13473	-2.08524	-1.91761	-1.66299	-1.33424	-0.939403	-0.514147	-0.0653285	0.373196	0.790394	1.162	1.47528	1.7193	1.88285	1.96654	1.97	1.8945	1.75681	1.56183	1.32402	1.07121	0.812196	0.554566	0.329015	0.16662	0.0718182	0.0264827	0.00842491	0.00233532	0.000578798	0.00017885	0.000280988	0.00104616	0.00372584	
0.00365927	0.010997	0.0289701	0.0667879	0.134936	0.240253	0.380944	0.545916	0.719388	0.886879	1.03859	1.1696	1.27851	1.366	1.43391	1.48493	1.52207	1.54785	1.56428	1.573	1.57495	1.57031	1.55868	1.53887	1.50943	1.46929	1.41931	1.36522	1.32138	1.30896	1.34361	1.41837	1.50605	1.59129	1.68564	1.79121	1.88629	1.95956	1.99495	1.96569	1.86707	1.68704	1.43377	1.11184	0.732661	0.315293	-0.126734	-0.568334	-0.990855	-1.37452	-1.69256	-1.94039	-2.08944	-2.14177	-2.10207	-1.96525	-1.77402	-1.59069	-1.4468	-1.36627	-1.3755	-1.47109	-1.62497	-1.81365	-1.99907	-2.11784	-2.13834	-2.0677	-1.89782	-1.63432	-1.30259	-0.908484	-0.481479	-0.0370856	0.400552	0.812756	1.18048	1.49037	1.72833	1.88954	1.96895	1.96794	1.89008	1.7506	1.5539	1.31529	1.0625	0.803712	0.546864	0.323053	0.162841	0.0698614	0.0256443	0.00812261	0.00224085	0.000545383	0.000129641	8.60203e-05	0.000280951	0.00107171	
0.00100512	0.00328498	0.0094695	0.0240293	0.0536953	0.10603	0.186361	0.294739	0.425181	0.567735	0.711743	0.848364	0.971601	1.07819	1.16692	1.23807	1.29288	1.33298	1.35981	1.37455	1.3779	1.37004	1.35061	1.31876	1.27351	1.21439	1.14321	1.06738	1.00334	0.975496	1.00469	1.09028	1.20896	1.34316	1.49705	1.66315	1.80948	1.91956	1.97976	1.9652	1.8776	1.70948	1.46449	1.15305	0.781704	0.372782	-0.0641815	-0.500542	-0.923573	-1.30817	-1.6345	-1.89493	-2.0599	-2.14329	-2.13384	-2.03703	-1.89796	-1.74113	-1.59069	-1.49885	-1.50971	-1.61787	-1.77319	-1.9276	-2.06116	-2.14373	-2.13359	-2.03413	-1.84989	-1.57367	-1.23585	-0.840511	-0.414417	0.0247237	0.456688	0.860267	1.21991	1.51944	1.74919	1.90067	1.97166	1.96472	1.88111	1.73688	1.53683	1.29689	1.04418	0.785854	0.530734	0.310666	0.15506	0.0658685	0.0239478	0.00751607	0.00205527	0.000494445	0.000107927	3.40723e-05	6.88939e-05	0.000272645	
0.00024385	0.000860707	0.00269395	0.00746001	0.018272	0.0396704	0.0767364	0.133333	0.210346	0.305017	0.411695	0.523431	0.633514	0.736448	0.828299	0.906602	0.970123	1.01853	1.05197	1.07073	1.07505	1.06499	1.04043	1.00115	0.947144	0.87942	0.801652	0.72323	0.662539	0.646281	0.698313	0.820486	0.98784	1.17511	1.37797	1.58532	1.76285	1.8937	1.97074	1.97049	1.8952	1.74257	1.50955	1.21349	0.854725	0.457708	0.0309024	-0.399179	-0.819888	-1.20646	-1.54351	-1.81639	-2.00909	-2.12285	-2.15455	-2.10901	-2.01658	-1.89796	-1.77402	-1.6941	-1.70394	-1.79713	-1.92269	-2.03764	-2.12338	-2.15478	-2.10659	-1.97705	-1.7678	-1.48104	-1.13248	-0.738079	-0.313167	0.116905	0.540263	0.929878	1.27818	1.56144	1.7792	1.91661	1.97576	1.95857	1.86584	1.71531	1.51058	1.26874	1.01624	0.758738	0.50647	0.292293	0.143699	0.0601266	0.021543	0.00666762	0.00179918	0.000427096	9.037e-05	1.96771e-05	1.6668e-05	6.18509e-05	
5.25929e-05	0.000199198	0.000672356	0.00201649	0.00536973	0.0127117	0.026849	0.0509113	0.0874127	0.137292	0.199431	0.270853	0.347407	0.424581	0.498161	0.564609	0.621208	0.666059	0.697952	0.716184	0.720415	0.710575	0.686842	0.64974	0.60038	0.541073	0.476688	0.41718	0.380639	0.393011	0.477961	0.637707	0.845348	1.06936	1.3004	1.52979	1.72575	1.86989	1.96043	1.97701	1.91662	1.78181	1.56812	1.28996	0.9498	0.568919	0.155823	-0.264382	-0.681632	-1.06776	-1.41525	-1.70183	-1.92222	-2.06994	-2.14211	-2.15079	-2.10901	-2.03703	-1.96525	-1.92318	-1.92824	-1.97788	-2.05219	-2.12104	-2.15339	-2.13286	-2.04697	-1.88354	-1.64982	-1.35018	-0.993198	-0.600218	-0.180019	0.239488	0.647986	1.02165	1.35079	1.61639	1.81526	1.93435	1.97989	1.94758	1.84349	1.68559	1.47472	1.23071	0.97878	0.722582	0.474555	0.268614	0.129381	0.0530464	0.018637	0.00566122	0.00150064	0.00035018	7.25924e-05	1.39156e-05	4.84877e-06	1.27174e-05	
