0.0185318	0.00365613	0.000544156	6.26442e-05	5.70818e-06	4.20043e-07	2.53941e-08	1.27988e-09	5.47412e-11	6.00401e-12	4.539e-11	4.09172e-10	2.92454e-09	1.63405e-08	7.04947e-08	2.32536e-07	5.85741e-07	1.14088e-06	1.76129e-06	2.22898e-06	2.3504e-06	2.0702e-06	1.51467e-06	8.97203e-07	4.1364e-07	1.4681e-07	4.01939e-08	8.46227e-09	1.37002e-09	1.71978e-10	1.69766e-11	1.33937e-12	8.58094e-14	4.52992e-15	1.99605e-16	7.42448e-18	2.35401e-19	6.41588e-21	1.51415e-22	3.11369e-24	5.6096e-26	8.8954e-28	1.24657e-29	1.54907e-31	1.71191e-33	1.6865e-35	1.4841e-37	1.57849e-39	1.07417e-38	2.21468e-37	3.54208e-36	4.34115e-35	4.09198e-34	2.99973e-33	1.63652e-32	5.70668e-32	1.30849e-31	3.03422e-31	7.47198e-31	3.50604e-30	2.38363e-28	2.07904e-26	1.63365e-24	1.14826e-22	7.19523e-21	4.00411e-19	1.97019e-17	8.52809e-16	3.22856e-14	1.06187e-12	3.01082e-11	7.29389e-10	1.49408e-08	2.55645e-07	3.60205e-06	4.10979e-05	0.000372324	0.00261849	0.013948	0.0549794	0.158358	0.338484	0.567633	0.803239	1.02172	1.21486	1.37091	1.48627	1.56243	1.59244	1.57229	1.50444	1.39696	1.24978	1.0624	0.849124	0.615105	0.382178	0.188574	0.0692377	
0.00365613	0.000605274	7.72092e-05	7.75261e-06	6.24923e-07	4.1146e-08	2.24632e-09	1.03542e-10	1.23916e-11	1.07072e-10	1.10465e-09	9.1204e-09	5.94509e-08	3.02525e-07	1.19094e-06	3.61321e-06	8.50326e-06	1.57973e-05	2.37369e-05	2.95908e-05	3.1086e-05	2.76362e-05	2.06109e-05	1.2628e-05	6.17243e-06	2.36277e-06	7.04882e-07	1.62742e-07	2.89643e-08	3.99396e-09	4.31959e-10	3.72119e-11	2.59406e-12	1.48506e-13	7.07489e-15	2.83757e-16	9.67864e-18	2.83225e-19	7.16466e-21	1.57713e-22	3.03821e-24	5.14745e-26	7.70257e-28	1.02173e-29	1.20516e-31	1.26735e-33	1.19101e-35	1.63149e-37	1.54839e-36	3.00504e-35	4.53479e-34	5.2632e-33	4.71686e-32	3.29557e-31	1.71973e-30	5.8487e-30	1.32649e-29	2.98641e-29	6.84354e-29	9.98757e-29	1.04218e-28	8.42962e-28	6.56759e-26	4.92978e-24	3.30446e-22	1.97032e-20	1.04082e-18	4.84837e-17	1.98098e-15	7.05617e-14	2.17569e-12	5.7602e-11	1.29719e-09	2.45787e-08	3.86892e-07	4.98523e-06	5.16917e-05	0.000423005	0.00267445	0.0127955	0.0456502	0.121723	0.249934	0.415822	0.591496	0.757192	0.896193	1.00144	1.06645	1.09003	1.07443	1.01772	0.919804	0.787398	0.625908	0.450858	0.280755	0.143254	0.0565344	0.0166673	
0.000544156	7.72092e-05	8.58207e-06	7.61389e-07	5.48497e-08	3.25779e-09	1.625e-10	2.12127e-11	2.07002e-10	2.41795e-09	2.2789e-08	1.70932e-07	1.00858e-06	4.63797e-06	1.65386e-05	4.58657e-05	0.000100328	0.000176923	0.000257706	0.000316058	0.000330824	0.000296824	0.000226219	0.000144062	7.49833e-05	3.11382e-05	1.01915e-05	2.5995e-06	5.12463e-07	7.81883e-08	9.32595e-09	8.8232e-10	6.72576e-11	4.19328e-12	2.16759e-13	9.40258e-15	3.4589e-16	1.08902e-17	2.95799e-19	6.97959e-21	1.43927e-22	2.60738e-24	4.16843e-26	5.90398e-28	7.43321e-30	8.34268e-32	8.37011e-34	1.6282e-35	2.02411e-34	3.6975e-33	5.26414e-32	5.78431e-31	4.92665e-30	3.27936e-29	1.63675e-28	5.42499e-28	1.21635e-27	2.66118e-27	5.84822e-27	8.42089e-27	8.09681e-27	5.18989e-27	4.41429e-27	1.76417e-25	1.25668e-23	8.02007e-22	4.54233e-20	2.27326e-18	1.00036e-16	3.84905e-15	1.28656e-13	3.7081e-12	9.13694e-11	1.90582e-09	3.3268e-08	4.79626e-07	5.6249e-06	5.27473e-05	0.00038816	0.00219978	0.00945778	0.03073	0.0766677	0.152118	0.250172	0.35665	0.456978	0.537785	0.589419	0.608844	0.595923	0.550654	0.475003	0.377493	0.27118	0.170137	0.0893347	0.0375158	0.0121056	0.00294881	
6.26442e-05	7.75261e-06	7.61389e-07	6.03451e-08	3.91956e-09	2.12585e-10	3.0273e-11	3.30047e-10	4.32377e-09	4.60518e-08	3.93152e-07	2.65674e-06	1.40596e-05	5.78718e-05	0.000185273	0.000466201	0.00094201	0.0015679	0.00220277	0.00265209	0.00276537	0.00250536	0.00195803	0.00130369	0.000726337	0.000329472	0.000119286	3.39182e-05	7.47568e-06	1.2733e-06	1.68841e-07	1.76661e-08	1.4814e-09	1.01095e-10	5.69455e-12	2.6812e-13	1.06696e-14	3.62336e-16	1.05894e-17	2.68286e-19	5.93006e-21	1.1499e-22	1.96556e-24	2.97408e-26	3.99782e-28	4.78897e-30	5.12976e-32	1.59658e-33	2.39669e-32	4.11993e-31	5.53205e-30	5.75246e-29	4.65378e-28	2.94968e-27	1.40781e-26	4.54386e-26	1.00652e-25	2.14053e-25	4.51186e-25	6.4105e-25	6.1714e-25	4.00702e-25	1.80969e-25	9.11602e-26	4.38127e-25	2.73663e-23	1.65915e-21	8.90704e-20	4.21331e-18	1.74701e-16	6.31174e-15	1.97338e-13	5.29731e-12	1.20989e-10	2.32676e-09	3.72266e-08	4.88745e-07	5.18437e-06	4.36821e-05	0.000287307	0.00145306	0.00560933	0.0166506	0.038936	0.0740591	0.11868	0.166303	0.208621	0.238291	0.250219	0.242221	0.215785	0.175466	0.12818	0.082356	0.0449129	0.0200543	0.00706605	0.00191277	0.000394872	
5.70818e-06	6.24923e-07	5.48497e-08	3.91956e-09	2.32435e-10	3.61355e-11	4.35897e-10	6.351e-09	7.57678e-08	7.29445e-07	5.59059e-06	3.36853e-05	0.000158061	0.000575536	0.00163646	0.00370343	0.00686132	0.0107082	0.014421	0.016988	0.0176344	0.0161553	0.0130082	0.0091179	0.0054712	0.00273277	0.00110543	0.000354304	8.83157e-05	1.69788e-05	2.52787e-06	2.9503e-07	2.74132e-08	2.06021e-09	1.27103e-10	6.52342e-12	2.81816e-13	1.03534e-14	3.26362e-16	8.8961e-18	2.11116e-19	4.38761e-21	8.02693e-23	1.29845e-24	1.86442e-26	2.38425e-28	2.72833e-30	1.53894e-31	2.56667e-30	4.15016e-29	5.25315e-28	5.16608e-27	3.96689e-26	2.39253e-25	1.09157e-24	3.42769e-24	7.49602e-24	1.54992e-23	3.13402e-23	4.39065e-23	4.2326e-23	2.79909e-23	1.32246e-23	6.42594e-24	2.83442e-24	1.59379e-24	5.14531e-23	2.94951e-21	1.49717e-19	6.67562e-18	2.60014e-16	8.79068e-15	2.5609e-13	6.37474e-12	1.34289e-10	2.36766e-09	3.44983e-08	4.09506e-07	3.89811e-06	2.92705e-05	0.000170771	0.000766603	0.00265186	0.00718425	0.0156272	0.0280342	0.0428506	0.0572898	0.0681688	0.0727163	0.0696551	0.0598568	0.0458804	0.0308846	0.0178139	0.00852864	0.00328865	0.000992192	0.00023035	4.11336e-05	
4.20043e-07	4.1146e-08	3.25779e-09	2.12585e-10	3.61355e-11	4.7811e-10	7.69035e-09	1.01962e-07	1.09804e-06	9.4669e-06	6.44143e-05	0.000341593	0.00140082	0.00444662	0.0110847	0.0223301	0.037611	0.0546397	0.0700389	0.0803462	0.0829265	0.0770232	0.0642773	0.0477883	0.0311027	0.0172611	0.00789427	0.00289105	0.000826779	0.000181908	3.07873e-05	4.05064e-06	4.20747e-07	3.50793e-08	2.3848e-09	1.34094e-10	6.31524e-12	2.51864e-13	8.58813e-15	2.52467e-16	6.44517e-18	1.43791e-19	2.81895e-21	4.87964e-23	7.48937e-25	1.0229e-26	1.2526e-28	1.43423e-29	2.48156e-28	3.77192e-27	4.49744e-26	4.17953e-25	3.04343e-24	1.74521e-23	7.60759e-23	2.32181e-22	5.00894e-22	1.0071e-21	1.95399e-21	2.69724e-21	2.6039e-21	1.75532e-21	8.67232e-22	4.31197e-22	1.91942e-22	5.66189e-23	1.35369e-23	8.53403e-23	4.53325e-21	2.16947e-19	9.08916e-18	3.3137e-16	1.04413e-14	2.82125e-13	6.47833e-12	1.2512e-10	2.00861e-09	2.64451e-08	2.81326e-07	2.38021e-06	1.57735e-05	8.09354e-05	0.000320637	0.000990549	0.00243265	0.00484618	0.00803142	0.0113799	0.0140246	0.0151533	0.0143921	0.0119953	0.0087163	0.00543912	0.00283885	0.00120736	0.0004081	0.000107281	2.17434e-05	3.4131e-06	
2.53941e-08	2.24632e-09	1.625e-10	3.0273e-11	4.35897e-10	7.69035e-09	1.12537e-07	1.34598e-06	1.29619e-05	9.89282e-05	0.000589263	0.00270519	0.0095199	0.0258759	0.0557166	0.0988129	0.150026	0.20149	0.24426	0.271386	0.278015	0.262739	0.228642	0.181481	0.129022	0.0802654	0.0420579	0.017887	0.00597402	0.00153074	0.000299126	4.49533e-05	5.27688e-06	4.92424e-07	3.71577e-08	2.30267e-09	1.18804e-10	5.1645e-12	1.9113e-13	6.07635e-15	1.67251e-16	4.01294e-18	8.44309e-20	1.56579e-21	2.57106e-23	3.75272e-25	4.93975e-27	1.26217e-27	2.16146e-26	3.08574e-25	3.4626e-24	3.03768e-23	2.09532e-22	1.14124e-21	4.74994e-21	1.40737e-20	2.99249e-20	5.85138e-20	1.08966e-19	1.48092e-19	1.43188e-19	9.84701e-20	5.08361e-20	2.58719e-20	1.16791e-20	3.57299e-21	8.06227e-22	1.41386e-22	1.36881e-22	6.05095e-21	2.72062e-19	1.06706e-17	3.62619e-16	1.05986e-14	2.64175e-13	5.56096e-12	9.77608e-11	1.41714e-09	1.66997e-08	1.5753e-07	1.17131e-06	6.77644e-06	3.03154e-05	0.00010539	0.000288878	0.000633768	0.00113182	0.00168797	0.00214096	0.00233648	0.00220449	0.00179251	0.00124337	0.000723729	0.000344654	0.000131618	3.94993e-05	9.17672e-06	1.64669e-06	2.30135e-07	
1.27988e-09	1.03542e-10	2.12127e-11	3.30047e-10	6.351e-09	1.01962e-07	1.34598e-06	1.43888e-05	0.000122489	0.000815739	0.00417863	0.0162612	0.0480047	0.109445	0.200616	0.310557	0.423244	0.524128	0.60042	0.644689	0.654805	0.630967	0.573515	0.48633	0.378948	0.2655	0.16125	0.0810444	0.0322881	0.00984695	0.00226579	0.000395396	5.31578e-05	5.61211e-06	4.74133e-07	3.26098e-08	1.85371e-09	8.82449e-11	3.55818e-12	1.22723e-13	3.65155e-15	9.44268e-17	2.13584e-18	4.2494e-20	7.47298e-22	1.16659e-23	1.67094e-25	1.02672e-25	1.69181e-24	2.26602e-23	2.39021e-22	1.97701e-21	1.2901e-20	6.66621e-20	2.64685e-19	7.60405e-19	1.59199e-18	3.02752e-18	5.41336e-18	7.23811e-18	7.00991e-18	4.92169e-18	2.6529e-18	1.38241e-18	6.33618e-19	2.01321e-19	4.76691e-20	8.69755e-21	1.25431e-21	2.89506e-22	7.04125e-21	2.95947e-19	1.08201e-17	3.41075e-16	9.1955e-15	2.10076e-13	4.0237e-12	6.38304e-11	8.27194e-10	8.62587e-09	7.12571e-08	4.59775e-07	2.29661e-06	8.88784e-06	2.69284e-05	6.45733e-05	0.000123593	0.000192751	0.000250249	0.000275225	0.000258356	0.000205953	0.00013726	7.49426e-05	3.28071e-05	1.13527e-05	3.05712e-06	6.34931e-07	1.0201e-07	1.28226e-08	
5.47412e-11	1.23916e-11	2.07002e-10	4.32377e-09	7.57678e-08	1.09804e-06	1.29619e-05	0.000122489	0.000908862	0.00518764	0.0223487	0.0718261	0.173306	0.325394	0.50508	0.685531	0.848182	0.979377	1.07442	1.12633	1.13744	1.11084	1.0417	0.931136	0.786624	0.614485	0.43219	0.2597	0.126074	0.0469496	0.0130334	0.00269547	0.000421871	5.10431e-05	4.87761e-06	3.75365e-07	2.36639e-08	1.24019e-09	5.47199e-11	2.05479e-12	6.62845e-14	1.85177e-15	4.51166e-17	9.64498e-19	1.8188e-20	3.03962e-22	4.90701e-24	7.60096e-24	1.18653e-22	1.48902e-21	1.47426e-20	1.14796e-19	7.07598e-19	3.46383e-18	1.31066e-17	3.64575e-17	7.50686e-17	1.38844e-16	2.38484e-16	3.13485e-16	3.04131e-16	2.18167e-16	1.22675e-16	6.54791e-17	3.05135e-17	1.00813e-17	2.5081e-18	4.83714e-19	7.38003e-20	9.0061e-21	1.03746e-21	7.18893e-21	2.79487e-19	9.47789e-18	2.75557e-16	6.80765e-15	1.41456e-13	2.44331e-12	3.46136e-11	3.96237e-10	3.60772e-09	2.57347e-08	1.42224e-07	6.07315e-07	2.0176e-06	5.25381e-06	1.07275e-05	1.7396e-05	2.30184e-05	2.54699e-05	2.38138e-05	1.86828e-05	1.20305e-05	6.1913e-06	2.50749e-06	7.92271e-07	1.93109e-07	3.61881e-08	5.2528e-09	5.98773e-10	
6.00401e-12	1.07072e-10	2.41795e-09	4.60518e-08	7.29445e-07	9.4669e-06	9.89282e-05	0.000815739	0.00518764	0.0248344	0.0876055	0.225934	0.436552	0.676987	0.9134	1.12712	1.31318	1.45729	1.56239	1.62569	1.64086	1.60628	1.52538	1.40417	1.24319	1.04434	0.820773	0.580175	0.345612	0.160895	0.0553837	0.0139071	0.00258353	0.000363687	3.97735e-05	3.45653e-06	2.43436e-07	1.41281e-08	6.85355e-10	2.81277e-11	9.86813e-13	2.98594e-14	7.85252e-16	1.80678e-17	3.65833e-19	6.55253e-21	1.32006e-22	5.06765e-22	7.43142e-21	8.72343e-20	8.09296e-19	5.92199e-18	3.44181e-17	1.59352e-16	5.7388e-16	1.54316e-15	3.121e-15	5.61378e-15	9.26814e-15	1.19688e-14	1.16331e-14	8.53179e-15	4.99989e-15	2.7349e-15	1.29777e-15	4.46458e-16	1.16876e-16	2.38668e-17	3.86764e-18	5.02217e-19	5.23342e-20	4.52927e-21	6.58599e-21	2.2902e-19	7.16174e-18	1.90756e-16	4.28473e-15	8.02404e-14	1.23651e-12	1.54499e-11	1.54036e-10	1.20604e-09	7.31964e-09	3.42385e-08	1.23893e-07	3.48386e-07	7.55912e-07	1.26843e-06	1.70483e-06	1.89553e-06	1.76669e-06	1.36811e-06	8.55187e-07	4.1656e-07	1.56934e-07	4.55621e-08	1.01244e-08	1.72495e-09	2.27883e-10	2.38448e-11	
4.539e-11	1.10465e-09	2.2789e-08	3.93152e-07	5.59059e-06	6.44143e-05	0.000589263	0.00417863	0.0223487	0.0876055	0.246324	0.500417	0.786413	1.06876	1.33793	1.57925	1.77831	1.93131	2.02852	2.08211	2.0948	2.06588	1.99529	1.87667	1.70375	1.48827	1.23156	0.957472	0.671052	0.390065	0.170117	0.0531689	0.0119737	0.00199376	0.000252734	2.5049e-05	1.98606e-06	1.28422e-07	6.88276e-09	3.09943e-10	1.18636e-11	3.89809e-13	1.10881e-14	2.75046e-16	5.98743e-18	1.15099e-19	3.73728e-21	3.02045e-20	4.14062e-19	4.53743e-18	3.93619e-17	2.70101e-16	1.47703e-15	6.4555e-15	2.20933e-14	5.73285e-14	1.13713e-13	1.98884e-13	3.15834e-13	4.0045e-13	3.89975e-13	2.9258e-13	1.78512e-13	1.00122e-13	4.84632e-14	1.73875e-14	4.79789e-15	1.03944e-15	1.79298e-16	2.48355e-17	2.7654e-18	2.47615e-19	1.80287e-20	5.89429e-21	1.62532e-19	4.6541e-18	1.12667e-16	2.27953e-15	3.80532e-14	5.16498e-13	5.60848e-12	4.79161e-11	3.17407e-10	1.61666e-09	6.33637e-09	1.91499e-08	4.4007e-08	7.61031e-08	1.03625e-07	1.15667e-07	1.07531e-07	8.23812e-08	5.01818e-08	2.32187e-08	8.17444e-09	2.19228e-09	4.46777e-10	6.96414e-11	8.4722e-12	2.39585e-12	
4.09172e-10	9.1204e-09	1.70932e-07	2.65674e-06	3.36853e-05	0.000341593	0.00270519	0.0162612	0.0718261	0.225934	0.500417	0.822818	1.14771	1.477	1.76528	2.00409	2.18161	2.30721	2.3914	2.43647	2.44685	2.42314	2.36269	2.26212	2.11827	1.91458	1.65576	1.34739	1.01714	0.692131	0.37852	0.149353	0.0415011	0.00829894	0.00123402	0.000140779	1.26564e-05	9.16943e-07	5.45356e-08	2.70414e-09	1.13244e-10	4.04954e-12	1.24812e-13	3.34233e-15	7.83056e-17	1.61993e-18	1.30687e-19	1.60001e-18	2.04335e-17	2.08538e-16	1.68744e-15	1.08315e-14	5.55949e-14	2.28861e-13	7.4299e-13	1.85666e-12	3.60554e-12	6.1303e-12	9.37235e-12	1.16613e-11	1.13793e-11	8.73726e-12	5.54379e-12	3.1904e-12	1.57845e-12	5.91667e-13	1.72439e-13	3.97251e-14	7.31244e-15	1.08322e-15	1.29205e-16	1.24057e-17	9.6219e-19	6.08309e-20	6.38789e-21	9.96077e-20	2.58873e-18	5.64195e-17	1.01677e-15	1.49323e-14	1.75809e-13	1.63098e-12	1.17322e-11	6.47417e-11	2.7357e-10	8.85e-10	2.14789e-09	3.81503e-09	5.25188e-09	5.88098e-09	5.4559e-09	4.14252e-09	2.4669e-09	1.08758e-09	3.59218e-10	8.93876e-11	1.67911e-11	2.42146e-12	7.79913e-13	1.56389e-11	
2.92454e-09	5.94509e-08	1.00858e-06	1.40596e-05	0.000158061	0.00140082	0.0095199	0.0480047	0.173306	0.436552	0.786413	1.14771	1.52575	1.85234	2.12645	2.33161	2.47214	2.55323	2.58313	2.59155	2.59283	2.58988	2.57492	2.52807	2.42279	2.25801	2.02407	1.72948	1.37566	1.00209	0.642538	0.314661	0.108274	0.0262074	0.00460527	0.000608399	6.23154e-05	5.07705e-06	3.36047e-07	1.83877e-08	8.43898e-10	3.28831e-11	1.09914e-12	3.17945e-14	8.01973e-16	1.80383e-17	5.45013e-18	7.49217e-17	8.88597e-16	8.42212e-15	6.3384e-14	3.79477e-13	1.8229e-12	7.04958e-12	2.16633e-11	5.20134e-11	9.86877e-11	1.63057e-10	2.40253e-10	2.93235e-10	2.86747e-10	2.25381e-10	1.48532e-10	8.77804e-11	4.44938e-11	1.74607e-11	5.38752e-12	1.32333e-12	2.60716e-13	4.14259e-14	5.30848e-15	5.48056e-16	4.57098e-17	3.10122e-18	1.7285e-19	9.86162e-21	5.25822e-20	1.22417e-18	2.37479e-17	3.76114e-16	4.78357e-15	4.79912e-14	3.73282e-13	2.22241e-12	1.00846e-11	3.47993e-11	8.89817e-11	1.61862e-10	2.24909e-10	2.52522e-10	2.33864e-10	1.76225e-10	1.02868e-10	4.33285e-11	1.34706e-11	3.12197e-12	5.46327e-13	2.04484e-13	4.33128e-12	1.21632e-10	
1.63405e-08	3.02525e-07	4.63797e-06	5.78718e-05	0.000575536	0.00444662	0.0258759	0.109445	0.325394	0.676987	1.06876	1.477	1.85234	2.173	2.39841	2.54202	2.6003	2.59911	2.57965	2.56229	2.55716	2.56876	2.58798	2.60327	2.58696	2.49406	2.32031	2.05012	1.7115	1.3104	0.912154	0.52603	0.219819	0.0640218	0.0132728	0.00202955	0.000236773	2.16873e-05	1.59688e-06	9.63711e-08	4.84395e-09	2.05515e-10	7.44349e-12	2.3236e-13	6.30384e-15	1.63263e-16	2.29879e-16	3.08379e-15	3.38552e-14	2.97004e-13	2.07178e-12	1.15293e-11	5.16595e-11	1.87108e-10	5.42875e-10	1.24908e-09	2.30994e-09	3.70692e-09	5.27037e-09	6.30912e-09	6.18283e-09	4.97469e-09	3.40065e-09	2.06595e-09	1.07578e-09	4.43028e-10	1.45121e-10	3.81261e-11	8.06715e-12	1.37974e-12	1.90596e-13	2.12272e-14	1.90955e-15	1.39618e-16	8.37302e-18	4.16146e-19	1.82453e-20	2.40198e-20	4.87724e-19	8.30698e-18	1.13773e-16	1.23018e-15	1.03095e-14	6.59889e-14	3.2048e-13	1.17612e-12	3.16181e-12	5.87602e-12	8.23047e-12	9.26174e-12	8.56494e-12	6.41224e-12	3.67718e-12	1.48325e-12	4.35294e-13	9.49339e-14	4.24316e-14	9.49634e-13	2.8603e-11	7.41434e-10	
7.04947e-08	1.19094e-06	1.65386e-05	0.000185273	0.00163646	0.0110847	0.0557166	0.200616	0.50508	0.9134	1.33793	1.76528	2.12645	2.39841	2.56513	2.6034	2.55554	2.4584	2.34145	2.24866	2.22394	2.27986	2.38848	2.50087	2.58274	2.60159	2.50942	2.30617	1.99192	1.60012	1.16603	0.746068	0.365091	0.125534	0.0303525	0.00532799	0.000703364	7.20296e-05	5.87143e-06	3.89109e-07	2.13341e-08	9.81878e-10	3.83982e-11	1.28918e-12	3.75188e-14	1.52514e-15	8.85219e-15	1.1088e-13	1.12251e-12	9.07865e-12	5.846e-11	3.01168e-10	1.25375e-09	4.2378e-09	1.15742e-08	2.5443e-08	4.57289e-08	7.12239e-08	9.78496e-08	1.14898e-07	1.12843e-07	9.29157e-08	6.57901e-08	4.11394e-08	2.20776e-08	9.56749e-09	3.33791e-09	9.41408e-10	2.14801e-10	3.97087e-11	5.93712e-12	7.16069e-13	6.97274e-14	5.51202e-15	3.56823e-16	1.91082e-17	8.55213e-19	3.26968e-20	9.89073e-21	1.61807e-19	2.37984e-18	2.76537e-17	2.48951e-16	1.70803e-15	8.85294e-15	3.44632e-14	9.72322e-14	1.84232e-13	2.59852e-13	2.92972e-13	2.70595e-13	2.01452e-13	1.13706e-13	4.4015e-14	1.2323e-14	6.79546e-15	1.61079e-13	5.207e-12	1.45642e-10	3.48392e-09	
2.32536e-07	3.61321e-06	4.58657e-05	0.000466201	0.00370343	0.0223301	0.0988129	0.310557	0.685531	1.12712	1.57925	2.00409	2.33161	2.54202	2.6034	2.52904	2.34544	2.07612	1.79954	1.60835	1.56076	1.66996	1.90502	2.18995	2.42997	2.57265	2.59992	2.47561	2.21115	1.84309	1.39805	0.949906	0.520989	0.205626	0.0569222	0.0113154	0.00167199	0.000189678	1.69793e-05	1.22679e-06	7.28911e-08	3.61713e-09	1.5187e-10	5.45464e-12	1.70384e-13	2.56881e-14	2.99647e-13	3.45813e-12	3.21387e-11	2.38506e-10	1.41089e-09	6.69642e-09	2.57788e-08	8.09759e-08	2.0744e-07	4.34153e-07	7.55759e-07	1.1413e-06	1.51744e-06	1.7485e-06	1.72093e-06	1.44925e-06	1.06135e-06	6.84222e-07	3.79863e-07	1.7378e-07	6.4821e-08	1.9711e-08	4.87313e-09	9.78502e-10	1.59116e-10	2.08779e-11	2.21007e-12	1.89625e-13	1.32965e-14	7.6957e-16	3.71452e-17	1.51003e-18	5.23141e-20	4.33612e-21	4.40523e-20	5.48308e-19	5.28905e-18	3.87979e-17	2.14097e-16	8.82125e-16	2.60783e-15	5.02893e-15	7.13639e-15	8.05924e-15	7.43575e-15	5.50882e-15	3.06545e-15	1.15184e-15	8.0895e-16	2.03622e-14	7.08687e-13	2.14671e-11	5.59612e-10	1.24303e-08	
5.85741e-07	8.50326e-06	0.000100328	0.00094201	0.00686132	0.037611	0.150026	0.423244	0.848182	1.31318	1.77831	2.18161	2.47214	2.6003	2.55554	2.34544	1.96249	1.49674	1.08508	0.824942	0.762429	0.906956	1.23598	1.68423	2.13234	2.44997	2.59375	2.5717	2.36915	2.03587	1.59216	1.12529	0.667025	0.292379	0.0903562	0.0199569	0.00325254	0.000404022	3.9343e-05	3.07481e-06	1.96658e-07	1.04612e-08	4.69151e-10	1.79448e-11	6.33558e-13	6.92027e-13	8.78433e-12	9.27899e-11	7.8744e-10	5.33171e-09	2.88074e-08	1.25244e-07	4.43382e-07	1.28787e-06	3.08138e-06	6.11505e-06	1.02673e-05	1.5012e-05	1.93481e-05	2.1894e-05	2.15939e-05	1.858e-05	1.40536e-05	9.35988e-06	5.4e-06	2.61769e-06	1.04867e-06	3.45579e-07	9.3101e-08	2.04249e-08	3.63309e-09	5.21474e-10	6.03175e-11	5.64332e-12	4.30389e-13	2.70195e-14	1.41087e-15	6.18952e-17	2.30271e-18	7.33063e-20	2.73144e-21	9.68504e-21	9.93997e-20	7.77919e-19	4.56092e-18	1.98514e-17	6.14112e-17	1.20344e-16	1.71696e-16	1.94177e-16	1.78989e-16	1.32053e-16	7.33773e-17	6.76616e-17	1.80591e-15	6.82624e-14	2.26009e-12	6.48128e-11	1.59557e-09	3.33712e-08	
1.14088e-06	1.57973e-05	0.000176923	0.0015679	0.0107082	0.0546397	0.20149	0.524128	0.979377	1.45729	1.93131	2.30721	2.55323	2.59911	2.4584	2.07612	1.49674	0.888389	0.395691	0.096853	0.0260257	0.190243	0.572697	1.12458	1.74238	2.25981	2.54144	2.60134	2.47517	2.17047	1.74532	1.26727	0.788885	0.372451	0.125063	0.0299878	0.0052854	0.000706942	7.3828e-05	6.16599e-06	4.20135e-07	2.37462e-08	1.12893e-09	4.57527e-11	2.87099e-12	1.86427e-11	2.20813e-10	2.12185e-09	1.63367e-08	1.00237e-07	4.91228e-07	1.94282e-06	6.28287e-06	1.67757e-05	3.72969e-05	6.98508e-05	0.000112554	0.000159024	0.000198992	0.000221385	0.000218779	0.000192074	0.000149865	0.000103396	6.23228e-05	3.21545e-05	1.39089e-05	4.99768e-06	1.47719e-06	3.5658e-07	6.98642e-08	1.10428e-08	1.4043e-09	1.44069e-10	1.20096e-11	8.2132e-13	4.65671e-14	2.2116e-15	8.8834e-17	3.04436e-18	8.97235e-20	2.43992e-21	1.71113e-21	1.38389e-20	8.60488e-20	3.94987e-19	1.27716e-18	2.53997e-18	3.64113e-18	4.12308e-18	3.79816e-18	2.83126e-18	3.68893e-18	1.03987e-16	4.34451e-15	1.59987e-13	5.1319e-12	1.42252e-10	3.3761e-09	6.78665e-08	
1.76129e-06	2.37369e-05	0.000257706	0.00220277	0.014421	0.0700389	0.24426	0.60042	1.07442	1.56239	2.02852	2.3914	2.58313	2.57965	2.34145	1.79954	1.08508	0.395691	-0.141149	-0.46199	-0.53771	-0.362002	0.0502169	0.65845	1.37807	2.04921	2.47392	2.60085	2.53293	2.26218	1.85217	1.36644	0.878625	0.435216	0.154491	0.0392366	0.00731599	0.00103234	0.000113347	9.91698e-06	7.05392e-07	4.14834e-08	2.04598e-09	8.77077e-11	3.61833e-11	4.37545e-10	4.7116e-09	4.08947e-08	2.83437e-07	1.5629e-06	6.8886e-06	2.45771e-05	7.20228e-05	0.00017553	0.000360424	0.000633488	0.000973738	0.00132584	0.00161288	0.00176667	0.001749	0.00156424	0.00125798	0.000902244	0.000571796	0.00031563	0.000148363	5.85503e-05	1.91428e-05	5.1282e-06	1.11613e-06	1.95843e-07	2.75874e-08	3.12445e-09	2.86374e-10	2.14447e-11	1.32605e-12	6.84337e-14	2.9772e-15	1.10191e-16	3.49827e-18	9.59629e-20	2.31385e-21	2.67103e-22	1.44539e-21	6.98306e-21	2.35764e-20	4.75301e-20	6.84281e-20	7.75893e-20	7.26187e-20	1.25154e-19	3.88941e-18	1.81364e-16	7.50897e-15	2.72416e-13	8.59843e-12	2.34202e-10	5.45263e-09	1.07301e-07	
2.22898e-06	2.95908e-05	0.000316058	0.00265209	0.016988	0.0803462	0.271386	0.644689	1.12633	1.62569	2.08211	2.43647	2.59155	2.56229	2.24866	1.60835	0.824942	0.096853	-0.46199	-0.794467	-0.872842	-0.690931	-0.263277	0.372347	1.1409	1.89539	2.41814	2.59691	2.55439	2.31524	1.90743	1.42588	0.932672	0.472528	0.172912	0.0454348	0.00875977	0.00127457	0.0001438	1.28833e-05	9.35447e-07	5.60043e-08	2.80811e-09	1.68984e-10	7.31988e-10	8.70106e-09	8.43583e-08	6.55664e-07	4.05192e-06	1.98762e-05	7.79788e-05	0.000248412	0.000653307	0.00144116	0.00271334	0.00444687	0.0064746	0.00846466	0.0100171	0.0108194	0.0107281	0.00975856	0.0080887	0.00605822	0.0040663	0.00241632	0.00124348	0.000543676	0.000198564	5.96544e-05	1.45733e-05	2.86701e-06	4.51471e-07	5.69125e-08	5.77685e-09	4.76607e-10	3.23113e-11	1.82005e-12	8.60831e-14	3.45181e-15	1.1837e-16	3.49827e-18	8.97132e-20	2.01155e-21	6.11259e-23	1.10848e-22	3.88051e-22	7.92217e-22	1.1453e-21	1.32707e-21	3.01376e-21	1.07044e-19	5.52445e-18	2.5496e-16	1.03829e-14	3.70764e-13	1.15265e-11	3.09388e-10	7.10076e-09	1.37764e-07	
2.3504e-06	3.1086e-05	0.000330824	0.00276537	0.0176344	0.0829265	0.278015	0.654805	1.13744	1.64086	2.0948	2.44685	2.59283	2.55716	2.22394	1.56076	0.762429	0.0260257	-0.53771	-0.872842	-0.951828	-0.768492	-0.337344	0.304269	1.08321	1.85603	2.40285	2.59619	2.55827	2.32762	1.91969	1.44081	0.945551	0.481163	0.177312	0.0469738	0.00912857	0.00133761	0.000151822	1.36711e-05	9.96863e-07	5.98976e-08	3.07337e-09	1.15115e-09	1.34726e-08	1.44598e-07	1.25037e-06	8.6107e-06	4.68899e-05	0.000202066	0.000696693	0.00195703	0.00456583	0.00902801	0.0154582	0.0234537	0.0321015	0.0401104	0.0461506	0.0492106	0.0488641	0.0451551	0.0386238	0.0303732	0.0217594	0.0140172	0.00796401	0.003897	0.00160872	0.000548993	0.000152485	3.405e-05	6.06234e-06	8.59239e-07	9.74359e-08	8.92297e-09	6.67412e-10	4.12514e-11	2.13056e-12	9.29015e-14	3.45181e-15	1.10191e-16	3.04436e-18	7.32635e-20	1.54477e-21	3.02207e-23	6.187e-24	1.18208e-23	1.757e-23	5.1367e-23	2.07659e-21	1.18943e-19	6.1283e-18	2.80345e-16	1.13242e-14	4.01412e-13	1.23971e-11	3.30806e-10	7.55294e-09	1.45865e-07	
2.0702e-06	2.76362e-05	0.000296824	0.00250536	0.0161553	0.0770232	0.262739	0.630967	1.11084	1.60628	2.06588	2.42314	2.58988	2.56876	2.27986	1.66996	0.906956	0.190243	-0.362002	-0.690931	-0.768492	-0.588485	-0.165533	0.461878	1.21594	1.94534	2.43704	2.59817	2.54843	2.29884	1.89054	1.40682	0.915859	0.460994	0.167089	0.0434319	0.00828606	0.00119432	0.000133648	1.18907e-05	8.58271e-07	5.11954e-08	3.77145e-09	1.76851e-08	2.07405e-07	1.98034e-06	1.51008e-05	9.09365e-05	0.000429989	0.00160269	0.00478091	0.0116654	0.0238273	0.0417924	0.0645551	0.0900535	0.115146	0.136883	0.152819	0.160896	0.159979	0.150202	0.132918	0.110295	0.0848727	0.0596836	0.0377471	0.0209006	0.00988418	0.00389114	0.00124851	0.000321338	6.56062e-05	1.05864e-05	1.35562e-06	1.39053e-07	1.15621e-08	7.89093e-10	4.4738e-11	2.13056e-12	8.60831e-14	2.9772e-15	8.8834e-17	2.30271e-18	5.21714e-20	1.03871e-21	1.83329e-23	4.4634e-25	5.52523e-25	2.37306e-23	1.55085e-21	9.1607e-20	4.8195e-18	2.24744e-16	9.23964e-15	3.32828e-13	1.04302e-11	2.8202e-10	6.51627e-09	1.2721e-07	
1.51467e-06	2.06109e-05	0.000226219	0.00195803	0.0130082	0.0642773	0.228642	0.573515	1.0417	1.52538	1.99529	2.36269	2.57492	2.58798	2.38848	1.90502	1.23598	0.572697	0.0502169	-0.263277	-0.337344	-0.165533	0.236751	0.826562	1.51282	2.13096	2.50154	2.60249	2.51577	2.23029	1.81637	1.33143	0.846514	0.412762	0.143749	0.0357683	0.00653553	0.000904748	9.76074e-05	8.40484e-06	5.89376e-07	3.54539e-08	2.10835e-08	2.5026e-07	2.62078e-06	2.19962e-05	0.00014585	0.000755549	0.00304585	0.00963353	0.0244059	0.0508694	0.0898209	0.138626	0.192416	0.246121	0.294104	0.332668	0.359786	0.373581	0.372008	0.355353	0.325794	0.285167	0.235672	0.181477	0.128292	0.0811058	0.0445279	0.0205765	0.00777459	0.00235067	0.000560166	0.000104526	1.53166e-05	1.7793e-06	1.6597e-07	1.26013e-08	7.89093e-10	4.12514e-11	1.82005e-12	6.84337e-14	2.2116e-15	6.18952e-17	1.51003e-18	3.23003e-20	6.08875e-22	1.01639e-23	3.50464e-25	1.47062e-23	9.84132e-22	5.89051e-20	3.13975e-18	1.48344e-16	6.17986e-15	2.25623e-13	7.16873e-12	1.96624e-10	4.61173e-09	9.14784e-08	
8.97203e-07	1.2628e-05	0.000144062	0.00130369	0.0091179	0.0477883	0.181481	0.48633	0.931136	1.40417	1.87667	2.26212	2.52807	2.60327	2.50087	2.18995	1.68423	1.12458	0.65845	0.372347	0.304269	0.461878	0.826562	1.3438	1.90226	2.34282	2.56586	2.59524	2.43867	2.12234	1.68911	1.216	0.743812	0.341817	0.11137	0.0259133	0.0044363	0.000577007	5.86603e-05	4.77413e-06	3.18353e-07	3.56832e-08	2.55346e-07	2.90988e-06	2.67474e-05	0.000194526	0.0011023	0.00481318	0.0161768	0.0424643	0.0896113	0.157394	0.239202	0.326096	0.411125	0.487769	0.553266	0.603683	0.636771	0.65266	0.650886	0.631515	0.594941	0.541289	0.473217	0.394631	0.308656	0.222238	0.142474	0.0784479	0.0356403	0.0129492	0.00368124	0.000809931	0.000138056	1.84095e-05	1.94759e-06	1.6597e-07	1.15621e-08	6.67412e-10	3.23113e-11	1.32605e-12	4.65671e-14	1.41087e-15	3.71452e-17	8.55198e-19	1.73131e-20	3.0969e-22	5.00926e-24	7.15343e-24	4.79859e-22	2.90884e-20	1.57177e-18	7.5365e-17	3.19034e-15	1.18532e-13	3.83911e-12	1.07554e-10	2.58275e-09	5.25998e-08	
4.1364e-07	6.17243e-06	7.49833e-05	0.000726337	0.0054712	0.0311027	0.129022	0.378948	0.786624	1.24319	1.70375	2.11827	2.42279	2.58696	2.58274	2.42997	2.13234	1.74238	1.37807	1.1409	1.08321	1.21594	1.51282	1.90226	2.2682	2.50814	2.60382	2.54235	2.31257	1.96573	1.51934	1.05845	0.610846	0.257757	0.0764164	0.0162059	0.00254204	0.000304713	2.87061e-05	2.17616e-06	1.4959e-07	2.25447e-07	2.71521e-06	2.72308e-05	0.000216607	0.00134154	0.0063603	0.0228422	0.0624125	0.133178	0.231637	0.344794	0.461597	0.574529	0.681767	0.775645	0.856136	0.920149	0.962558	0.981921	0.979805	0.955917	0.908981	0.841192	0.757872	0.661253	0.552304	0.438473	0.321645	0.210423	0.116573	0.0520772	0.0181139	0.00481123	0.000973322	0.000151438	1.84095e-05	1.7793e-06	1.39053e-07	8.92297e-09	4.76607e-10	2.14447e-11	8.2132e-13	2.70195e-14	7.6957e-16	1.91082e-17	4.16114e-19	7.98937e-21	1.35895e-22	4.0668e-24	1.41444e-22	8.90302e-21	5.00123e-19	2.49595e-17	1.10118e-15	4.27046e-14	1.44626e-12	4.24512e-11	1.07054e-09	2.29576e-08	
1.4681e-07	2.36277e-06	3.11382e-05	0.000329472	0.00273277	0.0172611	0.0802654	0.2655	0.614485	1.04434	1.48827	1.91458	2.25801	2.49406	2.60159	2.57265	2.44997	2.25981	2.04921	1.89539	1.85603	1.94534	2.13096	2.34282	2.50814	2.59581	2.57857	2.4168	2.13175	1.75136	1.30849	0.871765	0.459043	0.171943	0.0451493	0.00854357	0.00120684	0.000131403	1.13293e-05	8.00315e-07	2.03295e-07	2.12855e-06	2.32178e-05	0.000201698	0.00136583	0.00705719	0.02731	0.0785676	0.17098	0.295829	0.434721	0.577834	0.722586	0.863381	0.994225	1.11054	1.20375	1.27524	1.3237	1.347	1.3444	1.31598	1.26271	1.18682	1.089	0.96907	0.836008	0.693642	0.549076	0.406277	0.26936	0.149261	0.0649998	0.021394	0.00525899	0.000973322	0.000138056	1.53166e-05	1.35562e-06	9.74359e-08	5.77685e-09	2.86374e-10	1.20096e-11	4.30389e-13	1.32965e-14	3.56823e-16	8.37301e-18	1.72793e-19	3.15192e-21	5.14251e-23	2.89471e-23	1.86517e-21	1.10162e-19	5.78856e-18	2.69327e-16	1.1036e-14	3.95791e-13	1.23346e-11	3.31258e-10	7.59222e-09	
4.01939e-08	7.04882e-07	1.01915e-05	0.000119286	0.00110543	0.00789427	0.0420579	0.16125	0.43219	0.820773	1.23156	1.65576	2.02407	2.32031	2.50942	2.59992	2.59375	2.54144	2.47392	2.41814	2.40285	2.43704	2.50154	2.56586	2.60382	2.57857	2.44087	2.21582	1.8862	1.4901	1.06657	0.65879	0.304307	0.098114	0.0223045	0.00370077	0.000464289	4.54046e-05	3.5545e-06	3.21843e-07	1.405e-06	1.65403e-05	0.000156897	0.00116366	0.00658636	0.0277573	0.0855332	0.193595	0.33829	0.498842	0.669492	0.849575	1.02395	1.18873	1.33438	1.46051	1.56602	1.64603	1.69804	1.7218	1.7192	1.68992	1.63223	1.54681	1.43687	1.30694	1.15704	0.989628	0.813684	0.634193	0.465792	0.307753	0.167903	0.0699107	0.021394	0.00481123	0.000809931	0.000104526	1.05864e-05	8.59239e-07	5.69125e-08	3.12445e-09	1.44069e-10	5.64332e-12	1.89625e-13	5.51202e-15	1.39618e-16	3.10122e-18	6.07409e-20	1.05413e-21	2.0278e-23	2.80234e-22	1.75193e-20	9.76581e-19	4.8286e-17	2.10691e-15	8.06572e-14	2.69081e-12	7.76191e-11	1.91842e-09	
8.46227e-09	1.62742e-07	2.5995e-06	3.39182e-05	0.000354304	0.00289105	0.017887	0.0810444	0.2597	0.580175	0.957472	1.34739	1.72948	2.05012	2.30617	2.47561	2.5717	2.60134	2.60085	2.59691	2.59619	2.59817	2.60249	2.59524	2.54235	2.4168	2.21582	1.92444	1.58479	1.18693	0.805098	0.438754	0.170115	0.045974	0.00890373	0.00128154	0.000141694	1.23738e-05	9.20581e-07	8.09581e-07	9.80076e-06	0.000101597	0.000827723	0.00516473	0.023993	0.0808378	0.19575	0.354512	0.533323	0.731694	0.940893	1.14536	1.34031	1.52001	1.68167	1.81827	1.92386	2.00281	2.05502	2.07982	2.07707	2.04675	1.98912	1.90494	1.79348	1.65117	1.48533	1.30241	1.10481	0.899444	0.690226	0.496406	0.320842	0.167903	0.0649998	0.0181139	0.00368124	0.000560166	6.56062e-05	6.06234e-06	4.51471e-07	2.75874e-08	1.4043e-09	6.03175e-11	2.21007e-12	6.97274e-14	1.90955e-15	4.57098e-17	9.62188e-19	1.79046e-20	2.96295e-22	3.52501e-23	2.05677e-21	1.22185e-19	6.45012e-18	3.01136e-16	1.23662e-14	4.43879e-13	1.3826e-11	3.70567e-10	
1.37002e-09	2.89643e-08	5.12463e-07	7.47568e-06	8.83157e-05	0.000826779	0.00597402	0.0322881	0.126074	0.345612	0.671052	1.01714	1.37566	1.7115	1.99192	2.21115	2.36915	2.47517	2.53293	2.55439	2.55827	2.54843	2.51577	2.43867	2.31257	2.13175	1.8862	1.58479	1.22962	0.878994	0.534904	0.240877	0.0759785	0.0170076	0.00279287	0.000347943	3.38584e-05	2.65632e-06	5.08933e-07	4.80535e-06	5.44739e-05	0.000489406	0.0033904	0.0175807	0.0661578	0.176961	0.343688	0.536479	0.756301	0.98918	1.22139	1.44996	1.66065	1.85105	2.0131	2.14775	2.25763	2.34079	2.39459	2.41986	2.41705	2.38613	2.32649	2.2377	2.12283	1.98309	1.81496	1.61986	1.40566	1.17459	0.94302	0.710076	0.496406	0.307753	0.149261	0.0520772	0.0129492	0.00235067	0.000321338	3.405e-05	2.86701e-06	1.95843e-07	1.10428e-08	5.21474e-10	2.08779e-11	7.16069e-13	2.12272e-14	5.48056e-16	1.24057e-17	2.47613e-19	4.37979e-21	7.15207e-23	1.83408e-22	1.1576e-20	6.53853e-19	3.27322e-17	1.44497e-15	5.59265e-14	1.88517e-12	5.49152e-11	
1.71978e-10	3.99396e-09	7.81883e-08	1.2733e-06	1.69788e-05	0.000181908	0.00153074	0.00984695	0.0469496	0.160895	0.390065	0.692131	1.00209	1.3104	1.60012	1.84309	2.03587	2.17047	2.26218	2.31524	2.32762	2.29884	2.23029	2.12234	1.96573	1.75136	1.4901	1.18693	0.878994	0.568999	0.284647	0.102048	0.0260408	0.00484532	0.000677927	7.34127e-05	6.31453e-06	5.64857e-07	1.95208e-06	2.40384e-05	0.000239214	0.00185302	0.0108508	0.0464867	0.141555	0.30628	0.508193	0.7398	0.993604	1.25196	1.50708	1.74654	1.9676	2.15537	2.31737	2.45111	2.55123	2.61849	2.65863	2.67665	2.67467	2.65246	2.60737	2.53396	2.42703	2.28718	2.11993	1.92601	1.69944	1.45769	1.19939	0.94302	0.690226	0.465792	0.26936	0.116573	0.0356403	0.00777459	0.00124851	0.000152485	1.45733e-05	1.11613e-06	6.98642e-08	3.63309e-09	1.59116e-10	5.93712e-12	1.90596e-13	5.30848e-15	1.29205e-16	2.7654e-18	5.23311e-20	8.79875e-22	2.57221e-23	8.49988e-22	5.13877e-20	2.75957e-18	1.30997e-16	5.46771e-15	1.99443e-13	6.31289e-12	
1.69766e-11	4.31959e-10	9.32595e-09	1.68841e-07	2.52787e-06	3.07873e-05	0.000299126	0.00226579	0.0130334	0.0553837	0.170117	0.37852	0.642538	0.912154	1.16603	1.39805	1.59216	1.74532	1.85217	1.90743	1.91969	1.89054	1.81637	1.68911	1.51934	1.30849	1.06657	0.805098	0.534904	0.284647	0.112462	0.0321694	0.00672933	0.00105427	0.000126987	1.205e-05	9.57291e-07	6.88791e-07	8.68233e-06	9.61088e-05	0.000837756	0.00559199	0.0276776	0.0982697	0.245731	0.449778	0.684585	0.954057	1.23138	1.5123	1.78043	2.02681	2.24177	2.4283	2.57845	2.68518	2.75604	2.80192	2.82986	2.84273	2.84131	2.82552	2.7943	2.74413	2.66706	2.55206	2.39351	2.20081	1.98058	1.72726	1.45769	1.17459	0.899444	0.634193	0.406277	0.210423	0.0784479	0.0205765	0.00389114	0.000548993	5.96544e-05	5.1282e-06	3.5658e-07	2.04249e-08	9.78502e-10	3.97087e-11	1.37974e-12	4.14259e-14	1.08322e-15	2.48355e-17	5.02217e-19	9.00306e-21	1.44396e-22	5.14723e-23	3.19861e-21	1.84173e-19	9.39451e-18	4.22461e-16	1.66544e-14	5.71868e-13	
1.33937e-12	3.72119e-11	8.8232e-10	1.76661e-08	2.9503e-07	4.05064e-06	4.49533e-05	0.000395396	0.00269547	0.0139071	0.0531689	0.149353	0.314661	0.52603	0.746068	0.949906	1.12529	1.26727	1.36644	1.42588	1.44081	1.40682	1.33143	1.216	1.05845	0.871765	0.65879	0.438754	0.240877	0.102048	0.0321694	0.0075054	0.00131353	0.000176085	1.84846e-05	1.56003e-06	2.73754e-07	2.55735e-06	3.15554e-05	0.00031098	0.00238112	0.013744	0.0578188	0.17219	0.364386	0.598143	0.870932	1.16403	1.46563	1.75768	2.03215	2.27415	2.48398	2.64861	2.76183	2.83813	2.89309	2.93378	2.96131	2.97471	2.97321	2.95689	2.92667	2.88332	2.8249	2.74276	2.62012	2.44479	2.22801	1.98058	1.69944	1.40566	1.10481	0.813684	0.549076	0.321645	0.142474	0.0445279	0.00988418	0.00160872	0.000198564	1.91428e-05	1.47719e-06	9.3101e-08	4.87313e-09	2.14801e-10	8.06715e-12	2.60716e-13	7.31244e-15	1.79298e-16	3.86764e-18	7.38003e-20	1.25168e-21	2.12687e-23	1.61002e-22	9.91569e-21	5.42896e-19	2.62649e-17	1.11704e-15	4.1517e-14	
8.58094e-14	2.59406e-12	6.72576e-11	1.4814e-09	2.74132e-08	4.20747e-07	5.27688e-06	5.31578e-05	0.000421871	0.00258353	0.0119737	0.0415011	0.108274	0.219819	0.365091	0.520989	0.667025	0.788885	0.878625	0.932672	0.945551	0.915859	0.846514	0.743812	0.610846	0.459043	0.304307	0.170115	0.0759785	0.0260408	0.00672933	0.00131353	0.000196293	2.28716e-05	2.11934e-06	1.94576e-07	6.16314e-07	8.40173e-06	9.38856e-05	0.000827587	0.00559948	0.02817	0.101965	0.260534	0.486614	0.750007	1.0517	1.36567	1.68183	1.98393	2.25258	2.48897	2.67328	2.79814	2.88474	2.9539	3.01303	3.06121	3.09515	3.11193	3.11005	3.08966	3.0526	3.00198	2.94091	2.86925	2.77714	2.64161	2.44479	2.20081	1.92601	1.61986	1.30241	0.989628	0.693642	0.438473	0.222238	0.0811058	0.0209006	0.003897	0.000543676	5.85503e-05	4.99768e-06	3.45579e-07	1.9711e-08	9.41408e-10	3.81261e-11	1.32333e-12	3.97251e-14	1.03944e-15	2.38668e-17	4.83714e-19	8.69751e-21	1.3945e-22	8.62929e-24	4.37869e-22	2.56996e-20	1.33555e-18	6.11599e-17	2.45467e-15	
4.52992e-15	1.48506e-13	4.19328e-12	1.01095e-10	2.06021e-09	3.50793e-08	4.92424e-07	5.61211e-06	5.10431e-05	0.000363687	0.00199376	0.00829894	0.0262074	0.0640218	0.125534	0.205626	0.292379	0.372451	0.435216	0.472528	0.481163	0.460994	0.412762	0.341817	0.257757	0.171943	0.098114	0.045974	0.0170076	0.00484532	0.00105427	0.000176085	2.28715e-05	2.34863e-06	1.9997e-07	1.28135e-07	1.79046e-06	2.27425e-05	0.000231453	0.00184169	0.0111337	0.0495044	0.157122	0.35415	0.605767	0.89803	1.22277	1.55255	1.87841	2.17684	2.44366	2.65695	2.80134	2.90198	2.9871	3.06676	3.13911	3.19885	3.24092	3.26168	3.25935	3.23412	3.18817	3.12547	3.05125	2.97057	2.88371	2.77714	2.62012	2.39351	2.11993	1.81496	1.48533	1.15704	0.836008	0.552304	0.308656	0.128292	0.0377471	0.00796401	0.00124348	0.000148363	1.39089e-05	1.04867e-06	6.4821e-08	3.33791e-09	1.45121e-10	5.38752e-12	1.72439e-13	4.79789e-15	1.16876e-16	2.5081e-18	4.76691e-20	8.06199e-22	1.24102e-23	1.62477e-23	1.01081e-21	5.63422e-20	2.77306e-18	1.19915e-16	
1.99605e-16	7.07489e-15	2.16759e-13	5.69455e-12	1.27103e-10	2.3848e-09	3.71577e-08	4.74133e-07	4.87761e-06	3.97735e-05	0.000252734	0.00123402	0.00460527	0.0132728	0.0303525	0.0569222	0.0903562	0.125063	0.154491	0.172912	0.177312	0.167089	0.143749	0.11137	0.0764164	0.0451493	0.0223045	0.00890373	0.00279287	0.000677927	0.000126987	1.84842e-05	2.11759e-06	1.94638e-07	3.1414e-08	2.9988e-07	4.34296e-06	5.12531e-05	0.0004812	0.00350402	0.0192063	0.0767152	0.217782	0.444999	0.719043	1.03615	1.37442	1.72048	2.04619	2.34396	2.59649	2.77197	2.8905	2.9902	3.08818	3.18394	3.271	3.34239	3.39235	3.41691	3.41415	3.38429	3.32967	3.25463	3.16525	3.06859	2.97057	2.86925	2.74276	2.55206	2.28718	1.98309	1.65117	1.30694	0.96907	0.661253	0.394631	0.181477	0.0596836	0.0140172	0.00241632	0.00031563	3.21545e-05	2.61769e-06	1.7378e-07	9.56749e-09	4.43028e-10	1.74607e-11	5.91667e-13	1.73875e-14	4.46458e-16	1.00813e-17	2.01321e-19	3.57299e-21	5.6606e-23	1.30059e-24	3.34457e-23	1.99631e-21	1.05427e-19	4.90193e-18	
7.42448e-18	2.83757e-16	9.40258e-15	2.6812e-13	6.52342e-12	1.34094e-10	2.30267e-09	3.26098e-08	3.75365e-07	3.45653e-06	2.5049e-05	0.000140779	0.000608399	0.00202955	0.00532799	0.0113154	0.0199569	0.0299878	0.0392366	0.0454348	0.0469738	0.0434319	0.0357683	0.0259133	0.0162059	0.00854357	0.00370077	0.00128154	0.000347942	7.34124e-05	1.20481e-05	1.5509e-06	1.58657e-07	1.49943e-08	3.94798e-08	6.44865e-07	8.86237e-06	9.83943e-05	0.000863226	0.00582868	0.0293817	0.107173	0.277718	0.527058	0.81996	1.15847	1.50787	1.86173	2.18667	2.48162	2.70429	2.84993	2.96283	3.07382	3.18817	3.29981	3.4004	3.48227	3.53928	3.56724	3.5641	3.5301	3.46772	3.38156	3.2781	3.16525	3.05125	2.94091	2.8249	2.66706	2.42703	2.12283	1.79348	1.43687	1.089	0.757872	0.473217	0.235672	0.0848727	0.0217594	0.0040663	0.000571796	6.23228e-05	5.4e-06	3.79863e-07	2.20776e-08	1.07578e-09	4.44938e-11	1.57845e-12	4.84632e-14	1.29777e-15	3.05135e-17	6.33618e-19	1.16791e-20	1.91942e-22	2.83666e-24	9.77053e-25	6.00345e-23	3.39697e-21	1.69523e-19	
2.35401e-19	9.67864e-18	3.4589e-16	1.06696e-14	2.81816e-13	6.31524e-12	1.18804e-10	1.85371e-09	2.36639e-08	2.43436e-07	1.98606e-06	1.26564e-05	6.23154e-05	0.000236773	0.000703364	0.00167199	0.00325254	0.0052854	0.00731599	0.00875977	0.00912857	0.00828606	0.00653553	0.0044363	0.00254204	0.00120684	0.000464289	0.000141693	3.38574e-05	6.30774e-06	9.19602e-07	1.05918e-07	9.93235e-09	4.65904e-09	7.51753e-08	1.19688e-06	1.56383e-05	0.000164434	0.00136002	0.00861142	0.0404786	0.137149	0.331337	0.598042	0.907599	1.25774	1.62003	1.97277	2.30219	2.58371	2.7759	2.90738	3.02603	3.15105	3.2805	3.40585	3.51794	3.60867	3.67164	3.70246	3.69901	3.66151	3.59257	3.49699	3.38156	3.25463	3.12547	3.00198	2.88332	2.74413	2.53396	2.2377	1.90494	1.54681	1.18682	0.841192	0.541289	0.285167	0.110295	0.0303732	0.00605822	0.000902244	0.000103396	9.35988e-06	6.84222e-07	4.11394e-08	2.06595e-09	8.77804e-11	3.1904e-12	1.00122e-13	2.7349e-15	6.54791e-17	1.38241e-18	2.58719e-20	4.31197e-22	6.42611e-24	1.08563e-25	1.54709e-24	9.36194e-23	5.00679e-21	
