0.532323	0.475952	0.400436	0.327356	0.298874	0.315707	0.393545	0.51854	0.672668	0.847031	0.998146	1.11147	1.17569	1.15333	1.03965	0.859693	0.613518	0.301277	-0.0289388	-0.308781	-0.497329	-0.592402	-0.618556	-0.596644	-0.543239	-0.465004	-0.362132	-0.236237	-0.0885164	0.0828735	0.273352	0.476675	0.68397	0.886204	1.07339	1.23478	1.36195	1.44767	1.47524	1.4322	1.33268	1.19405	1.01114	0.781552	0.535437	0.320489	0.167453	0.0773417	0.0329362	0.0147455	0.00906614	0.00857298	0.0100998	0.0126818	0.0168292	0.0252069	0.044826	0.090184	0.184346	0.351701	0.598231	0.890202	1.16005	1.35093	1.45131	1.46469	1.37042	1.16163	0.874079	0.531446	0.151267	-0.216735	-0.54609	-0.81472	-0.991737	-1.08364	-1.08306	-1.00433	-0.875342	-0.726388	-0.588605	-0.488266	-0.426195	-0.39755	-0.381461	-0.375976	-0.371837	-0.370835	-0.369467	-0.367894	-0.364446	-0.353789	-0.327731	-0.270071	-0.160007	0.00614436	0.214095	0.404474	0.525029	0.556788	
0.475952	0.404204	0.316548	0.248345	0.223178	0.238437	0.305642	0.402952	0.529885	0.668926	0.781199	0.862646	0.887682	0.82466	0.68552	0.491176	0.22911	-0.0854138	-0.396009	-0.641099	-0.79622	-0.871182	-0.891748	-0.877425	-0.837991	-0.77779	-0.696712	-0.58859	-0.456325	-0.297047	-0.111005	0.0994697	0.328283	0.566034	0.800473	1.01768	1.20102	1.34261	1.44141	1.47594	1.43025	1.32445	1.17649	0.978345	0.734088	0.484455	0.279276	0.14263	0.0680763	0.0351118	0.0245455	0.0241746	0.0279029	0.0332517	0.0397508	0.048832	0.0653466	0.100478	0.174134	0.311566	0.528121	0.806109	1.08785	1.30862	1.44264	1.49512	1.4527	1.29558	1.04763	0.739827	0.381145	0.0114479	-0.332583	-0.638333	-0.871141	-1.02157	-1.08692	-1.07709	-1.00349	-0.887079	-0.757464	-0.633035	-0.537349	-0.469895	-0.429047	-0.401586	-0.383019	-0.376407	-0.369581	-0.363811	-0.359267	-0.341282	-0.297453	-0.214566	-0.0711575	0.118494	0.31337	0.451164	0.510126	0.510308	
0.400436	0.316548	0.230269	0.177292	0.148941	0.154346	0.207721	0.289387	0.403838	0.514653	0.59934	0.652422	0.642283	0.552255	0.404857	0.202485	-0.0654183	-0.367552	-0.64411	-0.8466	-0.966334	-1.02569	-1.04399	-1.04322	-1.02551	-0.991474	-0.940305	-0.865524	-0.761053	-0.625934	-0.457794	-0.258828	-0.0317835	0.217044	0.478215	0.738572	0.984044	1.18638	1.33835	1.44348	1.47449	1.41953	1.30529	1.14408	0.926839	0.670673	0.427123	0.242832	0.131172	0.0778606	0.0603972	0.0609281	0.0690757	0.0799141	0.0915795	0.104249	0.120826	0.149299	0.205708	0.313911	0.495581	0.748749	1.03097	1.2761	1.44217	1.52916	1.53441	1.43273	1.22917	0.958784	0.63137	0.26979	-0.0819226	-0.410018	-0.686168	-0.896605	-1.03404	-1.08619	-1.081	-1.01437	-0.922407	-0.811936	-0.7103	-0.618674	-0.552889	-0.503425	-0.469862	-0.446609	-0.43346	-0.424567	-0.40931	-0.382221	-0.319095	-0.20441	-0.0321007	0.164751	0.32517	0.422615	0.454295	0.453105	
0.327356	0.248345	0.177292	0.120806	0.0752941	0.0889666	0.136357	0.2095	0.306815	0.3906	0.457825	0.491677	0.462	0.364363	0.220175	0.0158654	-0.244	-0.519	-0.748269	-0.903394	-0.991355	-1.03647	-1.05908	-1.07243	-1.08066	-1.08177	-1.06702	-1.036	-0.97669	-0.88536	-0.75281	-0.580169	-0.366948	-0.122341	0.149053	0.428478	0.708549	0.975862	1.19039	1.34986	1.4537	1.47069	1.40273	1.27871	1.10071	0.865519	0.608283	0.386673	0.237141	0.159794	0.133652	0.135928	0.150918	0.170177	0.189891	0.208922	0.228528	0.253899	0.297035	0.37857	0.522876	0.741182	1.00978	1.26962	1.46501	1.58231	1.62725	1.58006	1.42599	1.19389	0.903273	0.561315	0.209807	-0.132348	-0.446187	-0.695929	-0.895394	-1.02261	-1.08343	-1.08862	-1.04427	-0.975215	-0.890995	-0.809385	-0.735876	-0.674225	-0.630062	-0.594765	-0.572011	-0.556813	-0.530374	-0.48469	-0.393505	-0.236816	-0.0424558	0.152784	0.29191	0.369311	0.401022	0.390474	
0.298874	0.223178	0.148941	0.0752941	0.0487643	0.0635117	0.089449	0.160007	0.242487	0.318766	0.381363	0.406011	0.363203	0.270084	0.130383	-0.0690983	-0.31448	-0.548311	-0.725112	-0.835312	-0.894839	-0.928328	-0.956741	-0.982246	-1.01293	-1.04464	-1.07214	-1.08564	-1.07656	-1.0387	-0.96037	-0.836897	-0.661939	-0.439424	-0.17626	0.120849	0.417293	0.716272	0.995285	1.21461	1.37848	1.47172	1.46933	1.39095	1.25785	1.06392	0.821567	0.583105	0.402795	0.300614	0.263588	0.266783	0.289137	0.317869	0.346682	0.373074	0.397038	0.421596	0.455068	0.51381	0.621381	0.797789	1.03828	1.29937	1.51951	1.66567	1.74251	1.74413	1.64441	1.45304	1.20069	0.888512	0.542825	0.202195	-0.136	-0.435413	-0.676014	-0.867285	-0.991787	-1.06592	-1.08741	-1.07458	-1.03258	-0.979706	-0.922244	-0.872286	-0.827993	-0.794	-0.767242	-0.738784	-0.700198	-0.62097	-0.483607	-0.286544	-0.0621528	0.130395	0.26251	0.339454	0.380481	0.360271	
0.315707	0.238437	0.154346	0.0889666	0.0635117	0.0485535	0.0844463	0.158294	0.231563	0.306954	0.365194	0.378544	0.333286	0.252843	0.114796	-0.0829362	-0.303792	-0.49107	-0.61714	-0.688248	-0.722804	-0.749296	-0.77657	-0.812289	-0.858505	-0.910186	-0.971114	-1.02805	-1.07345	-1.08995	-1.07221	-1.00253	-0.884269	-0.701114	-0.472901	-0.189046	0.128441	0.444876	0.762864	1.0442	1.26708	1.43149	1.50828	1.49259	1.41239	1.27271	1.06988	0.838655	0.639737	0.513339	0.46077	0.45973	0.485363	0.520427	0.555763	0.587443	0.614516	0.638506	0.664758	0.705141	0.779726	0.911997	1.11266	1.35911	1.59587	1.77222	1.87835	1.92091	1.879	1.73675	1.52264	1.25216	0.923597	0.579733	0.243288	-0.08673	-0.376165	-0.619189	-0.808698	-0.942759	-1.02792	-1.0715	-1.08446	-1.0744	-1.04965	-1.02103	-0.992203	-0.967699	-0.94008	-0.903627	-0.837415	-0.717049	-0.527294	-0.285667	-0.0405618	0.152506	0.286752	0.376053	0.411945	0.380884	
0.393545	0.305642	0.207721	0.136357	0.089449	0.0844463	0.131849	0.186749	0.261552	0.339991	0.399648	0.403284	0.370042	0.284889	0.138011	-0.0613084	-0.249412	-0.396149	-0.479148	-0.518462	-0.54226	-0.557696	-0.579503	-0.615249	-0.661163	-0.723338	-0.797885	-0.881365	-0.96955	-1.04152	-1.0895	-1.08643	-1.02907	-0.90417	-0.708559	-0.463677	-0.156878	0.175941	0.518954	0.852182	1.13724	1.37063	1.53279	1.59764	1.58216	1.5038	1.35477	1.1493	0.942842	0.791448	0.714971	0.699512	0.719505	0.75388	0.79032	0.823182	0.850604	0.873037	0.893604	0.920136	0.967818	1.05882	1.21304	1.42867	1.66787	1.87345	2.01261	2.09018	2.10377	2.02547	1.85661	1.62987	1.34675	1.01263	0.669294	0.33237	0.012475	-0.271767	-0.515355	-0.710006	-0.857419	-0.958693	-1.02484	-1.06134	-1.07963	-1.08111	-1.07493	-1.06239	-1.03794	-0.989009	-0.891493	-0.724123	-0.483295	-0.203422	0.0523161	0.250374	0.390329	0.482884	0.5039	0.463723	
0.51854	0.402952	0.289387	0.2095	0.160007	0.158294	0.186749	0.245981	0.333983	0.415616	0.460804	0.458753	0.420346	0.312273	0.14341	-0.0516975	-0.216898	-0.32175	-0.378751	-0.401565	-0.415586	-0.424231	-0.437212	-0.460115	-0.492959	-0.54321	-0.609569	-0.701897	-0.805408	-0.918099	-1.01279	-1.08088	-1.08743	-1.03597	-0.898291	-0.687451	-0.408318	-0.0765353	0.283664	0.660289	1.01045	1.31512	1.56332	1.71874	1.77693	1.75976	1.6652	1.49252	1.28462	1.10638	0.997136	0.956317	0.961251	0.988072	1.02093	1.05187	1.07778	1.09818	1.11456	1.13156	1.15941	1.21584	1.32305	1.49445	1.71545	1.93887	2.11431	2.22641	2.28453	2.2758	2.17456	1.99423	1.76245	1.47756	1.14953	0.808296	0.47171	0.156529	-0.125876	-0.367638	-0.566471	-0.721978	-0.838685	-0.92081	-0.977391	-1.01426	-1.03344	-1.03442	-1.01301	-0.946832	-0.816133	-0.600193	-0.314519	-0.0112078	0.250249	0.446556	0.588244	0.669039	0.668155	0.608524	
0.672668	0.529885	0.403838	0.306815	0.242487	0.231563	0.261552	0.333983	0.420084	0.487153	0.516765	0.512127	0.439656	0.29079	0.0900703	-0.0940533	-0.229356	-0.304639	-0.343191	-0.359793	-0.362918	-0.367979	-0.374531	-0.380423	-0.397822	-0.424351	-0.462946	-0.530369	-0.626722	-0.753426	-0.885024	-1.0034	-1.07728	-1.0865	-1.01706	-0.86092	-0.616581	-0.292021	0.081405	0.494449	0.909389	1.28725	1.61558	1.85757	1.98801	2.02436	1.97512	1.83385	1.62883	1.42592	1.28098	1.20913	1.19367	1.20923	1.23631	1.26411	1.28794	1.3064	1.31993	1.33098	1.34567	1.3763	1.44204	1.56304	1.74484	1.96244	2.16594	2.3157	2.40858	2.45234	2.42893	2.31896	2.13833	1.90844	1.63223	1.31958	0.989367	0.659706	0.34699	0.0647554	-0.177715	-0.37805	-0.537608	-0.661091	-0.750698	-0.815222	-0.855803	-0.868614	-0.843735	-0.759475	-0.592164	-0.334637	-0.0180697	0.293094	0.547007	0.73381	0.864511	0.915455	0.879636	0.791577	
0.847031	0.668926	0.514653	0.3906	0.318766	0.306954	0.339991	0.415616	0.487153	0.540651	0.558847	0.513623	0.377356	0.177627	-0.0269658	-0.183724	-0.283121	-0.335001	-0.35664	-0.365559	-0.369057	-0.369719	-0.371999	-0.372286	-0.375894	-0.381989	-0.397101	-0.423935	-0.484522	-0.585878	-0.724909	-0.875373	-1.0038	-1.08035	-1.07312	-0.966535	-0.763333	-0.453795	-0.0664523	0.378956	0.850385	1.29412	1.68781	1.99964	2.19197	2.27281	2.26032	2.14952	1.95481	1.73568	1.55872	1.45467	1.4154	1.41613	1.4345	1.45687	1.47689	1.49237	1.50311	1.51029	1.51723	1.53134	1.56631	1.64137	1.77305	1.95927	2.16848	2.35298	2.48323	2.56189	2.59409	2.56306	2.45519	2.28226	2.06077	1.79903	1.5067	1.19689	0.883444	0.580319	0.302692	0.0616732	-0.1374	-0.297017	-0.419013	-0.50699	-0.5638	-0.584195	-0.55225	-0.446821	-0.24519	0.0451314	0.377881	0.683617	0.920696	1.09223	1.19536	1.20373	1.12809	1.00639	
0.998146	0.781199	0.59934	0.457825	0.381363	0.365194	0.399648	0.460804	0.516765	0.558847	0.532774	0.420677	0.221293	0.00755327	-0.169731	-0.276909	-0.333147	-0.356077	-0.363368	-0.36588	-0.364248	-0.36706	-0.371888	-0.375248	-0.38044	-0.388052	-0.39009	-0.390509	-0.406583	-0.466129	-0.578591	-0.731353	-0.890724	-1.01114	-1.06484	-1.00918	-0.837256	-0.541495	-0.144008	0.324439	0.833346	1.32369	1.76311	2.12652	2.37177	2.49434	2.51628	2.43682	2.25875	2.03061	1.82406	1.68451	1.61509	1.59442	1.59852	1.61111	1.62409	1.63444	1.64147	1.64564	1.64858	1.6542	1.67075	1.71245	1.79735	1.93769	2.12553	2.32688	2.4986	2.61777	2.68773	2.71217	2.67964	2.58097	2.42235	2.21576	1.9718	1.70129	1.41528	1.12378	0.838604	0.574081	0.343378	0.153306	0.0039532	-0.104767	-0.173335	-0.195565	-0.153784	-0.0247386	0.206043	0.518962	0.853466	1.14113	1.35333	1.49586	1.55421	1.50902	1.38442	1.2121	
1.11147	0.862646	0.652422	0.491677	0.406011	0.378544	0.403284	0.458753	0.512127	0.513623	0.420677	0.236867	0.0156535	-0.164315	-0.267189	-0.313971	-0.332062	-0.340393	-0.332333	-0.330298	-0.332848	-0.330171	-0.339871	-0.35034	-0.358733	-0.374338	-0.398046	-0.40233	-0.394868	-0.401779	-0.468674	-0.594141	-0.759441	-0.909768	-0.996918	-0.976307	-0.830726	-0.550007	-0.152784	0.321619	0.844052	1.35959	1.83025	2.23526	2.5297	2.69339	2.74587	2.692	2.52789	2.29055	2.05288	1.87351	1.76831	1.72103	1.70678	1.70671	1.7108	1.7149	1.71774	1.71943	1.72059	1.72305	1.73104	1.75312	1.80324	1.89739	2.04397	2.23187	2.42829	2.59522	2.71264	2.78129	2.80417	2.77576	2.69081	2.55181	2.36654	2.14501	1.89848	1.63698	1.36886	1.10454	0.858041	0.644069	0.471484	0.344628	0.267131	0.24721	0.302371	0.454627	0.709008	1.03264	1.35528	1.61382	1.79124	1.89077	1.89262	1.78647	1.60529	1.37514	
1.17569	0.887682	0.642283	0.462	0.363203	0.333286	0.370042	0.420346	0.439656	0.377356	0.221293	0.0156535	-0.160643	-0.258641	-0.28884	-0.303666	-0.308405	-0.301862	-0.295586	-0.293597	-0.295097	-0.295263	-0.298778	-0.310746	-0.320782	-0.33274	-0.362739	-0.397415	-0.403495	-0.392282	-0.408261	-0.488135	-0.62511	-0.770808	-0.87479	-0.875154	-0.748331	-0.488506	-0.110348	0.349349	0.869475	1.40058	1.89592	2.33397	2.66826	2.86399	2.93563	2.89572	2.73897	2.49187	2.22516	2.00752	1.86648	1.79128	1.75699	1.74303	1.73734	1.73452	1.73289	1.73226	1.73281	1.73523	1.74135	1.75528	1.78533	1.84436	1.9458	2.09498	2.28045	2.47313	2.64021	2.76237	2.8366	2.86461	2.84505	2.77611	2.65912	2.49912	2.3047	2.08628	1.85259	1.6105	1.36915	1.14324	0.949746	0.802456	0.712424	0.692201	0.759598	0.931757	1.20356	1.52849	1.83095	2.05531	2.19295	2.24351	2.18464	2.01589	1.77579	1.48757	
1.15333	0.82466	0.552255	0.364363	0.270084	0.252843	0.284889	0.312273	0.29079	0.177627	0.00755327	-0.164315	-0.258641	-0.281121	-0.275672	-0.291163	-0.297724	-0.287313	-0.290082	-0.289632	-0.287446	-0.290325	-0.287116	-0.292733	-0.304551	-0.295879	-0.31544	-0.359477	-0.398572	-0.391605	-0.381089	-0.406302	-0.498341	-0.614499	-0.705529	-0.710717	-0.606765	-0.382925	-0.0369469	0.399168	0.911044	1.45287	1.96335	2.41722	2.77325	2.98829	3.07046	3.03818	2.88651	2.63222	2.34113	2.08796	1.91038	1.8043	1.74702	1.71678	1.6993	1.68807	1.68119	1.67789	1.67838	1.6828	1.69151	1.7063	1.73057	1.77192	1.84156	1.94977	2.09975	2.28134	2.47038	2.63911	2.76855	2.85232	2.89013	2.88241	2.82973	2.73354	2.59777	2.43031	2.24116	2.03808	1.82584	1.61193	1.41215	1.24817	1.14236	1.11615	1.19017	1.37633	1.6581	1.97653	2.25302	2.43959	2.53304	2.5288	2.40407	2.16887	1.86527	1.51608	
1.03965	0.68552	0.404857	0.220175	0.130383	0.114796	0.138011	0.14341	0.0900703	-0.0269658	-0.169731	-0.267189	-0.28884	-0.275672	-0.290493	-0.310556	-0.30464	-0.283279	-0.297544	-0.290746	-0.279961	-0.300187	-0.288576	-0.290807	-0.312358	-0.309681	-0.296797	-0.314035	-0.365816	-0.380997	-0.36323	-0.342396	-0.373276	-0.434894	-0.501278	-0.514592	-0.436185	-0.253408	0.0600015	0.475816	0.97155	1.50745	2.01671	2.47107	2.83664	3.06499	3.15457	3.12523	2.97348	2.70941	2.39312	2.1029	1.88636	1.74732	1.66596	1.61803	1.58773	1.5677	1.55531	1.54926	1.5499	1.55713	1.5705	1.59073	1.61868	1.65714	1.71262	1.79461	1.91015	2.06141	2.23976	2.42616	2.59714	2.7346	2.82962	2.87952	2.88503	2.84786	2.76964	2.65355	2.50724	2.34185	2.16568	1.982	1.79736	1.63077	1.51246	1.47585	1.54868	1.7402	2.02304	2.32735	2.57275	2.71816	2.76365	2.7007	2.50908	2.2094	1.84635	1.44342	
0.859693	0.491176	0.202485	0.0158654	-0.0690983	-0.0829362	-0.0613084	-0.0516975	-0.0940533	-0.183724	-0.276909	-0.313971	-0.303666	-0.291163	-0.310556	-0.305376	-0.282519	-0.276669	-0.28069	-0.272444	-0.26674	-0.277777	-0.27796	-0.278708	-0.290454	-0.313219	-0.306898	-0.303214	-0.337608	-0.354352	-0.329656	-0.270306	-0.237577	-0.248276	-0.283095	-0.306223	-0.25523	-0.106262	0.177057	0.569111	1.03616	1.54958	2.04829	2.49827	2.8664	3.09952	3.18708	3.15015	2.98952	2.71146	2.36968	2.04485	1.79277	1.62402	1.51946	1.45377	1.41104	1.38277	1.36453	1.35619	1.35701	1.36699	1.38611	1.41313	1.44905	1.49368	1.54839	1.61914	1.71271	1.83444	1.98572	2.16014	2.34327	2.51556	2.66045	2.76674	2.82928	2.84813	2.82549	2.76317	2.66281	2.53117	2.38146	2.22432	2.06342	1.90772	1.78427	1.73453	1.79657	1.98199	2.25622	2.54075	2.75414	2.86062	2.86167	2.74571	2.49687	2.14462	1.73428	1.29053	
0.613518	0.22911	-0.0654183	-0.244	-0.31448	-0.303792	-0.249412	-0.216898	-0.229356	-0.283121	-0.333147	-0.332062	-0.308405	-0.297724	-0.30464	-0.282519	-0.258672	-0.269353	-0.260968	-0.255412	-0.260752	-0.255334	-0.265378	-0.266207	-0.261637	-0.297338	-0.299807	-0.298982	-0.31021	-0.322163	-0.27685	-0.184561	-0.0933047	-0.0570365	-0.0703006	-0.102766	-0.0728898	0.0548852	0.304834	0.65785	1.09012	1.5808	2.06536	2.50139	2.85808	3.08263	3.15896	3.10891	2.93655	2.64416	2.27934	1.9242	1.63956	1.44174	1.31268	1.22986	1.17497	1.13804	1.11401	1.10342	1.10448	1.11723	1.14239	1.17757	1.22318	1.27882	1.34404	1.41843	1.50663	1.61204	1.73921	1.88833	2.05583	2.23099	2.39944	2.54683	2.66064	2.73338	2.76305	2.75225	2.70363	2.61655	2.49595	2.3576	2.21558	2.07693	1.95841	1.8987	1.94339	2.11123	2.36683	2.62705	2.80988	2.88259	2.846	2.68577	2.39009	1.99476	1.54509	1.06778	
0.301277	-0.0854138	-0.367552	-0.519	-0.548311	-0.49107	-0.396149	-0.32175	-0.304639	-0.335001	-0.356077	-0.340393	-0.301862	-0.287313	-0.283279	-0.276669	-0.269353	-0.275975	-0.266036	-0.264505	-0.27074	-0.262491	-0.270763	-0.274231	-0.270148	-0.279692	-0.279686	-0.277733	-0.283046	-0.276498	-0.205068	-0.0735114	0.0603202	0.125269	0.121075	0.0915009	0.112712	0.210994	0.419927	0.737267	1.13912	1.60146	2.05943	2.46995	2.80669	3.01717	3.07921	3.01267	2.82387	2.5128	2.12388	1.73898	1.42342	1.19836	1.0487	0.951493	0.885556	0.84025	0.812433	0.798915	0.80038	0.816228	0.845452	0.889037	0.944138	1.01057	1.08856	1.176	1.27334	1.38112	1.50148	1.63607	1.78445	1.94376	2.10628	2.26312	2.40306	2.51516	2.59051	2.62367	2.6176	2.57679	2.49819	2.3856	2.25849	2.13543	2.0302	1.97056	1.99975	2.1431	2.37082	2.60108	2.7528	2.79439	2.72434	2.5256	2.18983	1.75779	1.27507	0.770932	
-0.0289384	-0.396009	-0.64411	-0.748269	-0.725112	-0.61714	-0.479148	-0.378751	-0.343191	-0.35664	-0.363368	-0.332333	-0.295586	-0.290082	-0.297544	-0.28069	-0.260968	-0.266036	-0.257387	-0.253737	-0.256853	-0.252968	-0.262626	-0.264276	-0.262666	-0.288065	-0.283446	-0.260947	-0.238283	-0.207853	-0.1086	0.051945	0.21115	0.291912	0.300946	0.273674	0.280712	0.347357	0.520838	0.808902	1.17522	1.5988	2.02538	2.40939	2.72264	2.91164	2.95095	2.86033	2.64971	2.31768	1.90665	1.49655	1.15743	0.911245	0.745807	0.634726	0.559647	0.508187	0.476753	0.461225	0.462858	0.481032	0.514117	0.56374	0.627734	0.705668	0.794811	0.895527	1.00539	1.12493	1.25196	1.38795	1.5316	1.68221	1.83519	1.98495	2.12501	2.24735	2.34565	2.41179	2.43644	2.4236	2.37967	2.29981	2.19027	2.07665	1.98305	1.93092	1.95202	2.07078	2.26499	2.46025	2.57978	2.59278	2.49492	2.26673	1.90263	1.44726	0.947207	0.435024	
-0.308779	-0.641099	-0.8466	-0.903394	-0.835312	-0.688248	-0.518462	-0.401565	-0.359793	-0.365559	-0.36588	-0.330298	-0.293597	-0.289632	-0.290746	-0.272444	-0.255412	-0.264505	-0.253738	-0.249322	-0.256749	-0.248198	-0.257493	-0.262327	-0.255026	-0.276862	-0.268647	-0.23783	-0.187509	-0.127417	0.00264529	0.182498	0.354833	0.447336	0.465807	0.434346	0.419934	0.462224	0.609626	0.860848	1.1863	1.57717	1.97302	2.32358	2.60387	2.76323	2.77527	2.6599	2.42727	2.07487	1.6434	1.21261	0.853754	0.590049	0.410539	0.290294	0.209123	0.153864	0.118537	0.10286	0.104314	0.12312	0.160333	0.213767	0.283839	0.370111	0.471459	0.58568	0.71043	0.844891	0.986322	1.13321	1.28377	1.43667	1.5896	1.73815	1.87725	2.0003	2.09965	2.17488	2.22019	2.22378	2.19253	2.13332	2.04188	1.93308	1.84079	1.79292	1.81113	1.91025	2.07144	2.23087	2.3201	2.31076	2.19619	1.95457	1.58149	1.12365	0.628311	0.130059	
-0.497326	-0.796219	-0.966333	-0.991355	-0.894839	-0.722804	-0.54226	-0.415586	-0.362918	-0.369057	-0.364248	-0.332848	-0.295097	-0.287446	-0.279961	-0.26674	-0.260752	-0.270741	-0.256856	-0.256753	-0.266039	-0.252425	-0.264915	-0.26646	-0.254976	-0.257714	-0.244734	-0.199696	-0.126359	-0.0292818	0.124407	0.317297	0.491204	0.586989	0.608049	0.56693	0.530976	0.552887	0.673529	0.888654	1.18317	1.54012	1.89562	2.20928	2.45542	2.58399	2.56626	2.42344	2.16471	1.79042	1.3393	0.892871	0.520357	0.247724	0.0619888	-0.0619134	-0.147052	-0.204529	-0.239992	-0.257133	-0.255495	-0.235394	-0.197863	-0.141549	-0.0678465	0.0220461	0.12929	0.252209	0.389737	0.538735	0.697565	0.862375	1.03046	1.1978	1.36114	1.51699	1.66144	1.79086	1.89895	1.97494	2.02416	2.04137	2.01623	1.96036	1.87911	1.77455	1.67597	1.62269	1.63717	1.72296	1.85735	1.9851	2.04863	2.02452	1.90533	1.66668	1.30276	0.859877	0.38488	-0.0880662	
-0.592395	-0.87118	-1.02569	-1.03647	-0.928328	-0.749296	-0.557696	-0.424231	-0.367979	-0.369719	-0.36706	-0.330171	-0.295263	-0.290325	-0.300187	-0.277777	-0.255335	-0.262495	-0.25298	-0.248226	-0.252471	-0.247111	-0.256845	-0.257132	-0.250037	-0.265538	-0.232665	-0.151889	-0.0448497	0.0772371	0.247027	0.441877	0.619473	0.712927	0.725564	0.664226	0.61377	0.619873	0.710048	0.897987	1.16338	1.47967	1.80023	2.0785	2.28685	2.37844	2.32613	2.15424	1.87108	1.47749	1.01231	0.556912	0.180103	-0.0956738	-0.282762	-0.408637	-0.49262	-0.548544	-0.583418	-0.599978	-0.598383	-0.578679	-0.541644	-0.487246	-0.413909	-0.320995	-0.211067	-0.0828725	0.0611368	0.220295	0.391956	0.572415	0.759059	0.946711	1.13203	1.30719	1.46995	1.61071	1.73179	1.82578	1.88093	1.90609	1.89316	1.83971	1.76096	1.66146	1.55803	1.49332	1.49972	1.57659	1.69302	1.79641	1.83904	1.80471	1.68761	1.46121	1.1158	0.694562	0.242933	-0.206163	
-0.618538	-0.891745	-1.04399	-1.05908	-0.956741	-0.77657	-0.579503	-0.437212	-0.374531	-0.371999	-0.371888	-0.339871	-0.298778	-0.287117	-0.288577	-0.277963	-0.265386	-0.270787	-0.262689	-0.257638	-0.265199	-0.257236	-0.264482	-0.264558	-0.250316	-0.241221	-0.186775	-0.0881503	0.0398859	0.182685	0.363766	0.563755	0.73473	0.822931	0.81105	0.730243	0.668592	0.6533	0.724743	0.892189	1.12298	1.40875	1.69495	1.92912	2.09986	2.15251	2.0683	1.86798	1.56183	1.14878	0.673522	0.214699	-0.159309	-0.429816	-0.61078	-0.72871	-0.808335	-0.86086	-0.893355	-0.907287	-0.90574	-0.888616	-0.854431	-0.803533	-0.733967	-0.647186	-0.539777	-0.411953	-0.265531	-0.100428	0.0804022	0.274213	0.477066	0.68336	0.889581	1.08879	1.2757	1.4466	1.58564	1.70081	1.77988	1.81826	1.82171	1.78135	1.70721	1.61412	1.51257	1.43826	1.4332	1.50243	1.60879	1.69618	1.72226	1.67855	1.56388	1.35118	1.02523	0.624148	0.191761	-0.241736	
-0.596604	-0.877417	-1.04322	-1.07243	-0.982246	-0.812289	-0.615249	-0.460115	-0.380423	-0.372286	-0.375248	-0.35034	-0.310746	-0.292734	-0.290811	-0.278721	-0.266246	-0.274338	-0.264546	-0.262943	-0.267699	-0.259218	-0.267034	-0.262367	-0.239654	-0.217707	-0.144177	-0.0220092	0.12595	0.287231	0.478068	0.678733	0.840576	0.900137	0.861988	0.7686	0.693663	0.663107	0.722527	0.867604	1.07344	1.33143	1.57405	1.77353	1.90599	1.91776	1.79918	1.56991	1.24222	0.814919	0.335536	-0.115769	-0.477748	-0.73229	-0.900902	-1.00905	-1.07912	-1.12463	-1.15123	-1.16368	-1.16203	-1.14732	-1.11972	-1.07517	-1.01383	-0.934557	-0.835095	-0.715721	-0.574308	-0.411148	-0.228958	-0.0276143	0.185712	0.411132	0.636307	0.862123	1.07202	1.26951	1.44352	1.58347	1.69196	1.75631	1.7811	1.76323	1.70275	1.61906	1.5257	1.44831	1.43154	1.49203	1.59316	1.67256	1.68701	1.63377	1.51891	1.31763	1.00883	0.623893	0.204974	-0.220055	
-0.543158	-0.837973	-1.02551	-1.08066	-1.01292	-0.858505	-0.661163	-0.492959	-0.397822	-0.375894	-0.380441	-0.358733	-0.320784	-0.304556	-0.312376	-0.29051	-0.2618	-0.270578	-0.263701	-0.25729	-0.259434	-0.257762	-0.261475	-0.250943	-0.223487	-0.205582	-0.10495	0.0497104	0.21813	0.387809	0.584604	0.780904	0.922903	0.951528	0.884435	0.776493	0.691247	0.652846	0.706045	0.83406	1.02	1.24699	1.45472	1.61763	1.70449	1.67977	1.5259	1.27519	0.927174	0.491049	0.0126893	-0.423028	-0.763942	-0.997253	-1.14414	-1.23509	-1.28969	-1.32356	-1.34498	-1.35287	-1.35221	-1.3426	-1.31991	-1.28698	-1.24064	-1.17577	-1.09081	-0.984268	-0.852609	-0.698627	-0.519107	-0.318833	-0.0993317	0.133704	0.376533	0.619528	0.861003	1.08317	1.28742	1.46026	1.60004	1.69707	1.74889	1.75872	1.72092	1.6511	1.56953	1.4956	1.46951	1.51932	1.61669	1.69466	1.70371	1.64253	1.52549	1.3334	1.04014	0.669095	0.260498	-0.160592	
-0.46485	-0.777755	-0.991467	-1.08177	-1.04464	-0.910186	-0.723338	-0.54321	-0.424351	-0.381989	-0.388052	-0.37434	-0.332746	-0.295903	-0.309758	-0.31345	-0.297966	-0.281251	-0.291603	-0.284189	-0.271495	-0.288837	-0.275791	-0.260237	-0.241918	-0.1744	-0.0342922	0.140917	0.298517	0.481316	0.679346	0.873574	0.976308	0.96816	0.877587	0.759318	0.668467	0.630439	0.682538	0.798368	0.967994	1.16596	1.33738	1.46042	1.51124	1.44503	1.2596	0.986159	0.62243	0.181603	-0.284457	-0.695638	-1.00264	-1.20473	-1.32412	-1.39268	-1.43239	-1.45201	-1.46155	-1.46734	-1.46709	-1.46081	-1.4503	-1.4316	-1.39969	-1.35277	-1.28936	-1.2026	-1.09079	-0.953037	-0.785034	-0.59339	-0.373246	-0.136804	0.117952	0.376383	0.635426	0.885935	1.11956	1.32445	1.49599	1.62809	1.71083	1.74994	1.74043	1.68928	1.62099	1.55461	1.52264	1.56022	1.65268	1.73356	1.74421	1.6793	1.5604	1.37696	1.09963	0.742765	0.344531	-0.0731558	
-0.361855	-0.696647	-0.940291	-1.06701	-1.07214	-0.971114	-0.797885	-0.609569	-0.462946	-0.397102	-0.390092	-0.398054	-0.362769	-0.31554	-0.297103	-0.307751	-0.301983	-0.284752	-0.294215	-0.289561	-0.281796	-0.292319	-0.272957	-0.252999	-0.218045	-0.115123	0.0362863	0.200941	0.364725	0.562969	0.771831	0.941166	1.00172	0.955504	0.839327	0.721658	0.633196	0.605965	0.661203	0.767653	0.922055	1.09114	1.22888	1.31498	1.32297	1.21615	1.00507	0.711972	0.339941	-0.101256	-0.545626	-0.922742	-1.18908	-1.35241	-1.4395	-1.47892	-1.4942	-1.49882	-1.49961	-1.49815	-1.49876	-1.50017	-1.49934	-1.49712	-1.48745	-1.46647	-1.42804	-1.36601	-1.28031	-1.16273	-1.01604	-0.835971	-0.627969	-0.392415	-0.136819	0.133601	0.410637	0.681363	0.939717	1.17627	1.37842	1.54444	1.66079	1.72941	1.74997	1.7215	1.66727	1.60987	1.57505	1.59975	1.6846	1.77009	1.78887	1.72638	1.60822	1.43463	1.17552	0.835149	0.449094	0.0376268	
-0.235772	-0.588476	-0.865499	-1.03599	-1.08564	-1.02805	-0.881365	-0.701897	-0.530369	-0.423937	-0.390519	-0.402365	-0.397535	-0.359856	-0.315122	-0.306058	-0.305752	-0.292416	-0.289997	-0.290345	-0.286554	-0.283206	-0.268557	-0.243929	-0.187465	-0.0659937	0.0775361	0.241562	0.432793	0.653328	0.851362	0.977659	0.984337	0.905941	0.786719	0.673748	0.597999	0.589222	0.64636	0.74852	0.889987	1.03034	1.13144	1.17829	1.14763	1.0026	0.765548	0.45788	0.078009	-0.352321	-0.766951	-1.09667	-1.31378	-1.43012	-1.47939	-1.48984	-1.48324	-1.46962	-1.45732	-1.45233	-1.45294	-1.45954	-1.47343	-1.48862	-1.50051	-1.50596	-1.49699	-1.4687	-1.41318	-1.32672	-1.20505	-1.04772	-0.853662	-0.627971	-0.373255	-0.0993821	0.185476	0.476094	0.755507	1.0189	1.25045	1.44702	1.59691	1.69529	1.74559	1.74262	1.70357	1.65493	1.61909	1.63089	1.7048	1.79394	1.82566	1.77247	1.65924	1.4977	1.26028	0.940752	0.570192	0.167696	
-0.0877755	-0.456138	-0.76101	-0.976681	-1.07656	-1.07345	-0.96955	-0.805408	-0.626724	-0.484532	-0.406621	-0.395003	-0.403936	-0.399873	-0.369307	-0.346109	-0.329002	-0.320794	-0.307349	-0.302999	-0.303472	-0.294444	-0.282666	-0.252902	-0.178869	-0.061059	0.0988323	0.295904	0.520699	0.735531	0.898597	0.966467	0.933191	0.835925	0.719809	0.627239	0.576131	0.585683	0.649738	0.750613	0.874098	0.983124	1.04863	1.05832	0.982317	0.800807	0.545215	0.225613	-0.154087	-0.567602	-0.940852	-1.21644	-1.37719	-1.44484	-1.45295	-1.43012	-1.39719	-1.36795	-1.34742	-1.33536	-1.33672	-1.35082	-1.37382	-1.40667	-1.44421	-1.47967	-1.50425	-1.50967	-1.49072	-1.43735	-1.34884	-1.21705	-1.04772	-0.835971	-0.593394	-0.318854	-0.0277142	0.273785	0.570769	0.856694	1.11572	1.34025	1.5217	1.64921	1.72738	1.751	1.72891	1.68874	1.65257	1.65161	1.71102	1.80048	1.84738	1.80988	1.70667	1.55984	1.34779	1.05424	0.704561	0.316843	
0.0839935	-0.296754	-0.625865	-0.885345	-1.03869	-1.08994	-1.04152	-0.918101	-0.753436	-0.585918	-0.466273	-0.40226	-0.393745	-0.395636	-0.391052	-0.37703	-0.368429	-0.362055	-0.35182	-0.349062	-0.343404	-0.334557	-0.317113	-0.271303	-0.179541	-0.0327642	0.156622	0.382465	0.602317	0.783304	0.887778	0.908154	0.84525	0.754873	0.664634	0.598406	0.575944	0.607999	0.678796	0.773873	0.87756	0.954389	0.981116	0.949567	0.830541	0.617462	0.342418	0.0161056	-0.36105	-0.744834	-1.06793	-1.27897	-1.37958	-1.3949	-1.364	-1.31355	-1.26186	-1.21824	-1.1884	-1.17531	-1.17638	-1.193	-1.22704	-1.2734	-1.32989	-1.39137	-1.44762	-1.49247	-1.51107	-1.49884	-1.44556	-1.34884	-1.20505	-1.01604	-0.785035	-0.519115	-0.228996	0.0802306	0.391259	0.69501	0.977924	1.22736	1.43771	1.59418	1.69848	1.74772	1.74378	1.71223	1.67605	1.66249	1.70391	1.78841	1.84967	1.83274	1.7448	1.61541	1.43248	1.1705	0.846525	0.481039	
0.274965	-0.11057	-0.457688	-0.752786	-0.960365	-1.07221	-1.0895	-1.0128	-0.885062	-0.725052	-0.579085	-0.47022	-0.412644	-0.392306	-0.389093	-0.383349	-0.377341	-0.375237	-0.37095	-0.368772	-0.363086	-0.350862	-0.323497	-0.259364	-0.146372	0.0181039	0.229795	0.449184	0.635569	0.760486	0.822713	0.812626	0.755131	0.686933	0.626024	0.600517	0.610831	0.661592	0.736481	0.823308	0.901936	0.941182	0.927779	0.852126	0.686781	0.445781	0.158407	-0.173403	-0.538658	-0.885733	-1.14772	-1.29212	-1.33053	-1.2986	-1.23084	-1.15648	-1.09141	-1.0445	-1.01535	-0.999072	-1.0009	-1.02023	-1.05279	-1.10436	-1.17511	-1.25879	-1.34661	-1.42522	-1.48446	-1.51159	-1.49884	-1.43735	-1.32672	-1.16273	-0.953037	-0.69863	-0.411161	-0.100491	0.220025	0.537686	0.84121	1.11336	1.34878	1.53215	1.6614	1.73531	1.75004	1.72719	1.69114	1.66538	1.6857	1.75852	1.83006	1.83627	1.76852	1.65882	1.5079	1.2842	0.991403	0.653801	
0.478894	0.100084	-0.258674	-0.580134	-0.83689	-1.00253	-1.08644	-1.08091	-1.00353	-0.875848	-0.732889	-0.598631	-0.499948	-0.434214	-0.401527	-0.382635	-0.376444	-0.37013	-0.367216	-0.366139	-0.356856	-0.343426	-0.305567	-0.230509	-0.107823	0.0695524	0.268441	0.453443	0.590264	0.677865	0.715951	0.707527	0.673436	0.644703	0.635054	0.645488	0.684293	0.75315	0.825825	0.897293	0.94433	0.940918	0.883185	0.760381	0.552632	0.286782	-0.0137326	-0.346142	-0.693098	-0.990238	-1.18532	-1.25919	-1.24063	-1.16693	-1.07728	-0.994765	-0.931048	-0.887628	-0.860977	-0.849406	-0.850454	-0.865126	-0.895408	-0.94253	-1.01276	-1.10417	-1.20989	-1.32035	-1.41488	-1.48446	-1.51107	-1.49072	-1.41318	-1.28031	-1.09079	-0.852609	-0.574312	-0.265552	0.0610412	0.389343	0.70896	1.00045	1.25847	1.46685	1.61875	1.71568	1.74968	1.73596	1.70003	1.66261	1.65954	1.71332	1.78789	1.81658	1.77323	1.68512	1.56701	1.38797	1.13395	0.829041	
0.686896	0.329113	-0.0315706	-0.366898	-0.66193	-0.884273	-1.0291	-1.08755	-1.07771	-1.00524	-0.895055	-0.771185	-0.653634	-0.56022	-0.493044	-0.444776	-0.415575	-0.395345	-0.383991	-0.376359	-0.366682	-0.348479	-0.312778	-0.236022	-0.115252	0.0443819	0.221034	0.368961	0.481884	0.554662	0.606885	0.624179	0.637877	0.65924	0.689877	0.738202	0.807893	0.881564	0.943812	0.993804	0.998903	0.948989	0.844612	0.669086	0.419784	0.134856	-0.175015	-0.505967	-0.823617	-1.0642	-1.18688	-1.19617	-1.12779	-1.02706	-0.927071	-0.852331	-0.805475	-0.779953	-0.764256	-0.752496	-0.754013	-0.767083	-0.783789	-0.813448	-0.866802	-0.950779	-1.06556	-1.19383	-1.32035	-1.42522	-1.49247	-1.50967	-1.4687	-1.36601	-1.2026	-0.984269	-0.715722	-0.41196	-0.0829035	0.252074	0.585146	0.893611	1.16982	1.40058	1.57334	1.69091	1.74415	1.7406	1.70514	1.65684	1.62912	1.65679	1.72446	1.77098	1.75463	1.69032	1.60361	1.47288	1.26702	1.00041	
0.889912	0.56711	0.217326	-0.122275	-0.439414	-0.701133	-0.904265	-1.03633	-1.08776	-1.08428	-1.02217	-0.937377	-0.832376	-0.73647	-0.649658	-0.586051	-0.536974	-0.502164	-0.479753	-0.46285	-0.452595	-0.435778	-0.395403	-0.326661	-0.208837	-0.0573955	0.104744	0.239215	0.350665	0.445874	0.530143	0.592169	0.659911	0.728163	0.810808	0.889818	0.973565	1.04211	1.08872	1.10436	1.05906	0.959575	0.801806	0.573711	0.287504	-0.0154617	-0.334769	-0.655868	-0.934706	-1.10825	-1.1617	-1.11232	-1.01138	-0.901438	-0.815417	-0.766349	-0.740985	-0.727388	-0.717693	-0.711152	-0.711879	-0.719455	-0.729704	-0.744742	-0.774773	-0.832752	-0.933131	-1.06556	-1.20989	-1.34661	-1.44762	-1.50425	-1.49699	-1.42804	-1.28936	-1.09081	-0.835095	-0.539779	-0.211076	0.129248	0.471282	0.794136	1.08623	1.33683	1.52838	1.66333	1.73448	1.7423	1.70846	1.65062	1.59834	1.59414	1.64347	1.6986	1.70873	1.67101	1.61349	1.53013	1.38081	1.16071	
1.07792	0.80181	0.47857	0.149135	-0.176258	-0.472971	-0.708848	-0.899332	-1.02043	-1.08289	-1.09015	-1.05516	-0.993476	-0.919449	-0.843561	-0.774611	-0.716343	-0.676374	-0.644728	-0.623491	-0.610113	-0.59004	-0.551935	-0.480737	-0.361517	-0.206142	-0.0467418	0.105694	0.242094	0.383659	0.512479	0.637224	0.754923	0.879795	0.989899	1.08669	1.18095	1.23157	1.25096	1.21806	1.11755	0.965605	0.74754	0.465687	0.150284	-0.167693	-0.495709	-0.799088	-1.02762	-1.13214	-1.11979	-1.02803	-0.907782	-0.80919	-0.748534	-0.732162	-0.731087	-0.718692	-0.706347	-0.70329	-0.703596	-0.707919	-0.721523	-0.732261	-0.733457	-0.758704	-0.832752	-0.950779	-1.10417	-1.25879	-1.39137	-1.47967	-1.50596	-1.46647	-1.35277	-1.17577	-0.934558	-0.647186	-0.320997	0.022034	0.370058	0.705452	1.00978	1.27618	1.48583	1.63625	1.72257	1.74169	1.71104	1.64586	1.57074	1.53129	1.55103	1.60146	1.63253	1.62362	1.59426	1.55344	1.46453	1.30033	
1.24011	1.01928	0.739003	0.428572	0.120819	-0.189258	-0.464483	-0.690161	-0.869084	-0.98848	-1.06152	-1.0866	-1.0799	-1.04629	-1.00485	-0.957577	-0.912294	-0.874554	-0.846747	-0.827583	-0.809415	-0.787521	-0.743885	-0.657803	-0.52335	-0.348129	-0.158992	0.0264762	0.210844	0.402625	0.58985	0.764367	0.930904	1.09139	1.22063	1.3402	1.41524	1.435	1.41781	1.32457	1.16791	0.954792	0.673828	0.345009	0.00418338	-0.330523	-0.660151	-0.933996	-1.10201	-1.13939	-1.07229	-0.954667	-0.834346	-0.760525	-0.729727	-0.728598	-0.723191	-0.698491	-0.683542	-0.688106	-0.687109	-0.684775	-0.703766	-0.726089	-0.728361	-0.733457	-0.774773	-0.866802	-1.01276	-1.17511	-1.32989	-1.44421	-1.50051	-1.48745	-1.39969	-1.24064	-1.01383	-0.733967	-0.413909	-0.0678497	0.283824	0.627671	0.943893	1.22232	1.44629	1.61078	1.71042	1.73986	1.71331	1.64339	1.54879	1.47391	1.4552	1.4853	1.52553	1.54442	1.54413	1.53965	1.509	1.40896	
1.36801	1.20286	0.984541	0.708638	0.41717	0.12786	-0.158928	-0.414746	-0.634569	-0.807978	-0.935004	-1.01879	-1.06634	-1.08298	-1.07971	-1.06354	-1.04486	-1.02221	-1.0047	-0.990369	-0.973355	-0.945589	-0.888162	-0.782966	-0.62192	-0.415897	-0.191624	0.0357049	0.271719	0.515386	0.753989	0.972568	1.18265	1.36483	1.51076	1.61459	1.65561	1.6495	1.57504	1.41373	1.1993	0.918026	0.574837	0.208587	-0.15223	-0.507756	-0.827272	-1.05988	-1.15975	-1.13807	-1.02775	-0.898874	-0.78895	-0.738152	-0.731356	-0.724088	-0.703523	-0.662504	-0.643365	-0.659988	-0.656574	-0.643109	-0.670879	-0.709828	-0.726089	-0.732261	-0.744742	-0.813448	-0.94253	-1.10436	-1.2734	-1.40667	-1.48862	-1.49712	-1.4316	-1.28698	-1.07517	-0.803533	-0.487246	-0.141549	0.213763	0.563723	0.888968	1.17732	1.41226	1.58806	1.699	1.73759	1.71547	1.64313	1.53341	1.42622	1.36458	1.35954	1.39158	1.43087	1.46105	1.48828	1.50748	1.47638	
1.45435	1.34466	1.18693	0.975904	0.715904	0.443426	0.171178	-0.0904496	-0.328087	-0.536245	-0.706897	-0.840668	-0.938186	-1.00546	-1.04736	-1.07003	-1.07903	-1.08143	-1.07798	-1.06942	-1.05539	-1.01809	-0.947258	-0.818749	-0.627998	-0.387233	-0.121102	0.154639	0.438341	0.730844	1.0101	1.26517	1.49492	1.6824	1.81775	1.89437	1.9102	1.84978	1.69964	1.47995	1.201	0.846728	0.45306	0.0566183	-0.327482	-0.694979	-0.990975	-1.16889	-1.20399	-1.13222	-0.994921	-0.861632	-0.765597	-0.725339	-0.720057	-0.697065	-0.664409	-0.638517	-0.630522	-0.638366	-0.636902	-0.630285	-0.642171	-0.670879	-0.703766	-0.721523	-0.729704	-0.783789	-0.895408	-1.05279	-1.22704	-1.37383	-1.47343	-1.49934	-1.4503	-1.31991	-1.11972	-0.854432	-0.541645	-0.197864	0.160331	0.514112	0.845433	1.14232	1.38586	1.56969	1.68916	1.7353	1.71741	1.64435	1.52398	1.39014	1.28647	1.23599	1.24013	1.28405	1.34249	1.40092	1.45817	1.49067	
1.48236	1.4436	1.3389	1.19028	0.994349	0.759553	0.508814	0.256124	0.0153864	-0.205308	-0.399356	-0.564235	-0.698644	-0.803389	-0.88186	-0.940967	-0.980033	-1.00617	-1.02036	-1.02166	-1.00721	-0.964557	-0.877264	-0.72597	-0.505608	-0.229651	0.0747574	0.385979	0.706587	1.03167	1.33546	1.60581	1.83834	2.01992	2.13391	2.17871	2.13947	2.00595	1.79653	1.51535	1.15882	0.741485	0.312103	-0.111989	-0.523551	-0.885993	-1.14196	-1.25747	-1.23705	-1.1257	-0.973948	-0.837339	-0.752955	-0.714963	-0.706175	-0.675879	-0.637677	-0.630933	-0.633027	-0.628494	-0.629381	-0.633545	-0.630285	-0.643109	-0.684775	-0.707919	-0.719455	-0.767083	-0.865126	-1.02023	-1.193	-1.35083	-1.45954	-1.50017	-1.46081	-1.3426	-1.14732	-0.888621	-0.578685	-0.2354	0.123113	0.481026	0.816219	1.11721	1.36692	1.55691	1.68212	1.73342	1.71881	1.64588	1.51866	1.36498	1.225	1.126	1.08565	1.11173	1.18691	1.27804	1.36693	1.44545	
1.43956	1.47819	1.44396	1.34942	1.21248	1.03725	0.832353	0.610258	0.383584	0.164263	-0.0386967	-0.219346	-0.376254	-0.507573	-0.611967	-0.693958	-0.75653	-0.800039	-0.827519	-0.837861	-0.823841	-0.777723	-0.67775	-0.510072	-0.267057	0.0341011	0.362567	0.699275	1.04543	1.38868	1.70441	1.97678	2.20125	2.35891	2.43268	2.4231	2.31878	2.12716	1.85749	1.49856	1.07093	0.61235	0.153892	-0.303546	-0.727696	-1.06656	-1.26767	-1.32633	-1.26121	-1.12501	-0.961479	-0.825247	-0.741012	-0.708637	-0.701884	-0.681215	-0.651512	-0.634976	-0.628384	-0.625561	-0.626086	-0.629381	-0.636902	-0.656574	-0.687109	-0.703597	-0.711879	-0.754013	-0.850455	-1.0009	-1.17639	-1.33673	-1.45295	-1.49877	-1.4671	-1.35223	-1.16205	-0.905767	-0.598413	-0.255526	0.104283	0.46283	0.800354	1.10446	1.35698	1.54984	1.6782	1.73233	1.71949	1.64655	1.51501	1.34791	1.1802	1.03714	0.944221	0.930139	0.999144	1.11662	1.23973	1.35052	
1.34005	1.43245	1.47478	1.45253	1.37405	1.25366	1.10147	0.926602	0.73746	0.54294	0.351901	0.17296	0.0107941	-0.132897	-0.255097	-0.353776	-0.432041	-0.489532	-0.526712	-0.542766	-0.531021	-0.4808	-0.373787	-0.193886	0.0642478	0.381612	0.726606	1.07983	1.43547	1.78144	2.09155	2.34665	2.54123	2.65636	2.68033	2.61642	2.45663	2.20222	1.85505	1.42597	0.955546	0.465685	-0.0285732	-0.510556	-0.922625	-1.21678	-1.36269	-1.37653	-1.28322	-1.13299	-0.96298	-0.825285	-0.739776	-0.708312	-0.701773	-0.682613	-0.654803	-0.635672	-0.627478	-0.625364	-0.625561	-0.628494	-0.638366	-0.659988	-0.688106	-0.703291	-0.711153	-0.752499	-0.849411	-0.999082	-1.17532	-1.33539	-1.45237	-1.49821	-1.46742	-1.35296	-1.16379	-0.907412	-0.600114	-0.257273	0.102722	0.461095	0.798799	1.10332	1.35611	1.54918	1.6778	1.73212	1.71918	1.64534	1.51065	1.33506	1.14851	0.971026	0.828	0.760423	0.796194	0.917977	1.07329	1.21828	
1.2012	1.32648	1.41939	1.46816	1.46322	1.40744	1.31079	1.18464	1.03905	0.882144	0.720793	0.5622	0.413218	0.277279	0.156184	0.0534068	-0.0297873	-0.093328	-0.135599	-0.154304	-0.143955	-0.0920343	0.0173221	0.201627	0.463724	0.784681	1.13188	1.48199	1.82796	2.15927	2.44672	2.67078	2.82722	2.89938	2.87496	2.75446	2.52827	2.20137	1.792	1.32159	0.820711	0.295011	-0.230275	-0.708364	-1.08405	-1.32493	-1.42782	-1.41319	-1.30799	-1.15141	-0.980101	-0.836725	-0.751347	-0.71338	-0.704769	-0.674997	-0.638007	-0.631082	-0.632364	-0.627478	-0.628384	-0.633027	-0.630522	-0.643365	-0.683543	-0.70635	-0.7177	-0.76427	-0.861004	-1.0154	-1.18848	-1.34754	-1.45749	-1.49985	-1.46186	-1.34537	-1.15169	-0.893874	-0.583978	-0.240569	0.117967	0.476215	0.811948	1.11359	1.36418	1.55503	1.68098	1.73273	1.71762	1.64145	1.50362	1.32263	1.12455	0.923654	0.740949	0.620154	0.604358	0.699541	0.865704	1.04521	
1.01782	1.17817	1.30436	1.3978	1.45421	1.46816	1.43941	1.37343	1.27906	1.16559	1.04096	0.911862	0.785108	0.666487	0.559024	0.465052	0.387322	0.327092	0.286176	0.267833	0.277819	0.32778	0.433901	0.61277	0.867709	1.18034	1.51707	1.8526	2.18034	2.48859	2.747	2.9357	3.05013	3.07292	2.98991	2.80531	2.51722	2.13858	1.69358	1.1941	0.657474	0.10268	-0.421719	-0.867311	-1.19225	-1.3916	-1.46702	-1.44351	-1.33713	-1.18399	-1.00984	-0.862144	-0.764748	-0.723546	-0.717082	-0.691205	-0.656159	-0.636348	-0.631082	-0.635672	-0.634976	-0.630934	-0.638518	-0.662507	-0.698499	-0.71871	-0.727424	-0.780023	-0.887754	-1.04472	-1.21857	-1.36846	-1.47033	-1.49978	-1.45324	-1.32506	-1.12638	-0.862818	-0.550643	-0.206689	0.15173	0.506163	0.838409	1.13644	1.38143	1.56663	1.68726	1.73394	1.7145	1.63423	1.49251	1.30764	1.10295	0.888006	0.678859	0.516158	0.446921	0.49287	0.63578	0.827624	
0.787546	0.97944	1.14179	1.26991	1.36579	1.42988	1.46079	1.45829	1.42513	1.36684	1.2902	1.20165	1.10734	1.01355	0.925465	0.846444	0.779418	0.72679	0.690653	0.674328	0.683865	0.730011	0.829026	0.997022	1.23871	1.53654	1.85643	2.17132	2.47263	2.74808	2.96814	3.11179	3.17494	3.14325	3.00559	2.7721	2.44624	2.03857	1.56478	1.03262	0.473083	-0.078291	-0.568054	-0.963995	-1.24653	-1.41974	-1.4872	-1.46951	-1.3734	-1.23092	-1.05728	-0.903637	-0.786612	-0.73671	-0.730521	-0.720606	-0.697048	-0.656159	-0.638007	-0.654804	-0.651513	-0.637679	-0.664415	-0.703539	-0.723229	-0.731169	-0.741149	-0.80578	-0.931578	-1.09228	-1.26318	-1.39911	-1.48589	-1.49768	-1.43675	-1.29492	-1.08514	-0.815005	-0.499726	-0.154346	0.20191	0.552774	0.87925	1.1694	1.40632	1.5839	1.69633	1.73513	1.70925	1.62308	1.47636	1.28809	1.07956	0.856976	0.633061	0.444055	0.333338	0.326414	0.420614	0.588245	
