1.65203	1.78895	1.82627	1.78593	1.64394	1.43069	1.18892	0.923278	0.680617	0.536557	0.516444	0.587508	0.701682	0.824253	0.937333	1.03379	1.11156	1.1705	1.21091	1.23345	1.23861	1.22651	1.19691	1.14919	1.08274	0.997268	0.89294	0.771366	0.636641	0.496047	0.35963	0.238501	0.142081	0.0747799	0.034338	0.0136554	0.00469128	0.0013941	0.000359702	8.09997e-05	1.6012e-05	2.79533e-06	4.33512e-07	6.00602e-08	7.47273e-09	8.39094e-10	8.54392e-11	8.00431e-12	9.78002e-13	1.0045e-12	2.63021e-12	6.45611e-12	1.41672e-11	2.78365e-11	4.92159e-11	7.94289e-11	1.27711e-10	3.23518e-10	2.09475e-09	1.9286e-08	1.72141e-07	1.39285e-06	1.00807e-05	6.47439e-05	0.000365984	0.00180399	0.00767173	0.0278101	0.0848	0.214577	0.445664	0.758729	1.08147	1.36009	1.59563	1.76296	1.82379	1.80242	1.6876	1.48631	1.24115	0.953742	0.657557	0.3657	0.0999697	-0.126383	-0.308764	-0.436423	-0.515368	-0.548141	-0.526712	-0.456738	-0.338367	-0.165597	0.050814	0.310986	0.598086	0.895144	1.18604	1.44129	
1.78895	1.82548	1.79686	1.68705	1.49791	1.28618	1.06738	0.858663	0.723358	0.704609	0.78441	0.914286	1.05335	1.17984	1.28626	1.37189	1.43807	1.48622	1.51804	1.53543	1.5394	1.53002	1.50696	1.46885	1.41373	1.33992	1.24576	1.12945	0.99032	0.830517	0.656893	0.481358	0.319946	0.188807	0.0971938	0.0431551	0.0164489	0.00538421	0.0015192	0.000371587	7.92987e-05	1.48638e-05	2.46313e-06	3.63102e-07	4.78918e-08	5.68215e-09	6.09722e-10	6.05745e-11	9.37478e-12	1.26613e-11	3.25594e-11	7.72875e-11	1.64458e-10	3.1443e-10	5.42368e-10	8.47928e-10	1.20876e-09	1.60884e-09	2.38131e-09	7.54818e-09	5.45598e-08	4.5163e-07	3.45295e-06	2.35917e-05	0.000142554	0.000755064	0.00347127	0.0136973	0.0458124	0.128147	0.296016	0.560454	0.8761	1.17194	1.42616	1.64273	1.77955	1.82372	1.80196	1.6979	1.52982	1.31854	1.08433	0.844452	0.619757	0.417849	0.252301	0.127661	0.0505801	0.0237675	0.041473	0.107693	0.223254	0.381484	0.577283	0.797788	1.03698	1.27257	1.49155	1.66796	
1.82627	1.79686	1.70095	1.53282	1.34381	1.16592	1.00274	0.893104	0.880729	0.961206	1.09342	1.2363	1.36615	1.47454	1.56095	1.6269	1.67443	1.70594	1.72559	1.73589	1.73819	1.73281	1.71885	1.69473	1.6573	1.60265	1.52872	1.43299	1.31304	1.16642	0.99309	0.797516	0.59075	0.392987	0.228966	0.114774	0.0490652	0.0178636	0.00555842	0.00148725	0.000344685	6.97181e-05	1.23977e-05	1.95168e-06	2.73736e-07	3.44092e-08	3.90132e-09	4.153e-10	8.75528e-11	1.47159e-10	3.68897e-10	8.45695e-10	1.74314e-09	3.24044e-09	5.45607e-09	8.35673e-09	1.16873e-08	1.4975e-08	1.77081e-08	2.03875e-08	3.29973e-08	1.45404e-07	1.05761e-06	7.59958e-06	4.90296e-05	0.000279049	0.00138714	0.00596087	0.0218908	0.0678445	0.175179	0.372846	0.652464	0.954824	1.22469	1.46134	1.66026	1.78104	1.82409	1.80668	1.72926	1.60372	1.44377	1.26713	1.08946	0.926727	0.789751	0.684186	0.617205	0.589667	0.608293	0.667929	0.765399	0.896907	1.05485	1.23132	1.40891	1.57426	1.70731	1.79584	
1.78593	1.68705	1.53282	1.36306	1.2155	1.09528	1.02049	1.02143	1.10019	1.22853	1.37122	1.50306	1.61195	1.69488	1.75273	1.78802	1.80557	1.81201	1.81398	1.81358	1.81299	1.81399	1.81369	1.81018	1.80006	1.77617	1.73236	1.66459	1.57013	1.44736	1.29469	1.11285	0.903535	0.673764	0.446068	0.254796	0.123503	0.0505372	0.017501	0.00516244	0.00130783	0.000287006	5.50173e-05	9.28464e-06	1.38932e-06	1.85552e-07	2.22978e-08	2.59038e-09	7.99282e-10	1.56789e-09	3.80936e-09	8.42207e-09	1.67958e-08	3.03266e-08	4.97993e-08	7.46906e-08	1.02694e-07	1.29814e-07	1.51207e-07	1.62764e-07	1.64532e-07	1.79878e-07	4.02921e-07	2.24907e-06	1.49169e-05	9.0771e-05	0.000487073	0.00227619	0.0091659	0.0314438	0.0907925	0.218151	0.432897	0.711894	0.994952	1.2439	1.46457	1.64884	1.76843	1.82148	1.81896	1.77147	1.68776	1.58277	1.46596	1.35272	1.24983	1.17107	1.12067	1.10043	1.11362	1.15898	1.23177	1.33083	1.44257	1.55994	1.66788	1.75733	1.81241	1.82591	
1.64394	1.49791	1.34381	1.2155	1.12703	1.08826	1.11099	1.19381	1.32163	1.46829	1.6043	1.71082	1.781	1.81694	1.82339	1.8094	1.78431	1.75875	1.73601	1.72116	1.7172	1.72562	1.74443	1.76892	1.79463	1.81682	1.82355	1.80657	1.75689	1.67071	1.54545	1.38341	1.19118	0.970471	0.722457	0.471197	0.261098	0.121266	0.0471731	0.0154652	0.0043118	0.00103246	0.000214358	3.89332e-05	6.23619e-06	8.87497e-07	1.13488e-07	1.48726e-08	7.07575e-09	1.52238e-08	3.56859e-08	7.59716e-08	1.46397e-07	2.56451e-07	4.1029e-07	6.02097e-07	8.13436e-07	1.01472e-06	1.17143e-06	1.25349e-06	1.24474e-06	1.15234e-06	1.0423e-06	1.30892e-06	4.52042e-06	2.62949e-05	0.000150143	0.000759985	0.00334468	0.0126564	0.0407314	0.110283	0.248954	0.466962	0.734544	0.998489	1.23099	1.4357	1.60785	1.73188	1.80283	1.82707	1.81235	1.76938	1.71063	1.6467	1.58586	1.53408	1.49928	1.4878	1.4953	1.5255	1.57467	1.63391	1.69821	1.75844	1.80582	1.82687	1.81163	1.75206	
1.43069	1.28618	1.16592	1.09528	1.08826	1.14159	1.24054	1.37688	1.53417	1.6747	1.77211	1.82013	1.82375	1.79293	1.73764	1.67119	1.6026	1.54172	1.49131	1.46199	1.45623	1.47049	1.50925	1.56511	1.62962	1.69855	1.76178	1.80878	1.82726	1.80599	1.73698	1.61341	1.43994	1.23353	0.999552	0.733847	0.464833	0.246595	0.108616	0.0398749	0.0123158	0.00323555	0.000730939	0.000143433	2.46731e-05	3.7525e-06	5.13635e-07	8.04637e-08	5.97224e-08	1.33908e-07	3.01708e-07	6.17444e-07	1.14801e-06	1.94855e-06	3.0339e-06	4.35227e-06	5.77385e-06	7.10507e-06	8.12906e-06	8.66115e-06	8.60037e-06	7.95941e-06	6.86911e-06	5.60723e-06	5.00387e-06	9.30486e-06	4.22193e-05	0.000222629	0.00106224	0.00440987	0.0157276	0.0477068	0.12199	0.261438	0.470148	0.719395	0.96572	1.18515	1.37596	1.53694	1.66224	1.7497	1.80181	1.82194	1.81863	1.80093	1.7794	1.75796	1.74162	1.73522	1.73967	1.75396	1.77498	1.79677	1.81607	1.82292	1.8083	1.76303	1.6841	1.57042	
1.18892	1.06738	1.00274	1.02049	1.11099	1.24054	1.39538	1.56834	1.71469	1.79989	1.82743	1.80177	1.73551	1.63691	1.52081	1.39782	1.28195	1.18116	1.10787	1.06414	1.05472	1.07821	1.13361	1.21862	1.32772	1.4467	1.56932	1.67906	1.76692	1.81761	1.82226	1.77075	1.65138	1.4656	1.24325	0.992466	0.707461	0.42787	0.214241	0.0885674	0.0304688	0.00882461	0.00217803	0.000463355	8.58479e-05	1.39936e-05	2.07175e-06	4.2492e-07	4.70992e-07	1.06034e-06	2.28876e-06	4.49426e-06	8.04952e-06	1.32193e-05	2.00062e-05	2.8027e-05	3.64834e-05	4.42657e-05	5.01793e-05	5.32306e-05	5.2882e-05	4.91955e-05	4.28177e-05	3.48218e-05	2.65389e-05	1.99609e-05	2.16301e-05	6.3762e-05	0.000297484	0.00133251	0.00522481	0.0176155	0.0506078	0.12311	0.253061	0.442008	0.667089	0.894839	1.10279	1.2836	1.43561	1.55826	1.65322	1.72209	1.76713	1.79269	1.80538	1.81116	1.81299	1.81272	1.81299	1.81174	1.807	1.79622	1.77371	1.73301	1.66918	1.5803	1.46633	1.33108	
0.923278	0.858663	0.893104	1.02143	1.19381	1.37688	1.56834	1.72723	1.80769	1.82513	1.78098	1.67835	1.53332	1.35785	1.17334	0.992213	0.832726	0.700975	0.606571	0.549685	0.535072	0.567906	0.639671	0.750351	0.893873	1.06311	1.24763	1.43014	1.59567	1.72557	1.80593	1.82424	1.7816	1.6598	1.45913	1.22089	0.948649	0.644526	0.365656	0.170481	0.0655238	0.0209889	0.00567638	0.00131255	0.000262516	4.60027e-05	7.52287e-06	2.26537e-06	3.40521e-06	7.50771e-06	1.54775e-05	2.91009e-05	5.01181e-05	7.95079e-05	0.000116797	0.000159608	0.00020369	0.000243531	0.000273426	0.00028874	0.000286994	0.000268471	0.000236152	0.000194986	0.000150765	0.000109013	7.48988e-05	5.78749e-05	9.66986e-05	0.000362237	0.00150342	0.00556847	0.0177977	0.0486543	0.113367	0.225524	0.386527	0.580988	0.784969	0.97858	1.15074	1.29686	1.41681	1.51288	1.58717	1.64181	1.67935	1.70377	1.71782	1.72278	1.71951	1.70749	1.68535	1.65077	1.59974	1.52962	1.43845	1.32541	1.19195	1.04883	
0.680617	0.723358	0.880729	1.10019	1.32163	1.53417	1.71469	1.80769	1.82397	1.77119	1.63235	1.44338	1.21343	0.971018	0.727829	0.505177	0.310722	0.154192	0.041244	-0.020426	-0.0340507	-0.00175484	0.0817064	0.212781	0.383777	0.591752	0.822886	1.06835	1.30803	1.52368	1.69572	1.80189	1.8238	1.77867	1.63921	1.42087	1.16469	0.866031	0.549702	0.287794	0.123498	0.0437834	0.0129896	0.0032685	0.000706602	0.000133678	2.52277e-05	1.22795e-05	2.22076e-05	4.7182e-05	9.26147e-05	0.000166354	0.000274924	0.000420561	0.000598755	0.000797141	0.00099638	0.00117304	0.00130385	0.00137034	0.00136278	0.00128226	0.00114053	0.000957375	0.000756472	0.000560787	0.000388683	0.00025249	0.000163811	0.000161154	0.000412623	0.0015314	0.00534237	0.0162225	0.0423742	0.0951117	0.184354	0.312108	0.469647	0.641488	0.812078	0.969748	1.10764	1.22347	1.31761	1.39136	1.44612	1.48368	1.50597	1.51427	1.50879	1.48943	1.45508	1.40389	1.33407	1.24433	1.134	1.0049	0.866528	0.743884	
0.536557	0.704609	0.961206	1.22853	1.46829	1.6747	1.79989	1.82513	1.77119	1.61346	1.39154	1.12303	0.824289	0.521247	0.232617	-0.0270319	-0.24027	-0.408171	-0.521568	-0.586572	-0.602249	-0.564613	-0.481316	-0.349217	-0.16084	0.0719626	0.343901	0.642429	0.944024	1.23665	1.48448	1.68815	1.80281	1.82368	1.75988	1.58905	1.35168	1.07017	0.745035	0.433419	0.206602	0.0808688	0.0262864	0.00719323	0.00168132	0.000346327	8.2026e-05	6.57434e-05	0.000128864	0.000261021	0.000486306	0.000832318	0.00131697	0.00193879	0.00267061	0.00345902	0.00422996	0.00489968	0.00538849	0.00563488	0.0056069	0.00530821	0.00477735	0.0040805	0.00329935	0.00251679	0.00180351	0.00120825	0.000754416	0.000447792	0.000308046	0.000465327	0.00142098	0.00461788	0.0133331	0.0333822	0.0724781	0.137448	0.230538	0.34764	0.479804	0.616391	0.747707	0.866636	0.969089	1.05325	1.11858	1.16512	1.1934	1.20394	1.19692	1.17223	1.12937	1.06782	0.987513	0.889162	0.775693	0.655613	0.549077	0.493381	
0.516444	0.78441	1.09342	1.37122	1.6043	1.77211	1.82743	1.78098	1.63235	1.39154	1.09429	0.741095	0.386081	0.0335669	-0.277713	-0.547757	-0.761166	-0.918692	-1.0295	-1.08686	-1.09899	-1.06969	-0.993552	-0.862603	-0.680944	-0.446697	-0.157363	0.171986	0.527866	0.885998	1.22116	1.49541	1.70633	1.8098	1.81842	1.71438	1.50937	1.24809	0.932647	0.593929	0.311649	0.133922	0.047514	0.0141037	0.0035639	0.000816247	0.000275005	0.000332085	0.000657212	0.00125949	0.00221964	0.00360952	0.00545454	0.00771087	0.0102576	0.0129059	0.0154219	0.0175592	0.0190945	0.0198612	0.0197744	0.0188437	0.0171719	0.0149393	0.0123767	0.00973083	0.0072289	0.00504772	0.00329327	0.00199592	0.00112639	0.000639265	0.000568008	0.00122892	0.00360462	0.0098709	0.0237308	0.0499527	0.0928249	0.154212	0.232486	0.322918	0.418985	0.513866	0.601679	0.678052	0.740067	0.785869	0.814392	0.825133	0.817947	0.792927	0.750504	0.691648	0.61819	0.533517	0.444444	0.36515	0.323065	0.360479	
0.587508	0.914286	1.2363	1.50306	1.71082	1.82013	1.80177	1.67835	1.44338	1.12303	0.741095	0.339624	-0.0611444	-0.428918	-0.751776	-1.00641	-1.20304	-1.33384	-1.40982	-1.45185	-1.46261	-1.4407	-1.38513	-1.28653	-1.13198	-0.913434	-0.627484	-0.289619	0.0995017	0.498576	0.900604	1.25836	1.55049	1.74117	1.82293	1.79164	1.6349	1.39826	1.10115	0.755132	0.431075	0.20169	0.0776329	0.0248925	0.00681524	0.00182386	0.000977846	0.00151874	0.00291115	0.00524609	0.00871367	0.0134218	0.0193187	0.0261654	0.0335513	0.0409425	0.0477469	0.0533862	0.0573656	0.0593318	0.0591099	0.0567197	0.0523737	0.0464573	0.0394872	0.0320501	0.0247323	0.0180478	0.0123759	0.00791818	0.00469129	0.00256167	0.00132048	0.000799794	0.00104507	0.0025595	0.00657603	0.0151746	0.0309799	0.056365	0.0924945	0.138729	0.192638	0.250492	0.308013	0.361084	0.406225	0.440751	0.462776	0.471176	0.465547	0.446163	0.414014	0.370894	0.319638	0.264919	0.21547	0.18884	0.217007	0.342273	
0.701682	1.05335	1.36615	1.61195	1.781	1.82375	1.73551	1.53332	1.21343	0.824289	0.386081	-0.0611444	-0.484902	-0.851988	-1.15003	-1.36827	-1.51063	-1.59724	-1.63961	-1.6518	-1.65494	-1.65048	-1.62642	-1.56839	-1.46378	-1.28835	-1.04158	-0.712107	-0.321184	0.116789	0.564766	0.986695	1.35264	1.62832	1.78435	1.82415	1.72587	1.52083	1.24582	0.906057	0.55558	0.280235	0.116133	0.040046	0.0120146	0.00412709	0.00354449	0.00610142	0.0110648	0.0186485	0.0290832	0.0422982	0.0578363	0.0748893	0.0924057	0.109219	0.124172	0.13623	0.144575	0.148651	0.148193	0.14323	0.134088	0.121375	0.105961	0.0889131	0.071398	0.05457	0.039442	0.0267588	0.016898	0.00984368	0.00524749	0.00256746	0.00125617	0.000959138	0.00168936	0.00394384	0.00869678	0.0171922	0.030542	0.0492766	0.0730443	0.100559	0.129791	0.158311	0.183677	0.203738	0.216829	0.221884	0.218497	0.206945	0.188188	0.163901	0.136722	0.111319	0.0974633	0.115885	0.202552	0.396722	
0.824253	1.17984	1.47454	1.69488	1.81694	1.79293	1.63691	1.35785	0.971018	0.521247	0.0335669	-0.428918	-0.851988	-1.19247	-1.44626	-1.60277	-1.67757	-1.69142	-1.6708	-1.65128	-1.64758	-1.65846	-1.68024	-1.69173	-1.65556	-1.551	-1.35612	-1.06736	-0.690237	-0.248667	0.229159	0.707136	1.13531	1.48504	1.7132	1.81998	1.78351	1.61654	1.36573	1.03999	0.676557	0.364064	0.161127	0.0596575	0.0202851	0.0100186	0.0121686	0.0210637	0.0356372	0.0558975	0.0815594	0.111692	0.144782	0.178969	0.212293	0.242882	0.269101	0.289643	0.303575	0.310306	0.309553	0.301347	0.286034	0.264269	0.237061	0.205785	0.172134	0.138011	0.105371	0.0760256	0.0513832	0.0322135	0.018539	0.00969802	0.00458756	0.00201606	0.00102847	0.00109519	0.00214153	0.00445176	0.00848692	0.0146577	0.0231115	0.033595	0.0454252	0.0575755	0.0688411	0.0780349	0.0841632	0.086557	0.0849546	0.0795389	0.0709438	0.0603196	0.0497664	0.0439675	0.0543819	0.105797	0.237618	0.482955	
0.937333	1.28626	1.56095	1.75273	1.82339	1.73764	1.52081	1.17334	0.727829	0.232617	-0.277713	-0.751776	-1.15003	-1.44626	-1.62551	-1.70119	-1.68419	-1.62212	-1.54969	-1.48889	-1.47271	-1.50969	-1.57721	-1.65116	-1.70096	-1.68111	-1.56966	-1.33944	-1.00355	-0.567776	-0.0764602	0.435773	0.913505	1.32662	1.62235	1.78996	1.81236	1.68695	1.46181	1.15379	0.787448	0.447531	0.210121	0.0841932	0.0347378	0.0257651	0.0371927	0.0614193	0.0960774	0.139704	0.190255	0.245022	0.301018	0.355399	0.405681	0.449838	0.486364	0.51425	0.532854	0.541763	0.540771	0.5299	0.5094	0.479727	0.441583	0.396066	0.344789	0.289873	0.233887	0.179723	0.130343	0.0882963	0.0552285	0.0315183	0.0162287	0.00747693	0.00309699	0.00125795	0.000772472	0.00107635	0.0020319	0.0037047	0.00618391	0.00946167	0.0133707	0.0175786	0.0216326	0.0250391	0.0273554	0.0282701	0.02766	0.0256206	0.0224976	0.0190488	0.0171708	0.022226	0.0482553	0.124464	0.292194	0.575595	
1.03379	1.37189	1.6269	1.78802	1.8094	1.67119	1.39782	0.992213	0.505177	-0.0270319	-0.547757	-1.00641	-1.36827	-1.60277	-1.70119	-1.68017	-1.56929	-1.41915	-1.28918	-1.22048	-1.20736	-1.23967	-1.33564	-1.48101	-1.6195	-1.70119	-1.67731	-1.52471	-1.23789	-0.83191	-0.344663	0.189082	0.706955	1.16988	1.52255	1.74474	1.82022	1.73532	1.53577	1.24664	0.884141	0.526218	0.261626	0.116565	0.0633468	0.0648559	0.0972874	0.149244	0.21477	0.289169	0.367883	0.446682	0.522079	0.591445	0.652832	0.704964	0.747106	0.778876	0.799915	0.809921	0.80881	0.796591	0.773384	0.739517	0.695345	0.641289	0.578184	0.507435	0.431121	0.352029	0.273802	0.200698	0.136927	0.0857724	0.0486596	0.024695	0.0111071	0.00441562	0.00159703	0.000649123	0.000532892	0.000831039	0.00142228	0.00227627	0.00335256	0.00456304	0.00577128	0.00681445	0.00753706	0.00782565	0.0076366	0.00701973	0.00617941	0.00575053	0.00784158	0.0190276	0.0563183	0.152876	0.350131	0.661769	
1.11156	1.43807	1.67443	1.80557	1.78431	1.6026	1.28195	0.832726	0.310722	-0.24027	-0.761166	-1.20304	-1.51063	-1.67757	-1.68419	-1.56929	-1.37896	-1.17096	-1.02478	-0.959928	-0.947043	-0.977103	-1.07147	-1.25246	-1.46075	-1.62631	-1.70133	-1.62765	-1.40713	-1.03784	-0.562589	-0.0183398	0.522869	1.02523	1.42566	1.69389	1.81537	1.76676	1.59033	1.31928	0.965041	0.598522	0.317825	0.165308	0.121411	0.14737	0.213019	0.30015	0.397721	0.498349	0.59686	0.689803	0.775089	0.851303	0.917488	0.97321	1.01823	1.05219	1.07457	1.08512	1.08395	1.07106	1.04634	1.01013	0.962945	0.905107	0.836858	0.758731	0.67178	0.577518	0.47823	0.377591	0.28066	0.193433	0.121601	0.0686336	0.0343207	0.0150627	0.00577751	0.00195381	0.000631672	0.000293063	0.000312635	0.000478828	0.000725574	0.00101927	0.00132291	0.00159183	0.00178143	0.00185849	0.00181324	0.00168166	0.00163568	0.00236681	0.00642299	0.0217731	0.0682512	0.182076	0.403322	0.735382	
1.1705	1.48622	1.70594	1.81201	1.75875	1.54172	1.18116	0.700975	0.154192	-0.408171	-0.918692	-1.33384	-1.59724	-1.69142	-1.62212	-1.41915	-1.17096	-0.953471	-0.835681	-0.837602	-0.851235	-0.82749	-0.867594	-1.03279	-1.26943	-1.51111	-1.66961	-1.67239	-1.51411	-1.18064	-0.726126	-0.182335	0.37494	0.906782	1.34152	1.64328	1.80332	1.78658	1.62942	1.37424	1.03181	0.667826	0.387431	0.24565	0.227331	0.287929	0.388129	0.503484	0.621338	0.735674	0.843597	0.94366	1.03484	1.11589	1.18625	1.24547	1.29318	1.32853	1.35144	1.36229	1.3611	1.34786	1.3225	1.28464	1.23454	1.17306	1.10051	1.01735	0.924285	0.822561	0.713172	0.597638	0.478691	0.360949	0.251465	0.15864	0.0889743	0.0437432	0.0186878	0.00691414	0.00222316	0.000639575	0.000197691	0.000117317	0.000142311	0.000198923	0.000263507	0.000322671	0.000365233	0.000383566	0.000379885	0.000391194	0.000605408	0.00183793	0.00711769	0.0257025	0.0797716	0.207642	0.447363	0.793524	
1.21091	1.51804	1.72559	1.81398	1.73601	1.49131	1.10787	0.606571	0.041244	-0.521568	-1.0295	-1.40982	-1.63961	-1.6708	-1.54969	-1.28918	-1.02478	-0.835681	-0.762054	-0.816228	-0.848506	-0.784765	-0.774851	-0.902418	-1.12081	-1.40419	-1.61641	-1.67783	-1.57216	-1.27115	-0.840438	-0.297846	0.27055	0.816315	1.28006	1.60481	1.78931	1.79746	1.65682	1.41645	1.09098	0.744238	0.484809	0.371928	0.386949	0.477209	0.598764	0.728367	0.856798	0.980347	1.09677	1.20425	1.30072	1.38482	1.45649	1.51529	1.56113	1.59403	1.61529	1.62584	1.62469	1.61193	1.58844	1.55301	1.50454	1.44314	1.36895	1.28236	1.18353	1.07409	0.956057	0.831071	0.700873	0.567087	0.432604	0.30401	0.191957	0.106597	0.0513095	0.0212512	0.00756329	0.00232104	0.000622061	0.000155578	5.12781e-05	3.8873e-05	4.67867e-05	5.74256e-05	6.57241e-05	7.04577e-05	7.78394e-05	0.000129942	0.000441328	0.00194734	0.00807791	0.0290904	0.0888615	0.226991	0.479587	0.834702	
1.23345	1.53543	1.73589	1.81358	1.72116	1.46199	1.06414	0.549685	-0.020426	-0.586572	-1.08686	-1.45185	-1.6518	-1.65128	-1.48889	-1.22048	-0.959928	-0.837602	-0.816228	-0.835918	-0.84735	-0.824895	-0.8173	-0.870467	-1.04983	-1.33802	-1.56876	-1.67553	-1.59526	-1.32418	-0.900773	-0.364614	0.210686	0.764569	1.24253	1.58212	1.78059	1.80383	1.67678	1.45371	1.15447	0.841831	0.620059	0.541397	0.580917	0.686314	0.819358	0.960872	1.10111	1.23399	1.35561	1.46366	1.55655	1.63516	1.69986	1.75145	1.79026	1.81876	1.83746	1.84627	1.84531	1.83451	1.81382	1.78334	1.74216	1.68794	1.62057	1.53913	1.44327	1.3323	1.2082	1.07319	0.930865	0.78492	0.637437	0.489352	0.345197	0.216966	0.118564	0.0555317	0.0221783	0.00756217	0.00221273	0.000560576	0.00012605	2.87246e-05	1.11137e-05	9.61966e-06	1.06903e-05	1.27556e-05	2.31626e-05	8.80058e-05	0.000441269	0.00209669	0.0087333	0.0312082	0.094374	0.23848	0.498334	0.858159	
1.23861	1.5394	1.73819	1.81299	1.7172	1.45623	1.05472	0.535072	-0.0340507	-0.602249	-1.09899	-1.46261	-1.65494	-1.64758	-1.47271	-1.20736	-0.947043	-0.851235	-0.848506	-0.84735	-0.846419	-0.847178	-0.848168	-0.871038	-1.03667	-1.32307	-1.55464	-1.67618	-1.59846	-1.33724	-0.911253	-0.380205	0.197426	0.752878	1.23132	1.57681	1.78096	1.81076	1.69626	1.49717	1.23561	0.967898	0.78491	0.730107	0.783127	0.901705	1.05003	1.20377	1.34909	1.48002	1.59474	1.69309	1.77538	1.84382	1.89794	1.94042	1.97162	1.99436	2.00853	2.01339	2.01283	2.00641	1.99043	1.9661	1.93285	1.88813	1.83132	1.7601	1.67478	1.57314	1.45506	1.32081	1.17181	1.01257	0.849595	0.688051	0.528009	0.371185	0.230325	0.122801	0.0555317	0.0212507	0.0069096	0.00192257	0.000461832	9.70245e-05	1.86169e-05	4.13487e-06	2.10888e-06	3.44525e-06	1.44265e-05	8.19467e-05	0.000444739	0.00213551	0.00889289	0.0317159	0.0956848	0.241192	0.502723	0.863595	
1.22651	1.53002	1.73281	1.81399	1.72562	1.47049	1.07821	0.567906	-0.00175484	-0.564613	-1.06969	-1.4407	-1.65048	-1.65846	-1.50969	-1.23967	-0.977103	-0.82749	-0.784765	-0.824895	-0.847178	-0.803284	-0.789345	-0.87383	-1.06986	-1.35783	-1.58598	-1.67701	-1.59126	-1.30858	-0.88205	-0.3424	0.229291	0.779963	1.25493	1.59134	1.79018	1.82284	1.72471	1.55809	1.3396	1.11218	0.955813	0.918663	0.990885	1.128	1.28528	1.43712	1.57488	1.69592	1.79983	1.88571	1.95478	2.00785	2.04723	2.07459	2.0936	2.10438	2.1109	2.11376	2.11336	2.10982	2.10265	2.09051	2.06987	2.04046	1.99837	1.94237	1.86985	1.78054	1.67291	1.54835	1.40614	1.24717	1.07377	0.894225	0.718603	0.54746	0.380033	0.230325	0.118564	0.0513093	0.0186861	0.00576549	0.00152067	0.000346139	6.86932e-05	1.21117e-05	2.24017e-06	2.1729e-06	1.23705e-05	7.62832e-05	0.000420836	0.00203396	0.0085155	0.0305353	0.0926474	0.234914	0.49256	0.850967	
1.19691	1.50696	1.71885	1.81369	1.74443	1.50925	1.13361	0.639671	0.0817064	-0.481316	-0.993552	-1.38513	-1.62642	-1.68024	-1.57721	-1.33564	-1.07147	-0.867594	-0.774851	-0.8173	-0.848168	-0.789345	-0.792608	-0.942136	-1.17085	-1.44437	-1.63707	-1.67829	-1.55317	-1.24236	-0.802127	-0.256816	0.308197	0.848459	1.30277	1.62439	1.81365	1.84635	1.76986	1.63969	1.4562	1.25387	1.11967	1.11028	1.20551	1.34858	1.50057	1.6451	1.77389	1.88162	1.96797	2.032	2.07823	2.10755	2.12571	2.13312	2.13579	2.13538	2.13368	2.13361	2.13356	2.13388	2.13562	2.13551	2.13223	2.12298	2.1027	2.0704	2.02071	1.95251	1.86177	1.74939	1.61602	1.46435	1.2966	1.11146	0.917192	0.728841	0.54746	0.371185	0.216966	0.106597	0.0437427	0.0150586	0.00438811	0.00109359	0.000235476	4.42542e-05	7.50944e-06	2.56e-06	1.06068e-05	6.61493e-05	0.000369468	0.00180694	0.00765895	0.027824	0.0855869	0.220131	0.468295	0.8204	
1.14919	1.46885	1.69473	1.81018	1.76892	1.56511	1.21862	0.750351	0.212781	-0.349217	-0.862603	-1.28653	-1.56839	-1.69173	-1.65116	-1.48101	-1.25246	-1.03279	-0.902418	-0.870467	-0.871038	-0.87383	-0.942136	-1.11499	-1.34568	-1.56037	-1.68655	-1.66034	-1.47641	-1.12847	-0.66874	-0.123004	0.43016	0.952954	1.37698	1.67637	1.85069	1.88512	1.83392	1.73275	1.56701	1.38297	1.28134	1.30232	1.40606	1.54713	1.69561	1.82946	1.93798	2.02093	2.07955	2.1163	2.13498	2.13874	2.13123	2.11766	2.10061	2.08519	2.07245	2.06501	2.06587	2.07466	2.08806	2.10402	2.12077	2.1333	2.1391	2.13246	2.11069	2.0696	2.00652	1.91807	1.80364	1.66172	1.49856	1.32064	1.12413	0.917192	0.718603	0.528009	0.345197	0.191957	0.0889742	0.0343195	0.0110983	0.0030411	0.000714003	0.000145171	2.594e-05	5.17889e-06	8.76154e-06	5.28124e-05	0.000299886	0.00149381	0.0064559	0.0239409	0.0752586	0.198006	0.431083	0.772328	
1.08274	1.41373	1.6573	1.80006	1.79463	1.62962	1.32772	0.893873	0.383777	-0.16084	-0.680944	-1.13198	-1.46378	-1.65556	-1.70096	-1.6195	-1.46075	-1.26943	-1.12081	-1.04983	-1.03667	-1.06986	-1.17085	-1.34568	-1.53203	-1.66326	-1.70242	-1.59435	-1.34975	-0.96184	-0.480353	0.0583823	0.593519	1.08344	1.47283	1.74527	1.90095	1.93923	1.90922	1.82075	1.66162	1.50318	1.43784	1.47652	1.58658	1.72939	1.86272	1.97193	2.05382	2.10901	2.13647	2.14078	2.12511	2.09559	2.05744	2.01559	1.97667	1.94281	1.91961	1.9099	1.91098	1.92319	1.94886	1.98415	2.02383	2.0656	2.10231	2.12971	2.1417	2.1331	2.10014	2.03959	1.9511	1.83418	1.68526	1.51002	1.32064	1.11146	0.894225	0.688051	0.489352	0.30401	0.15864	0.0686333	0.0246925	0.0074602	0.00191495	0.000422453	8.10372e-05	1.439e-05	7.87188e-06	3.87819e-05	0.000224276	0.00114534	0.00508244	0.0193825	0.0627589	0.170327	0.382848	0.707703	
0.997268	1.33992	1.60265	1.77617	1.81682	1.69855	1.4467	1.06311	0.591752	0.0719626	-0.446697	-0.913434	-1.28835	-1.551	-1.68111	-1.70119	-1.62631	-1.51111	-1.40419	-1.33802	-1.32307	-1.35783	-1.44437	-1.56037	-1.66326	-1.70573	-1.64403	-1.46067	-1.15095	-0.735464	-0.24322	0.284363	0.78837	1.23852	1.58361	1.82295	1.96176	2.00267	1.9813	1.89124	1.74047	1.61377	1.5763	1.63147	1.75136	1.87923	1.98958	2.0748	2.12502	2.14229	2.1306	2.09419	2.04103	1.97508	1.90419	1.83375	1.7698	1.71874	1.681	1.66162	1.66387	1.68726	1.7279	1.78165	1.84756	1.91849	1.98908	2.05294	2.10304	2.13495	2.14124	2.11735	2.05993	1.96594	1.84355	1.68526	1.49856	1.2966	1.07377	0.849595	0.637437	0.432604	0.251465	0.121601	0.048659	0.0162243	0.00455901	0.00109278	0.000226058	4.12436e-05	1.02477e-05	2.65442e-05	0.000153914	0.000810722	0.00371935	0.0146929	0.0493826	0.139396	0.326353	0.628234	
0.89294	1.24576	1.52872	1.73236	1.82355	1.76178	1.56932	1.24763	0.822886	0.343901	-0.157363	-0.627484	-1.04158	-1.35612	-1.56966	-1.67731	-1.70133	-1.66961	-1.61641	-1.56876	-1.55464	-1.58598	-1.63707	-1.68655	-1.70242	-1.64403	-1.49947	-1.24101	-0.887415	-0.443442	0.0416098	0.541472	1.00471	1.40332	1.69945	1.90694	2.02639	2.06184	2.03642	1.94026	1.80418	1.70706	1.69477	1.7705	1.88609	1.99491	2.08379	2.13013	2.14144	2.11789	2.06422	1.9857	1.88866	1.78303	1.67429	1.57145	1.48102	1.40773	1.35878	1.33657	1.33909	1.36647	1.42058	1.49794	1.59117	1.69603	1.80474	1.90893	2.00286	2.077	2.12513	2.14172	2.12354	2.0673	1.96594	1.83418	1.66172	1.46435	1.24717	1.01257	0.78492	0.567087	0.360949	0.193432	0.0857722	0.0315173	0.00969093	0.00252386	0.000563509	0.000109325	2.06789e-05	1.82312e-05	9.65761e-05	0.000526761	0.002515	0.0103644	0.0364309	0.107825	0.265245	0.536788	
0.771366	1.12945	1.43299	1.66459	1.80657	1.80878	1.67906	1.43014	1.06835	0.642429	0.171986	-0.289619	-0.712107	-1.06736	-1.33944	-1.52471	-1.62765	-1.67239	-1.67783	-1.67553	-1.67618	-1.67701	-1.67829	-1.66034	-1.59435	-1.46067	-1.24101	-0.935163	-0.548874	-0.109515	0.363031	0.821084	1.22932	1.56914	1.81266	1.98575	2.0809	2.10373	2.06709	1.96706	1.84925	1.78026	1.79763	1.88742	1.99086	2.08063	2.13077	2.1416	2.11037	2.04029	1.93764	1.81225	1.67078	1.52181	1.37659	1.24059	1.12283	1.03053	0.964633	0.931677	0.935462	0.975411	1.04693	1.14448	1.26677	1.40521	1.55145	1.69948	1.83875	1.96067	2.05658	2.12072	2.14187	2.12354	2.05993	1.9511	1.80364	1.61602	1.40614	1.17181	0.930865	0.700873	0.478691	0.28066	0.136927	0.0552283	0.0185375	0.00523727	0.00126085	0.000261814	4.84639e-05	1.59313e-05	5.55957e-05	0.00031209	0.00156014	0.00675238	0.0250024	0.0781977	0.203857	0.437857	
0.636641	0.99032	1.31304	1.57013	1.75689	1.82726	1.76692	1.59567	1.30803	0.944024	0.527866	0.0995017	-0.321184	-0.690237	-1.00355	-1.23789	-1.40713	-1.51411	-1.57216	-1.59526	-1.59846	-1.59126	-1.55317	-1.47641	-1.34975	-1.15095	-0.887419	-0.548881	-0.156359	0.271276	0.699725	1.10003	1.44837	1.71817	1.90986	2.04728	2.11313	2.11913	2.06954	1.97021	1.87418	1.83812	1.88623	1.97947	2.06804	2.1287	2.14166	2.10975	2.0276	1.91174	1.7598	1.58516	1.39748	1.20534	1.01877	0.849576	0.704534	0.589771	0.513708	0.478913	0.482828	0.52567	0.609822	0.731476	0.881712	1.05491	1.24305	1.43568	1.62237	1.79163	1.93884	2.04643	2.12072	2.14172	2.11735	2.03959	1.91807	1.74939	1.54835	1.32081	1.07319	0.831071	0.597638	0.377591	0.200698	0.0882963	0.0322132	0.00984157	0.00254846	0.000566123	0.000109579	2.24906e-05	3.05625e-05	0.000167529	0.000880703	0.00402802	0.0158177	0.0526661	0.146703	0.337561	
0.496047	0.830517	1.16642	1.44736	1.67071	1.80599	1.81761	1.72557	1.52368	1.23665	0.885998	0.498576	0.116789	-0.248667	-0.567776	-0.83191	-1.03784	-1.18064	-1.27115	-1.32418	-1.33724	-1.30858	-1.24236	-1.12847	-0.961843	-0.735473	-0.443467	-0.109573	0.27118	0.652419	1.03609	1.365	1.63866	1.83773	1.98116	2.07715	2.11271	2.10275	2.04202	1.95023	1.88336	1.88616	1.95939	2.04881	2.11851	2.14334	2.11599	2.03664	1.90977	1.73753	1.5373	1.3112	1.07698	0.842669	0.619888	0.41682	0.244526	0.111184	0.0180522	-0.0285738	-0.0232275	0.033255	0.134742	0.276095	0.455235	0.662583	0.889062	1.12513	1.35676	1.57996	1.77459	1.93884	2.05658	2.12513	2.14124	2.10014	2.00652	1.86177	1.67291	1.45506	1.2082	0.956057	0.713172	0.47823	0.273802	0.130343	0.0513832	0.0168976	0.00468871	0.00111106	0.000227613	4.23846e-05	1.90745e-05	8.13266e-05	0.00044864	0.00217956	0.00913098	0.032582	0.0977177	0.243039	
0.35963	0.656893	0.99309	1.29469	1.54545	1.73698	1.82226	1.80593	1.69572	1.48448	1.22116	0.900604	0.564766	0.229159	-0.0764602	-0.344663	-0.562589	-0.726126	-0.840438	-0.900773	-0.911253	-0.882051	-0.802128	-0.668746	-0.480372	-0.243278	0.0414593	0.362687	0.699065	1.03518	1.3361	1.58763	1.78741	1.91462	2.01066	2.06383	2.07578	2.05235	1.98504	1.91184	1.88446	1.92886	2.01868	2.09746	2.14139	2.12825	2.05888	1.93028	1.75275	1.53278	1.27962	1.00723	0.72461	0.448932	0.188903	-0.0436961	-0.238938	-0.391707	-0.493638	-0.540416	-0.535185	-0.477537	-0.364969	-0.203138	-0.000310509	0.239211	0.503605	0.780624	1.06292	1.33233	1.57996	1.79163	1.96067	2.077	2.13495	2.1331	2.0696	1.95251	1.78054	1.57314	1.3323	1.07409	0.822561	0.577518	0.352029	0.179723	0.0760256	0.0267588	0.00791773	0.00199308	0.000431846	8.20311e-05	1.86006e-05	3.64867e-05	0.000204714	0.00105985	0.00475884	0.0182973	0.0594677	0.161154	
0.238501	0.481358	0.797516	1.11285	1.38341	1.61341	1.77075	1.82424	1.80189	1.68815	1.49541	1.25836	0.986695	0.707136	0.435773	0.189082	-0.0183398	-0.182335	-0.297846	-0.364615	-0.380206	-0.342403	-0.256826	-0.123041	0.0582684	0.28405	0.540707	0.819422	1.09686	1.35988	1.58174	1.76199	1.86769	1.93821	1.98803	2.00348	2.00204	1.96683	1.90329	1.86503	1.88686	1.96877	2.06366	2.12704	2.14105	2.08805	1.97505	1.79979	1.57245	1.30047	1.00022	0.680018	0.35696	0.0412557	-0.250475	-0.510935	-0.730358	-0.897936	-1.00976	-1.0648	-1.0585	-0.991711	-0.868918	-0.690448	-0.46184	-0.19453	0.103234	0.421578	0.744396	1.06292	1.35676	1.62237	1.83875	2.00286	2.10304	2.1417	2.11069	2.02071	1.86985	1.67478	1.44327	1.18353	0.924285	0.67178	0.431121	0.233887	0.105371	0.039442	0.0123758	0.0032928	0.00075163	0.000149007	2.76333e-05	1.70846e-05	8.3384e-05	0.000459339	0.00221707	0.00921913	0.0326205	0.0969093	
0.142081	0.319946	0.59075	0.903535	1.19118	1.43994	1.65138	1.7816	1.8238	1.80281	1.70633	1.55049	1.35264	1.13531	0.913505	0.706955	0.522869	0.37494	0.27055	0.210685	0.197422	0.229274	0.308135	0.429958	0.59294	0.786898	1.00137	1.22255	1.43606	1.61888	1.76055	1.8418	1.88095	1.90461	1.9025	1.89996	1.89176	1.84865	1.80909	1.82352	1.89707	2.00619	2.09735	2.14015	2.12024	2.02996	1.87171	1.65105	1.37679	1.05865	0.709682	0.348292	-0.0157735	-0.364353	-0.684858	-0.967842	-1.20062	-1.38156	-1.50573	-1.56629	-1.55944	-1.48569	-1.34978	-1.15841	-0.915121	-0.622808	-0.296454	0.0556751	0.421578	0.780624	1.12513	1.43568	1.69948	1.90893	2.05294	2.12971	2.13246	2.0704	1.94237	1.7601	1.53913	1.28236	1.01735	0.758731	0.507435	0.289873	0.138011	0.05457	0.0180478	0.00504765	0.00120782	0.000250056	4.57868e-05	1.16218e-05	3.07102e-05	0.000176348	0.000915759	0.00412528	0.0159286	0.0520558	
0.0747799	0.188807	0.392987	0.673764	0.970471	1.23353	1.4656	1.6598	1.77867	1.82368	1.8098	1.74117	1.62832	1.48504	1.32662	1.16988	1.02523	0.906782	0.816314	0.764563	0.752853	0.779868	0.848136	0.951989	1.08089	1.23257	1.39089	1.54585	1.67871	1.77731	1.8323	1.84374	1.82851	1.7905	1.76289	1.76197	1.744	1.71005	1.72201	1.79939	1.91745	2.04003	2.11897	2.13875	2.0856	1.9579	1.75905	1.494	1.17514	0.814148	0.424109	0.0225213	-0.374409	-0.752138	-1.09716	-1.39418	-1.64077	-1.82834	-1.9479	-2.00203	-1.99604	-1.9293	-1.79627	-1.59593	-1.33857	-1.03182	-0.678506	-0.296454	0.103234	0.503605	0.889062	1.24305	1.55145	1.80474	1.98908	2.10231	2.1391	2.1027	1.99837	1.83132	1.62057	1.36895	1.10051	0.836858	0.578184	0.344789	0.172134	0.0713979	0.0247323	0.00722889	0.00180346	0.00038833	7.30576e-05	1.33488e-05	1.1146e-05	5.98402e-05	0.000333419	0.0016268	0.00685489	0.0246582	
0.034338	0.0971938	0.228966	0.446068	0.722457	0.999552	1.24325	1.45913	1.63921	1.75988	1.81842	1.82293	1.78435	1.7132	1.62235	1.52255	1.42566	1.34152	1.28006	1.2425	1.23118	1.25446	1.30131	1.37299	1.46322	1.56311	1.66041	1.74559	1.80498	1.83096	1.81446	1.75972	1.68046	1.6134	1.59141	1.58598	1.56725	1.57706	1.66121	1.79685	1.9444	2.06877	2.13223	2.1269	2.04192	1.88046	1.64245	1.34002	0.97885	0.58012	0.152563	-0.281243	-0.706766	-1.10851	-1.46762	-1.77784	-2.03003	-2.21669	-2.34128	-2.40297	-2.39602	-2.32119	-2.18451	-1.98509	-1.71973	-1.39918	-1.03182	-0.622808	-0.19453	0.239211	0.662583	1.05491	1.40521	1.69603	1.91849	2.0656	2.1333	2.12298	2.04046	1.88813	1.68794	1.44314	1.17306	0.905107	0.641289	0.396066	0.205785	0.0889131	0.0320501	0.00973083	0.00251678	0.000560742	0.000108771	1.88616e-05	5.40546e-06	1.81178e-05	0.000106689	0.000562722	0.00258283	0.0102068	
0.0136554	0.0431551	0.114774	0.254796	0.471197	0.733847	0.992466	1.22089	1.42087	1.58905	1.71438	1.79164	1.82415	1.81998	1.78996	1.74474	1.69389	1.64327	1.60477	1.58195	1.5762	1.58934	1.6187	1.66226	1.71453	1.76364	1.80453	1.82549	1.81713	1.77095	1.68575	1.57541	1.47023	1.40538	1.38204	1.37561	1.39358	1.47831	1.63448	1.81184	1.97362	2.09077	2.13624	2.10866	1.99478	1.80257	1.53146	1.19409	0.799508	0.365444	-0.0921879	-0.554269	-1.00278	-1.41851	-1.7901	-2.1016	-2.34605	-2.53187	-2.66054	-2.72403	-2.71699	-2.63985	-2.49907	-2.30225	-2.04489	-1.71973	-1.33857	-0.915121	-0.46184	-0.000310509	0.455235	0.881712	1.26677	1.59117	1.84756	2.02383	2.12077	2.13223	2.06987	1.93285	1.74216	1.50454	1.23454	0.962945	0.695345	0.441583	0.237061	0.105961	0.0394872	0.0123767	0.00329935	0.000756467	0.000150738	2.64247e-05	4.71429e-06	5.20797e-06	3.00187e-05	0.00017044	0.000849408	0.00367401	
0.00469128	0.0164489	0.0490652	0.123503	0.261098	0.464833	0.707461	0.948649	1.16469	1.35168	1.50937	1.6349	1.72587	1.78351	1.81236	1.82022	1.81536	1.80328	1.78912	1.77985	1.77846	1.7828	1.79475	1.80855	1.81857	1.81902	1.80404	1.76444	1.69509	1.59413	1.46904	1.33741	1.22559	1.1566	1.13818	1.17019	1.26202	1.42617	1.6354	1.83429	1.99895	2.10674	2.13578	2.0871	1.95001	1.73132	1.43213	1.06635	0.64303	0.181527	-0.30042	-0.78653	-1.24858	-1.67846	-2.05459	-2.3571	-2.59136	-2.76102	-2.86422	-2.90843	-2.90376	-2.8488	-2.73251	-2.54947	-2.30225	-1.98509	-1.59593	-1.15841	-0.690448	-0.203138	0.276095	0.731476	1.14448	1.49794	1.78165	1.98415	2.10402	2.13551	2.09051	1.9661	1.78334	1.55301	1.28464	1.01013	0.739517	0.479727	0.264269	0.121375	0.0464573	0.0149393	0.0040805	0.000957375	0.000194983	3.48147e-05	5.62738e-06	1.84355e-06	7.49085e-06	4.52396e-05	0.0002438	0.00114882	
0.0013941	0.00538421	0.0178636	0.0505372	0.121266	0.246595	0.42787	0.644526	0.866031	1.07017	1.24809	1.39826	1.52083	1.61654	1.68695	1.73531	1.76672	1.78638	1.79666	1.80098	1.80201	1.79966	1.79331	1.77978	1.75585	1.71842	1.66175	1.58178	1.47669	1.34778	1.20206	1.05555	0.936975	0.881232	0.909907	1.01716	1.18795	1.41113	1.64945	1.85626	2.01927	2.11594	2.13211	2.06798	1.91047	1.67351	1.35034	0.964416	0.516867	0.036384	-0.466444	-0.967439	-1.44232	-1.87914	-2.25383	-2.55282	-2.76892	-2.90366	-2.97623	-3.00681	-3.00347	-2.96557	-2.88259	-2.73251	-2.49907	-2.18451	-1.79627	-1.34978	-0.868918	-0.364969	0.134742	0.609822	1.04693	1.42058	1.7279	1.94886	2.08806	2.13562	2.10265	1.99043	1.81382	1.58844	1.3225	1.04634	0.773384	0.5094	0.286034	0.134088	0.0523737	0.0171719	0.00477735	0.00114053	0.000236152	4.28181e-05	6.88219e-06	1.19577e-06	1.73372e-06	1.0557e-05	6.12071e-05	0.000312619	
0.000359702	0.0015192	0.00555842	0.017501	0.0471731	0.108616	0.214241	0.365656	0.549702	0.745035	0.932647	1.10115	1.24582	1.36573	1.46181	1.53574	1.59014	1.62862	1.65386	1.6673	1.67016	1.66316	1.64514	1.61494	1.57047	1.5087	1.42619	1.3211	1.19267	1.04344	0.883323	0.736197	0.642069	0.642124	0.747816	0.930599	1.15815	1.41412	1.66425	1.87284	2.03369	2.12174	2.12836	2.05252	1.88215	1.63024	1.29317	0.890089	0.430048	-0.0682491	-0.580023	-1.09367	-1.57898	-2.01167	-2.39236	-2.69097	-2.87789	-2.98249	-3.05058	-3.08946	-3.08475	-3.03887	-2.96557	-2.8488	-2.63985	-2.32119	-1.9293	-1.48569	-0.991711	-0.477537	0.033255	0.52567	0.975411	1.36647	1.68726	1.92319	2.07466	2.13388	2.10982	2.00641	1.83451	1.61193	1.34786	1.07106	0.796591	0.5299	0.301347	0.14323	0.0567197	0.0188437	0.00530821	0.00128226	0.000268471	4.91957e-05	7.96257e-06	1.18482e-06	4.57382e-07	2.18363e-06	1.34913e-05	7.43088e-05	
8.09997e-05	0.000371587	0.00148725	0.00516244	0.0154652	0.0398749	0.0885674	0.170481	0.287794	0.433419	0.593929	0.755132	0.906056	1.03998	1.15376	1.24648	1.31856	1.37144	1.40705	1.42672	1.43117	1.42072	1.39481	1.3525	1.29216	1.21195	1.11086	0.989152	0.849309	0.698731	0.55388	0.444558	0.410934	0.484174	0.658386	0.891538	1.14907	1.41923	1.67381	1.88281	2.03994	2.12342	2.12747	2.04232	1.86808	1.6058	1.26331	0.849026	0.385054	-0.126467	-0.638044	-1.16313	-1.6513	-2.07844	-2.46922	-2.76508	-2.92788	-3.02013	-3.09994	-3.15387	-3.14714	-3.08475	-3.00347	-2.90376	-2.71699	-2.39602	-1.99604	-1.55944	-1.0585	-0.535185	-0.0232275	0.482828	0.935462	1.33909	1.66387	1.91098	2.06587	2.13356	2.11336	2.01283	1.84531	1.62469	1.3611	1.08395	0.80881	0.540771	0.309553	0.148193	0.0591099	0.0197744	0.0056069	0.00136278	0.000286994	5.28821e-05	8.60093e-06	1.25043e-06	2.14144e-07	4.13019e-07	2.62389e-06	1.55032e-05	
1.6012e-05	7.92987e-05	0.000344685	0.00130783	0.0043118	0.0123158	0.0304688	0.0655238	0.123498	0.206602	0.311648	0.431075	0.555576	0.676534	0.787324	0.883552	0.962627	1.02329	1.06533	1.08898	1.09444	1.08175	1.05079	1.00131	0.933211	0.847058	0.744664	0.629472	0.507612	0.389523	0.292447	0.24264	0.27186	0.400679	0.615539	0.87314	1.14282	1.41796	1.67428	1.88379	2.04044	2.12336	2.12739	2.04121	1.86678	1.60349	1.26053	0.845188	0.380879	-0.131982	-0.643413	-1.16984	-1.65793	-2.08446	-2.47649	-2.7718	-2.93199	-3.02344	-3.10505	-3.16083	-3.15387	-3.08946	-3.00681	-2.90843	-2.72403	-2.40297	-2.00203	-1.56629	-1.0648	-0.540416	-0.0285738	0.478913	0.931677	1.33657	1.66162	1.9099	2.06501	2.13361	2.11376	2.01339	1.84627	1.62584	1.36229	1.08512	0.809921	0.541763	0.310306	0.148651	0.0593318	0.0198612	0.00563488	0.00137034	0.00028874	5.32306e-05	8.66124e-06	1.25435e-06	1.70533e-07	8.27788e-08	4.53667e-07	2.85426e-06	
2.79535e-06	1.48638e-05	6.97181e-05	0.000287006	0.00103246	0.00323555	0.00882461	0.0209889	0.0437834	0.0808688	0.133921	0.201688	0.280219	0.363976	0.447093	0.524322	0.591466	0.645422	0.684111	0.706336	0.711509	0.699485	0.67058	0.625593	0.566055	0.494446	0.414345	0.330589	0.249583	0.180027	0.13488	0.134066	0.203132	0.35951	0.590776	0.856879	1.13004	1.40659	1.66416	1.87492	2.03551	2.12229	2.12801	2.04994	1.87821	1.62368	1.28495	0.878991	0.41768	-0.0839488	-0.59605	-1.11243	-1.59889	-2.03021	-2.41302	-2.7111	-2.89189	-2.99263	-3.06281	-3.10505	-3.09994	-3.05058	-2.97623	-2.86422	-2.66054	-2.34128	-1.9479	-1.50573	-1.00976	-0.493638	0.0180522	0.513708	0.964633	1.35878	1.681	1.91961	2.07245	2.13368	2.1109	2.00853	1.83746	1.61529	1.35144	1.07457	0.799915	0.532854	0.303575	0.144575	0.0573656	0.0190945	0.00538849	0.00130385	0.000273426	5.01793e-05	8.12907e-06	1.17154e-06	1.52287e-07	2.68116e-08	7.11592e-08	4.66358e-07	
4.33525e-07	2.46313e-06	1.23977e-05	5.50173e-05	0.000214358	0.000730939	0.00217803	0.00567638	0.0129895	0.0262862	0.0475126	0.0776234	0.116077	0.160831	0.208768	0.256291	0.299879	0.33644	0.363518	0.379395	0.383116	0.374461	0.353941	0.322817	0.283107	0.237548	0.189469	0.142659	0.101346	0.0709007	0.0601985	0.0853708	0.17009	0.333318	0.566909	0.834017	1.10693	1.38332	1.64367	1.8576	2.02213	2.11737	2.13138	2.06466	1.90379	1.66356	1.33678	0.94715	0.496155	0.01203	-0.493659	-0.996965	-1.47439	-1.91103	-2.28613	-2.58527	-2.796	-2.92331	-2.99263	-3.02344	-3.02013	-2.98249	-2.90366	-2.76102	-2.53187	-2.21669	-1.82834	-1.38156	-0.897936	-0.391707	0.111184	0.589771	1.03053	1.40773	1.71874	1.94281	2.08519	2.13538	2.10438	1.99436	1.81876	1.59403	1.32853	1.05219	0.778876	0.51425	0.289643	0.13623	0.0533862	0.0175592	0.00489968	0.00117304	0.000243531	4.42657e-05	7.10507e-06	1.01473e-06	1.29948e-07	1.61639e-08	1.10837e-08	6.80725e-08	
