0	0	0	0	0	0	0	0	0	0	0	0	0	0	0	0	0	0	0	0	0	0	0	0	0	0	0	0	0	0	0	0	0	0	0	0	0	0	0	0	0	0	0	0	0	0	0	0	0	0	0	0	0	0	0	0	0	0	0	0	0	0	0	0	0	0	0	0	0	0	0	0	0	0	0	0	0	0	0	0	0	0	0	3.82903e-09	4.94556e-07	6.55168e-06	8.69688e-05	0.000213425	0.000322156	0.000369279	0.000337473	0.000238338	0.000110817	1.55137e-05	8.20107e-07	8.60684e-09	6.67971e-11	0	0	0	
0	0	0	0	0	0	0	0	0	0	0	0	0	0	0	0	0	0	0	0	0	0	0	0	0	0	0	0	0	0	0	0	0	0	0	0	0	0	0	0	0	0	0	0	0	0	0	0	0	0	0	0	0	0	0	0	0	0	0	0	0	0	0	0	0	0	0	0	0	0	0	0	0	0	0	0	0	0	0	0	0	0	0	0	7.22838e-10	2.23382e-08	3.99474e-07	9.96706e-07	1.51049e-06	1.73319e-06	1.58287e-06	1.11441e-06	5.12056e-07	6.35371e-08	1.25206e-09	4.02386e-12	0	0	0	0	
0	0	0	0	0	0	0	0	0	0	0	0	0	0	0	0	0	0	0	0	0	0	0	0	0	0	0	0	0	0	0	0	0	0	0	0	0	0	0	0	0	0	0	0	0	0	0	0	0	0	0	0	0	0	0	0	0	0	0	0	0	0	0	0	0	0	0	0	0	0	0	0	0	0	0	0	0	0	0	0	0	0	0	0	0	2.56892e-11	5.6828e-10	1.43046e-09	2.17216e-09	2.49366e-09	2.27666e-09	1.60038e-09	7.30806e-10	8.42891e-11	0	0	0	0	0	0	
0	0	0	0	0	0	0	0	0	0	0	0	0	0	0	0	0	0	0	0	0	0	0	0	0	0	0	0	0	0	0	0	0	0	0	0	0	0	0	0	0	0	0	0	0	0	0	0	0	0	0	0	0	0	0	0	0	0	0	0	0	0	0	0	0	0	0	0	0	0	0	0	0	0	0	0	0	0	0	0	0	0	0	0	0	0	0	0	0	0	0	0	0	0	0	0	0	0	0	0	
0	0	0	0	0	0	0	0	0	0	0	0	0	0	0	0	0	0	0	0	0	0	0	0	0	0	0	0	0	0	0	0	0	0	0	0	0	0	0	0	0	0	0	0	0	0	0	0	0	0	0	0	0	0	0	0	0	0	0	0	0	0	0	0	0	0	0	0	0	0	0	0	0	0	0	0	0	0	0	0	0	0	0	0	0	0	0	0	0	0	0	0	0	0	0	0	0	0	0	0	
0	0	0	0	0	0	0	0	0	0	0	0	0	0	0	0	0	0	0	0	0	0	0	0	0	0	0	0	0	0	0	0	0	0	0	0	0	0	0	0	0	0	0	0	0	0	0	0	0	0	0	0	0	0	0	0	0	0	0	0	0	0	0	0	0	0	0	0	0	0	0	0	0	0	0	0	0	0	0	0	0	0	0	0	0	0	0	0	0	0	0	0	0	0	0	0	0	0	0	0	
0	0	0	0	0	0	0	0	0	0	0	0	0	0	0	0	0	0	0	1.14364e-11	2.41561e-11	1.80869e-12	0	0	0	0	0	0	0	0	0	0	0	0	0	0	0	0	0	0	0	0	0	0	0	0	0	0	0	0	0	0	0	0	0	0	0	0	0	0	0	0	0	0	0	0	0	0	0	0	0	0	0	0	0	0	0	0	0	0	0	0	0	0	0	0	0	0	0	0	0	0	0	0	0	0	0	0	0	0	
0	0	0	0	0	0	0	0	0	0	0	0	0	0	0	0	2.48949e-10	1.11012e-09	2.15141e-09	1.07406e-08	1.95788e-08	3.92292e-09	1.7281e-09	7.2217e-10	5.59576e-11	0	0	0	0	0	0	0	0	0	0	0	0	0	0	0	0	0	0	0	0	0	0	0	0	0	0	0	0	0	0	0	0	0	0	0	0	0	0	0	0	0	0	0	0	0	0	0	0	0	0	0	0	0	0	0	0	0	0	0	0	0	0	0	0	0	0	0	0	0	0	0	0	0	0	0	
0	0	0	0	0	0	0	0	0	0	0	0	0	0	8.14703e-11	2.37322e-09	1.78444e-07	7.75212e-07	1.48838e-06	3.63093e-06	5.53679e-06	2.10564e-06	1.20207e-06	5.06418e-07	4.38676e-08	9.17604e-10	0	0	0	0	0	0	0	0	0	0	0	0	0	0	0	0	0	0	0	0	0	0	0	0	0	0	0	0	0	0	0	0	0	0	0	0	0	0	0	0	0	0	0	0	0	0	0	0	0	0	0	0	0	0	0	0	0	0	0	0	0	0	0	0	0	0	0	0	0	0	0	0	0	0	
0	0	0	0	0	0	0	0	0	0	0	0	0	5.27865e-10	6.50429e-08	1.481e-06	4.01575e-05	0.000166636	0.000315862	0.00052544	0.000661378	0.000406294	0.000256725	0.000109711	1.13046e-05	6.08966e-07	4.33177e-09	0	0	0	0	0	0	0	0	0	0	0	0	0	0	0	0	0	0	0	0	0	0	0	0	0	0	0	0	0	0	0	0	0	0	0	0	0	0	0	0	0	0	0	0	0	0	0	0	0	0	0	0	0	0	0	0	0	0	0	0	0	0	0	0	0	0	0	0	0	0	0	0	0	
0	0	0	0	0	0	0	0	0	0	0	0	1.37823e-09	3.26163e-07	1.65245e-05	0.000280141	0.00307053	0.0114318	0.0211292	0.0288446	0.031293	0.0260053	0.0173389	0.00768023	0.00110463	0.00012434	2.4154e-06	1.03446e-08	0	0	0	0	0	0	0	0	0	0	0	0	0	0	0	0	0	0	0	0	0	0	0	0	0	0	0	0	0	0	0	0	0	0	0	0	0	0	0	0	0	0	0	0	0	0	0	0	0	0	0	0	0	0	0	0	0	0	0	0	0	0	0	0	0	0	0	0	0	0	0	0	
0	0	0	0	0	0	0	0	0	0	0	1.86366e-09	6.67648e-07	6.11285e-05	0.00150012	0.016531	0.0624916	0.153524	0.252843	0.3231	0.340888	0.300319	0.214772	0.113714	0.0370858	0.00816708	0.000396252	4.76393e-06	1.48534e-08	0	0	0	0	0	0	0	0	0	0	0	0	0	0	0	0	0	0	0	0	0	0	0	0	0	0	0	0	0	0	0	0	0	0	0	0	0	0	0	0	0	0	0	0	0	0	0	0	0	0	0	0	0	0	0	0	0	0	0	0	0	0	0	0	0	0	0	0	0	0	0	
0	0	0	0	0	0	0	0	0	0	1.37823e-09	6.67648e-07	9.18154e-05	0.00371869	0.0411493	0.181179	0.411409	0.674795	0.907231	1.05745	1.09411	1.00974	0.821639	0.56975	0.311569	0.112155	0.0193206	0.000620484	5.52492e-06	1.36204e-08	0	0	0	0	0	0	0	0	0	0	0	0	0	0	0	0	0	0	0	0	0	0	0	0	0	0	0	0	0	0	0	0	0	0	0	0	0	0	0	0	0	0	0	0	0	0	0	0	0	0	0	0	0	0	0	0	0	0	0	0	0	0	0	0	0	0	0	0	0	0	
0	0	0	0	0	0	0	0	0	5.27865e-10	3.26163e-07	6.11285e-05	0.00371869	0.057482	0.273308	0.647515	1.10647	1.56421	1.94204	2.17818	2.23506	2.10374	1.80493	1.38658	0.918259	0.482877	0.16606	0.0229198	0.000556576	3.91372e-06	7.91318e-09	0	0	0	0	0	0	0	0	0	0	0	0	0	0	0	0	0	0	0	0	0	0	0	0	0	0	0	0	0	0	0	0	0	0	0	0	0	0	0	0	0	0	0	0	0	0	0	0	0	0	0	0	0	0	0	0	0	0	0	0	0	0	0	0	0	0	0	0	0	
0	0	0	0	0	0	0	0	8.14703e-11	6.50429e-08	1.65245e-05	0.00150012	0.0411493	0.273308	0.741115	1.37235	2.06709	2.72336	3.24905	3.57234	3.64971	3.47081	3.0596	2.47172	1.7882	1.10645	0.529185	0.151341	0.0151303	0.000280733	1.58619e-06	2.6708e-09	0	0	0	0	0	0	0	0	0	0	0	0	0	0	0	0	0	0	0	0	0	0	0	0	0	0	0	0	0	0	0	0	0	0	0	0	0	0	0	0	0	0	0	0	0	0	0	0	0	0	0	0	0	0	0	0	0	0	0	0	0	0	0	0	0	0	0	0	
0	0	0	0	0	0	0	0	2.37322e-09	1.481e-06	0.000280141	0.016531	0.181179	0.647515	1.37235	2.25419	3.17716	4.02475	4.69253	5.09942	5.19642	4.9719	4.45282	3.70185	2.81063	1.88987	1.0574	0.425149	0.0802298	0.0046642	6.35002e-05	2.85495e-07	3.99094e-10	0	0	0	0	0	0	0	0	0	0	0	0	0	0	0	0	0	0	0	0	0	0	0	0	0	0	0	0	0	0	0	0	0	0	0	0	0	0	0	0	0	0	0	0	0	0	0	0	0	0	0	0	0	0	0	0	0	0	0	0	0	0	0	0	0	0	0	
0	0	0	0	0	0	0	2.48949e-10	1.78444e-07	4.01575e-05	0.00307053	0.0624916	0.411409	1.10647	2.06709	3.17716	4.30706	5.32759	6.12353	6.60572	6.7204	6.45481	5.83852	4.94034	3.86116	2.72335	1.65796	0.790847	0.228798	0.0206456	0.000336196	1.71541e-06	2.6682e-09	0	0	0	0	0	0	0	0	0	0	0	0	0	0	0	0	0	0	0	0	0	0	0	0	0	0	0	0	0	0	0	0	0	0	0	0	0	0	0	0	0	0	0	0	0	0	0	0	0	0	0	0	0	0	0	0	0	0	0	0	0	0	0	0	0	0	0	
0	0	0	0	0	0	0	1.11012e-09	7.75212e-07	0.000166636	0.0114318	0.153524	0.674795	1.56421	2.72336	4.02475	5.32759	6.49232	7.39496	7.93979	8.06917	7.76942	7.07224	6.05144	4.81541	3.49601	2.23504	1.1697	0.418225	0.0563259	0.00254494	3.26885e-05	1.44724e-07	2.01984e-10	0	0	0	0	0	0	0	0	0	0	0	0	0	0	0	0	0	0	0	0	0	0	0	0	0	0	0	0	0	0	0	0	0	0	0	0	0	0	0	0	0	0	0	0	0	0	0	0	0	0	0	0	0	0	0	0	0	0	0	0	0	0	0	0	0	0	
0	0	0	0	0	0	0	2.15141e-09	1.48838e-06	0.000315862	0.0211292	0.252843	0.907231	1.94204	3.24905	4.69253	6.12353	7.39496	8.37646	8.96756	9.1078	8.78283	8.02589	6.91441	5.56226	4.10817	2.70182	1.48862	0.594993	0.110038	0.00733152	0.000104898	4.85383e-07	6.93774e-10	0	0	0	0	0	0	0	0	0	0	0	0	0	0	0	0	0	0	0	0	0	0	0	0	0	0	0	0	0	0	0	0	0	0	0	0	0	0	0	0	0	0	0	0	0	0	0	0	0	0	0	0	0	0	0	0	0	0	0	0	0	0	0	0	0	0	
0	0	0	0	0	0	1.14364e-11	1.07406e-08	3.63093e-06	0.00052544	0.0288446	0.3231	1.05745	2.17818	3.57234	5.09942	6.60572	7.93979	8.96756	9.58579	9.73239	9.39263	8.60064	7.43597	6.01561	4.48235	2.9904	1.68998	0.712246	0.153005	0.0113574	0.000165962	7.73765e-07	1.11012e-09	0	0	0	0	0	0	0	0	0	0	0	0	0	0	0	0	0	0	0	0	0	0	0	0	0	0	0	0	0	0	0	0	0	0	0	0	0	0	0	0	0	0	0	0	0	0	0	0	0	0	0	0	0	0	0	0	0	0	0	0	0	0	0	0	0	0	
0	0	0	0	0	0	2.41561e-11	1.95788e-08	5.53679e-06	0.000661378	0.031293	0.340888	1.09411	2.23506	3.64971	5.19642	6.7204	8.06917	9.1078	9.73239	9.88048	9.53726	8.73704	7.55988	6.12353	4.57168	3.05961	1.73869	0.741144	0.16427	0.0124272	0.000182211	8.50518e-07	1.22092e-09	0	0	0	0	0	0	0	0	0	0	0	0	0	0	0	0	0	0	0	0	0	0	0	0	0	0	0	0	0	0	0	0	0	0	0	0	0	0	0	0	0	0	0	0	0	0	0	0	0	0	0	0	0	0	0	0	0	0	0	0	0	0	0	0	0	0	
0	0	0	0	0	0	1.80869e-12	3.92292e-09	2.10564e-06	0.000406294	0.0260053	0.300319	1.00974	2.10374	3.47081	4.9719	6.45481	7.76942	8.78283	9.39263	9.53726	9.20209	8.42098	7.27283	5.87366	4.365	2.89966	1.62636	0.674796	0.138779	0.0100138	0.000145567	6.77431e-07	9.71038e-10	0	0	0	0	0	0	0	0	0	0	0	0	0	0	0	0	0	0	0	0	0	0	0	3.26925e-12	3.74782e-11	6.68843e-11	6.31928e-11	2.95756e-11	4.61085e-13	0	0	0	0	0	0	0	0	0	0	0	0	0	0	0	0	0	0	0	0	0	0	0	0	0	0	0	0	0	0	0	0	0	0	0	0	0	
0	0	0	0	0	0	0	1.7281e-09	1.20207e-06	0.000256725	0.0173389	0.214772	0.821639	1.80493	3.0596	4.45282	5.83852	7.07224	8.02589	8.60064	8.73704	8.42098	7.68515	6.60572	5.2946	3.88813	2.53322	1.37238	0.529144	0.0882025	0.00533533	7.46975e-05	3.42821e-07	4.87951e-10	0	0	0	0	0	0	0	0	0	0	0	0	0	0	0	0	0	0	0	0	5.27559e-11	3.45422e-10	7.84566e-10	3.59107e-09	2.74607e-08	4.78734e-08	4.53114e-08	2.19726e-08	1.55664e-09	6.83808e-10	2.71831e-10	2.26165e-11	0	0	0	0	0	0	0	0	0	0	0	0	0	0	0	0	0	0	0	0	0	0	0	0	0	0	0	0	0	0	0	0	0	0	
0	0	0	0	0	0	0	7.2217e-10	5.06418e-07	0.000109711	0.00768023	0.113714	0.56975	1.38658	2.47172	3.70185	4.94034	6.05144	6.91441	7.43597	7.55988	7.27283	6.60572	5.63051	4.45282	3.20101	2.01291	1.02152	0.340886	0.0382249	0.00115036	1.21541e-05	4.86779e-08	6.39226e-11	0	0	0	0	0	0	0	0	0	0	0	0	0	0	0	0	0	0	6.31928e-11	7.86357e-10	3.89179e-08	2.42095e-07	5.44412e-07	1.37859e-06	6.52911e-06	1.08814e-05	1.03356e-05	5.35661e-06	9.07535e-07	4.76538e-07	1.91045e-07	1.78127e-08	5.28398e-10	2.05057e-11	0	0	0	0	0	0	0	0	0	0	0	0	0	0	0	0	0	0	0	0	0	0	0	0	0	0	0	0	0	0	0	0	
0	0	0	0	0	0	0	5.59576e-11	4.38676e-08	1.13046e-05	0.00110463	0.0370858	0.311569	0.918259	1.7882	2.81063	3.86116	4.81541	5.56226	6.01561	6.12353	5.87366	5.2946	4.45282	3.44569	2.39117	1.41527	0.638574	0.16152	0.0128732	0.000197391	9.61932e-07	1.43906e-09	0	0	0	0	0	0	0	0	0	0	0	0	0	0	0	0	0	0	5.64362e-10	4.71668e-08	5.12756e-07	9.19916e-06	5.23988e-05	0.000116008	0.000218316	0.000579865	0.000874347	0.000837574	0.000499856	0.000179203	0.000102046	4.15672e-05	4.641e-06	3.55199e-07	1.69886e-08	2.69787e-10	0	0	0	0	0	0	0	0	0	0	0	0	0	0	0	0	0	0	0	0	0	0	0	0	0	0	0	0	0	0	0	
0	0	0	0	0	0	0	0	9.17604e-10	6.08966e-07	0.00012434	0.00816708	0.112155	0.482877	1.10645	1.88987	2.72335	3.49601	4.10817	4.48235	4.57168	4.365	3.88813	3.20101	2.39117	1.56419	0.832022	0.300308	0.0425307	0.00154159	1.72879e-05	6.99886e-08	9.10562e-11	0	0	0	0	0	0	0	0	0	0	0	0	0	0	0	0	7.92787e-18	2.1457e-09	3.53715e-07	1.11771e-05	0.000102293	0.000781047	0.00366039	0.00782391	0.012523	0.0182422	0.0220624	0.0215994	0.0171417	0.0114843	0.00693191	0.00294345	0.000464899	7.34069e-05	4.60941e-06	1.7913e-07	1.21089e-09	0	0	0	0	0	0	0	0	0	0	0	0	0	0	0	0	0	0	0	0	0	0	0	0	0	0	0	0	0	0	
0	0	0	0	0	0	0	0	0	4.33177e-09	2.4154e-06	0.000396252	0.0193206	0.16606	0.529185	1.0574	1.65796	2.23504	2.70182	2.9904	3.05961	2.89966	2.53322	2.01291	1.41527	0.832022	0.359317	0.0806862	0.00572374	9.2421e-05	4.80731e-07	7.63319e-10	0	0	0	0	0	0	0	0	0	0	0	0	0	0	0	0	3.17115e-17	4.74492e-09	1.14519e-06	6.73833e-05	0.000929456	0.0064556	0.0208768	0.053769	0.0973363	0.140448	0.174102	0.191614	0.189618	0.168491	0.132327	0.088322	0.0459747	0.0164334	0.00484726	0.000471791	3.66772e-05	6.74179e-07	2.89258e-09	0	0	0	0	0	0	0	0	0	0	0	0	0	0	0	0	0	0	0	0	0	0	0	0	0	0	0	0	0	
0	0	0	0	0	0	0	0	0	0	1.03446e-08	4.76393e-06	0.000620484	0.0229198	0.151341	0.425149	0.790847	1.1697	1.48862	1.68998	1.73869	1.62636	1.37238	1.02152	0.638574	0.300308	0.0806862	0.00873545	0.000197124	1.31445e-06	2.54181e-09	0	0	0	0	0	0	0	0	0	0	0	0	0	0	0	0	4.75672e-17	6.96121e-09	2.14918e-06	0.000179681	0.00406628	0.0224868	0.0777767	0.164826	0.269596	0.375599	0.468047	0.535144	0.568771	0.564976	0.5242	0.451258	0.355047	0.248028	0.145474	0.0637802	0.0161509	0.00245204	0.000110933	1.34396e-06	4.32728e-09	0	0	0	0	0	0	0	0	0	0	0	0	0	0	0	0	0	0	0	0	0	0	0	0	0	0	0	0	
0	0	0	0	0	0	0	0	0	0	0	1.48534e-08	5.52492e-06	0.000556576	0.0151303	0.0802298	0.228798	0.418225	0.594993	0.712246	0.741144	0.674796	0.529144	0.340886	0.16152	0.0425307	0.00572374	0.000197124	1.80467e-06	4.44622e-09	0	0	0	0	0	0	0	0	0	0	0	0	0	0	0	0	3.17115e-17	7.20064e-09	2.67288e-06	0.000279314	0.00843315	0.0510277	0.152351	0.302651	0.481732	0.668526	0.84334	0.989036	1.092	1.14288	1.13716	1.07534	0.962937	0.810204	0.631525	0.444636	0.269604	0.127612	0.0376087	0.00552068	0.000178675	1.66487e-06	4.32728e-09	0	0	0	0	0	0	0	0	0	0	0	0	0	0	0	0	0	0	0	0	0	0	0	0	0	0	0	
0	0	0	0	0	0	0	0	0	0	0	0	1.36204e-08	3.91372e-06	0.000280733	0.0046642	0.0206456	0.0563259	0.110038	0.153005	0.16427	0.138779	0.0882025	0.0382249	0.0128732	0.00154159	9.2421e-05	1.31445e-06	4.44622e-09	0	0	0	0	0	0	0	0	0	0	0	0	0	0	0	0	7.92787e-18	5.28551e-09	2.31411e-06	0.000289898	0.0106105	0.0725539	0.214456	0.425126	0.68113	0.957762	1.23077	1.47769	1.67906	1.81947	1.88837	1.88064	1.79685	1.64323	1.43138	1.17757	0.901967	0.627486	0.378584	0.179867	0.0538147	0.00694295	0.000178675	1.34396e-06	2.89258e-09	0	0	0	0	0	0	0	0	0	0	0	0	0	0	0	0	0	0	0	0	0	0	0	0	0	0	
0	0	0	0	0	0	0	0	0	0	0	0	0	7.91318e-09	1.58619e-06	6.35002e-05	0.000336196	0.00254494	0.00733152	0.0113574	0.0124272	0.0100138	0.00533533	0.00115036	0.000197391	1.72879e-05	4.80731e-07	2.54181e-09	0	0	0	0	0	0	0	0	0	0	0	0	0	0	0	0	0	2.62346e-09	1.35305e-06	0.000203824	0.00912572	0.0747417	0.2411	0.499164	0.824302	1.18927	1.56604	1.92732	2.24791	2.50608	2.68466	2.77191	2.76213	2.65596	2.46034	2.18815	1.85755	1.49108	1.11443	0.755196	0.441344	0.199774	0.0538147	0.00552068	0.000110933	6.74179e-07	1.21089e-09	0	0	0	0	0	0	0	0	0	0	0	0	0	0	0	0	0	0	0	0	0	0	0	0	0	
0	0	0	0	0	0	0	0	0	0	0	0	0	0	2.6708e-09	2.85495e-07	1.71541e-06	3.26885e-05	0.000104898	0.000165962	0.000182211	0.000145567	7.46975e-05	1.21541e-05	9.61932e-07	6.99886e-08	7.63319e-10	0	0	0	0	0	0	0	0	0	0	0	0	0	0	0	0	0	7.82689e-10	4.76309e-07	8.71988e-05	0.00496478	0.0564405	0.223131	0.506241	0.882162	1.32255	1.79684	2.27382	2.72323	3.11726	3.43199	3.64854	3.75404	3.74222	3.6138	3.37638	3.0441	2.63693	2.17969	1.70077	1.23076	0.800871	0.441344	0.179867	0.0376087	0.00245204	3.66772e-05	1.7913e-07	2.69787e-10	0	0	0	0	0	0	0	0	0	0	0	0	0	0	0	0	0	0	0	0	0	0	0	0	
0	0	0	0	0	0	0	0	0	0	0	0	0	0	0	3.99094e-10	2.6682e-09	1.44724e-07	4.85383e-07	7.73765e-07	8.50518e-07	6.77431e-07	3.42821e-07	4.86779e-08	1.43906e-09	9.10562e-11	0	0	0	0	0	0	0	0	0	0	0	0	0	0	0	0	0	1.04918e-10	7.68296e-08	1.7626e-05	0.00137062	0.0278265	0.166676	0.444632	0.843332	1.33509	1.88836	2.46944	3.0441	3.57926	4.04466	4.4143	4.66769	4.79088	4.77709	4.62709	4.34911	3.95848	3.47689	2.9313	2.35265	1.77439	1.23076	0.755196	0.378584	0.127612	0.0161509	0.000471791	4.60941e-06	1.69886e-08	2.05057e-11	0	0	0	0	0	0	0	0	0	0	0	0	0	0	0	0	0	0	0	0	0	0	0	
0	0	0	0	0	0	0	0	0	0	0	0	0	0	0	0	0	2.01984e-10	6.93774e-10	1.11012e-09	1.22092e-09	9.71038e-10	4.87951e-10	6.39226e-11	0	0	0	0	0	0	0	0	0	0	0	0	0	0	0	0	0	0	0	1.19775e-09	7.51044e-07	0.000142858	0.00847566	0.0923163	0.329615	0.715427	1.22478	1.82704	2.48772	3.17018	3.83739	4.45371	4.98658	5.40808	5.69625	5.83613	5.82048	5.65011	5.33384	4.8881	4.33614	3.70691	3.03373	2.35265	1.70077	1.11443	0.627486	0.269604	0.0637802	0.00484726	7.34069e-05	3.55199e-07	5.28398e-10	0	0	0	0	0	0	0	0	0	0	0	0	0	0	0	0	0	0	0	0	0	0	0	
0	0	0	0	0	0	0	0	0	0	0	0	0	0	0	0	0	0	0	0	0	0	0	0	0	0	0	0	0	0	0	0	0	0	0	0	0	0	0	0	0	0	1.19532e-10	8.55626e-08	1.92106e-05	0.00146129	0.0292798	0.191636	0.524193	1.01021	1.62196	2.32619	3.08577	3.86142	4.6136	5.30433	5.89901	6.36799	6.68798	6.84314	6.82578	6.63677	6.28546	5.78926	5.17282	4.4669	3.70691	2.9313	2.17969	1.49108	0.901967	0.444636	0.145474	0.0164334	0.000464899	4.641e-06	1.78127e-08	2.26165e-11	0	0	0	0	0	0	0	0	0	0	0	0	0	0	0	0	0	0	0	0	0	0	
0	0	0	0	0	0	0	0	0	0	0	0	0	0	0	0	0	0	0	0	0	0	0	0	0	0	0	0	0	0	0	0	0	0	0	0	0	0	0	0	0	0	5.20384e-10	3.63863e-07	7.82978e-05	0.00537484	0.0719437	0.310595	0.728548	1.30388	2.00667	2.80138	3.64854	4.50661	5.33384	6.09025	6.73944	7.25027	7.59831	7.76692	7.74807	7.54264	7.16045	6.61976	5.94645	5.17282	4.33614	3.47689	2.63693	1.85755	1.17757	0.631525	0.248028	0.0459747	0.00294345	4.15672e-05	1.91045e-07	2.71831e-10	0	0	0	0	0	0	0	0	0	0	0	0	0	0	0	0	0	0	0	0	0	0	
0	0	0	0	0	0	0	0	0	0	0	0	0	0	0	0	0	0	0	0	0	0	0	0	0	0	0	0	0	0	0	0	0	0	0	0	0	0	0	0	0	5.20383e-14	1.30615e-09	8.53864e-07	0.000173107	0.0110726	0.126048	0.43158	0.922031	1.57297	2.35266	3.22366	4.14459	5.072	5.96232	6.77389	7.46884	8.01479	8.38635	8.56626	8.54614	8.32695	7.91885	7.34082	6.61976	5.78926	4.8881	3.95848	3.0441	2.18815	1.43138	0.810204	0.355047	0.088322	0.00693191	0.000102046	4.76538e-07	6.83808e-10	0	0	0	0	0	0	0	0	0	0	0	0	0	0	0	0	0	0	0	0	0	0	
0	0	0	0	0	0	0	0	0	0	0	0	0	0	0	0	0	0	0	0	0	0	0	0	0	0	0	0	0	0	0	0	0	0	0	0	0	0	0	0	0	5.27559e-11	3.82723e-08	8.89118e-06	0.000745324	0.0204626	0.179831	0.53882	1.08642	1.79685	2.63693	3.5678	4.54654	5.52824	6.46794	7.32266	8.05338	8.62679	9.01673	9.20545	9.18436	8.9544	8.52606	7.91885	7.16045	6.28546	5.33384	4.34911	3.37638	2.46034	1.64323	0.962937	0.451258	0.132327	0.0114843	0.000179203	9.07535e-07	1.55664e-09	4.61085e-13	0	0	0	0	0	0	0	0	0	0	0	0	0	0	0	0	0	0	0	0	0	
0	0	0	0	0	0	0	0	0	0	0	0	0	0	0	0	0	0	0	0	0	0	0	0	0	0	0	0	0	0	0	0	0	0	0	0	0	0	0	0	0	1.46054e-10	1.03008e-07	2.26631e-05	0.00166836	0.0316085	0.223092	0.61947	1.20696	1.95883	2.84097	3.81346	4.83239	5.85181	6.82578	7.71045	8.466	9.05845	9.46114	9.65598	9.6342	9.39678	8.9544	8.32695	7.54264	6.63677	5.65011	4.62709	3.6138	2.65596	1.79685	1.07534	0.5242	0.168491	0.0171417	0.000499856	5.35661e-06	2.19726e-08	2.95756e-11	0	0	0	0	0	0	0	0	0	0	0	0	0	0	0	0	0	0	0	0	0	
0	0	0	0	0	0	0	0	0	0	0	0	0	0	0	0	0	0	0	0	0	0	0	0	0	0	0	0	0	0	0	0	0	0	0	0	0	0	0	0	0	2.14015e-10	1.50145e-07	3.26739e-05	0.00233439	0.0391913	0.248017	0.664359	1.27312	2.04708	2.95161	3.94627	4.98659	6.02607	7.01826	7.91885	8.6876	9.29017	9.69964	9.89773	9.87558	9.6342	9.18436	8.54614	7.74807	6.82578	5.82048	4.77709	3.74222	2.76213	1.88064	1.13716	0.564976	0.189618	0.0215994	0.000837574	1.03356e-05	4.53114e-08	6.31928e-11	0	0	0	0	0	0	0	0	0	0	0	0	0	0	0	0	0	0	0	0	0	
0	0	0	0	0	0	0	0	0	0	0	0	0	0	0	0	0	0	0	0	0	0	0	0	0	0	0	0	0	0	0	0	0	0	0	0	0	0	0	0	0	2.20853e-10	1.54888e-07	3.36807e-05	0.00240126	0.0399411	0.250361	0.668531	1.27924	2.05522	2.9618	3.95849	5.00076	6.04207	7.03594	7.93798	8.70793	9.31142	9.72152	9.9199	9.89773	9.65598	9.20545	8.56626	7.76692	6.84314	5.83613	4.79088	3.75404	2.77191	1.88837	1.14288	0.568771	0.191614	0.0220624	0.000874347	1.08814e-05	4.78734e-08	6.68843e-11	0	0	0	0	0	0	0	0	0	0	0	0	0	0	0	0	0	0	0	0	0	
0	0	0	0	0	0	0	0	0	0	0	0	0	0	0	0	0	0	0	0	0	0	0	0	0	0	0	0	0	0	0	0	0	0	0	0	0	0	0	0	0	1.63273e-10	1.14952e-07	2.52006e-05	0.00183742	0.0335559	0.229734	0.631531	1.22479	1.98266	2.87088	3.8494	4.87414	5.89901	6.87793	7.76692	8.52606	9.12126	9.52579	9.72152	9.69964	9.46114	9.01673	8.38635	7.59831	6.68798	5.69625	4.66769	3.64854	2.68466	1.81947	1.092	0.535144	0.174102	0.0182422	0.000579865	6.52911e-06	2.74607e-08	3.74782e-11	0	0	0	0	0	0	0	0	0	0	0	0	0	0	0	0	0	0	0	0	0	
0	0	0	0	0	0	0	0	0	0	0	0	0	0	0	0	0	0	0	0	0	0	0	0	0	0	0	0	0	0	0	0	0	0	0	0	0	0	0	0	0	7.06824e-11	5.07146e-08	1.15421e-05	0.000924106	0.0227251	0.189622	0.557428	1.11444	1.83465	2.68466	3.62536	4.6136	5.60421	6.552	7.4138	8.15039	8.7283	9.12126	9.31142	9.29017	9.05845	8.62679	8.01479	7.25027	6.36799	5.40808	4.4143	3.43199	2.50608	1.67906	0.989036	0.468047	0.140448	0.012523	0.000218316	1.37859e-06	3.59107e-09	3.26925e-12	0	0	0	0	0	0	0	0	0	0	0	0	0	0	0	0	0	0	0	0	0	
0	0	0	0	0	0	0	0	0	0	0	0	0	0	0	0	0	0	0	0	0	0	0	0	0	0	0	0	0	0	0	0	0	0	0	0	0	0	0	0	0	3.26925e-12	3.6907e-09	1.4245e-06	0.000223144	0.0125195	0.137163	0.454585	0.957765	1.62196	2.41511	3.29947	4.2333	5.17282	6.07416	6.89537	7.59831	8.15039	8.52606	8.70793	8.6876	8.466	8.05338	7.46884	6.73944	5.89901	4.98658	4.04466	3.11726	2.24791	1.47769	0.84334	0.375599	0.0973363	0.00782391	0.000116008	5.44412e-07	7.84566e-10	0	0	0	0	0	0	0	0	0	0	0	0	0	0	0	0	0	0	0	0	0	0	
0	0	0	0	0	0	0	0	0	0	0	0	0	0	0	0	0	0	0	0	0	0	0	0	0	0	0	0	0	0	0	0	0	0	0	0	0	0	0	0	0	0	6.34631e-10	4.4086e-07	9.41429e-05	0.00638792	0.0822612	0.33517	0.768739	1.36038	2.07975	2.89093	3.75403	4.62708	5.46795	6.23629	6.89537	7.4138	7.76692	7.93798	7.91885	7.71045	7.32266	6.77389	6.09025	5.30433	4.45371	3.57926	2.72323	1.92732	1.23077	0.668526	0.269596	0.053769	0.00366039	5.23988e-05	2.42095e-07	3.45422e-10	0	0	0	0	0	0	0	0	0	0	0	0	0	0	0	0	0	0	0	0	0	0	
0	0	0	0	0	0	0	0	0	0	0	0	0	0	0	0	0	0	0	0	0	0	0	0	0	0	0	0	0	0	0	0	0	0	0	0	0	0	0	0	0	0	1.81477e-10	1.28588e-07	2.83639e-05	0.00207207	0.036306	0.214434	0.564968	1.06981	1.70077	2.42411	3.2022	3.99527	4.76332	5.46795	6.07416	6.552	6.87793	7.03594	7.01826	6.82578	6.46794	5.96232	5.33384	4.6136	3.83739	3.0441	2.27382	1.56604	0.957762	0.481732	0.164826	0.0208768	0.000781047	9.19916e-06	3.89179e-08	5.27559e-11	0	0	0	0	0	0	0	0	0	0	0	0	0	0	0	0	0	0	0	0	0	0	
0	0	0	0	0	0	0	0	0	0	0	0	0	0	0	0	0	0	0	0	0	0	0	0	0	0	0	0	0	0	0	0	0	0	0	0	0	0	0	0	0	0	7.92787e-18	1.62107e-09	1.00047e-06	0.000186404	0.0107334	0.109777	0.366705	0.773279	1.30388	1.92731	2.60855	3.31038	3.99527	4.62708	5.17282	5.60421	5.89901	6.04207	6.02607	5.85181	5.52824	5.072	4.50661	3.86142	3.17018	2.46944	1.79684	1.18927	0.68113	0.302651	0.0777767	0.0064556	0.000102293	5.12756e-07	7.86357e-10	0	0	0	0	0	0	0	0	0	0	0	0	0	0	0	0	0	0	0	0	0	0	0	
0	0	0	0	0	0	0	0	0	0	0	0	0	0	0	0	0	0	0	0	0	0	0	0	0	0	0	0	0	0	0	0	0	0	0	0	0	0	0	0	0	0	0	1.87764e-10	1.34863e-07	3.00584e-05	0.00220499	0.0374433	0.19568	0.495649	0.916985	1.43137	2.00667	2.60855	3.2022	3.75403	4.2333	4.6136	4.87414	5.00076	4.98659	4.83239	4.54654	4.14459	3.64854	3.08577	2.48772	1.88836	1.32255	0.824302	0.425126	0.152351	0.0224868	0.000929456	1.11771e-05	4.71668e-08	6.31928e-11	0	0	0	0	0	0	0	0	0	0	0	0	0	0	0	0	0	0	0	0	0	0	0	
0	0	0	0	0	0	0	0	0	0	0	0	0	0	0	0	0	0	0	0	0	0	0	0	0	0	0	0	0	0	0	0	0	0	0	0	0	0	0	0	0	0	0	0	1.28203e-09	7.64087e-07	0.000135774	0.00735039	0.0735319	0.262304	0.568759	0.968115	1.43137	1.92731	2.42411	2.89093	3.29947	3.62536	3.8494	3.95849	3.94627	3.81346	3.5678	3.22366	2.80138	2.32619	1.82704	1.33509	0.882162	0.499164	0.214456	0.0510277	0.00406628	6.73833e-05	3.53715e-07	5.64362e-10	0	0	0	0	0	0	0	0	0	0	0	0	0	0	0	0	0	0	0	0	0	0	0	0	
0	0	0	0	0	0	0	0	0	0	0	0	0	0	0	0	0	0	0	0	0	0	0	0	0	0	0	0	0	0	0	0	0	0	0	0	0	0	0	0	0	0	0	0	6.18406e-12	8.25187e-09	2.90576e-06	0.000352274	0.0132587	0.0975244	0.287122	0.568759	0.916985	1.30388	1.70077	2.07975	2.41511	2.68466	2.87088	2.9618	2.95161	2.84097	2.63693	2.35266	2.00667	1.62196	1.22478	0.843332	0.506241	0.2411	0.0725539	0.00843315	0.000179681	1.14519e-06	2.1457e-09	0	0	0	0	0	0	0	0	0	0	0	0	0	0	0	0	0	0	0	0	0	0	0	0	0	
0	0	0	0	0	0	0	0	0	0	0	0	0	0	0	0	0	0	0	0	0	0	0	0	0	0	0	0	0	0	0	0	0	0	0	0	0	0	0	0	0	0	0	0	0	4.73527e-11	3.59537e-08	8.32223e-06	0.000671288	0.0165488	0.0975244	0.262304	0.495649	0.773279	1.06981	1.36038	1.62196	1.83465	1.98266	2.05522	2.04708	1.95883	1.79685	1.57297	1.30388	1.01021	0.715427	0.444632	0.223131	0.0747417	0.0106105	0.000279314	2.14918e-06	4.74492e-09	7.92787e-18	0	0	0	0	0	0	0	0	0	0	0	0	0	0	0	0	0	0	0	0	0	0	0	0	0	
0	0	0	0	0	0	0	0	0	0	0	0	0	0	0	0	0	0	0	0	0	0	0	0	0	0	0	0	0	0	0	0	0	0	0	0	0	0	0	0	0	0	0	0	0	0	1.33754e-10	7.38861e-08	1.20943e-05	0.000671288	0.0132587	0.0735319	0.19568	0.366705	0.564968	0.768739	0.957765	1.11444	1.22479	1.27924	1.27312	1.20696	1.08642	0.922031	0.728548	0.524193	0.329615	0.166676	0.0564405	0.00912572	0.000289898	2.67288e-06	6.96121e-09	3.17115e-17	0	0	0	0	0	0	0	0	0	0	0	0	0	0	0	0	0	0	0	0	0	0	0	0	0	0	
0	0	0	0	0	0	0	0	0	0	0	0	0	0	0	0	0	0	0	0	0	0	0	0	0	0	0	0	0	0	0	0	0	0	0	0	0	0	0	0	0	0	0	0	0	0	0	1.85171e-10	7.38861e-08	8.32223e-06	0.000352274	0.00735039	0.0374433	0.109777	0.214434	0.33517	0.454585	0.557428	0.631531	0.668531	0.664359	0.61947	0.53882	0.43158	0.310595	0.191636	0.0923163	0.0278265	0.00496478	0.000203824	2.31411e-06	7.20064e-09	4.75672e-17	0	0	0	0	0	0	0	0	0	0	0	0	0	0	0	0	0	0	0	0	0	0	0	0	0	0	0	
0	0	0	0	0	0	0	0	0	0	0	0	0	0	0	0	0	0	0	0	0	0	0	0	0	0	0	0	0	0	0	0	0	0	0	0	0	0	0	0	0	0	0	0	0	0	0	0	1.33754e-10	3.59537e-08	2.90576e-06	0.000135774	0.00220499	0.0107334	0.036306	0.0822612	0.137163	0.189622	0.229734	0.250361	0.248017	0.223092	0.179831	0.126048	0.0719437	0.0292798	0.00847566	0.00137062	8.71988e-05	1.35305e-06	5.28551e-09	3.17115e-17	0	0	0	0	0	0	0	0	0	0	0	0	0	0	0	0	0	0	0	0	0	0	0	0	0	0	0	0	
0	0	0	0	0	0	0	0	0	0	0	0	0	0	0	0	0	0	0	0	0	0	0	0	0	0	0	0	0	0	0	0	0	0	0	0	0	0	0	0	0	0	0	0	0	0	0	0	0	4.73527e-11	8.25187e-09	7.64087e-07	3.00584e-05	0.000186404	0.00207207	0.00638792	0.0125195	0.0227251	0.0335559	0.0399411	0.0391913	0.0316085	0.0204626	0.0110726	0.00537484	0.00146129	0.000142858	1.7626e-05	4.76309e-07	2.62346e-09	7.92787e-18	0	0	0	0	0	0	0	0	0	0	0	0	0	0	0	0	0	0	0	0	0	0	0	0	0	0	0	0	0	
0	0	0	0	0	0	0	0	0	0	0	0	0	0	0	0	0	0	0	0	0	0	0	0	0	0	0	0	0	0	0	0	0	0	0	0	0	0	0	0	0	0	0	0	0	0	0	0	0	0	6.18406e-12	1.28203e-09	1.34863e-07	1.00047e-06	2.83639e-05	9.41429e-05	0.000223144	0.000924106	0.00183742	0.00240126	0.00233439	0.00166836	0.000745324	0.000173107	7.82978e-05	1.92106e-05	7.51044e-07	7.68296e-08	7.82689e-10	0	0	0	0	0	0	0	0	0	0	0	0	0	0	0	0	0	0	0	0	0	0	0	0	0	0	0	0	0	0	0	
0	0	0	0	0	0	0	0	0	0	0	0	0	0	0	0	0	0	0	0	0	0	0	0	0	0	0	0	0	0	0	0	0	0	0	0	0	0	0	0	0	0	0	0	0	0	0	0	0	0	0	0	1.87764e-10	1.62107e-09	1.28588e-07	4.4086e-07	1.4245e-06	1.15421e-05	2.52006e-05	3.36807e-05	3.26739e-05	2.26631e-05	8.89118e-06	8.53864e-07	3.63863e-07	8.55626e-08	1.19775e-09	1.04918e-10	0	0	0	0	0	0	0	0	0	0	0	0	0	0	0	0	0	0	0	0	0	0	0	0	0	0	0	0	0	0	0	0	
0	0	0	0	0	0	0	0	0	0	0	0	0	0	0	0	0	0	0	0	0	0	0	0	0	0	0	0	0	0	0	0	0	0	0	0	0	0	0	0	0	0	0	0	0	0	0	0	0	0	0	0	0	7.92787e-18	1.81477e-10	6.34631e-10	3.6907e-09	5.07146e-08	1.14952e-07	1.54888e-07	1.50145e-07	1.03008e-07	3.82723e-08	1.30615e-09	5.20384e-10	1.19532e-10	0	0	0	0	0	0	0	0	0	0	0	0	0	0	0	0	0	0	0	0	0	0	0	0	0	0	0	0	0	0	0	0	0	0	
0	0	0	0	0	0	0	0	0	0	0	0	0	0	0	0	0	0	0	0	0	0	0	0	0	0	0	0	0	0	0	0	0	0	0	0	0	0	0	0	0	0	0	0	0	0	0	0	0	0	0	0	0	0	0	0	3.26925e-12	7.06824e-11	1.63273e-10	2.20853e-10	2.14015e-10	1.46054e-10	5.27559e-11	5.20383e-14	0	0	0	0	0	0	0	0	0	0	0	0	0	0	0	0	0	0	0	0	0	0	0	0	0	0	0	0	0	0	0	0	0	0	0	0	
0	0	0	0	0	0	0	0	0	0	0	0	0	0	0	0	0	0	0	0	0	0	0	0	0	0	0	0	0	0	0	0	0	0	0	0	0	0	0	0	0	0	0	0	0	0	0	0	0	0	0	0	0	0	0	0	0	0	0	0	0	0	0	0	0	0	0	0	0	0	0	0	0	0	0	0	0	0	0	0	0	0	0	0	0	0	0	0	0	0	0	0	0	0	0	0	0	0	0	0	
0	0	0	0	0	0	0	0	0	0	0	0	0	0	0	0	0	0	0	0	0	0	0	0	0	0	0	0	0	0	0	0	0	0	0	0	0	0	0	0	0	0	0	0	0	0	0	0	0	0	0	0	0	0	0	0	0	0	0	0	0	0	0	0	0	0	0	0	0	0	0	0	0	0	0	0	0	0	0	0	0	0	0	0	0	0	0	0	0	0	0	0	0	0	0	0	0	0	0	0	
0	0	0	0	0	0	0	0	0	0	0	0	0	0	0	0	0	0	0	0	0	0	0	0	0	0	0	0	0	0	0	0	0	0	0	0	0	0	0	0	0	0	0	0	0	0	0	0	0	0	0	0	0	0	0	0	0	0	0	0	0	0	0	0	0	0	0	0	0	0	0	0	0	0	0	0	0	0	0	0	0	0	0	0	0	0	0	0	0	0	0	0	0	0	0	0	0	0	0	0	
0	0	0	0	0	0	0	0	0	0	0	0	0	0	0	0	0	0	0	0	0	0	0	0	0	0	0	0	0	0	0	0	0	0	0	0	0	0	0	0	0	0	0	0	0	0	0	0	0	0	0	0	0	0	0	0	0	0	0	0	0	0	0	0	0	0	0	0	0	0	0	0	0	0	0	0	0	0	0	0	0	0	0	0	0	0	0	0	0	0	0	0	0	0	0	0	0	0	0	0	
0	0	0	0	0	0	0	0	0	0	0	0	0	0	0	0	0	0	0	0	0	0	0	0	0	0	0	0	0	0	0	0	0	0	0	0	0	0	0	0	0	0	0	0	0	0	0	0	0	0	0	0	0	0	0	0	0	0	0	0	0	0	0	0	0	0	0	0	0	0	0	0	0	0	0	0	0	0	0	0	0	0	0	0	0	0	0	0	0	0	0	0	0	0	0	0	0	0	0	0	
0	0	0	0	0	0	0	0	0	0	0	0	0	0	0	0	0	0	0	0	0	0	0	0	0	0	0	0	0	0	0	0	0	0	0	0	0	0	0	0	0	0	0	0	0	0	0	0	0	0	0	0	0	0	0	0	0	0	0	0	0	0	0	0	0	0	0	0	0	0	0	0	0	0	0	0	0	0	0	0	0	0	0	0	0	0	0	0	0	0	0	0	0	0	0	0	0	0	0	0	
0	0	0	0	0	0	0	0	0	0	0	0	0	0	0	0	0	0	0	0	0	0	0	0	0	0	0	0	0	0	0	0	0	0	0	0	0	0	0	0	0	0	0	0	0	0	0	0	0	0	0	0	0	0	0	0	0	0	0	0	0	0	0	0	0	0	0	0	0	0	0	0	0	0	0	0	0	0	0	0	0	0	0	0	0	0	0	0	0	0	0	0	0	0	0	0	0	0	0	0	
0	0	0	0	0	0	0	0	0	0	0	0	0	0	0	0	0	0	0	0	0	0	0	0	0	0	0	0	0	0	0	0	0	0	0	0	0	0	0	0	0	0	0	0	0	0	0	0	0	0	0	0	0	0	0	0	0	0	0	0	0	0	0	0	0	0	0	0	0	0	0	0	0	0	0	0	0	0	0	0	0	0	0	0	0	0	0	0	0	0	0	0	0	0	0	0	0	0	0	0	
0	0	0	0	0	0	0	0	0	0	0	0	0	0	0	0	0	0	0	0	0	0	0	0	0	0	0	0	0	0	0	0	0	0	0	0	0	0	0	0	0	0	0	0	0	0	0	0	0	0	0	0	0	0	0	0	0	0	0	0	0	0	0	0	0	0	0	0	0	0	0	0	0	0	0	0	0	0	0	0	0	0	0	0	0	0	0	0	0	0	0	0	0	0	0	0	0	0	0	0	
0	0	0	0	0	0	0	0	0	0	0	0	0	0	0	0	0	0	0	0	0	0	0	0	0	0	0	0	0	0	0	0	0	0	0	0	0	0	0	0	0	0	0	0	0	0	0	0	0	0	0	0	0	0	0	0	0	0	0	0	0	0	0	0	0	0	0	0	0	0	0	0	0	0	0	0	0	0	0	0	0	0	0	0	0	0	0	0	0	0	0	0	0	0	0	0	0	0	0	0	
0	0	0	0	0	0	0	0	0	0	0	0	0	0	0	0	0	0	0	0	0	0	0	0	0	0	0	0	0	0	0	0	0	0	0	0	0	0	0	0	0	0	0	0	0	0	0	0	0	0	0	0	0	0	0	0	0	0	0	0	0	0	0	0	0	0	0	0	0	0	0	0	0	0	0	0	0	0	0	0	0	0	0	0	0	0	0	0	0	0	0	0	0	0	0	0	0	0	0	0	
0	0	0	0	0	0	0	0	0	0	0	0	0	0	0	0	0	0	0	0	0	0	0	0	0	0	0	0	0	0	0	0	0	0	0	0	0	0	0	0	0	0	0	0	0	0	0	0	0	0	0	0	0	0	0	0	0	0	0	0	0	0	0	0	0	0	0	0	0	0	0	0	0	0	0	0	0	0	0	0	0	0	0	0	0	0	0	0	0	0	0	0	0	0	0	0	0	0	0	0	
0	0	0	0	0	0	0	0	0	0	0	0	0	0	0	0	0	0	0	0	0	0	0	0	0	0	0	0	0	0	0	0	0	0	0	0	0	0	0	0	0	0	0	0	0	0	0	0	0	0	0	0	0	0	0	0	0	0	0	0	0	0	0	0	0	0	0	0	0	0	0	0	0	0	0	0	0	0	0	0	0	0	0	0	0	0	0	0	0	0	0	0	0	0	0	0	0	0	0	0	
0	0	0	0	0	0	0	0	0	0	0	0	0	0	0	0	0	0	0	0	0	0	0	0	0	0	0	0	0	0	0	0	0	0	0	0	0	0	0	0	0	0	0	0	0	0	0	0	0	0	0	0	0	0	0	0	0	0	0	0	0	0	0	0	0	0	0	0	0	0	0	0	0	0	0	0	0	0	0	0	0	0	0	0	0	0	0	0	0	0	0	0	0	0	0	0	0	0	0	0	
0	0	0	0	0	0	0	0	0	0	0	0	0	0	0	0	0	0	0	0	0	0	0	0	0	0	0	0	0	0	0	0	0	0	0	0	0	0	0	0	0	0	0	0	0	0	0	0	0	0	0	0	0	0	0	0	0	0	0	0	0	0	0	0	0	0	0	0	0	0	0	0	0	0	0	0	0	0	0	0	0	0	0	0	0	0	0	0	0	0	0	0	0	0	0	0	0	0	0	0	
0	0	0	0	0	0	0	0	0	0	0	0	0	0	0	0	0	0	0	0	0	0	0	0	0	0	0	0	0	0	0	0	0	0	0	0	0	0	0	0	0	0	0	0	0	0	0	0	0	0	0	0	0	0	0	0	0	0	0	0	0	0	0	0	0	0	0	0	0	0	0	0	0	0	0	0	0	0	0	0	0	0	0	0	0	0	0	0	0	0	0	0	0	0	0	0	0	0	0	0	
0	0	0	0	0	0	0	0	0	0	0	0	0	0	0	0	0	0	0	0	0	0	0	0	0	0	0	0	0	0	0	0	0	0	0	0	0	0	0	0	0	0	0	0	0	0	0	0	0	0	0	0	0	0	0	0	0	0	0	0	0	0	0	0	0	0	0	0	0	0	0	0	0	0	0	0	0	0	0	0	0	0	0	0	0	0	0	0	0	0	0	0	0	0	0	0	0	0	0	0	
0	0	0	0	0	0	0	0	0	0	0	0	0	0	0	0	0	0	0	0	0	0	0	0	0	0	0	0	0	0	0	0	0	0	0	0	0	0	0	0	0	0	0	0	0	0	0	0	0	0	0	0	0	0	0	0	0	0	0	0	0	0	0	0	0	0	0	0	0	0	0	0	0	0	0	0	0	0	0	0	0	0	0	0	0	0	2.06453e-10	7.89756e-10	1.34931e-09	1.60038e-09	1.43046e-09	9.14903e-10	3.06468e-10	0	0	0	0	0	0	0	
0	0	0	0	0	0	0	0	0	0	0	0	0	0	0	0	0	0	0	0	0	0	0	0	0	0	0	0	0	0	0	0	0	0	0	0	0	0	0	0	0	0	0	0	0	0	0	0	0	0	0	0	0	0	0	0	0	0	0	0	0	0	0	0	0	0	0	0	0	0	0	0	0	0	0	0	0	0	0	0	0	0	0	0	2.70872e-10	2.51499e-09	1.48116e-07	5.52211e-07	9.39799e-07	1.11371e-06	9.96009e-07	6.38897e-07	2.17456e-07	3.29619e-09	4.71731e-10	0	0	0	0	0	
0	0	0	0	0	0	0	0	0	0	0	0	0	0	0	0	0	0	0	0	0	0	0	0	0	0	0	0	0	0	0	0	0	0	0	0	0	0	0	0	0	0	0	0	0	0	0	0	0	0	0	0	0	0	0	0	0	0	0	0	0	0	0	0	0	0	0	0	0	0	0	0	0	0	0	0	0	0	0	0	0	0	0	1.8143e-09	1.96611e-07	1.60694e-06	3.34869e-05	0.000119143	0.000201201	0.00023801	0.000213099	0.000137499	4.8215e-05	2.07697e-06	3.3681e-07	3.00787e-09	0	0	0	0	
0	0	0	0	0	0	0	0	0	0	0	0	0	0	0	0	0	0	0	0	0	0	0	0	0	0	0	0	0	0	0	0	0	0	0	0	0	0	0	0	0	0	0	0	0	0	0	0	0	0	0	0	0	0	0	0	0	0	0	0	0	0	0	0	0	0	0	0	0	0	0	0	0	0	0	0	0	0	0	0	0	0	5.27926e-09	1.08404e-06	4.46258e-05	0.000312723	0.00260514	0.00827951	0.0136844	0.0161052	0.0144671	0.00948991	0.0035878	0.000397203	7.45565e-05	1.76942e-06	8.50873e-09	0	0	0	
0	0	0	0	0	0	0	0	0	0	0	0	0	0	0	0	0	0	0	0	0	0	0	0	0	0	0	0	0	0	0	0	0	0	0	0	0	0	0	0	0	0	0	0	0	0	0	0	0	0	0	0	0	0	0	0	0	0	0	0	0	0	0	0	0	0	0	0	0	0	0	0	0	0	0	0	0	0	0	0	0	8.66242e-09	2.60176e-06	0.000193654	0.00340637	0.0190671	0.0570358	0.120235	0.177365	0.202566	0.185533	0.133168	0.0685708	0.0236378	0.00540576	0.000308773	4.14211e-06	1.40109e-08	0	0	
0	0	0	0	0	0	0	0	0	0	0	0	0	0	0	0	0	0	0	0	0	0	0	0	0	0	0	0	0	0	0	0	0	0	0	0	0	0	0	0	0	0	0	0	0	0	0	0	0	0	0	0	0	0	0	0	0	0	0	0	0	0	0	0	0	0	0	0	0	0	0	0	0	0	0	0	0	0	0	0	8.66242e-09	3.42403e-06	0.000367758	0.0106548	0.0656343	0.211944	0.413442	0.614806	0.763772	0.824764	0.783787	0.650211	0.45558	0.249447	0.0883006	0.0162646	0.000576765	5.56587e-06	1.46289e-08	0	
0	0	0	0	0	0	0	0	0	0	0	0	0	0	0	0	0	0	0	0	0	0	0	0	0	0	0	0	0	0	0	0	0	0	0	0	0	0	0	0	0	0	0	0	0	0	0	0	0	0	0	0	0	0	0	0	0	0	0	0	0	0	0	0	0	0	0	0	0	0	0	0	0	0	0	0	0	0	0	5.27926e-09	2.60176e-06	0.000367758	0.0150565	0.116414	0.373845	0.744056	1.14796	1.50806	1.76005	1.86075	1.79324	1.56883	1.22579	0.824737	0.441281	0.156033	0.0231101	0.000608916	4.56824e-06	9.72246e-09	
3.82903e-09	0	0	0	0	0	0	0	0	0	0	0	0	0	0	0	0	0	0	0	0	0	0	0	0	0	0	0	0	0	0	0	0	0	0	0	0	0	0	0	0	0	0	0	0	0	0	0	0	0	0	0	0	0	0	0	0	0	0	0	0	0	0	0	0	0	0	0	0	0	0	0	0	0	0	0	0	0	1.8143e-09	1.08404e-06	0.000193654	0.0106548	0.116414	0.441294	0.955332	1.5688	2.18381	2.70827	3.06659	3.2082	3.11335	2.79525	2.29866	1.69478	1.0732	0.531569	0.163424	0.0183724	0.000366553	2.18167e-06	
4.94556e-07	7.22838e-10	0	0	0	0	0	0	0	0	0	0	0	0	0	0	0	0	0	0	0	0	0	0	0	0	0	0	0	0	0	0	0	0	0	0	0	0	0	0	0	0	0	0	0	0	0	0	0	0	0	0	0	0	0	0	0	0	0	0	0	0	0	0	0	0	0	0	0	0	0	0	0	0	0	0	0	2.70872e-10	1.96611e-07	4.46258e-05	0.00340637	0.0656343	0.373845	0.955332	1.72721	2.58098	3.4033	4.08861	4.55073	4.73225	4.61073	4.20119	3.55443	2.75153	1.89505	1.09777	0.470229	0.104348	0.00714669	0.000104478	
6.55168e-06	2.23382e-08	2.56892e-11	0	0	0	0	0	0	0	0	0	0	0	0	0	0	0	0	0	0	0	0	0	0	0	0	0	0	0	0	0	0	0	0	0	0	0	0	0	0	0	0	0	0	0	0	0	0	0	0	0	0	0	0	0	0	0	0	0	0	0	0	0	0	0	0	0	0	0	0	0	0	0	0	0	0	2.51499e-09	1.60694e-06	0.000312723	0.0190671	0.211944	0.744056	1.5688	2.58098	3.65748	4.67123	5.50466	6.06222	6.28039	6.13439	5.64079	4.85579	3.86924	2.79523	1.76002	0.888582	0.290947	0.0317435	0.000761889	
8.69688e-05	3.99474e-07	5.6828e-10	0	0	0	0	0	0	0	0	0	0	0	0	0	0	0	0	0	0	0	0	0	0	0	0	0	0	0	0	0	0	0	0	0	0	0	0	0	0	0	0	0	0	0	0	0	0	0	0	0	0	0	0	0	0	0	0	0	0	0	0	0	0	0	0	0	0	0	0	0	0	0	0	0	2.06453e-10	1.48116e-07	3.34869e-05	0.00260514	0.0570358	0.413442	1.14796	2.18381	3.4033	4.67123	5.84904	6.8092	7.4483	7.69776	7.53085	6.96545	6.06222	4.91833	3.65749	2.41718	1.33443	0.531534	0.0973895	0.00617072	
0.000213425	9.96706e-07	1.43046e-09	0	0	0	0	0	0	0	0	0	0	0	0	0	0	0	0	0	0	0	0	0	0	0	0	0	0	0	0	0	0	0	0	0	0	0	0	0	0	0	0	0	0	0	0	0	0	0	0	0	0	0	0	0	0	0	0	0	0	0	0	0	0	0	0	0	0	0	0	0	0	0	0	0	7.89756e-10	5.52211e-07	0.000119143	0.00827951	0.120235	0.614806	1.50806	2.70827	4.08861	5.50466	6.8092	7.86708	8.56902	8.84259	8.65958	8.03885	7.04445	5.77908	4.37373	2.97439	1.72723	0.763768	0.185718	0.0145031	
0.000322156	1.51049e-06	2.17216e-09	0	0	0	0	0	0	0	0	0	0	0	0	0	0	0	0	0	0	0	0	0	0	0	0	0	0	0	0	0	0	0	0	0	0	0	0	0	0	0	0	0	0	0	0	0	0	0	0	0	0	0	0	0	0	0	0	0	0	0	0	0	0	0	0	0	0	0	0	0	0	0	0	0	1.34931e-09	9.39799e-07	0.000201201	0.0136844	0.177365	0.763772	1.76005	3.06659	4.55073	6.06222	7.4483	8.56902	9.31134	9.60039	9.40703	8.75076	7.69776	6.35423	4.85579	3.35385	2.00041	0.9328	0.25938	0.0216475	
0.000369279	1.73319e-06	2.49366e-09	0	0	0	0	0	0	0	0	0	0	0	0	0	0	0	0	0	0	0	0	0	0	0	0	0	0	0	0	0	0	0	0	0	0	0	0	0	0	0	0	0	0	0	0	0	0	0	0	0	0	0	0	0	0	0	0	0	0	0	0	0	0	0	0	0	0	0	0	0	0	0	0	0	1.60038e-09	1.11371e-06	0.00023801	0.0161052	0.202566	0.824764	1.86075	3.2082	4.73225	6.28039	7.69776	8.84259	9.60039	9.89537	9.69805	9.02815	7.95266	6.57915	5.04497	3.50361	2.10927	1.00153	0.290972	0.0247409	
0.000337473	1.58287e-06	2.27666e-09	0	0	0	0	0	0	0	0	0	0	0	0	0	0	0	0	0	0	0	0	0	0	0	0	0	0	0	0	0	0	0	0	0	0	0	0	0	0	0	0	0	0	0	0	0	0	0	0	0	0	0	0	0	0	0	0	0	0	0	0	0	0	0	0	0	0	0	0	0	0	0	0	0	1.43046e-09	9.96009e-07	0.000213099	0.0144671	0.185533	0.783787	1.79324	3.11335	4.61073	6.13439	7.53085	8.65958	9.40703	9.69805	9.50338	8.84259	7.78212	6.42863	4.91834	3.40331	2.0363	0.955382	0.269666	0.0226531	
0.000238338	1.11441e-06	1.60038e-09	0	0	0	0	0	0	0	0	0	0	0	0	0	0	0	0	0	0	0	0	0	0	0	0	0	0	0	0	0	0	0	0	0	0	0	0	0	0	0	0	0	0	0	0	0	0	0	0	0	0	0	0	0	0	0	0	0	0	0	0	0	0	0	0	0	0	0	0	0	0	0	0	0	9.14903e-10	6.38897e-07	0.000137499	0.00948991	0.133168	0.650211	1.56883	2.79525	4.20119	5.64079	6.96545	8.03885	8.75076	9.02815	8.84259	8.21309	7.20422	5.91955	4.49123	3.06658	1.79323	0.804112	0.202714	0.0161411	
0.000110817	5.12056e-07	7.30806e-10	0	0	0	0	0	0	0	0	0	0	0	0	0	0	0	0	0	0	0	0	0	0	0	0	0	0	0	0	0	0	0	0	0	0	0	0	0	0	0	0	0	0	0	0	0	0	0	0	0	0	0	0	0	0	0	0	0	0	0	0	0	0	0	0	0	0	0	0	0	0	0	0	0	3.06468e-10	2.17456e-07	4.8215e-05	0.0035878	0.0685708	0.45558	1.22579	2.29866	3.55443	4.85579	6.06222	7.04445	7.69776	7.95266	7.78212	7.20422	6.28038	5.10906	3.81559	2.53941	1.41962	0.580607	0.114446	0.00774559	
1.55137e-05	6.35371e-08	8.42891e-11	0	0	0	0	0	0	0	0	0	0	0	0	0	0	0	0	0	0	0	0	0	0	0	0	0	0	0	0	0	0	0	0	0	0	0	0	0	0	0	0	0	0	0	0	0	0	0	0	0	0	0	0	0	0	0	0	0	0	0	0	0	0	0	0	0	0	0	0	0	0	0	0	0	0	3.29619e-09	2.07697e-06	0.000397203	0.0236378	0.249447	0.824737	1.69478	2.75153	3.86924	4.91833	5.77908	6.35423	6.57915	6.42863	5.91955	5.10906	4.0886	2.97437	1.89505	0.978253	0.336684	0.0413747	0.00139467	
8.20107e-07	1.25206e-09	0	0	0	0	0	0	0	0	0	0	0	0	0	0	0	0	0	0	0	0	0	0	0	0	0	0	0	0	0	0	0	0	0	0	0	0	0	0	0	0	0	0	0	0	0	0	0	0	0	0	0	0	0	0	0	0	0	0	0	0	0	0	0	0	0	0	0	0	0	0	0	0	0	0	0	4.71731e-10	3.3681e-07	7.45565e-05	0.00540576	0.0883006	0.441281	1.0732	1.89505	2.79523	3.65749	4.37373	4.85579	5.04497	4.91834	4.49123	3.81559	2.97437	2.07256	1.22577	0.547616	0.134708	0.0105438	0.000164715	
8.60684e-09	4.02386e-12	0	0	0	0	0	0	0	0	0	0	0	0	0	0	0	0	0	0	0	0	0	0	0	0	0	0	0	0	0	0	0	0	0	0	0	0	0	0	0	0	0	0	0	0	0	0	0	0	0	0	0	0	0	0	0	0	0	0	0	0	0	0	0	0	0	0	0	0	0	0	0	0	0	0	0	0	3.00787e-09	1.76942e-06	0.000308773	0.0162646	0.156033	0.531569	1.09777	1.76002	2.41718	2.97439	3.35385	3.50361	3.40331	3.06658	2.53941	1.89505	1.22577	0.632362	0.212053	0.0260606	0.000567586	3.82327e-06	
6.67971e-11	0	0	0	0	0	0	0	0	0	0	0	0	0	0	0	0	0	0	0	0	0	0	0	0	0	0	0	0	0	0	0	0	0	0	0	0	0	0	0	0	0	0	0	0	0	0	0	0	0	0	0	0	0	0	0	0	0	0	0	0	0	0	0	0	0	0	0	0	0	0	0	0	0	0	0	0	0	0	8.50873e-09	4.14211e-06	0.000576765	0.0231101	0.163424	0.470229	0.888582	1.33443	1.72723	2.00041	2.10927	2.0363	1.79323	1.41962	0.978253	0.547616	0.212053	0.0362631	0.00135996	1.49543e-05	5.72094e-08	
0	0	0	0	0	0	0	0	0	0	0	0	0	0	0	0	0	0	0	0	0	0	0	0	0	0	0	0	0	0	0	0	0	0	0	0	0	0	0	0	0	0	0	0	0	0	0	0	0	0	0	0	0	0	0	0	0	0	0	0	0	0	0	0	0	0	0	0	0	0	0	0	0	0	0	0	0	0	0	0	1.40109e-08	5.56587e-06	0.000608916	0.0183724	0.104348	0.290947	0.531534	0.763768	0.9328	1.00153	0.955382	0.804112	0.580607	0.336684	0.134708	0.0260606	0.00135996	2.37767e-05	1.366e-07	2.30974e-10	
0	0	0	0	0	0	0	0	0	0	0	0	0	0	0	0	0	0	0	0	0	0	0	0	0	0	0	0	0	0	0	0	0	0	0	0	0	0	0	0	0	0	0	0	0	0	0	0	0	0	0	0	0	0	0	0	0	0	0	0	0	0	0	0	0	0	0	0	0	0	0	0	0	0	0	0	0	0	0	0	0	1.46289e-08	4.56824e-06	0.000366553	0.00714669	0.0317435	0.0973895	0.185718	0.25938	0.290972	0.269666	0.202714	0.114446	0.0413747	0.0105438	0.000567586	1.49543e-05	1.366e-07	3.36401e-10	0	
0	0	0	0	0	0	0	0	0	0	0	0	0	0	0	0	0	0	0	0	0	0	0	0	0	0	0	0	0	0	0	0	0	0	0	0	0	0	0	0	0	0	0	0	0	0	0	0	0	0	0	0	0	0	0	0	0	0	0	0	0	0	0	0	0	0	0	0	0	0	0	0	0	0	0	0	0	0	0	0	0	0	9.72246e-09	2.18167e-06	0.000104478	0.000761889	0.00617072	0.0145031	0.0216475	0.0247409	0.0226531	0.0161411	0.00774559	0.00139467	0.000164715	3.82327e-06	5.72094e-08	2.30974e-10	0	0	
