1.51869	1.70762	1.79614	1.80286	1.71823	1.54682	1.34345	1.12102	0.898176	0.741398	0.696886	0.749764	0.854182	0.970836	1.07853	1.16932	1.24151	1.29541	1.33189	1.35207	1.35669	1.34584	1.31923	1.27594	1.21478	1.1348	1.03523	0.916064	0.779361	0.630402	0.478236	0.334712	0.212179	0.11966	0.0591676	0.0254106	0.00943917	0.00303314	0.0008457	0.000205583	4.38195e-05	8.23845e-06	1.37435e-06	2.04594e-07	2.73253e-08	3.2907e-09	3.5908e-10	3.60081e-11	4.49696e-12	4.02446e-12	9.96569e-12	2.35623e-11	5.00467e-11	9.56209e-11	1.65207e-10	2.62379e-10	4.23523e-10	1.11392e-09	7.09066e-09	6.12111e-08	5.08858e-07	3.82891e-06	2.57305e-05	0.000153159	0.000800654	0.00364044	0.0142393	0.0473251	0.131887	0.304315	0.576801	0.903464	1.20877	1.46445	1.67162	1.78811	1.80096	1.73295	1.56264	1.32867	1.05057	0.741559	0.430825	0.135272	-0.128841	-0.34708	-0.519281	-0.641018	-0.714431	-0.744385	-0.724802	-0.659795	-0.546554	-0.384783	-0.176837	0.0806219	0.368929	0.680186	0.989087	1.27765	
1.70762	1.7944	1.80545	1.75104	1.61318	1.441	1.27123	1.10112	0.966035	0.918527	0.965273	1.06977	1.19068	1.30305	1.39762	1.47292	1.53006	1.57057	1.59695	1.61121	1.61445	1.6068	1.58777	1.55598	1.5091	1.44476	1.36115	1.25596	1.12721	0.974508	0.801342	0.616582	0.434878	0.274903	0.152647	0.0734086	0.0303559	0.0107804	0.00329714	0.000872957	0.000201342	4.0725e-05	7.2718e-06	1.15351e-06	1.63518e-07	2.08286e-08	2.39732e-09	2.5502e-10	3.96105e-11	4.72194e-11	1.15464e-10	2.6414e-10	5.44219e-10	1.01205e-09	1.70555e-09	2.61625e-09	3.67659e-09	4.87129e-09	7.42338e-09	2.45427e-08	1.70141e-07	1.31276e-06	9.32303e-06	5.9065e-05	0.000330271	0.0016149	0.00683444	0.0247469	0.0756946	0.193037	0.405953	0.702103	1.01616	1.29116	1.52659	1.70896	1.79431	1.79892	1.73147	1.57874	1.37544	1.13452	0.880463	0.627541	0.394955	0.190589	0.0236027	-0.0965549	-0.170833	-0.198088	-0.180276	-0.116024	-0.00454185	0.154135	0.351592	0.579192	0.829952	1.08404	1.33051	1.54145	
1.79614	1.80545	1.76054	1.64754	1.50108	1.3731	1.25897	1.16039	1.11664	1.15086	1.2439	1.35921	1.46945	1.56238	1.63508	1.68801	1.72346	1.74515	1.75803	1.76432	1.76555	1.76255	1.75375	1.73758	1.71094	1.66885	1.60801	1.5259	1.42015	1.28821	1.1282	0.941443	0.733987	0.520809	0.327168	0.17801	0.0828397	0.0328432	0.0111163	0.00322966	0.000811151	0.000177451	3.40671e-05	5.78025e-06	8.72521e-07	1.17887e-07	1.43512e-08	1.63581e-09	3.38911e-10	5.11404e-10	1.22367e-09	2.70474e-09	5.39997e-09	9.76671e-09	1.60699e-08	2.4152e-08	3.32745e-08	4.21691e-08	4.96096e-08	5.78533e-08	9.93626e-08	4.43217e-07	3.02885e-06	2.02033e-05	0.000120718	0.000634922	0.00290909	0.0114877	0.0386376	0.109292	0.256851	0.497502	0.797486	1.08897	1.34018	1.55997	1.72173	1.79483	1.80029	1.74297	1.62617	1.46482	1.27635	1.07681	0.885557	0.712362	0.570068	0.460052	0.390854	0.364959	0.382506	0.442607	0.544814	0.681052	0.848811	1.03743	1.23688	1.42871	1.59743	1.72377	
1.80286	1.75104	1.64754	1.52166	1.42448	1.35754	1.30044	1.26916	1.29366	1.37477	1.48443	1.59231	1.68051	1.74323	1.78043	1.79616	1.79692	1.79124	1.78405	1.77831	1.77649	1.78023	1.78702	1.79396	1.79761	1.79194	1.76816	1.72084	1.64548	1.54047	1.40426	1.2375	1.04179	0.818856	0.581092	0.360061	0.190453	0.0851747	0.0322057	0.0103513	0.00285039	0.000678277	0.000140672	2.56328e-05	4.13417e-06	5.94219e-07	7.67586e-08	9.54102e-09	2.83344e-09	5.07961e-09	1.18108e-08	2.51871e-08	4.86693e-08	8.55245e-08	1.37271e-07	2.02064e-07	2.73735e-07	3.42233e-07	3.95795e-07	4.24915e-07	4.32386e-07	4.92471e-07	1.17689e-06	6.34809e-06	3.91385e-05	0.000220357	0.00109147	0.0046956	0.0173526	0.0544448	0.143313	0.313253	0.566352	0.856703	1.12541	1.35844	1.56311	1.71366	1.79065	1.80516	1.76751	1.68701	1.57403	1.44333	1.30556	1.17591	1.06256	0.976859	0.92257	0.899096	0.914767	0.963844	1.04267	1.15159	1.27821	1.41605	1.54853	1.66687	1.7543	1.80287	
1.71823	1.61318	1.50108	1.42448	1.39086	1.37292	1.3638	1.38974	1.46798	1.57742	1.68199	1.75816	1.79826	1.80516	1.78529	1.74973	1.70807	1.66992	1.63703	1.61697	1.61254	1.62275	1.64888	1.68481	1.72461	1.76518	1.79554	1.80596	1.78577	1.72798	1.62848	1.48648	1.30906	1.10317	0.86695	0.609016	0.368007	0.187272	0.0798267	0.0286176	0.00870056	0.00226527	0.000510018	0.000100213	1.73292e-05	2.65774e-06	3.658e-07	5.11669e-08	2.30217e-08	4.59787e-08	1.03326e-07	2.12258e-07	3.96442e-07	6.76068e-07	1.05747e-06	1.52334e-06	2.02818e-06	2.50288e-06	2.86915e-06	3.06004e-06	3.04062e-06	2.83294e-06	2.62642e-06	3.55042e-06	1.25122e-05	6.82299e-05	0.000360314	0.00168215	0.00680974	0.0236305	0.0695169	0.171578	0.352691	0.60438	0.878755	1.12858	1.34619	1.53584	1.68181	1.77098	1.80615	1.79688	1.75163	1.68375	1.60369	1.52307	1.44745	1.38671	1.3474	1.33317	1.34236	1.37719	1.43386	1.50716	1.58743	1.66834	1.73955	1.79053	1.80834	1.78618	
1.54682	1.441	1.3731	1.35754	1.37292	1.39572	1.43813	1.52566	1.64115	1.73935	1.79651	1.80718	1.77827	1.7185	1.6398	1.55343	1.46949	1.39478	1.33703	1.30335	1.29669	1.31365	1.35735	1.42297	1.50277	1.58812	1.67312	1.74513	1.79427	1.80684	1.77413	1.68636	1.53995	1.34864	1.12952	0.878047	0.602001	0.349683	0.16917	0.0681321	0.0230196	0.0065942	0.0016193	0.000344448	6.40728e-05	1.05166e-05	1.55174e-06	2.57983e-07	1.78946e-07	3.76844e-07	8.14967e-07	1.60991e-06	2.90216e-06	4.79676e-06	7.30342e-06	1.02869e-05	1.34517e-05	1.63785e-05	1.86105e-05	1.97646e-05	1.96331e-05	1.82439e-05	1.58793e-05	1.32027e-05	1.24457e-05	2.48376e-05	0.000108435	0.000529529	0.00232929	0.00889247	0.0290837	0.0806817	0.188312	0.368453	0.607891	0.864002	1.09886	1.30343	1.47946	1.62102	1.72147	1.78147	1.80489	1.79814	1.77191	1.73629	1.70026	1.6675	1.64425	1.63627	1.64162	1.66181	1.69333	1.72887	1.76543	1.79414	1.80592	1.78945	1.73952	1.65539	
1.34345	1.27123	1.25897	1.30044	1.3638	1.43813	1.54547	1.67371	1.76751	1.8073	1.79582	1.73515	1.63709	1.50954	1.36948	1.2264	1.09663	0.986052	0.908284	0.861052	0.849269	0.876659	0.935517	1.02703	1.14726	1.28285	1.42694	1.5629	1.6805	1.76463	1.80468	1.79169	1.71562	1.56416	1.35784	1.12315	0.852343	0.560666	0.308179	0.140042	0.0528421	0.0167311	0.00449905	0.00103954	0.000208614	3.67531e-05	5.87641e-06	1.26485e-06	1.30355e-06	2.77818e-06	5.76064e-06	1.09224e-05	1.89729e-05	3.03494e-05	4.49255e-05	6.18073e-05	7.93202e-05	9.52411e-05	0.000107238	0.000113398	0.000112695	0.000105248	9.22951e-05	7.59307e-05	5.89131e-05	4.60493e-05	5.42486e-05	0.000161633	0.000703077	0.0029037	0.0104732	0.0324091	0.0852913	0.189905	0.357888	0.576574	0.812183	1.03367	1.22828	1.39414	1.53	1.63536	1.71189	1.76101	1.7868	1.79543	1.79521	1.79098	1.78613	1.78363	1.7854	1.78985	1.79457	1.79599	1.78978	1.768	1.72423	1.65477	1.56119	1.45065	
1.12102	1.10112	1.16039	1.26916	1.38974	1.52566	1.67371	1.77523	1.80763	1.78678	1.69919	1.55942	1.37938	1.17884	0.974263	0.782197	0.614684	0.479204	0.380282	0.323647	0.309477	0.341076	0.415358	0.530256	0.67798	0.857271	1.05505	1.26043	1.45456	1.62065	1.74125	1.80009	1.79507	1.72146	1.55788	1.3366	1.08334	0.789452	0.489105	0.250573	0.105793	0.0371218	0.0109595	0.00275715	0.000598194	0.000113477	2.00847e-05	6.23217e-06	8.72134e-06	1.82927e-05	3.62473e-05	6.58265e-05	0.000109982	0.000169991	0.000244306	0.000327929	0.000412667	0.00048833	0.000544634	0.000573338	0.000570069	0.000535327	0.000474374	0.000396036	0.000310834	0.000229274	0.000162567	0.000134596	0.000239178	0.000852383	0.00326618	0.011138	0.03273	0.0821912	0.176005	0.322761	0.513367	0.723749	0.929188	1.11468	1.27405	1.40588	1.51191	1.5946	1.65591	1.69839	1.72591	1.74306	1.75246	1.75545	1.75351	1.74557	1.73019	1.70515	1.66597	1.60883	1.53141	1.43401	1.32085	1.20642	
0.898176	0.966035	1.11664	1.29366	1.46798	1.64115	1.76751	1.80763	1.78443	1.6785	1.49753	1.2751	1.01971	0.760292	0.506661	0.278465	0.08277	-0.0730869	-0.181973	-0.241469	-0.254554	-0.22274	-0.142704	-0.0164119	0.156165	0.366394	0.604953	0.863811	1.12295	1.36849	1.57535	1.73107	1.79904	1.79408	1.70628	1.52151	1.2845	1.00674	0.690696	0.395924	0.186592	0.0725401	0.0235256	0.00644928	0.00151442	0.000310723	6.35846e-05	3.11168e-05	5.26621e-05	0.000106749	0.00020149	0.00034966	0.000560763	0.000835985	0.00116468	0.00152336	0.00187789	0.00218846	0.00241649	0.00253184	0.00251873	0.00237896	0.00213155	0.00180888	0.00145038	0.00109535	0.000776869	0.000520266	0.000356026	0.000380968	0.000966633	0.0033281	0.0107044	0.0299607	0.072161	0.149625	0.269031	0.425445	0.603582	0.785361	0.956416	1.10793	1.23625	1.34159	1.42553	1.4899	1.53657	1.56808	1.58664	1.59345	1.58897	1.57293	1.54418	1.50075	1.44013	1.36072	1.26196	1.14661	1.02619	0.929015	
0.741398	0.918527	1.15086	1.37477	1.57742	1.73935	1.8073	1.78678	1.6785	1.47296	1.2215	0.920074	0.60579	0.289919	0.00232073	-0.25261	-0.456067	-0.611744	-0.71863	-0.779134	-0.793958	-0.758848	-0.682097	-0.557427	-0.380242	-0.156626	0.11308	0.415121	0.730953	1.04575	1.32687	1.56342	1.73396	1.80143	1.78665	1.66607	1.45653	1.19847	0.889989	0.563039	0.294089	0.126207	0.0448721	0.0133893	0.0034031	0.000762215	0.000195431	0.000153275	0.000282783	0.000547411	0.000981002	0.00162258	0.00249211	0.00357635	0.00482188	0.0061371	0.00740276	0.00848886	0.00927475	0.00966888	0.00962419	0.00914605	0.00829132	0.00715881	0.00587271	0.00456245	0.00334311	0.00230009	0.00148333	0.000921514	0.000685636	0.00107887	0.0030998	0.00930639	0.0248436	0.0576166	0.116234	0.205842	0.324638	0.464081	0.612347	0.758004	0.892224	1.00975	1.10838	1.18776	1.24827	1.29077	1.31635	1.32587	1.31956	1.29726	1.25823	1.20142	1.12609	1.03242	0.923167	0.808105	0.711238	0.674338	
0.696886	0.965273	1.2439	1.48443	1.68199	1.79651	1.79582	1.69919	1.49753	1.2215	0.886081	0.517336	0.153622	-0.191248	-0.493462	-0.742275	-0.940931	-1.07986	-1.17369	-1.22129	-1.23081	-1.20891	-1.14384	-1.02933	-0.866956	-0.650104	-0.376192	-0.0588165	0.299706	0.664248	1.02875	1.33771	1.59145	1.74941	1.80677	1.75984	1.59657	1.3618	1.0717	0.735619	0.42121	0.198162	0.0768854	0.0248939	0.00684841	0.00171218	0.000616772	0.000712244	0.00133279	0.00244335	0.00414304	0.00651277	0.00955611	0.0131728	0.0171572	0.0212178	0.0250135	0.0281979	0.030465	0.0315912	0.0314639	0.0300958	0.0276235	0.0242899	0.0204124	0.0163405	0.0124087	0.00889361	0.00598194	0.00375662	0.00221555	0.00134333	0.00128435	0.00269838	0.00733794	0.0186396	0.0417157	0.0820912	0.143404	0.225472	0.324049	0.432173	0.542007	0.646466	0.740226	0.819829	0.883267	0.929445	0.957919	0.968598	0.961466	0.936529	0.89387	0.833907	0.757917	0.669038	0.57508	0.493965	0.459683	0.517987	
0.749764	1.06977	1.35921	1.59231	1.75816	1.80718	1.73515	1.55942	1.2751	0.920074	0.517336	0.111642	-0.286849	-0.635413	-0.93427	-1.15926	-1.32207	-1.42819	-1.48369	-1.51433	-1.52443	-1.50655	-1.46489	-1.39045	-1.26622	-1.07669	-0.822557	-0.50337	-0.130439	0.272453	0.681544	1.06889	1.39907	1.64371	1.77638	1.80281	1.70004	1.49673	1.22917	0.900043	0.557652	0.28495	0.119836	0.0419145	0.0125178	0.00367236	0.00204339	0.00299542	0.0054453	0.00939272	0.0150153	0.0223657	0.0312703	0.0413159	0.0518918	0.0622626	0.0716539	0.0793378	0.084711	0.0873519	0.0870544	0.0838417	0.0779648	0.0698851	0.0602363	0.0497621	0.0392362	0.0293755	0.0207564	0.0137467	0.00847253	0.0048438	0.00264896	0.00173725	0.00230828	0.00528842	0.01264	0.027287	0.0523973	0.0901972	0.140951	0.202658	0.271478	0.342574	0.411048	0.472631	0.523986	0.562695	0.587143	0.596419	0.590207	0.568722	0.532781	0.483986	0.425204	0.361977	0.305978	0.280845	0.325517	0.48074	
0.854182	1.19068	1.46945	1.68051	1.79826	1.77827	1.63709	1.37938	1.01971	0.60579	0.153622	-0.286849	-0.68862	-1.02347	-1.2807	-1.45806	-1.56251	-1.61465	-1.63333	-1.62969	-1.62749	-1.63313	-1.62849	-1.60011	-1.52866	-1.39454	-1.18907	-0.896798	-0.535728	-0.113284	0.335545	0.77719	1.17236	1.49658	1.70617	1.80258	1.76582	1.60314	1.36084	1.04773	0.693185	0.380685	0.172141	0.0647676	0.0212754	0.00799141	0.00683059	0.0110536	0.0190468	0.0307432	0.0461672	0.0649688	0.086348	0.109146	0.132001	0.153495	0.172297	0.187267	0.197535	0.202526	0.201966	0.195886	0.18462	0.168804	0.149364	0.127487	0.10453	0.081911	0.0609641	0.0427868	0.0280877	0.0170956	0.0095755	0.0049642	0.00261589	0.0021132	0.00356169	0.00775202	0.0160605	0.0300347	0.0507908	0.0784942	0.112137	0.149646	0.188252	0.224955	0.256946	0.281872	0.297976	0.304161	0.300018	0.285831	0.262613	0.232242	0.198033	0.166563	0.151971	0.181986	0.297415	0.528973	
0.970836	1.30305	1.56238	1.74323	1.80516	1.7185	1.50954	1.17884	0.760292	0.289919	-0.191248	-0.635413	-1.02347	-1.31887	-1.51969	-1.62499	-1.65111	-1.62964	-1.58714	-1.55767	-1.55294	-1.5668	-1.6036	-1.64232	-1.64833	-1.5935	-1.45173	-1.21238	-0.878572	-0.463176	-0.00194229	0.482654	0.93434	1.32531	1.60722	1.76914	1.79745	1.68175	1.46739	1.17458	0.819743	0.478726	0.230905	0.0934197	0.0349527	0.0184492	0.021491	0.034992	0.0563313	0.0846861	0.119093	0.157984	0.199304	0.240814	0.280331	0.315901	0.345913	0.369158	0.384806	0.392335	0.391494	0.382312	0.365092	0.340416	0.309184	0.272685	0.232605	0.190955	0.149943	0.111793	0.0784728	0.0513666	0.031032	0.0171322	0.00860559	0.00405697	0.0022297	0.00236589	0.00432842	0.00847514	0.0153625	0.0253996	0.038573	0.0543144	0.0715292	0.0887584	0.10441	0.116992	0.125294	0.12852	0.126362	0.119045	0.107359	0.0928592	0.0786808	0.07206	0.0896142	0.16295	0.332873	0.617313	
1.07853	1.39762	1.63508	1.78043	1.78529	1.6398	1.36948	0.974263	0.506661	0.00232073	-0.493462	-0.93427	-1.2807	-1.51969	-1.63653	-1.6547	-1.59394	-1.49576	-1.40559	-1.34127	-1.32396	-1.36152	-1.43858	-1.53916	-1.62472	-1.65731	-1.60437	-1.43622	-1.15593	-0.765477	-0.300247	0.206963	0.699681	1.14458	1.49206	1.71441	1.8021	1.73486	1.55041	1.27953	0.932124	0.57327	0.293241	0.128857	0.0584399	0.0442398	0.0600161	0.0934192	0.139278	0.194428	0.25571	0.319732	0.383231	0.443376	0.497857	0.544936	0.58343	0.612611	0.631992	0.641242	0.640213	0.628922	0.607552	0.576468	0.536191	0.487522	0.431752	0.370735	0.306888	0.243138	0.182785	0.129093	0.0846861	0.0509831	0.0278414	0.0136732	0.00607496	0.00266683	0.00170509	0.00225358	0.0040048	0.00696867	0.0111927	0.0165794	0.0228074	0.0293413	0.0355086	0.0406124	0.0440475	0.045397	0.0444994	0.0414925	0.0368877	0.0318966	0.0296467	0.03851	0.0781753	0.183916	0.394656	0.714158	
1.16932	1.47292	1.68801	1.79616	1.74973	1.55343	1.2264	0.782197	0.278465	-0.25261	-0.742275	-1.15926	-1.45806	-1.62499	-1.6547	-1.57429	-1.42347	-1.25777	-1.13235	-1.07465	-1.06574	-1.08945	-1.17539	-1.32177	-1.48763	-1.61764	-1.65802	-1.57468	-1.35526	-1.00354	-0.554945	-0.0399401	0.48389	0.972317	1.37294	1.64844	1.78895	1.76722	1.61231	1.36325	1.02791	0.660838	0.358529	0.175877	0.1028	0.102274	0.143297	0.207853	0.285949	0.370939	0.457613	0.541861	0.6207	0.692028	0.754398	0.806988	0.849383	0.881306	0.902395	0.912391	0.911282	0.899071	0.875797	0.841758	0.797305	0.742717	0.67847	0.605501	0.525385	0.440372	0.353628	0.269335	0.192244	0.12686	0.076306	0.0412857	0.0198847	0.00849975	0.00332218	0.0014453	0.00116557	0.00170592	0.00278891	0.00431334	0.00618018	0.00822749	0.0102297	0.0119321	0.0130992	0.0135633	0.0132629	0.0122841	0.0109838	0.0104833	0.0143145	0.0325011	0.0880379	0.219089	0.460989	0.803494	
1.24151	1.53006	1.72346	1.79692	1.70807	1.46949	1.09663	0.614684	0.08277	-0.456067	-0.940931	-1.32207	-1.56251	-1.65111	-1.59394	-1.42347	-1.21126	-1.0092	-0.883159	-0.85078	-0.850354	-0.853985	-0.920795	-1.08704	-1.29605	-1.5019	-1.63323	-1.63315	-1.48595	-1.18309	-0.75884	-0.242473	0.297607	0.816271	1.26048	1.58038	1.76635	1.7851	1.65682	1.42791	1.10761	0.742083	0.431486	0.245967	0.185623	0.212184	0.287018	0.384487	0.490053	0.595675	0.6968	0.790911	0.876602	0.952787	1.01885	1.07451	1.1195	1.15327	1.17538	1.18582	1.18467	1.17192	1.14747	1.11142	1.06424	1.00648	0.938352	0.860194	0.772714	0.677056	0.57472	0.46835	0.362143	0.261858	0.174152	0.10475	0.0561398	0.0265112	0.0109711	0.00401311	0.00140268	0.000670404	0.000674924	0.000982946	0.00144315	0.00198102	0.00252665	0.00300265	0.00333487	0.00346975	0.00339452	0.00318082	0.00315608	0.00456185	0.0115949	0.036093	0.104069	0.255535	0.521268	0.878642	
1.29541	1.57057	1.74515	1.79124	1.66992	1.39478	0.986052	0.479204	-0.0730869	-0.611744	-1.07986	-1.42819	-1.61465	-1.62964	-1.49576	-1.25777	-1.0092	-0.838481	-0.767548	-0.781271	-0.794307	-0.770051	-0.783973	-0.895675	-1.10181	-1.36091	-1.56488	-1.64281	-1.56218	-1.30468	-0.906402	-0.399569	0.148862	0.689998	1.16728	1.51791	1.73924	1.79348	1.68867	1.47786	1.17586	0.823942	0.523891	0.355128	0.321586	0.37956	0.48259	0.601083	0.720916	0.836309	0.944871	1.04537	1.13655	1.21717	1.28687	1.34513	1.39152	1.42543	1.44733	1.45789	1.45674	1.4439	1.41965	1.38325	1.3344	1.27381	1.20188	1.11909	1.02593	0.923704	0.813585	0.696639	0.574615	0.450555	0.329945	0.221064	0.132793	0.0703345	0.0324823	0.0130126	0.00453389	0.00141377	0.000465728	0.000269823	0.000308096	0.0004167	0.000541365	0.000654433	0.000735114	0.000770302	0.000766767	0.000801121	0.0012351	0.00351529	0.0125404	0.041788	0.119679	0.287168	0.570484	0.937125	
1.33189	1.59695	1.75803	1.78405	1.63703	1.33703	0.908284	0.380282	-0.181973	-0.71863	-1.17369	-1.48369	-1.63333	-1.58714	-1.40559	-1.13235	-0.883159	-0.767548	-0.74989	-0.794315	-0.814842	-0.771491	-0.74981	-0.799217	-0.967171	-1.24992	-1.48866	-1.62818	-1.59434	-1.37909	-1.00428	-0.512347	0.0465394	0.595786	1.09701	1.47255	1.71599	1.79608	1.71211	1.52021	1.24288	0.919717	0.649694	0.511272	0.505037	0.583494	0.700364	0.829286	0.958642	1.08311	1.19958	1.30573	1.39941	1.48015	1.54798	1.60289	1.64487	1.67515	1.69491	1.7046	1.70354	1.69179	1.66996	1.63743	1.59293	1.5354	1.46501	1.38167	1.28543	1.17699	1.05865	0.932416	0.800467	0.664535	0.526151	0.389023	0.261788	0.156452	0.0815256	0.0366553	0.0141707	0.00472162	0.00137294	0.000370822	0.000125833	8.99937e-05	0.000103794	0.000125134	0.000142065	0.000152245	0.000169717	0.000281389	0.000896812	0.00365544	0.0140328	0.0467556	0.131928	0.310858	0.606064	0.978031	
1.35207	1.61121	1.76432	1.77831	1.61697	1.30335	0.861052	0.323647	-0.241469	-0.779134	-1.22129	-1.51433	-1.62969	-1.55767	-1.34127	-1.07465	-0.85078	-0.781271	-0.794315	-0.780178	-0.768411	-0.786931	-0.789963	-0.791085	-0.924969	-1.18536	-1.43687	-1.61094	-1.60433	-1.41973	-1.05838	-0.574566	-0.0136361	0.542583	1.05497	1.44553	1.70289	1.79942	1.73354	1.56528	1.32295	1.04217	0.811235	0.700077	0.708918	0.797109	0.924711	1.06575	1.20528	1.33536	1.45213	1.55388	1.64009	1.71251	1.7711	1.81748	1.85213	1.87793	1.89471	1.9017	1.90092	1.89211	1.87342	1.84593	1.80916	1.76038	1.69916	1.624	1.53482	1.42995	1.31023	1.17736	1.03438	0.88578	0.735316	0.584282	0.433799	0.291524	0.172215	0.0876989	0.038155	0.0141677	0.00450826	0.00124	0.000302069	7.34274e-05	2.79917e-05	2.28631e-05	2.48909e-05	2.97258e-05	5.34143e-05	0.000190591	0.00088492	0.00390079	0.015069	0.0498559	0.139309	0.324815	0.626593	1.00114	
1.35669	1.61445	1.76555	1.77649	1.61254	1.29669	0.849269	0.309477	-0.254554	-0.793958	-1.23081	-1.52443	-1.62749	-1.55294	-1.32396	-1.06574	-0.850354	-0.794307	-0.814842	-0.768411	-0.740681	-0.793229	-0.812067	-0.796684	-0.922451	-1.16915	-1.42369	-1.60634	-1.60587	-1.42964	-1.0691	-0.586841	-0.0277784	0.532158	1.04407	1.43842	1.70328	1.81007	1.76245	1.62577	1.42712	1.19049	0.990273	0.894846	0.915199	1.01791	1.1593	1.30713	1.44535	1.56834	1.67499	1.76514	1.84001	1.90074	1.94798	1.98381	2.01015	2.02799	2.03875	2.04244	2.04197	2.03711	2.02498	2.00559	1.97744	1.93958	1.88972	1.82625	1.74836	1.65504	1.54487	1.41823	1.27499	1.11786	0.95253	0.786569	0.623273	0.461412	0.30713	0.177741	0.0876987	0.0366537	0.0130008	0.00393791	0.00102742	0.000233937	4.84341e-05	1.12307e-05	5.4864e-06	8.53185e-06	3.34171e-05	0.0001761	0.000888484	0.00396504	0.0153211	0.0505975	0.141059	0.328099	0.631382	1.00647	
1.34584	1.6068	1.76255	1.78023	1.62275	1.31365	0.876659	0.341076	-0.22274	-0.758848	-1.20891	-1.50655	-1.63313	-1.5668	-1.36152	-1.08945	-0.853985	-0.770051	-0.771491	-0.786931	-0.793229	-0.780752	-0.766719	-0.786651	-0.932299	-1.2048	-1.45304	-1.61738	-1.60333	-1.40952	-1.04219	-0.554359	0.00614812	0.558456	1.06876	1.45811	1.71969	1.83351	1.80905	1.7105	1.55285	1.34627	1.16426	1.08677	1.12817	1.24492	1.38752	1.52837	1.65701	1.76898	1.8632	1.93833	1.99685	2.03887	2.06891	2.08728	2.09934	2.10493	2.10781	2.11031	2.10995	2.10721	2.10414	2.09747	2.08425	2.06393	2.0315	1.98656	1.92462	1.84589	1.74781	1.63187	1.49809	1.34699	1.17921	0.998983	0.817893	0.642785	0.470708	0.30713	0.172215	0.081525	0.0324778	0.0109406	0.00314235	0.000776871	0.000167056	3.18445e-05	6.27451e-06	5.54384e-06	2.86118e-05	0.000164141	0.000843099	0.0037885	0.0147181	0.0488684	0.137001	0.320495	0.620283	0.994051	
1.31923	1.58777	1.75375	1.78702	1.64888	1.35735	0.935517	0.415358	-0.142704	-0.682097	-1.14384	-1.46489	-1.62849	-1.6036	-1.43858	-1.17539	-0.920795	-0.783973	-0.74981	-0.789963	-0.812067	-0.766719	-0.753031	-0.82611	-1.00972	-1.29066	-1.51636	-1.63554	-1.58373	-1.35485	-0.972568	-0.473151	0.083514	0.630156	1.12437	1.49914	1.7571	1.87803	1.87931	1.81584	1.683	1.49103	1.33021	1.28104	1.33865	1.45479	1.59109	1.72443	1.84086	1.93515	2.00682	2.05692	2.08984	2.1076	2.11474	2.11385	2.10878	2.10355	2.09775	2.09476	2.09511	2.09875	2.10462	2.10985	2.11454	2.11398	2.10508	2.08446	2.04849	1.99419	1.91817	1.81862	1.69643	1.55305	1.39312	1.21605	1.02287	0.828478	0.642785	0.461412	0.291524	0.156451	0.070333	0.0265003	0.0084311	0.00228748	0.000534736	0.000108838	1.99566e-05	6.78044e-06	2.47694e-05	0.000143452	0.000746118	0.00339256	0.0133422	0.044874	0.127512	0.302482	0.593635	0.963844	
1.27594	1.55598	1.73758	1.79396	1.68481	1.42297	1.02703	0.530256	-0.0164119	-0.557427	-1.02933	-1.39045	-1.60011	-1.64232	-1.53916	-1.32177	-1.08704	-0.895675	-0.799217	-0.791085	-0.796684	-0.786651	-0.82611	-0.962955	-1.17783	-1.41683	-1.59735	-1.64279	-1.53842	-1.25933	-0.854256	-0.343432	0.203679	0.739753	1.21021	1.566	1.81749	1.94509	1.96963	1.92683	1.80101	1.62295	1.49208	1.46444	1.52643	1.64328	1.77398	1.89023	1.98156	2.04872	2.09125	2.1135	2.11736	2.10797	2.0881	2.06424	2.03901	2.01629	1.99973	1.99138	1.99236	2.00244	2.0204	2.04401	2.06916	2.09257	2.11083	2.1178	2.11075	2.0845	2.03733	1.96488	1.86665	1.73988	1.58629	1.4155	1.22822	1.02287	0.817893	0.623273	0.433799	0.261788	0.132792	0.0561364	0.0198615	0.00593777	0.00151647	0.000334469	6.46963e-05	1.37474e-05	2.09414e-05	0.00011607	0.000613455	0.0028406	0.0113887	0.0390912	0.113481	0.275235	0.55234	0.915861	
1.21478	1.5091	1.71094	1.79761	1.72461	1.50277	1.14726	0.67798	0.156165	-0.380242	-0.866956	-1.26622	-1.52866	-1.64833	-1.62472	-1.48763	-1.29605	-1.10181	-0.967171	-0.924969	-0.922451	-0.932299	-1.00972	-1.17783	-1.3755	-1.5531	-1.65106	-1.61718	-1.44214	-1.11989	-0.681623	-0.167129	0.368898	0.881292	1.32089	1.65761	1.89972	2.03039	2.06735	2.02753	1.90264	1.74465	1.63819	1.62334	1.69621	1.81026	1.91983	2.01048	2.07483	2.11129	2.12018	2.10628	2.07444	2.03014	1.9798	1.9275	1.88044	1.84156	1.81397	1.80184	1.80322	1.81833	1.84853	1.88924	1.93771	1.99023	2.03968	2.08219	2.11064	2.1205	2.10607	2.06394	1.99241	1.89207	1.76142	1.59765	1.4155	1.21605	0.998983	0.786569	0.584282	0.389023	0.221064	0.104749	0.0412788	0.0136294	0.00381211	0.000913683	0.000189942	3.64794e-05	1.95545e-05	8.6926e-05	0.000467069	0.00221667	0.00912309	0.0321943	0.0962298	0.240609	0.49799	0.850412	
1.1348	1.44476	1.66885	1.79194	1.76518	1.58812	1.28285	0.857271	0.366394	-0.156626	-0.650104	-1.07669	-1.39454	-1.5935	-1.65731	-1.61764	-1.5019	-1.36091	-1.24992	-1.18536	-1.16915	-1.2048	-1.29066	-1.41683	-1.5531	-1.64494	-1.6463	-1.5294	-1.28222	-0.915835	-0.460562	0.0550534	0.569691	1.05103	1.45566	1.76677	1.9964	2.12333	2.15744	2.10992	1.98845	1.84832	1.759	1.76384	1.8428	1.93829	2.02817	2.09062	2.11881	2.11477	2.08342	2.02922	1.95923	1.87918	1.79504	1.71487	1.64222	1.58428	1.54323	1.52214	1.52461	1.54999	1.59454	1.65575	1.73046	1.81179	1.89597	1.97417	2.04152	2.09144	2.11794	2.1152	2.07988	2.00618	1.89953	1.76142	1.58629	1.39312	1.17921	0.95253	0.735316	0.526151	0.329945	0.174152	0.0763042	0.0278291	0.00853163	0.00222459	0.000499228	9.86665e-05	2.59661e-05	6.12116e-05	0.000328058	0.00160506	0.00682734	0.0249487	0.0773744	0.20109	0.433006	0.768393	
1.03523	1.36115	1.60801	1.76816	1.79554	1.67312	1.42694	1.05505	0.604953	0.11308	-0.376192	-0.822557	-1.18907	-1.45173	-1.60437	-1.65802	-1.63323	-1.56488	-1.48866	-1.43687	-1.42369	-1.45304	-1.51636	-1.59735	-1.65106	-1.6463	-1.55819	-1.35784	-1.05556	-0.650145	-0.183652	0.314609	0.797821	1.23872	1.60138	1.88697	2.09905	2.20891	2.22824	2.17147	2.05386	1.926	1.8584	1.88304	1.95488	2.03636	2.0975	2.11941	2.10887	2.06346	1.98809	1.89076	1.77634	1.65595	1.53582	1.42311	1.32616	1.24851	1.19586	1.17211	1.17479	1.20414	1.26221	1.34412	1.44463	1.55974	1.68015	1.79981	1.91145	2.00534	2.07472	2.11403	2.11647	2.08529	2.00618	1.89207	1.73988	1.55305	1.34699	1.11786	0.88578	0.664535	0.450555	0.261858	0.12686	0.05098	0.0171125	0.0048522	0.00117622	0.000247225	5.06854e-05	4.37158e-05	0.00021193	0.00107246	0.00474567	0.018084	0.0586288	0.159659	0.360816	0.671624	
0.916064	1.25596	1.5259	1.72084	1.80596	1.74513	1.5629	1.26043	0.863811	0.415121	-0.0588165	-0.50337	-0.896798	-1.21238	-1.43622	-1.57468	-1.63315	-1.64281	-1.62818	-1.61094	-1.60634	-1.61738	-1.63554	-1.64279	-1.61718	-1.5294	-1.35784	-1.09694	-0.747654	-0.330408	0.129499	0.603939	1.04126	1.43413	1.75158	2.00739	2.19077	2.27303	2.2742	2.20895	2.09232	1.97887	1.93952	1.97553	2.03911	2.0984	2.12031	2.10803	2.04922	1.95708	1.83315	1.68928	1.53282	1.37052	1.21383	1.07059	0.946015	0.848979	0.781565	0.747582	0.751506	0.79256	0.866075	0.969003	1.09812	1.24425	1.40254	1.56437	1.71977	1.85975	1.97829	2.06416	2.11361	2.11647	2.07988	1.99241	1.86665	1.69643	1.49809	1.27499	1.03438	0.800467	0.574615	0.362143	0.192244	0.0846854	0.0310274	0.00954733	0.0024967	0.000561771	0.000112721	3.93138e-05	0.000126506	0.000657059	0.00304272	0.0121723	0.0415519	0.119499	0.285883	0.563555	
0.779361	1.12721	1.42015	1.64548	1.78577	1.79427	1.6805	1.45456	1.12295	0.730953	0.299706	-0.130439	-0.535728	-0.878572	-1.15593	-1.35526	-1.48595	-1.56218	-1.59434	-1.60433	-1.60587	-1.60333	-1.58373	-1.53842	-1.44214	-1.28222	-1.05557	-0.747671	-0.379846	0.0408984	0.476387	0.900115	1.28699	1.62257	1.89028	2.11231	2.25684	2.30752	2.29179	2.21761	2.1029	2.01306	2.00212	2.04274	2.09508	2.12321	2.1092	2.04788	1.94368	1.80262	1.63105	1.43762	1.23518	1.03281	0.838119	0.662448	0.514617	0.398404	0.31995	0.284054	0.288076	0.332328	0.418885	0.541886	0.695504	0.875569	1.07241	1.27672	1.47761	1.66698	1.83435	1.96688	2.06416	2.11403	2.1152	2.06394	1.96488	1.81862	1.63187	1.41823	1.17736	0.932416	0.696639	0.46835	0.269335	0.129093	0.0513656	0.0170894	0.00480753	0.00115734	0.000242442	5.42441e-05	7.2646e-05	0.000366864	0.00178526	0.00754442	0.0273025	0.0835438	0.213351	0.449669	
0.630402	0.974508	1.28821	1.54047	1.72798	1.80684	1.76463	1.62065	1.36849	1.04575	0.664248	0.272453	-0.113284	-0.463176	-0.765477	-1.00354	-1.18309	-1.30468	-1.37909	-1.41973	-1.42964	-1.40952	-1.35485	-1.25933	-1.1199	-0.915859	-0.650205	-0.33054	0.0406948	0.428082	0.824567	1.19323	1.51507	1.78549	2.00622	2.18657	2.28521	2.30802	2.27792	2.19538	2.09061	2.03374	2.04761	2.0892	2.12343	2.11543	2.06051	1.95298	1.80005	1.60574	1.38592	1.14563	0.898259	0.655563	0.427248	0.22218	0.0477878	-0.0861545	-0.17682	-0.221509	-0.216379	-0.162164	-0.0627183	0.0797033	0.260707	0.470882	0.704015	0.947988	1.19387	1.43247	1.64657	1.83435	1.97829	2.07472	2.11794	2.10607	2.03733	1.91817	1.74781	1.54487	1.31023	1.05865	0.813585	0.57472	0.353628	0.182785	0.0784726	0.0280865	0.00846491	0.00217358	0.000481534	9.7358e-05	4.69728e-05	0.000186379	0.000950568	0.00426594	0.0164662	0.0539792	0.148312	0.337326	
0.478236	0.801342	1.1282	1.40426	1.62848	1.77413	1.80468	1.74125	1.57535	1.32687	1.02875	0.681544	0.335545	-0.00194229	-0.300247	-0.554945	-0.75884	-0.906402	-1.00428	-1.05838	-1.0691	-1.04219	-0.972573	-0.854271	-0.681672	-0.460698	-0.183986	0.128778	0.475077	0.822865	1.16166	1.44951	1.70792	1.91076	2.08342	2.21427	2.27067	2.27346	2.23022	2.14482	2.06422	2.04702	2.07967	2.11593	2.12502	2.08	1.98101	1.82471	1.62305	1.3815	1.11024	0.825168	0.534741	0.253893	-0.00676736	-0.238698	-0.430949	-0.579818	-0.681712	-0.729663	-0.724259	-0.665431	-0.553609	-0.396072	-0.195493	0.0437651	0.308808	0.592182	0.883144	1.16622	1.43247	1.66698	1.85975	2.00534	2.09144	2.1205	2.0845	1.99419	1.84589	1.65504	1.42995	1.17699	0.923704	0.677056	0.440372	0.243138	0.111793	0.0427866	0.0137452	0.00374828	0.000877894	0.000180255	4.50864e-05	8.7962e-05	0.00045581	0.00217974	0.00901847	0.0318563	0.0948241	0.234734	
0.334712	0.616582	0.941443	1.2375	1.48648	1.68636	1.79169	1.80009	1.73107	1.56342	1.33771	1.06889	0.77719	0.482654	0.206963	-0.0399401	-0.242473	-0.399569	-0.512347	-0.574566	-0.586843	-0.554367	-0.473178	-0.343522	-0.167391	0.0543737	0.313041	0.600714	0.894269	1.1843	1.43979	1.66704	1.84402	1.98053	2.10883	2.18785	2.21424	2.20257	2.14904	2.07525	2.03501	2.05705	2.10052	2.12644	2.10469	2.02102	1.87785	1.67558	1.42339	1.13413	0.818271	0.489156	0.160755	-0.154431	-0.443712	-0.697134	-0.90925	-1.07062	-1.17537	-1.22422	-1.21869	-1.15883	-1.04291	-0.870674	-0.649699	-0.388441	-0.0925573	0.225486	0.555418	0.883144	1.19387	1.47761	1.71977	1.91145	2.04152	2.11064	2.11075	2.04849	1.92462	1.74836	1.53482	1.28543	1.02593	0.772714	0.525385	0.306888	0.149943	0.0609641	0.0207562	0.00598047	0.00147512	0.000315517	6.37775e-05	4.29799e-05	0.000196073	0.00099767	0.00443922	0.0169671	0.0550023	0.149228	
0.212179	0.434878	0.733987	1.04179	1.30906	1.53995	1.71562	1.79507	1.79904	1.73396	1.59145	1.39907	1.17236	0.93434	0.699681	0.48389	0.297607	0.148862	0.0465389	-0.0136387	-0.0277898	0.00610405	0.0833631	0.203222	0.367667	0.566744	0.791516	1.02915	1.26609	1.48312	1.66675	1.80653	1.90185	1.99571	2.06994	2.10716	2.11897	2.09439	2.04226	2.00205	2.0129	2.06784	2.11382	2.12134	2.06674	1.94527	1.75665	1.51123	1.21343	0.878647	0.519437	0.151787	-0.210053	-0.55485	-0.865255	-1.13713	-1.35887	-1.52735	-1.64306	-1.70097	-1.69433	-1.62423	-1.498	-1.31901	-1.0863	-0.80551	-0.488758	-0.138787	0.225486	0.592182	0.947988	1.27672	1.56437	1.79981	1.97417	2.08219	2.1178	2.08446	1.98656	1.82625	1.624	1.38167	1.11909	0.860194	0.605501	0.370735	0.190955	0.081911	0.0293754	0.00889338	0.00229872	0.000513091	0.000101473	2.89486e-05	7.65216e-05	0.000406234	0.00194627	0.00806669	0.0285646	0.0853173	
0.11966	0.274903	0.520809	0.818856	1.10317	1.34864	1.56416	1.72146	1.79408	1.80143	1.74941	1.64371	1.49658	1.32531	1.14458	0.972317	0.816271	0.689997	0.595783	0.542567	0.532094	0.558228	0.629433	0.737736	0.876308	1.04008	1.21718	1.39588	1.56095	1.69556	1.79403	1.85334	1.89895	1.93626	1.96054	1.98427	1.98541	1.95366	1.92806	1.94219	2.00395	2.07928	2.11912	2.10493	2.01675	1.85856	1.62917	1.34022	1.00147	0.626236	0.22888	-0.173258	-0.565004	-0.930451	-1.25998	-1.53937	-1.76487	-1.93638	-2.04672	-2.09637	-2.09086	-2.02958	-1.90698	-1.72401	-1.4878	-1.19771	-0.859699	-0.488758	-0.0925573	0.308808	0.704015	1.07241	1.40254	1.68015	1.89597	2.03968	2.11083	2.10508	2.0315	1.88972	1.69916	1.46501	1.20188	0.938352	0.67847	0.431752	0.232605	0.10453	0.0392362	0.0124086	0.00334291	0.000775751	0.000157133	3.1517e-05	2.9197e-05	0.000146701	0.000754906	0.00339357	0.0131346	0.0432511	
0.0591676	0.152647	0.327168	0.581092	0.86695	1.12952	1.35784	1.55788	1.70628	1.78665	1.80677	1.77638	1.70617	1.60722	1.49206	1.37294	1.26047	1.16728	1.09699	1.05488	1.04376	1.06772	1.12136	1.20255	1.30364	1.42113	1.53936	1.65063	1.73994	1.80048	1.82634	1.82336	1.80629	1.7927	1.80592	1.82489	1.81328	1.79978	1.8305	1.9064	2.00797	2.09156	2.11888	2.07933	1.96046	1.7674	1.50105	1.17463	0.796778	0.386762	-0.042877	-0.473707	-0.886663	-1.27085	-1.60842	-1.89112	-2.11767	-2.28103	-2.38312	-2.43065	-2.42533	-2.36715	-2.25367	-2.07741	-1.8384	-1.5454	-1.19771	-0.80551	-0.388441	0.0437651	0.470882	0.875569	1.24425	1.55974	1.81179	1.99023	2.09257	2.11398	2.06393	1.93958	1.76038	1.5354	1.27381	1.00648	0.742717	0.487522	0.272685	0.127487	0.0497621	0.0163405	0.00456243	0.0010952	0.000228506	4.28009e-05	1.41189e-05	4.73522e-05	0.000258024	0.00125592	0.00530526	0.0192345	
0.0254106	0.0734086	0.17801	0.360061	0.609016	0.878047	1.12315	1.3366	1.52151	1.66607	1.75984	1.80281	1.80258	1.76914	1.71441	1.64844	1.58037	1.51789	1.47245	1.44513	1.43706	1.45403	1.4884	1.5412	1.60715	1.67545	1.73821	1.78638	1.80909	1.79931	1.75429	1.68759	1.62673	1.60402	1.61642	1.62287	1.6221	1.66522	1.76749	1.89587	2.02051	2.10074	2.11276	2.05013	1.90218	1.67934	1.37994	1.02143	0.610924	0.170297	-0.286799	-0.738973	-1.17034	-1.56204	-1.90237	-2.18213	-2.39317	-2.54428	-2.64716	-2.69922	-2.69337	-2.63045	-2.51812	-2.35646	-2.13151	-1.8384	-1.4878	-1.0863	-0.649699	-0.195493	0.260707	0.695504	1.09812	1.44463	1.73046	1.93771	2.06916	2.11454	2.08425	1.97744	1.80916	1.59293	1.3344	1.06424	0.797305	0.536191	0.309184	0.149364	0.0602363	0.0204124	0.00587271	0.00145036	0.000310743	5.85503e-05	1.15893e-05	1.4403e-05	7.76857e-05	0.000407754	0.00187416	0.00745591	
0.00943917	0.0303559	0.0828397	0.190453	0.368007	0.602001	0.852343	1.08334	1.2845	1.45653	1.59657	1.70004	1.76582	1.79745	1.8021	1.78895	1.76632	1.73913	1.71554	1.70127	1.69822	1.70591	1.72443	1.74982	1.77628	1.79562	1.80316	1.78897	1.7464	1.67257	1.57518	1.47588	1.40436	1.37786	1.382	1.39981	1.45393	1.57548	1.74022	1.90145	2.03558	2.10787	2.10347	2.01984	1.84882	1.59906	1.27382	0.886909	0.451844	-0.0154495	-0.491317	-0.963493	-1.40376	-1.79934	-2.13976	-2.40249	-2.58987	-2.71874	-2.79676	-2.8302	-2.82674	-2.78515	-2.69717	-2.55737	-2.35646	-2.07741	-1.72401	-1.31901	-0.870674	-0.396072	0.0797033	0.541886	0.969003	1.34412	1.65575	1.88924	2.04401	2.10985	2.09747	2.00559	1.84593	1.63743	1.38325	1.11142	0.841758	0.576468	0.340416	0.168804	0.0698851	0.0242899	0.00715881	0.00180888	0.000396027	7.59065e-05	1.32667e-05	5.13148e-06	2.07521e-05	0.000116133	0.000578432	0.00251331	
0.00303314	0.0107804	0.0328432	0.0851747	0.187272	0.349683	0.560666	0.789452	1.00674	1.19847	1.3618	1.49673	1.60314	1.68175	1.73485	1.7672	1.78499	1.79301	1.79433	1.7937	1.79387	1.79392	1.79428	1.79074	1.77937	1.75645	1.71666	1.6542	1.56693	1.45689	1.33438	1.21909	1.13709	1.10779	1.13283	1.20757	1.34084	1.532	1.73678	1.91421	2.04898	2.11067	2.09463	1.99325	1.80374	1.53456	1.18725	0.780658	0.324368	-0.160589	-0.652393	-1.13753	-1.58372	-1.98181	-2.31349	-2.56107	-2.72311	-2.80668	-2.83425	-2.83777	-2.83772	-2.83173	-2.79551	-2.69717	-2.51812	-2.25367	-1.90698	-1.498	-1.04291	-0.553609	-0.0627183	0.418885	0.866075	1.26221	1.59454	1.84853	2.0204	2.10462	2.10414	2.02498	1.87342	1.66996	1.41965	1.14747	0.875797	0.607552	0.365092	0.18462	0.0779648	0.0276235	0.00829132	0.00213155	0.000474374	9.22966e-05	1.59239e-05	3.11383e-06	5.10839e-06	2.90908e-05	0.000156199	0.000737424	
0.0008457	0.00329714	0.0111163	0.0322057	0.0798267	0.16917	0.308179	0.489105	0.690696	0.889989	1.0717	1.22917	1.36084	1.46738	1.55039	1.61221	1.65638	1.68693	1.70618	1.71605	1.7182	1.713	1.69956	1.67616	1.64054	1.58988	1.52003	1.42845	1.31444	1.18106	1.03921	0.912526	0.836287	0.840818	0.929046	1.08094	1.28286	1.51835	1.74278	1.92683	2.05926	2.11175	2.08672	1.97297	1.77093	1.48708	1.12655	0.703956	0.235953	-0.263192	-0.764765	-1.2551	-1.71117	-2.10215	-2.4267	-2.67122	-2.80188	-2.83254	-2.82204	-2.8124	-2.81347	-2.82482	-2.83173	-2.78515	-2.63045	-2.36715	-2.02958	-1.62423	-1.15883	-0.665431	-0.162164	0.332328	0.79256	1.20414	1.54999	1.81833	2.00244	2.09875	2.10721	2.03711	1.89211	1.69179	1.4439	1.17192	0.899071	0.628922	0.382312	0.195886	0.0838417	0.0300958	0.00914605	0.00237896	0.000535327	0.000105249	1.82554e-05	2.94362e-06	1.37288e-06	6.45604e-06	3.70261e-05	0.00018892	
0.000205583	0.000872957	0.00322966	0.0103513	0.0286176	0.0681321	0.140042	0.250573	0.395924	0.563039	0.735619	0.900043	1.04773	1.17457	1.27945	1.36287	1.42634	1.47224	1.50288	1.51962	1.52335	1.5145	1.49233	1.45584	1.40321	1.33205	1.24029	1.12726	0.994381	0.848331	0.706045	0.599072	0.568018	0.639281	0.800679	1.01473	1.25861	1.51609	1.74896	1.93428	2.06293	2.11271	2.08282	1.96061	1.75496	1.45958	1.09594	0.660664	0.190941	-0.320175	-0.823099	-1.3173	-1.78093	-2.16114	-2.48617	-2.73225	-2.83622	-2.83307	-2.81003	-2.80267	-2.80314	-2.81347	-2.83772	-2.82674	-2.69337	-2.42533	-2.09086	-1.69433	-1.21869	-0.724259	-0.216379	0.288076	0.751506	1.17479	1.52461	1.80322	1.99236	2.09511	2.10995	2.04197	1.90092	1.70354	1.45674	1.18467	0.911282	0.640213	0.391494	0.201966	0.0870544	0.0314639	0.00962419	0.00251873	0.000570069	0.000112695	1.96354e-05	3.0614e-06	6.01268e-07	1.30364e-06	7.74046e-06	4.24506e-05	
4.38195e-05	0.000201342	0.000811151	0.00285039	0.00870056	0.0230196	0.0528421	0.105793	0.186592	0.294089	0.42121	0.55765	0.693174	0.819683	0.931827	1.02662	1.10274	1.16007	1.19933	1.22125	1.22628	1.21456	1.1858	1.13941	1.07461	0.990967	0.889126	0.771381	0.643039	0.515087	0.407867	0.352938	0.38515	0.519892	0.733532	0.982741	1.24603	1.51235	1.74862	1.93479	2.063	2.11267	2.08248	1.95936	1.75361	1.45699	1.09325	0.656622	0.186926	-0.325549	-0.8284	-1.32323	-1.78755	-2.16637	-2.49175	-2.73798	-2.8389	-2.83254	-2.8089	-2.80229	-2.80267	-2.8124	-2.83777	-2.8302	-2.69922	-2.43065	-2.09637	-1.70097	-1.22422	-0.729663	-0.221509	0.284054	0.747582	1.17211	1.52214	1.80184	1.99138	2.09476	2.11031	2.04244	1.9017	1.7046	1.45789	1.18582	0.912391	0.641242	0.392335	0.202526	0.0873519	0.0315912	0.00966888	0.00253184	0.000573338	0.000113398	1.9765e-05	3.06341e-06	4.5327e-07	2.70064e-07	1.43723e-06	8.41e-06	
8.23851e-06	4.0725e-05	0.000177451	0.000678277	0.00226527	0.0065942	0.0167311	0.0371218	0.07254	0.126207	0.198161	0.284943	0.380645	0.478514	0.572298	0.656975	0.728887	0.785597	0.825708	0.848558	0.853859	0.841539	0.811745	0.764879	0.701868	0.624507	0.535789	0.440273	0.344924	0.260701	0.205179	0.204114	0.285097	0.457943	0.697289	0.96118	1.23127	1.50072	1.73897	1.9275	2.06014	2.11184	2.08563	1.96973	1.7664	1.47975	1.11801	0.692335	0.223479	-0.27855	-0.780843	-1.27201	-1.73009	-2.11872	-2.44292	-2.68766	-2.8117	-2.83328	-2.8186	-2.8089	-2.81003	-2.82204	-2.83425	-2.79676	-2.64716	-2.38312	-2.04672	-1.64306	-1.17537	-0.681712	-0.17682	0.31995	0.781565	1.19586	1.54323	1.81397	1.99973	2.09775	2.10781	2.03875	1.89471	1.69491	1.44733	1.17538	0.902395	0.631992	0.384806	0.197535	0.084711	0.030465	0.00927475	0.00241649	0.000544634	0.000107238	1.86106e-05	2.86963e-06	4.00017e-07	8.28176e-08	2.41282e-07	1.47726e-06	
1.37439e-06	7.2718e-06	3.40671e-05	0.000140672	0.000510018	0.0016193	0.00449904	0.0109595	0.0235256	0.0448715	0.0768815	0.119811	0.172004	0.230241	0.290447	0.348421	0.400363	0.44314	0.474394	0.492564	0.49681	0.486936	0.46339	0.427293	0.380521	0.325762	0.266511	0.207111	0.153075	0.112307	0.0978602	0.13059	0.235028	0.421717	0.668783	0.936624	1.20777	1.47862	1.72032	1.91175	2.05012	2.11079	2.09294	1.98865	1.79596	1.5236	1.17276	0.762829	0.30319	-0.184635	-0.679112	-1.16552	-1.61333	-2.01084	-2.34044	-2.58671	-2.743	-2.81544	-2.83328	-2.83254	-2.83307	-2.83254	-2.80668	-2.71874	-2.54428	-2.28103	-1.93638	-1.52735	-1.07062	-0.579818	-0.0861545	0.398404	0.848979	1.24851	1.58428	1.84156	2.01629	2.10355	2.10493	2.02799	1.87793	1.67515	1.42543	1.15327	0.881306	0.612611	0.369158	0.187267	0.0793378	0.0281979	0.00848886	0.00218846	0.00048833	9.52411e-05	1.63785e-05	2.50294e-06	3.42795e-07	4.68171e-08	3.94357e-08	2.31574e-07	
2.04628e-07	1.15351e-06	5.78025e-06	2.56328e-05	0.000100213	0.000344447	0.00103953	0.00275711	0.006449	0.0133872	0.0248801	0.0418339	0.0643549	0.091579	0.121777	0.152658	0.181733	0.206642	0.225386	0.236492	0.239105	0.233027	0.218721	0.197297	0.170454	0.140373	0.10956	0.0807563	0.057194	0.0439306	0.050957	0.096705	0.205468	0.391033	0.636445	0.903699	1.17356	1.44456	1.69104	1.88789	2.03396	2.10774	2.10142	2.01398	1.8391	1.58484	1.25485	0.863269	0.423592	-0.0478968	-0.526888	-1.00259	-1.4438	-1.84037	-2.17952	-2.4382	-2.62117	-2.743	-2.8117	-2.8389	-2.83622	-2.80188	-2.72311	-2.58987	-2.39317	-2.11767	-1.76487	-1.35887	-0.90925	-0.430949	0.0477878	0.514617	0.946015	1.32616	1.64222	1.88044	2.03901	2.10878	2.09934	2.01015	1.85213	1.64487	1.39152	1.1195	0.849383	0.58343	0.345913	0.172297	0.0716539	0.0250135	0.00740276	0.00187789	0.000412667	7.93202e-05	1.34517e-05	2.02819e-06	2.73802e-07	3.38598e-08	8.26343e-09	3.27662e-08	
