0.0823142	0.0228448	0.00476757	0.000765293	9.67063e-05	9.82481e-06	8.17312e-07	5.65561e-08	3.32801e-09	4.66203e-10	2.57623e-09	1.76917e-08	9.76123e-08	4.27703e-07	1.47975e-06	4.04376e-06	8.80751e-06	1.55437e-05	2.26841e-05	2.78738e-05	2.91929e-05	2.61528e-05	1.98903e-05	1.26463e-05	6.58478e-06	2.7559e-06	9.1942e-07	2.43075e-07	5.07279e-08	8.3736e-09	1.10222e-09	1.17074e-10	1.01673e-11	7.3137e-13	4.41065e-14	2.2544e-15	9.86122e-17	3.72317e-18	1.22249e-19	3.51406e-21	8.89464e-23	1.99266e-24	3.96906e-26	7.05696e-28	1.12394e-29	1.60839e-31	2.07382e-33	2.83822e-35	7.89441e-35	1.17733e-33	1.40292e-32	1.32296e-31	9.88296e-31	5.82236e-30	2.59018e-29	8.00643e-29	1.77197e-28	3.75287e-28	8.35507e-28	6.74413e-27	3.92389e-25	2.43949e-23	1.3706e-21	6.91779e-20	3.12454e-18	1.2574e-16	4.48638e-15	1.41129e-13	3.8893e-12	9.3216e-11	1.9268e-09	3.40182e-08	5.0727e-07	6.30578e-06	6.43532e-05	0.000529653	0.00344424	0.017299	0.0656162	0.185097	0.390935	0.647558	0.907758	1.15	1.3707	1.55514	1.70312	1.80698	1.8698	1.89448	1.87763	1.8224	1.72799	1.58762	1.4108	1.19624	0.958195	0.700279	0.440616	0.219902	
0.0228448	0.00526024	0.000931405	0.000129364	1.4375e-05	1.30114e-06	9.74663e-08	6.17792e-09	9.40261e-10	5.88415e-09	4.57946e-08	2.88272e-07	1.45035e-06	5.7934e-06	1.83419e-05	4.63049e-05	9.45756e-05	0.000159336	0.000225882	0.000273402	0.000285423	0.000257788	0.00020009	0.000131836	7.25145e-05	3.26071e-05	1.18189e-05	3.41848e-06	7.8305e-07	1.41874e-07	2.04518e-08	2.37094e-09	2.23882e-10	1.74452e-11	1.13565e-12	6.24593e-14	2.93151e-15	1.18465e-16	4.15428e-18	1.27296e-19	3.42916e-21	8.16491e-23	1.72648e-24	3.25564e-26	5.49509e-28	8.32886e-30	1.13706e-31	1.84934e-33	7.89687e-33	1.11815e-31	1.26589e-30	1.13709e-29	8.11341e-29	4.5766e-28	1.95921e-27	5.91146e-27	1.29191e-26	2.66137e-26	5.22171e-26	7.26131e-26	8.91282e-26	1.32329e-24	7.61773e-23	4.08773e-21	1.96702e-19	8.45131e-18	3.22737e-16	1.08977e-14	3.23475e-13	8.38416e-12	1.88313e-10	3.63326e-09	5.9612e-08	8.22118e-07	9.40267e-06	8.78105e-05	0.000657886	0.0038781	0.0176357	0.0608957	0.159125	0.321328	0.525919	0.738484	0.937172	1.11005	1.24876	1.35028	1.41654	1.44276	1.42507	1.36608	1.27187	1.14089	0.973964	0.780019	0.568629	0.360024	0.186729	0.0751194	
0.00476757	0.000931405	0.00014249	1.73706e-05	1.71656e-06	1.39678e-07	9.56939e-09	1.58301e-09	1.11068e-08	9.70609e-08	6.90069e-07	3.94099e-06	1.79335e-05	6.47756e-05	0.000186294	0.000431841	0.000822878	0.00131742	0.00180703	0.00215011	0.00223664	0.00203819	0.00161924	0.00111067	0.00064818	0.00031487	0.000124844	3.98085e-05	1.00896e-05	2.02243e-06	3.21638e-07	4.09642e-08	4.23001e-09	3.58814e-10	2.5321e-11	1.50394e-12	7.59739e-14	3.29477e-15	1.23675e-16	4.04746e-18	1.16228e-19	2.94521e-21	6.61859e-23	1.32487e-24	2.37154e-26	3.80914e-28	5.50866e-30	1.15169e-31	7.21825e-31	9.6944e-30	1.0421e-28	8.9104e-28	6.06838e-27	3.27547e-26	1.3488e-25	3.96961e-25	8.56151e-25	1.71965e-24	3.25775e-24	4.45538e-24	4.30592e-24	2.99309e-24	5.02329e-24	2.02472e-22	1.03311e-20	4.73238e-19	1.931e-17	6.98494e-16	2.22774e-14	6.22608e-13	1.51416e-11	3.17884e-10	5.70861e-09	8.67772e-08	1.10325e-06	1.15711e-05	9.85771e-05	0.000670667	0.00358108	0.0147827	0.0468406	0.114935	0.224869	0.365772	0.517246	0.66197	0.784751	0.877554	0.935291	0.956548	0.942433	0.89191	0.805658	0.688552	0.547097	0.395751	0.25098	0.133583	0.0569733	0.018826	
0.000765293	0.000129364	1.73706e-05	1.88207e-06	1.67063e-07	1.2422e-08	2.23488e-09	1.742e-08	1.69576e-07	1.35031e-06	8.67564e-06	4.45323e-05	0.000181459	0.000586842	0.00151976	0.00321166	0.00567518	0.00858859	0.0113442	0.0132313	0.0137054	0.0126195	0.0103002	0.00739385	0.00460213	0.0024305	0.0010627	0.000377037	0.00010678	2.39101e-05	4.23288e-06	5.97001e-07	6.78797e-08	6.30507e-09	4.84746e-10	3.12251e-11	1.70391e-12	7.95426e-14	3.20432e-15	1.12249e-16	3.44252e-18	9.29838e-20	2.22364e-21	4.73013e-23	8.98718e-25	1.53073e-26	2.34673e-28	7.05962e-30	6.01737e-29	7.65779e-28	7.81008e-27	6.35156e-26	4.12534e-25	2.12915e-24	8.42924e-24	2.41785e-23	5.14269e-23	1.00722e-22	1.84295e-22	2.48639e-22	2.40581e-22	1.67015e-22	8.7843e-23	5.28284e-23	4.78289e-22	2.23538e-20	9.72756e-19	3.76206e-17	1.2862e-15	3.86519e-14	1.01439e-12	2.3079e-11	4.51404e-10	7.518e-09	1.05462e-07	1.23077e-06	1.17847e-05	9.11855e-05	0.00056128	0.00270946	0.0101661	0.0297166	0.0689031	0.130642	0.209808	0.296237	0.378188	0.444895	0.488194	0.504645	0.493692	0.455613	0.392992	0.313252	0.226789	0.145237	0.0793921	0.0356938	0.0127498	0.00354545	
9.67063e-05	1.4375e-05	1.71656e-06	1.67063e-07	1.3547e-08	2.65355e-09	2.27871e-08	2.45368e-07	2.17261e-06	1.55892e-05	8.95889e-05	0.000408557	0.00147241	0.00421259	0.0097224	0.0185758	0.0302309	0.042989	0.0543864	0.0619473	0.063827	0.0595138	0.0501357	0.03788	0.0252983	0.0146291	0.00712046	0.00284237	0.000910369	0.000230462	4.59221e-05	7.24252e-06	9.14322e-07	9.36544e-08	7.89107e-09	5.54028e-10	3.27947e-11	1.65384e-12	7.1716e-14	2.69596e-15	8.84925e-17	2.55241e-18	6.50543e-20	1.47243e-21	2.97253e-23	5.37326e-25	8.74368e-27	4.34415e-28	4.56499e-27	5.49896e-26	5.31609e-25	4.10806e-24	2.54213e-23	1.25348e-22	4.76797e-22	1.33176e-21	2.79131e-21	5.33094e-21	9.42402e-21	1.25357e-20	1.21469e-20	8.58471e-21	4.6761e-21	2.42085e-21	1.12923e-21	1.26604e-21	4.17942e-20	1.7213e-18	6.29463e-17	2.02872e-15	5.72784e-14	1.40706e-12	2.98413e-11	5.41604e-10	8.32831e-09	1.07282e-07	1.1431e-06	9.93571e-06	6.94332e-05	0.000384799	0.00167436	0.00570978	0.0154224	0.0337314	0.0614005	0.0959457	0.132535	0.165033	0.18778	0.196891	0.190787	0.170531	0.139564	0.103263	0.0678593	0.0385097	0.0182966	0.00705795	0.00215589	0.000515545	
9.82481e-06	1.30114e-06	1.39678e-07	1.2422e-08	2.65355e-09	2.49152e-08	2.94931e-07	2.8857e-06	2.2981e-05	0.000146988	0.000745981	0.00297885	0.00935053	0.0233279	0.0474196	0.0811776	0.12082	0.160475	0.193472	0.214315	0.219365	0.207688	0.181429	0.145047	0.104592	0.0667067	0.0365223	0.0166192	0.00610857	0.00177446	0.000403496	7.20209e-05	1.01982e-05	1.16174e-06	1.08033e-07	8.31569e-09	5.36568e-10	2.93514e-11	1.37478e-12	5.56218e-14	1.95887e-15	6.04591e-17	1.64518e-18	3.96782e-20	8.52135e-22	1.63637e-23	2.83308e-25	2.67447e-26	3.14398e-25	3.58058e-24	3.27752e-23	2.4039e-22	1.4157e-21	6.66241e-21	2.43303e-20	6.61099e-20	1.36423e-19	2.54064e-19	4.34091e-19	5.69018e-19	5.52201e-19	3.97515e-19	2.24451e-19	1.18802e-19	5.54168e-20	1.89112e-20	6.39915e-21	6.85212e-20	2.63703e-18	9.0932e-17	2.75433e-15	7.2814e-14	1.66789e-12	3.2833e-11	5.50298e-10	7.77078e-09	9.13683e-08	8.8302e-07	6.91902e-06	4.33725e-05	0.000215167	0.000840765	0.00260132	0.00647362	0.0132363	0.0227858	0.0339407	0.0446583	0.0526376	0.0559489	0.053722	0.0465494	0.0361999	0.0249461	0.0149435	0.00757708	0.00316823	0.00106578	0.000283503	5.93388e-05	
8.17312e-07	9.74663e-08	9.56939e-09	2.23488e-09	2.27871e-08	2.94931e-07	3.17126e-06	2.78811e-05	0.000197518	0.00111113	0.00490087	0.0168276	0.0451554	0.0966465	0.17101	0.260296	0.352628	0.435888	0.499774	0.537288	0.545919	0.525646	0.477138	0.40452	0.316249	0.223605	0.139013	0.0731292	0.0313819	0.0106532	0.00281233	0.000576663	9.27375e-05	1.18696e-05	1.22844e-06	1.04382e-07	7.38355e-09	4.40179e-10	2.23576e-11	9.7674e-13	3.70093e-14	1.22516e-15	3.56633e-17	9.18026e-19	2.10024e-20	4.28936e-22	7.94228e-24	1.60803e-24	1.96043e-23	2.10805e-22	1.82468e-21	1.26856e-20	7.10057e-20	3.18562e-19	1.11588e-18	2.94636e-18	5.98032e-18	1.08598e-17	1.79413e-17	2.31644e-17	2.25154e-17	1.65171e-17	9.66083e-18	5.23033e-18	2.48031e-18	8.74041e-19	2.35169e-19	5.19313e-20	1.03749e-19	3.51262e-18	1.13829e-16	3.22899e-15	7.96102e-14	1.6928e-12	3.07738e-11	4.73585e-10	6.1016e-09	6.50128e-08	5.6542e-07	3.96136e-06	2.21016e-05	9.75211e-05	0.000340705	0.000952504	0.00216585	0.00408046	0.00651838	0.00902012	0.0109664	0.0117914	0.0112354	0.00947523	0.00703429	0.00453939	0.00249488	0.00114094	0.000424909	0.000126422	2.97257e-05	5.5232e-06	
5.65561e-08	6.17792e-09	1.58301e-09	1.742e-08	2.45368e-07	2.8857e-06	2.78811e-05	0.000217907	0.00135494	0.00659337	0.0247745	0.0715386	0.160691	0.290721	0.444969	0.602298	0.745975	0.862717	0.94692	0.993618	1.00392	0.979577	0.917851	0.819821	0.691427	0.540204	0.382048	0.234782	0.119701	0.0485063	0.0151823	0.00364288	0.000675562	9.83531e-05	1.14414e-05	1.08182e-06	8.44385e-08	5.51554e-09	3.05138e-10	1.44476e-11	5.90795e-13	2.10315e-14	6.56321e-16	1.80649e-17	4.40925e-19	9.58933e-21	1.92397e-22	9.16228e-23	1.10341e-21	1.11857e-20	9.14161e-20	6.01497e-19	3.19517e-18	1.36477e-17	4.58061e-17	1.17385e-16	2.34097e-16	4.14475e-16	6.62442e-16	8.42064e-16	8.19822e-16	6.13126e-16	3.71213e-16	2.05643e-16	9.92679e-17	3.62204e-17	1.01874e-17	2.26199e-18	4.06139e-19	1.76043e-19	4.08259e-18	1.23745e-16	3.27395e-15	7.49314e-14	1.47129e-12	2.45528e-11	3.44578e-10	4.01945e-09	3.84791e-08	2.98396e-07	1.85193e-06	9.11911e-06	3.55531e-05	0.000110455	0.000276786	0.000566972	0.000966154	0.00139861	0.0017456	0.00189459	0.00179406	0.00147903	0.00105376	0.000640215	0.000324946	0.000135183	4.53084e-05	1.20635e-05	2.53767e-06	4.23342e-07	
3.32801e-09	9.40261e-10	1.11068e-08	1.69576e-07	2.17261e-06	2.2981e-05	0.000197518	0.00135494	0.00727623	0.0300162	0.0938152	0.222329	0.410959	0.627722	0.842336	1.03628	1.20129	1.32902	1.42001	1.4744	1.48769	1.45775	1.38816	1.28229	1.1394	0.961777	0.758063	0.540198	0.329917	0.162806	0.0618762	0.0177603	0.0038681	0.000649979	8.59762e-05	9.12941e-06	7.92087e-07	5.70292e-08	3.45335e-09	1.77925e-10	7.8785e-12	3.02439e-13	1.01419e-14	2.99067e-16	7.80045e-18	1.80905e-19	4.07857e-21	4.82674e-21	5.58663e-20	5.3298e-19	4.10544e-18	2.55206e-17	1.28435e-16	5.21493e-16	1.675e-15	4.16036e-15	8.14183e-15	1.4053e-14	2.1742e-14	2.71996e-14	2.65266e-14	2.02315e-14	1.26692e-14	7.18469e-15	3.53543e-15	1.3373e-15	3.93815e-16	9.21028e-17	1.73494e-17	2.66093e-18	4.59685e-19	4.1628e-18	1.16921e-16	2.87141e-15	6.06767e-14	1.09336e-12	1.6631e-11	2.1114e-10	2.20971e-09	1.88173e-08	1.28759e-07	7.00819e-07	3.01991e-06	1.03325e-05	2.83114e-05	6.26829e-05	0.000113412	0.000170888	0.000218026	0.000238427	0.000224652	0.000181748	0.000124891	7.17748e-05	3.3841e-05	1.29025e-05	3.92594e-06	9.44488e-07	1.79494e-07	2.71331e-08	
4.66203e-10	5.88415e-09	9.70609e-08	1.35031e-06	1.55892e-05	0.000146988	0.00111113	0.00659337	0.0300162	0.102598	0.260243	0.497719	0.763224	1.02199	1.261	1.47351	1.64794	1.78413	1.87328	1.92546	1.93879	1.90922	1.84222	1.73513	1.58233	1.39323	1.16729	0.9206	0.65647	0.395514	0.186198	0.0654449	0.0170873	0.00336913	0.000513332	6.18376e-05	6.01186e-06	4.8017e-07	3.19911e-08	1.80121e-09	8.66665e-11	3.59803e-12	1.29963e-13	4.11404e-15	1.14857e-16	2.84492e-18	7.98683e-20	2.3118e-19	2.53468e-18	2.27113e-17	1.64546e-16	9.64391e-16	4.58905e-15	1.76818e-14	5.42704e-14	1.3045e-13	2.5017e-13	4.20858e-13	6.30746e-13	7.76349e-13	7.5848e-13	5.90064e-13	3.81857e-13	2.21796e-13	1.11436e-13	4.37564e-14	1.35129e-14	3.33497e-15	6.65296e-16	1.0815e-16	1.43786e-17	1.68554e-18	3.79083e-18	9.59691e-17	2.1755e-15	4.21761e-14	6.9239e-13	9.51986e-12	1.08297e-10	1.00614e-09	7.53531e-09	4.49815e-08	2.12546e-07	7.94893e-07	2.36585e-06	5.63256e-06	1.07777e-05	1.68285e-05	2.18702e-05	2.40633e-05	2.25819e-05	1.79854e-05	1.19724e-05	6.53488e-06	2.87686e-06	1.01159e-06	2.81482e-07	6.16754e-08	1.06745e-08	1.48631e-09	
2.57623e-09	4.57946e-08	6.90069e-07	8.67564e-06	8.95889e-05	0.000745981	0.00490087	0.0247745	0.0938152	0.260243	0.52889	0.831863	1.12928	1.42016	1.67907	1.89541	2.05518	2.17012	2.24368	2.27903	2.28685	2.26868	2.21917	2.12933	1.99795	1.81482	1.58045	1.3054	1.0114	0.709803	0.411858	0.180082	0.0574508	0.0135131	0.00240296	0.000331784	3.64363e-05	3.24902e-06	2.39383e-07	1.47897e-08	7.75868e-10	3.49314e-11	1.36218e-12	4.63755e-14	1.38798e-15	3.67919e-17	1.65425e-18	9.95677e-18	1.02605e-16	8.61445e-16	5.85655e-15	3.22863e-14	1.44937e-13	5.28868e-13	1.54855e-12	3.59602e-12	6.74707e-12	1.10598e-11	1.60696e-11	1.94567e-11	1.90434e-11	1.51127e-11	1.00979e-11	6.01099e-12	3.0892e-12	1.26116e-12	4.09175e-13	1.06788e-13	2.26136e-14	3.9107e-15	5.53774e-16	6.42776e-17	6.23108e-18	3.29797e-18	6.83146e-17	1.41984e-15	2.50662e-14	3.71694e-13	4.5742e-12	4.61119e-11	3.75712e-10	2.44393e-09	1.25803e-08	5.11073e-08	1.64306e-07	4.18759e-07	8.44592e-07	1.36132e-06	1.79693e-06	1.98703e-06	1.85859e-06	1.46101e-06	9.45683e-07	4.91942e-07	2.03105e-07	6.62173e-08	1.69531e-08	3.40571e-09	5.45389e-10	1.91729e-10	
1.76917e-08	2.88272e-07	3.94099e-06	4.45323e-05	0.000408557	0.00297885	0.0168276	0.0715386	0.222329	0.497719	0.831863	1.16527	1.50636	1.80277	2.04288	2.22134	2.34518	2.41758	2.45462	2.47457	2.47983	2.46838	2.44234	2.39424	2.30159	2.15631	1.95431	1.69088	1.37177	1.03182	0.696281	0.374261	0.147059	0.0417483	0.00875618	0.00139761	0.000174551	1.74698e-05	1.42946e-06	9.72385e-08	5.57683e-09	2.72886e-10	1.15087e-11	4.2199e-13	1.35547e-14	3.86198e-16	4.21485e-17	3.82602e-16	3.68769e-15	2.89314e-14	1.84058e-13	9.51835e-13	4.02051e-12	1.38613e-11	3.86432e-11	8.65248e-11	1.58539e-10	2.53124e-10	3.56882e-10	4.25046e-10	4.16782e-10	3.37379e-10	2.32526e-10	1.41963e-10	7.47831e-11	3.17982e-11	1.08614e-11	3.00484e-12	6.77255e-13	1.24945e-13	1.89012e-14	2.34536e-15	2.39185e-16	2.02176e-17	3.29906e-18	4.20707e-17	7.94707e-16	1.26644e-14	1.6792e-13	1.82841e-12	1.61259e-11	1.1369e-10	6.34069e-10	2.78344e-09	9.62017e-09	2.61463e-08	5.54283e-08	9.19191e-08	1.22951e-07	1.36521e-07	1.27352e-07	9.90073e-08	6.2514e-08	3.10843e-08	1.20815e-08	3.66859e-09	8.68697e-10	1.62465e-10	6.48373e-11	9.25268e-10	
9.76123e-08	1.45035e-06	1.79335e-05	0.000181459	0.00147241	0.00935053	0.0451554	0.160691	0.410959	0.763224	1.12928	1.50636	1.84095	2.11228	2.31143	2.43613	2.48576	2.49444	2.47925	2.45767	2.45182	2.46528	2.48725	2.49454	2.47276	2.39642	2.24148	2.00967	1.71665	1.3547	0.983642	0.61662	0.293715	0.100567	0.0249601	0.00462279	0.000658735	7.41935e-05	6.75603e-06	5.06816e-07	3.18163e-08	1.69357e-09	7.72958e-11	3.05382e-12	1.05306e-13	3.28118e-15	1.27402e-15	1.3031e-14	1.17017e-13	8.55156e-13	5.07473e-12	2.45402e-11	9.72398e-11	3.15909e-10	8.36632e-10	1.80222e-09	3.21796e-09	5.00173e-09	6.84987e-09	8.02597e-09	7.88446e-09	6.50841e-09	4.62229e-09	2.89694e-09	1.56794e-09	6.95811e-10	2.50823e-10	7.37613e-11	1.77496e-11	3.50459e-12	5.68195e-13	7.56105e-14	8.26838e-15	7.46198e-16	5.60017e-17	4.61254e-18	2.23892e-17	3.79113e-16	5.39727e-15	6.32334e-14	6.01126e-13	4.57258e-12	2.75033e-11	1.29886e-10	4.80655e-10	1.38844e-09	3.08635e-09	5.25112e-09	7.10426e-09	7.91566e-09	7.36735e-09	5.67385e-09	3.50413e-09	1.66973e-09	6.12938e-10	1.7403e-10	3.86834e-11	1.78214e-11	2.6986e-10	5.54462e-09	
4.27703e-07	5.7934e-06	6.47756e-05	0.000586842	0.00421259	0.0233279	0.0966465	0.290721	0.627722	1.02199	1.42016	1.80277	2.11228	2.3419	2.46257	2.49264	2.45361	2.36489	2.26269	2.19384	2.17758	2.21579	2.30117	2.40492	2.47603	2.49025	2.42314	2.26402	1.99746	1.65739	1.25877	0.864416	0.480001	0.194902	0.0568233	0.0121652	0.00197307	0.000249627	2.52572e-05	2.08653e-06	1.43184e-07	8.28042e-09	4.08476e-10	1.73669e-11	6.42255e-13	2.39106e-14	3.89782e-14	3.90861e-13	3.25751e-12	2.2093e-11	1.21837e-10	5.48916e-10	2.03328e-09	6.20529e-09	1.557e-08	3.21856e-08	5.58643e-08	8.44729e-08	1.12493e-07	1.29714e-07	1.2766e-07	1.07409e-07	7.85254e-08	5.05772e-08	2.82027e-08	1.30931e-08	4.99488e-09	1.56643e-09	4.03885e-10	8.56682e-11	1.49415e-11	2.14005e-12	2.51812e-13	2.44284e-14	1.96627e-15	1.32404e-16	8.0693e-18	1.03931e-17	1.52887e-16	1.9208e-15	1.96114e-14	1.60339e-13	1.03605e-12	5.24378e-12	2.07053e-11	6.33844e-11	1.47437e-10	2.56737e-10	3.50776e-10	3.91985e-10	3.64137e-10	2.7817e-10	1.68424e-10	7.70778e-11	2.68013e-11	7.22099e-12	3.91912e-12	6.30145e-11	1.39122e-09	2.64697e-08	
1.47975e-06	1.83419e-05	0.000186294	0.00151976	0.0097224	0.0474196	0.17101	0.444969	0.842336	1.261	1.67907	2.04288	2.31143	2.46257	2.49074	2.40796	2.23221	2.02513	1.84461	1.72713	1.69796	1.76512	1.9107	2.10739	2.31058	2.45109	2.49738	2.42041	2.21514	1.91028	1.51402	1.09426	0.67629	0.316519	0.10661	0.0260931	0.00477731	0.000674421	7.53945e-05	6.82534e-06	5.09756e-07	3.19002e-08	1.69465e-09	7.72723e-11	3.05992e-12	2.00604e-13	1.0916e-12	1.02538e-11	7.89745e-11	4.94923e-10	2.52533e-09	1.05544e-08	3.63978e-08	1.03972e-07	2.46404e-07	4.87359e-07	8.19897e-07	1.20501e-06	1.56218e-06	1.77369e-06	1.74871e-06	1.4986e-06	1.1267e-06	7.4682e-07	4.304e-07	2.09608e-07	8.48996e-08	2.84996e-08	7.90659e-09	1.80957e-09	3.41019e-10	5.27966e-11	6.71166e-12	7.02521e-13	6.09029e-14	4.40718e-15	2.68536e-16	1.41315e-17	4.45309e-18	5.15877e-17	5.63707e-16	4.93747e-15	3.41598e-14	1.847e-13	7.75841e-13	2.51061e-12	6.10018e-12	1.08491e-11	1.49507e-11	1.67489e-11	1.55338e-11	1.17833e-11	7.00823e-12	3.0866e-12	1.03224e-12	6.74703e-13	1.15397e-11	2.7416e-10	5.64779e-09	9.94601e-08	
4.04376e-06	4.63049e-05	0.000431841	0.00321166	0.0185758	0.0811776	0.260296	0.602298	1.03628	1.47351	1.89541	2.22134	2.43613	2.49264	2.40796	2.17633	1.85748	1.50923	1.18395	0.958422	0.901427	1.03177	1.30677	1.64816	1.99137	2.28559	2.46075	2.48555	2.36634	2.10304	1.7312	1.29876	0.85984	0.448301	0.170377	0.046881	0.0095663	0.0014915	0.000182643	1.79846e-05	1.45229e-06	9.7769e-08	5.56326e-09	2.70727e-10	1.15789e-11	2.96727e-12	2.69206e-11	2.33455e-10	1.65344e-09	9.52553e-09	4.47381e-08	1.72574e-07	5.51418e-07	1.46813e-06	3.27429e-06	6.17543e-06	1.00353e-05	1.43178e-05	1.80898e-05	2.02393e-05	1.9988e-05	1.7431e-05	1.34653e-05	9.20108e-06	5.50062e-06	2.81922e-06	1.21699e-06	4.39208e-07	1.3175e-07	3.27049e-08	6.69424e-09	1.12595e-09	1.55378e-10	1.76257e-11	1.65231e-12	1.28975e-13	8.45531e-15	4.69666e-16	2.23778e-17	2.1412e-18	1.43916e-17	1.3437e-16	9.92528e-16	5.7171e-15	2.54817e-14	8.69723e-14	2.20404e-13	3.99621e-13	5.54877e-13	6.22957e-13	5.76951e-13	4.3497e-13	2.54596e-13	1.09674e-13	8.82091e-14	1.60718e-12	4.12514e-11	9.24182e-10	1.7822e-08	2.92706e-07	
8.80751e-06	9.45756e-05	0.000822878	0.00567518	0.0302309	0.12082	0.352628	0.745975	1.20129	1.64794	2.05518	2.34518	2.48576	2.45361	2.23221	1.85748	1.36928	0.808148	0.288275	-0.0564887	-0.141179	0.0536932	0.482354	1.03495	1.57572	2.02342	2.34451	2.48592	2.45152	2.2437	1.90544	1.46978	1.01768	0.5734	0.2394	0.0724762	0.0162005	0.00275084	0.000364776	3.86965e-05	3.35132e-06	2.41017e-07	1.46009e-08	7.54541e-10	3.86327e-11	6.06774e-11	5.75378e-10	4.57216e-09	2.96028e-08	1.55823e-07	6.69502e-07	2.36926e-06	6.97462e-06	1.72222e-05	3.59913e-05	6.44715e-05	0.000100796	0.000139376	0.000171782	0.000189569	0.00018751	0.000166225	0.000131847	9.30819e-05	5.79705e-05	3.13877e-05	1.45046e-05	5.65676e-06	1.8454e-06	4.99918e-07	1.11831e-07	2.05581e-08	3.0972e-09	3.8276e-10	3.8984e-11	3.29617e-12	2.33362e-13	1.39582e-14	7.11513e-16	3.1188e-17	1.50719e-18	3.28856e-18	2.55657e-17	1.565e-16	7.38483e-16	2.65338e-15	7.00387e-15	1.29258e-14	1.8068e-14	2.03229e-14	1.87992e-14	1.40997e-14	8.26939e-15	8.40053e-15	1.63025e-13	4.55717e-12	1.11983e-10	2.38491e-09	4.36048e-08	6.76926e-07	
1.55437e-05	0.000159336	0.00131742	0.00858859	0.042989	0.160475	0.435888	0.862717	1.32902	1.78413	2.17012	2.41758	2.49444	2.36489	2.02513	1.50923	0.808148	0.025802	-0.651519	-1.07796	-1.1804	-0.943572	-0.404005	0.336828	1.1074	1.73872	2.18154	2.44149	2.4866	2.33704	2.02858	1.60346	1.14424	0.679161	0.303538	0.0988013	0.0237113	0.00430846	0.000609189	6.86752e-05	6.30143e-06	4.78869e-07	3.05845e-08	1.67074e-09	1.88749e-10	1.19476e-09	1.05423e-08	7.62374e-08	4.48074e-07	2.13923e-06	8.34652e-06	2.69028e-05	7.24745e-05	0.000165004	0.000321485	0.00054441	0.000815043	0.00108985	0.0013112	0.00142867	0.0014152	0.00127385	0.00103719	0.000758647	0.00049464	0.000284207	0.000141325	5.9923e-05	2.14059e-05	6.37501e-06	1.57017e-06	3.17768e-07	5.26223e-08	7.12927e-09	7.93336e-10	7.30198e-11	5.60705e-12	3.62497e-13	1.9909e-14	9.36783e-16	3.8065e-17	1.41463e-18	6.28324e-19	3.81079e-18	1.89951e-17	7.17245e-17	1.96973e-16	3.69505e-16	5.19586e-16	5.85398e-16	5.41111e-16	4.11858e-16	5.53717e-16	1.1481e-14	3.53986e-13	9.66312e-12	2.30059e-10	4.73657e-09	8.3511e-08	1.24658e-06	
2.26841e-05	0.000225882	0.00180703	0.0113442	0.0543864	0.193472	0.499774	0.94692	1.42001	1.87328	2.24368	2.45462	2.47925	2.26269	1.84461	1.18395	0.288275	-0.651519	-1.42297	-1.8948	-2.00697	-1.7471	-1.14488	-0.285221	0.665672	1.48233	2.03519	2.37509	2.49991	2.38783	2.11439	1.69745	1.23377	0.757317	0.354035	0.121076	0.0305436	0.00582552	0.000862607	0.000101568	9.70764e-06	7.66404e-07	5.07365e-08	3.02727e-09	2.22673e-09	2.04238e-08	1.63781e-07	1.06935e-06	5.65683e-06	2.42794e-05	8.52594e-05	0.000248142	0.000606875	0.00126522	0.00228464	0.00363768	0.00518726	0.0066883	0.00785508	0.00845859	0.00838985	0.00766071	0.00640542	0.00487108	0.00334342	0.00204946	0.00110325	0.000512216	0.000201995	6.67214e-05	1.82576e-05	4.10349e-06	7.5313e-07	1.12703e-07	1.37949e-08	1.39033e-09	1.16386e-10	8.16867e-12	4.85205e-13	2.46076e-14	1.0743e-15	4.06754e-17	1.35651e-18	1.21902e-19	4.36869e-19	1.72706e-18	4.92953e-18	9.38828e-18	1.32723e-17	1.49816e-17	1.41474e-17	2.4384e-17	5.562e-16	1.90755e-14	5.83802e-13	1.56811e-11	3.66858e-10	7.41075e-09	1.27965e-07	1.86664e-06	
2.78738e-05	0.000273402	0.00215011	0.0132313	0.0619473	0.214315	0.537288	0.993618	1.4744	1.92546	2.27903	2.47457	2.45767	2.19384	1.72713	0.958422	-0.0564887	-1.07796	-1.8948	-2.38861	-2.50557	-2.23439	-1.60207	-0.684304	0.36537	1.30598	1.94345	2.32165	2.50072	2.41146	2.16165	1.74609	1.28679	0.804134	0.384454	0.135076	0.0350778	0.00688436	0.00104707	0.000126332	1.23415e-05	9.93523e-07	6.71455e-08	6.9372e-09	3.3625e-08	2.95468e-07	2.13061e-06	1.24403e-05	5.86206e-05	0.000223756	0.000699583	0.00181945	0.00400203	0.00757992	0.0126012	0.0187501	0.0253225	0.0313715	0.0359352	0.0382625	0.0379981	0.0351812	0.0302492	0.0240135	0.0174537	0.0114836	0.00673744	0.00345339	0.00151786	0.000562012	0.000172741	4.3582e-05	8.9548e-06	1.4938e-06	2.02753e-07	2.25343e-08	2.06894e-09	1.58461e-10	1.02245e-11	5.61006e-13	2.64032e-14	1.0743e-15	3.80586e-17	1.18299e-18	4.12773e-20	3.80001e-20	1.10332e-19	2.13072e-19	3.02845e-19	3.51379e-19	7.68201e-19	1.9727e-17	7.49918e-16	2.56346e-14	7.74509e-13	2.05424e-11	4.74657e-10	9.47059e-09	1.615e-07	2.3255e-06	
2.91929e-05	0.000285423	0.00223664	0.0137054	0.063827	0.219365	0.545919	1.00392	1.48769	1.93879	2.28685	2.47983	2.45182	2.17758	1.69796	0.901427	-0.141179	-1.1804	-2.00697	-2.50557	-2.6236	-2.34993	-1.71111	-0.780968	0.290522	1.26122	1.92163	2.30781	2.49928	2.41655	2.17148	1.7566	1.29992	0.815348	0.391593	0.138428	0.0361961	0.0071522	0.00109461	0.0001328	1.30361e-05	1.05409e-06	7.5205e-08	5.06304e-08	4.50449e-07	3.56508e-06	2.28736e-05	0.000118044	0.000489205	0.00163886	0.00450289	0.0103373	0.0202347	0.034523	0.0524827	0.0725339	0.0923175	0.109502	0.1221	0.128503	0.127775	0.120029	0.106366	0.0884879	0.0684557	0.0486455	0.0313187	0.0178808	0.00885489	0.00372166	0.00130211	0.00037366	8.70254e-05	1.63657e-05	2.48765e-06	3.07491e-07	3.11882e-08	2.62267e-09	1.84776e-10	1.10165e-11	5.61006e-13	2.46076e-14	9.36782e-16	3.11618e-17	9.11433e-19	2.4274e-20	2.75767e-21	4.35287e-21	6.38743e-21	1.74305e-20	5.03052e-19	2.12385e-17	8.11639e-16	2.7592e-14	8.29379e-13	2.18963e-11	5.03845e-10	1.00154e-08	1.7021e-07	2.44312e-06	
2.61528e-05	0.000257788	0.00203819	0.0126195	0.0595138	0.207688	0.525646	0.979577	1.45775	1.90922	2.26868	2.46838	2.46528	2.21579	1.76512	1.03177	0.0536932	-0.943572	-1.7471	-2.23439	-2.34993	-2.08215	-1.4588	-0.558261	0.461638	1.36322	1.97248	2.33916	2.50164	2.40449	2.14779	1.73126	1.26985	0.789509	0.374985	0.130648	0.0336176	0.00653854	0.000986218	0.000118106	1.14627e-05	9.21833e-07	1.16783e-07	5.85795e-07	5.03591e-06	3.53455e-05	0.000199227	0.000895723	0.00321403	0.00930017	0.0221148	0.0442129	0.0762219	0.11631	0.160977	0.205909	0.24668	0.27988	0.303256	0.315043	0.313704	0.299443	0.273948	0.239034	0.197113	0.151865	0.107784	0.0690726	0.0389617	0.0188493	0.00762642	0.00252962	0.00067811	0.000145769	2.51164e-05	3.48848e-06	3.94278e-07	3.66667e-08	2.83777e-09	1.84776e-10	1.02245e-11	4.85205e-13	1.9909e-14	7.11511e-16	2.2292e-17	6.15844e-19	1.51186e-20	4.10862e-22	2.74136e-22	8.39196e-21	3.99968e-19	1.73551e-17	6.7261e-16	2.3158e-14	7.04248e-13	1.87917e-11	4.36644e-10	8.7579e-09	1.50089e-07	2.17156e-06	
1.98903e-05	0.00020009	0.00161924	0.0103002	0.0501357	0.181429	0.477138	0.917851	1.38816	1.84222	2.21917	2.44234	2.48725	2.30117	1.9107	1.30677	0.482354	-0.404005	-1.14488	-1.60207	-1.71111	-1.4588	-0.87703	-0.056675	0.831766	1.57903	2.08891	2.40243	2.49675	2.37167	2.08482	1.66596	1.20233	0.729458	0.335891	0.112928	0.0279894	0.00524656	0.000764157	8.86002e-05	8.35254e-06	7.06727e-07	6.8361e-07	6.03035e-06	4.61051e-05	0.000283103	0.00138018	0.00531107	0.0161919	0.0397339	0.0804705	0.138502	0.20919	0.28558	0.36143	0.430437	0.489458	0.535198	0.565476	0.579902	0.578298	0.560668	0.527237	0.478631	0.417326	0.346647	0.270149	0.194416	0.125704	0.0708758	0.0337312	0.0131789	0.00414295	0.00103558	0.00020529	3.2443e-05	4.12858e-06	4.28251e-07	3.66667e-08	2.62267e-09	1.58461e-10	8.16867e-12	3.62497e-13	1.39582e-14	4.69661e-16	1.38958e-17	3.63524e-19	8.4532e-21	2.76426e-22	5.40219e-21	2.64324e-19	1.16123e-17	4.55577e-16	1.58813e-14	4.8912e-13	1.32229e-11	3.11451e-10	6.33677e-09	1.10263e-07	1.62186e-06	
1.26463e-05	0.000131836	0.00111067	0.00739385	0.03788	0.145047	0.40452	0.819821	1.28229	1.73513	2.12933	2.39424	2.49454	2.40492	2.10739	1.64816	1.03495	0.336828	-0.285221	-0.684304	-0.780968	-0.558261	-0.056675	0.616685	1.29797	1.85174	2.24762	2.46334	2.47588	2.30523	1.98383	1.55427	1.09821	0.639909	0.278991	0.0884323	0.0206747	0.00366335	0.000505656	5.5708e-05	5.04821e-06	9.734e-07	6.15149e-06	5.09211e-05	0.000339954	0.00179721	0.007436	0.0239787	0.0608165	0.124359	0.212325	0.314935	0.421961	0.525968	0.622945	0.707751	0.779353	0.835527	0.87237	0.888819	0.887035	0.866651	0.825769	0.76614	0.69179	0.604428	0.505634	0.400668	0.293856	0.193268	0.10954	0.0513898	0.0193561	0.0057432	0.00133383	0.000243507	3.53261e-05	4.12858e-06	3.94278e-07	3.11882e-08	2.06894e-09	1.16386e-10	5.60705e-12	2.33362e-13	8.45531e-15	2.68524e-16	7.51968e-18	1.86677e-19	4.17726e-21	2.81455e-21	1.35663e-19	6.04613e-18	2.40885e-16	8.53756e-15	2.67699e-13	7.37922e-12	1.77538e-10	3.69725e-09	6.60071e-08	9.98936e-07	
6.58478e-06	7.25145e-05	0.00064818	0.00460213	0.0252983	0.104592	0.316249	0.691427	1.1394	1.58233	1.99795	2.30159	2.47276	2.47603	2.31058	1.99137	1.57572	1.1074	0.665672	0.36537	0.290522	0.461638	0.831766	1.29797	1.75051	2.13336	2.39999	2.4925	2.4256	2.1933	1.84209	1.40596	0.957952	0.525019	0.211761	0.0618427	0.0133488	0.00219281	0.000281868	2.90756e-05	2.92732e-06	5.46377e-06	4.76838e-05	0.000345697	0.00198355	0.00885844	0.0304275	0.0803741	0.166597	0.282425	0.412252	0.545261	0.676593	0.803507	0.920213	1.02466	1.10931	1.17489	1.22009	1.24178	1.23936	1.21288	1.16332	1.09386	1.00524	0.897763	0.778913	0.650487	0.518764	0.385737	0.257748	0.146555	0.0674689	0.0243122	0.00675729	0.001451	0.000243507	3.2443e-05	3.48848e-06	3.07491e-07	2.25343e-08	1.39033e-09	7.30198e-11	3.29617e-12	1.28975e-13	4.40718e-15	1.32379e-16	3.5155e-18	8.29793e-20	2.65764e-21	4.67496e-20	2.15536e-18	8.89847e-17	3.27187e-15	1.06568e-13	3.05597e-12	7.66167e-11	1.66591e-09	3.11233e-08	4.94197e-07	
2.7559e-06	3.26071e-05	0.00031487	0.0024305	0.0146291	0.0667067	0.223605	0.540204	0.961777	1.39323	1.81482	2.15631	2.39642	2.49025	2.45109	2.28559	2.02342	1.73872	1.48233	1.30598	1.26122	1.36322	1.57903	1.85174	2.13336	2.36875	2.48399	2.46907	2.31364	2.03344	1.64864	1.21997	0.789211	0.395656	0.143614	0.0377537	0.00738092	0.00110618	0.000130639	1.27623e-05	4.84901e-06	3.78719e-05	0.000297766	0.00185781	0.00900106	0.033248	0.0927081	0.197348	0.335362	0.487345	0.645143	0.808316	0.967884	1.11954	1.25277	1.36849	1.46325	1.53281	1.57803	1.5991	1.59678	1.57093	1.52085	1.44625	1.34696	1.22763	1.09045	0.936389	0.775658	0.612955	0.456231	0.306245	0.172883	0.0770907	0.0262197	0.00675729	0.00133383	0.00020529	2.51164e-05	2.48765e-06	2.02753e-07	1.37949e-08	7.93336e-10	3.8984e-11	1.65231e-12	6.09029e-14	1.96627e-15	5.59555e-17	1.4114e-18	3.19217e-20	1.20151e-20	5.49236e-19	2.37549e-17	9.16413e-16	3.13708e-14	9.47339e-13	2.50679e-11	5.76782e-10	1.1437e-08	1.93419e-07	
9.1942e-07	1.18189e-05	0.000124844	0.0010627	0.00712046	0.0365223	0.139013	0.382048	0.758063	1.16729	1.58045	1.95431	2.24148	2.42314	2.49738	2.46075	2.34451	2.18154	2.03519	1.94345	1.92163	1.97248	2.08891	2.24762	2.39999	2.48399	2.48239	2.36782	2.13626	1.816	1.41631	1.00521	0.598332	0.265563	0.0845634	0.0196215	0.0034205	0.00046176	4.97388e-05	6.71875e-06	2.56427e-05	0.000216887	0.00147551	0.007803	0.0313457	0.0939117	0.209818	0.364133	0.534874	0.718756	0.912923	1.10322	1.28156	1.44466	1.59001	1.71199	1.81	1.88486	1.93517	1.95905	1.9564	1.9272	1.87178	1.79223	1.68963	1.56269	1.41322	1.24709	1.06568	0.874271	0.68053	0.499873	0.331608	0.182348	0.0770907	0.0243122	0.0057432	0.00103558	0.000145769	1.63657e-05	1.4938e-06	1.12703e-07	7.12927e-09	3.8276e-10	1.76257e-11	7.02521e-13	2.44284e-14	7.46196e-16	2.01447e-17	4.83239e-19	1.23881e-20	1.03982e-19	4.73439e-18	1.92958e-16	6.99196e-15	2.24003e-13	6.30478e-12	1.54766e-10	3.28559e-09	5.97343e-08	
2.43075e-07	3.41848e-06	3.98085e-05	0.000377037	0.00284237	0.0166192	0.0731292	0.234782	0.540198	0.9206	1.3054	1.69088	2.00967	2.26402	2.42041	2.48555	2.48592	2.44149	2.37509	2.32165	2.30781	2.33916	2.40243	2.46334	2.4925	2.46907	2.36782	2.17312	1.89071	1.5427	1.14989	0.766301	0.402725	0.153094	0.0418409	0.00844224	0.00129812	0.000156629	1.64139e-05	1.54819e-05	0.000133188	0.00099112	0.00575979	0.0254655	0.0835949	0.201452	0.366767	0.552927	0.760358	0.979739	1.19554	1.40225	1.59664	1.77088	1.91804	2.04247	2.141	2.21065	2.25455	2.27428	2.27214	2.24776	2.19885	2.12363	2.01963	1.89046	1.73814	1.559	1.36185	1.15282	0.936178	0.716958	0.514658	0.331608	0.172883	0.0674689	0.0193561	0.00414295	0.00067811	8.70254e-05	8.9548e-06	7.5313e-07	5.26223e-08	3.0972e-09	1.55378e-10	6.71166e-12	2.51812e-13	8.26838e-15	2.39182e-16	6.13079e-18	1.40233e-19	1.77135e-20	7.17812e-19	3.10398e-17	1.19591e-15	4.08362e-14	1.22848e-12	3.23372e-11	7.38973e-10	1.45273e-08	
5.07279e-08	7.8305e-07	1.00896e-05	0.00010678	0.000910369	0.00610857	0.0313819	0.119701	0.329917	0.65647	1.0114	1.37177	1.71665	1.99746	2.21514	2.36634	2.45152	2.4866	2.49991	2.50072	2.49928	2.50164	2.49675	2.47588	2.4256	2.31364	2.13626	1.89071	1.58593	1.22434	0.870119	0.517436	0.228765	0.0726117	0.0168218	0.00293167	0.000396002	4.30716e-05	1.04466e-05	6.88077e-05	0.000560816	0.00360606	0.01775	0.0650554	0.173947	0.343157	0.540875	0.764245	1.00503	1.2446	1.48112	1.70222	1.89829	2.07191	2.21902	2.33488	2.42098	2.48434	2.52609	2.5456	2.54345	2.51952	2.47338	2.40572	2.31436	2.19197	2.03901	1.86103	1.65968	1.43488	1.19651	0.957043	0.716958	0.499873	0.306245	0.146555	0.0513898	0.0131789	0.00252962	0.00037366	4.3582e-05	4.10349e-06	3.17768e-07	2.05581e-08	1.12595e-09	5.27966e-11	2.14005e-12	7.56105e-14	2.34536e-15	6.42745e-17	1.56484e-18	3.56502e-20	8.48628e-20	3.87217e-18	1.58983e-16	5.79944e-15	1.86917e-13	5.28914e-12	1.30446e-10	2.78057e-09	
8.3736e-09	1.41874e-07	2.02243e-06	2.39101e-05	0.000230462	0.00177446	0.0106532	0.0485063	0.162806	0.395514	0.709803	1.03182	1.3547	1.65739	1.91028	2.10304	2.2437	2.33704	2.38783	2.41146	2.41655	2.40449	2.37167	2.30523	2.1933	2.03344	1.816	1.5427	1.22434	0.904499	0.580803	0.287963	0.103916	0.0273219	0.00536295	0.000808515	9.62819e-05	1.18501e-05	3.01855e-05	0.000266046	0.00190461	0.0105413	0.0438233	0.133281	0.294683	0.499141	0.729861	0.988173	1.24926	1.51051	1.7553	1.9797	2.17576	2.34071	2.46941	2.57111	2.64935	2.70387	2.73596	2.74988	2.74837	2.73111	2.69486	2.63565	2.55276	2.44606	2.31059	2.13877	1.93714	1.70768	1.45927	1.19651	0.936178	0.68053	0.456231	0.257748	0.10954	0.0337312	0.00762642	0.00130211	0.000172741	1.82576e-05	1.57017e-06	1.11831e-07	6.69424e-09	3.41019e-10	1.49415e-11	5.68195e-13	1.89012e-14	5.53774e-16	1.43751e-17	3.32492e-19	1.46606e-20	3.8113e-19	1.6681e-17	6.50421e-16	2.24705e-14	6.83804e-13	1.8207e-11	4.2091e-10	
1.10222e-09	2.04518e-08	3.21638e-07	4.23288e-06	4.59221e-05	0.000403496	0.00281233	0.0151823	0.0618762	0.186198	0.411858	0.696281	0.983642	1.25877	1.51402	1.7312	1.90544	2.02858	2.11439	2.16165	2.17148	2.14779	2.08482	1.98383	1.84209	1.64864	1.41631	1.14989	0.870119	0.580803	0.310278	0.123942	0.0364385	0.00799528	0.00134073	0.000176135	1.93755e-05	1.21068e-05	0.000105305	0.000843117	0.00528643	0.0252175	0.0888915	0.227091	0.429242	0.66207	0.929421	1.20872	1.49101	1.76034	2.00942	2.22824	2.41238	2.55532	2.66749	2.74797	2.79527	2.81717	2.8249	2.82685	2.82668	2.82399	2.81423	2.7882	2.73474	2.64753	2.5292	2.37928	2.1865	1.9622	1.70768	1.43488	1.15282	0.874271	0.612955	0.385737	0.193268	0.0708758	0.0188493	0.00372166	0.000562012	6.67214e-05	6.37501e-06	4.99918e-07	3.27049e-08	1.80957e-09	8.56682e-11	3.50459e-12	1.24945e-13	3.9107e-15	1.0815e-16	2.65749e-18	5.88852e-20	3.12425e-20	1.40461e-18	5.85127e-17	2.16539e-15	7.08037e-14	2.03299e-12	5.08995e-11	
1.17074e-10	2.37094e-09	4.09642e-08	5.97001e-07	7.24252e-06	7.20209e-05	0.000576663	0.00364288	0.0177603	0.0654449	0.180082	0.374261	0.61662	0.864416	1.09426	1.29876	1.46978	1.60346	1.69745	1.74609	1.7566	1.73126	1.66596	1.55427	1.40596	1.21997	1.00521	0.766301	0.517436	0.287963	0.123942	0.0400882	0.00975278	0.00181317	0.000262993	3.06068e-05	5.94851e-06	3.46833e-05	0.000310379	0.00221563	0.0122162	0.0505316	0.152711	0.335522	0.567133	0.831678	1.1251	1.42143	1.7166	1.98975	2.23312	2.4376	2.59727	2.71817	2.79449	2.82548	2.82677	2.81616	2.80508	2.79895	2.79966	2.807	2.81855	2.82791	2.82229	2.78325	2.69714	2.56827	2.40116	2.1865	1.93714	1.65968	1.36185	1.06568	0.775658	0.518764	0.293856	0.125704	0.0389617	0.00885489	0.00151786	0.000201995	2.14059e-05	1.8454e-06	1.3175e-07	7.90659e-09	4.03885e-10	1.77496e-11	6.77255e-13	2.26136e-14	6.65296e-16	1.73494e-17	4.03174e-19	1.03262e-20	9.66237e-20	4.28911e-18	1.69814e-16	5.95698e-15	1.84104e-13	4.98056e-12	
1.01673e-11	2.23882e-10	4.23001e-09	6.78797e-08	9.14322e-07	1.01982e-05	9.27375e-05	0.000675562	0.0038681	0.0170873	0.0574508	0.147059	0.293715	0.480001	0.67629	0.85984	1.01768	1.14424	1.23377	1.28679	1.29992	1.26985	1.20233	1.09821	0.957952	0.789211	0.598332	0.402725	0.228765	0.103916	0.0364385	0.00975278	0.00200459	0.000321141	4.08664e-05	4.93789e-06	9.62598e-06	9.41138e-05	0.000767169	0.00490998	0.024004	0.0871097	0.22993	0.448266	0.704759	0.998049	1.30908	1.62201	1.91809	2.18991	2.42091	2.60099	2.735	2.81093	2.8286	2.81133	2.78326	2.75773	2.7399	2.73129	2.73225	2.74275	2.7623	2.78892	2.81623	2.82881	2.80095	2.71211	2.56827	2.37928	2.13877	1.86103	1.559	1.24709	0.936389	0.650487	0.400668	0.194416	0.0690726	0.0178808	0.00345339	0.000512216	5.9923e-05	5.65676e-06	4.39208e-07	2.84996e-08	1.56643e-09	7.37613e-11	3.00484e-12	1.06788e-13	3.33497e-15	9.21028e-17	2.26192e-18	4.97429e-20	6.46235e-21	2.59968e-19	1.09943e-17	4.13021e-16	1.37097e-14	3.99718e-13	
7.3137e-13	1.74452e-11	3.58814e-10	6.30507e-09	9.36544e-08	1.16174e-06	1.18696e-05	9.83531e-05	0.000649979	0.00336913	0.0135131	0.0417483	0.100567	0.194902	0.316519	0.448301	0.5734	0.679161	0.757317	0.804134	0.815348	0.789509	0.729458	0.639909	0.525019	0.395656	0.265563	0.153094	0.0726117	0.0273219	0.00799528	0.00181317	0.000321138	4.50364e-05	5.22254e-06	2.49118e-06	2.32391e-05	0.000216694	0.00161439	0.00936167	0.0410944	0.132915	0.313081	0.557804	0.838018	1.1556	1.47838	1.80099	2.09716	2.35866	2.56681	2.7239	2.81217	2.82697	2.79778	2.75631	2.7189	2.69072	2.67254	2.66407	2.66501	2.67539	2.69555	2.7257	2.76456	2.80538	2.82877	2.80095	2.69714	2.5292	2.31059	2.03901	1.73814	1.41322	1.09045	0.778913	0.505634	0.270149	0.107784	0.0313187	0.00673744	0.00110325	0.000141325	1.45046e-05	1.21699e-06	8.48996e-08	4.99488e-09	2.50823e-10	1.08614e-11	4.09175e-13	1.35129e-14	3.93815e-16	1.01874e-17	2.35124e-19	5.1248e-21	1.32883e-20	5.95368e-19	2.39081e-17	8.50495e-16	2.66547e-14	
4.41065e-14	1.13565e-12	2.5321e-11	4.84746e-10	7.89107e-09	1.08033e-07	1.22844e-06	1.14414e-05	8.59762e-05	0.000513332	0.00240296	0.00875618	0.0249601	0.0568233	0.10661	0.170377	0.2394	0.303538	0.354035	0.384454	0.391593	0.374985	0.335891	0.278991	0.211761	0.143614	0.0845634	0.0418409	0.0168218	0.00536295	0.00134072	0.000262978	4.08173e-05	5.09894e-06	8.65962e-07	4.63414e-06	4.92754e-05	0.000428269	0.00294977	0.0156934	0.0627158	0.183797	0.394816	0.659938	0.9618	1.29424	1.62977	1.95267	2.24819	2.49048	2.68069	2.79945	2.82822	2.7964	2.7454	2.69784	2.66052	2.63399	2.61733	2.60966	2.6105	2.61992	2.63847	2.66709	2.7066	2.75572	2.80538	2.82881	2.78325	2.64753	2.44606	2.19197	1.89046	1.56269	1.22763	0.897763	0.604428	0.346647	0.151865	0.0486455	0.0114836	0.00204946	0.000284207	3.13877e-05	2.81922e-06	2.09608e-07	1.30931e-08	6.95811e-10	3.17982e-11	1.26116e-12	4.37564e-14	1.3373e-15	3.62204e-17	8.74041e-19	1.88906e-20	9.3435e-22	2.72856e-20	1.16895e-18	4.44725e-17	1.49451e-15	
2.2544e-15	6.24593e-14	1.50394e-12	3.12251e-11	5.54028e-10	8.31569e-09	1.04382e-07	1.08182e-06	9.12941e-06	6.18376e-05	0.000331784	0.00139761	0.00462279	0.0121652	0.0260931	0.046881	0.0724762	0.0988013	0.121076	0.135076	0.138428	0.130648	0.112928	0.0884323	0.0618427	0.0377537	0.0196215	0.00844224	0.00293167	0.000808503	0.000176076	3.03766e-05	4.19159e-06	5.16017e-07	7.64762e-07	8.92542e-06	9.05303e-05	0.000740028	0.00476469	0.0235431	0.0868724	0.23464	0.469182	0.750707	1.07261	1.41582	1.7573	2.08196	2.3665	2.59479	2.7606	2.82724	2.80795	2.75271	2.69592	2.64942	2.61473	2.59065	2.57573	2.56891	2.56966	2.57804	2.59469	2.62077	2.65776	2.7066	2.76456	2.81623	2.82229	2.73474	2.55276	2.31436	2.01963	1.68963	1.34696	1.00524	0.69179	0.417326	0.197113	0.0684557	0.0174537	0.00334342	0.00049464	5.79705e-05	5.50062e-06	4.304e-07	2.82027e-08	1.56794e-09	7.47831e-11	3.0892e-12	1.11436e-13	3.53543e-15	9.92679e-17	2.48031e-18	5.54166e-20	1.13279e-21	1.08841e-21	4.8772e-20	1.98067e-18	7.12115e-17	
9.86122e-17	2.93151e-15	7.59739e-14	1.70391e-12	3.27947e-11	5.36568e-10	7.38355e-09	8.44385e-08	7.92087e-07	6.01186e-06	3.64363e-05	0.000174551	0.000658735	0.00197307	0.00477731	0.0095663	0.0162005	0.0237113	0.0305436	0.0350778	0.0361961	0.0336176	0.0279894	0.0206747	0.0133488	0.00738092	0.0034205	0.00129811	0.000395966	9.60859e-05	1.85156e-05	2.84775e-06	3.58187e-07	1.26236e-07	1.28687e-06	1.51415e-05	0.000146189	0.00113313	0.00689037	0.0320213	0.110778	0.28085	0.533297	0.828326	1.16323	1.51583	1.8608	2.18405	2.4557	2.67456	2.80504	2.82444	2.77686	2.71317	2.6568	2.61302	2.58112	2.5593	2.54593	2.53987	2.54053	2.548	2.56294	2.58663	2.62077	2.66709	2.7257	2.78892	2.82791	2.7882	2.63565	2.40572	2.12363	1.79223	1.44625	1.09386	0.76614	0.478631	0.239034	0.0884879	0.0240135	0.00487108	0.000758647	9.30819e-05	9.20108e-06	7.4682e-07	5.05772e-08	2.89694e-09	1.41963e-10	6.01099e-12	2.21796e-13	7.18469e-15	2.05643e-16	5.23033e-18	1.18802e-19	2.42121e-21	8.0485e-23	1.75282e-21	7.5825e-20	2.91076e-18	
3.72317e-18	1.18465e-16	3.29477e-15	7.95426e-14	1.65384e-12	2.93514e-11	4.40179e-10	5.51554e-09	5.70292e-08	4.8017e-07	3.24902e-06	1.74698e-05	7.41935e-05	0.000249627	0.000674421	0.0014915	0.00275084	0.00430846	0.00582552	0.00688436	0.0071522	0.00653854	0.00524656	0.00366335	0.00219281	0.00110618	0.000461747	0.000156538	4.25291e-05	9.20559e-06	1.58923e-06	2.20713e-07	3.3914e-08	1.49865e-07	2.00336e-06	2.26228e-05	0.000209073	0.00155015	0.00900769	0.0399492	0.131744	0.318856	0.583673	0.890159	1.23526	1.59074	1.94136	2.25737	2.52257	2.72894	2.82319	2.81008	2.74874	2.6831	2.62866	2.58744	2.55786	2.53786	2.52574	2.52028	2.52087	2.5276	2.54118	2.56294	2.59469	2.63847	2.69555	2.7623	2.81855	2.81423	2.69486	2.47338	2.19885	1.87178	1.52085	1.16332	0.825769	0.527237	0.273948	0.106366	0.0302492	0.00640542	0.00103719	0.000131847	1.34653e-05	1.1267e-06	7.85254e-08	4.62229e-09	2.32526e-10	1.00979e-11	3.81857e-13	1.26692e-14	3.71213e-16	9.66083e-18	2.24451e-19	4.67612e-21	8.87623e-23	5.61064e-23	2.51526e-21	1.0291e-19	
