0.224472	0.224472	0.361122	0.627898	0.996864	1.41586	1.83048	2.2062	2.52812	2.79126	2.99564	3.1443	3.24197	3.29434	3.31004	3.30035	3.27754	3.25005	3.22535	3.20944	3.20569	3.21438	3.23434	3.26113	3.28776	3.30628	3.3073	3.27817	3.20877	3.09133	2.92085	2.69321	2.40614	2.06165	1.66754	1.24488	0.836418	0.495176	0.254925	0.113529	0.0437588	0.0146562	0.00429001	0.00110449	0.00025174	5.11183e-05	9.30993e-06	1.54921e-06	2.84878e-07	1.58688e-07	2.6093e-07	4.75226e-07	8.0937e-07	1.27826e-06	1.87697e-06	2.57014e-06	3.29029e-06	3.94645e-06	4.44192e-06	4.69669e-06	4.66758e-06	4.35956e-06	3.82445e-06	3.1474e-06	2.42572e-06	1.7469e-06	1.17238e-06	7.30953e-07	4.21915e-07	2.24638e-07	1.09922e-07	4.92663e-08	2.0165e-08	7.51938e-09	2.54988e-09	7.854e-10	2.19603e-10	5.57383e-11	1.28485e-11	2.69251e-12	5.13641e-13	8.93502e-14	1.42006e-14	2.06637e-15	2.75911e-16	3.38829e-17	3.83569e-18	4.01189e-19	3.88571e-20	3.49265e-21	2.91956e-22	2.27425e-23	1.6541e-24	1.12537e-25	7.17474e-27	4.29364e-28	2.41574e-29	1.27993e-30	6.69487e-32	6.69487e-32	
0.224472	0.224472	0.361122	0.627898	0.996864	1.41586	1.83048	2.2062	2.52812	2.79126	2.99564	3.1443	3.24197	3.29434	3.31004	3.30035	3.27754	3.25005	3.22535	3.20944	3.20569	3.21438	3.23434	3.26113	3.28776	3.30628	3.3073	3.27817	3.20877	3.09133	2.92085	2.69321	2.40614	2.06165	1.66754	1.24488	0.836418	0.495176	0.254925	0.113529	0.0437588	0.0146562	0.00429001	0.00110449	0.00025174	5.11183e-05	9.30993e-06	1.54921e-06	2.84878e-07	1.58688e-07	2.6093e-07	4.75226e-07	8.0937e-07	1.27826e-06	1.87697e-06	2.57014e-06	3.29029e-06	3.94645e-06	4.44192e-06	4.69669e-06	4.66758e-06	4.35956e-06	3.82445e-06	3.1474e-06	2.42572e-06	1.7469e-06	1.17238e-06	7.30953e-07	4.21915e-07	2.24638e-07	1.09922e-07	4.92663e-08	2.0165e-08	7.51938e-09	2.54988e-09	7.854e-10	2.19603e-10	5.57383e-11	1.28485e-11	2.69251e-12	5.13641e-13	8.93502e-14	1.42006e-14	2.06637e-15	2.75911e-16	3.38829e-17	3.83569e-18	4.01189e-19	3.88571e-20	3.49265e-21	2.91956e-22	2.27425e-23	1.6541e-24	1.12537e-25	7.17474e-27	4.29364e-28	2.41574e-29	1.27993e-30	6.69487e-32	6.69487e-32	
0.361122	0.361122	0.507127	0.766058	1.08773	1.43207	1.77967	2.11441	2.41346	2.65808	2.83985	2.96005	3.02607	3.04938	3.04313	3.01873	2.98484	2.94879	2.91969	2.90153	2.89682	2.90738	2.93001	2.96253	2.99901	3.03008	3.04831	3.04423	3.00532	2.91909	2.77475	2.56766	2.29975	1.98344	1.64082	1.2913	0.946895	0.627711	0.366073	0.184767	0.0802544	0.0300412	0.00974161	0.00275536	0.000684744	0.000150602	2.9566e-05	5.34804e-06	1.20446e-06	9.24355e-07	1.57164e-06	2.7724e-06	4.57018e-06	7.0114e-06	1.0041e-05	1.34646e-05	1.69518e-05	2.00809e-05	2.24184e-05	2.36128e-05	2.34766e-05	2.20312e-05	1.95022e-05	1.62648e-05	1.27577e-05	9.38996e-06	6.46712e-06	4.15441e-06	2.48016e-06	1.37062e-06	6.98349e-07	3.26785e-07	1.39945e-07	5.46832e-08	1.94502e-08	6.28673e-09	1.84461e-09	4.91129e-10	1.18682e-10	2.60497e-11	5.19962e-12	9.45329e-13	1.56839e-13	2.37953e-14	3.30877e-15	4.22649e-16	4.97105e-17	5.39611e-18	5.41844e-19	5.04426e-20	4.36304e-21	3.5136e-22	2.63969e-23	1.85361e-24	1.21881e-25	7.51727e-27	4.35614e-28	2.37568e-29	1.27993e-30	1.27993e-30	
0.627898	0.627898	0.766058	0.985802	1.23075	1.48515	1.74735	1.99675	2.21055	2.37782	2.49447	2.56281	2.58825	2.58155	2.55227	2.50991	2.46093	2.41652	2.38211	2.36123	2.35576	2.36799	2.39475	2.43338	2.48034	2.52843	2.5661	2.58772	2.58239	2.54108	2.45394	2.31677	2.13046	1.90008	1.64112	1.37693	1.11287	0.837211	0.560916	0.324401	0.159847	0.067065	0.0240948	0.00747385	0.00201917	0.000479312	0.000101141	2.00223e-05	5.7346e-06	5.65119e-06	9.67122e-06	1.6527e-05	2.64144e-05	3.94288e-05	5.51494e-05	7.25128e-05	8.98718e-05	0.000105226	0.000116581	0.000122349	0.000121692	0.000114706	0.000102401	8.64754e-05	6.89585e-05	5.1806e-05	3.6562e-05	2.41593e-05	1.48901e-05	8.5246e-06	4.51365e-06	2.20085e-06	9.84258e-07	4.02294e-07	1.49839e-07	5.07444e-08	1.56021e-08	4.35187e-09	1.10109e-09	2.5284e-10	5.27475e-11	1.00122e-11	1.7323e-12	2.73762e-13	3.96049e-14	5.25732e-15	6.41871e-16	7.22487e-17	7.51495e-18	7.23984e-19	6.4744e-20	5.38595e-21	4.17644e-22	3.02467e-23	2.04969e-24	1.30198e-25	7.76532e-27	4.35614e-28	2.41574e-29	2.41574e-29	
0.996864	0.996864	1.08773	1.23075	1.40036	1.58428	1.74974	1.87197	1.95685	2.00869	2.02973	2.02154	1.98755	1.93508	1.87019	1.80226	1.73783	1.68609	1.64552	1.62218	1.61757	1.629	1.66067	1.70594	1.76253	1.8296	1.8972	1.95802	2.00389	2.0279	2.02518	1.99162	1.92658	1.82749	1.68374	1.49627	1.28685	1.05646	0.792043	0.517809	0.287721	0.134999	0.0537094	0.0182749	0.00537069	0.00137738	0.000313452	6.94032e-05	2.656e-05	3.1689e-05	5.36829e-05	8.86739e-05	0.000137241	0.000199124	0.000271795	0.000350168	0.000427014	0.000493976	0.000542976	0.000567716	0.000564904	0.000534916	0.000481721	0.000412086	0.000334268	0.000256505	0.000185663	0.000126323	8.04751e-05	4.7794e-05	2.63393e-05	1.34061e-05	6.27334e-06	2.68781e-06	1.05069e-06	3.73694e-07	1.20686e-07	3.53487e-08	9.38582e-09	2.25976e-09	4.93761e-10	9.80443e-11	1.7723e-11	2.92244e-12	4.40573e-13	6.08663e-14	7.72448e-15	9.0271e-16	9.73765e-17	9.71861e-18	8.99468e-19	7.73658e-20	6.19736e-21	4.63266e-22	3.2378e-23	2.11962e-24	1.30198e-25	7.51727e-27	4.29364e-28	4.29364e-28	
1.41586	1.41586	1.43207	1.48515	1.58428	1.68402	1.73279	1.73696	1.70565	1.63655	1.54219	1.42791	1.30767	1.18729	1.0769	0.978979	0.898683	0.834348	0.789548	0.764273	0.759797	0.772309	0.805287	0.857981	0.929325	1.01563	1.11995	1.23417	1.35609	1.47456	1.58228	1.66793	1.72169	1.73685	1.71012	1.61577	1.45253	1.25178	1.01461	0.736067	0.45819	0.240266	0.106033	0.039672	0.0127149	0.00353351	0.000873839	0.000224573	0.000118536	0.000160789	0.000266378	0.000424319	0.000634961	0.000894272	0.00118983	0.00150063	0.00179917	0.00205519	0.00224045	0.00233337	0.00232282	0.00221009	0.00200861	0.00174162	0.00143818	0.00112836	0.000838615	0.000588326	0.000388009	0.000239473	0.000137632	7.32843e-05	3.59688e-05	1.61962e-05	6.66293e-06	2.49576e-06	8.4901e-07	2.61855e-07	7.31615e-08	1.85165e-08	4.24784e-09	8.8438e-10	1.67378e-10	2.88548e-11	4.54121e-12	6.54029e-13	8.64101e-14	1.04991e-14	1.17606e-15	1.21744e-16	1.16739e-17	1.03925e-18	8.60794e-20	6.64737e-21	4.79545e-22	3.2378e-23	2.04969e-24	1.21881e-25	7.17474e-27	7.17474e-27	
1.83048	1.83048	1.77967	1.74735	1.74974	1.73279	1.68092	1.59436	1.44834	1.26459	1.06058	0.85107	0.653111	0.472549	0.318539	0.18932	0.0888515	0.014979	-0.0320675	-0.0591219	-0.0658022	-0.0498712	-0.0167966	0.0412044	0.125464	0.237163	0.377094	0.541621	0.730424	0.93394	1.14341	1.34043	1.51155	1.62826	1.68392	1.68132	1.58899	1.41962	1.20761	0.948373	0.652987	0.380947	0.186364	0.0767432	0.0268673	0.00811601	0.00220913	0.00069432	0.000501814	0.000730406	0.00117275	0.00179727	0.00259588	0.00354366	0.00459009	0.00566122	0.00666762	0.00751606	0.00812255	0.0084246	0.00839041	0.00802359	0.00736264	0.00647521	0.0054482	0.00437511	0.00334312	0.00242193	0.00165647	0.00106452	0.000639451	0.000357068	0.000184312	8.7476e-05	3.79884e-05	1.50335e-05	5.40411e-06	1.76064e-06	5.19207e-07	1.38537e-07	3.34596e-08	7.32266e-09	1.45446e-09	2.62712e-10	4.325e-11	6.50544e-12	8.96294e-13	1.13401e-13	1.32093e-14	1.42012e-15	1.41254e-16	1.30293e-17	1.11701e-18	8.91947e-20	6.64737e-21	4.63266e-22	3.02467e-23	1.85361e-24	1.12537e-25	1.12537e-25	
2.2062	2.2062	2.11441	1.99675	1.87197	1.73696	1.59436	1.39907	1.15463	0.892355	0.608913	0.336428	0.0790862	-0.142439	-0.329261	-0.472917	-0.579113	-0.651303	-0.698461	-0.723316	-0.729344	-0.71817	-0.683514	-0.625356	-0.541765	-0.419642	-0.259517	-0.057681	0.179096	0.443802	0.722888	0.999335	1.25196	1.4724	1.6132	1.68009	1.6686	1.55428	1.36946	1.13631	0.849486	0.54592	0.294752	0.133371	0.0510088	0.0168144	0.00514929	0.00209621	0.0019699	0.00293966	0.00454317	0.00668246	0.00929857	0.012284	0.0154695	0.018637	0.021543	0.0239478	0.0256443	0.0264827	0.026388	0.0253688	0.023516	0.0209925	0.0180141	0.0148237	0.011662	0.00873861	0.00620986	0.00416428	0.00262082	0.0015389	0.000837918	0.000420532	0.000193452	8.11729e-05	3.09461e-05	1.06882e-05	3.33834e-06	9.42191e-07	2.40318e-07	5.54451e-08	1.15884e-08	2.19847e-09	3.79444e-10	5.97293e-11	8.5975e-12	1.13462e-12	1.37648e-13	1.53906e-14	1.59e-15	1.52141e-16	1.35149e-17	1.11701e-18	8.60794e-20	6.19736e-21	4.17644e-22	2.63969e-23	1.6541e-24	1.6541e-24	
2.52812	2.52812	2.41346	2.21055	1.95685	1.70565	1.44834	1.15463	0.848997	0.514164	0.179929	-0.133296	-0.411455	-0.641634	-0.821182	-0.955307	-1.04468	-1.10589	-1.13696	-1.15175	-1.15696	-1.14832	-1.12642	-1.08559	-1.01261	-0.906064	-0.755911	-0.554107	-0.30658	-0.00988734	0.309838	0.650174	0.965863	1.25107	1.48428	1.62549	1.68641	1.64393	1.50032	1.29472	1.03047	0.719413	0.425253	0.210538	0.0878751	0.0318267	0.0113563	0.00621112	0.00700207	0.0103727	0.0153468	0.0216126	0.0289172	0.0369083	0.0451269	0.0530464	0.0601266	0.0658685	0.0698614	0.0718181	0.0715979	0.0692165	0.0648454	0.0587988	0.0515081	0.0434849	0.035271	0.0273829	0.0202578	0.0142079	0.00939298	0.00581685	0.00335199	0.00178541	0.000873405	0.000390164	0.000158404	5.82369e-05	1.93419e-05	5.79597e-06	1.56675e-06	3.82315e-07	8.43356e-08	1.68506e-08	3.05663e-09	5.04675e-10	7.60497e-11	1.04881e-11	1.32741e-12	1.54595e-13	1.66115e-14	1.65098e-15	1.52141e-16	1.30293e-17	1.03925e-18	7.73658e-20	5.38595e-21	3.5136e-22	2.27425e-23	2.27425e-23	
2.79126	2.79126	2.65808	2.37782	2.00869	1.63655	1.26459	0.892355	0.514164	0.131762	-0.21795	-0.540885	-0.802502	-1.0145	-1.16025	-1.25957	-1.31128	-1.33281	-1.34392	-1.34469	-1.34349	-1.34187	-1.34082	-1.32837	-1.2941	-1.22692	-1.10857	-0.936938	-0.705193	-0.417463	-0.0825259	0.2778	0.654762	0.997513	1.30036	1.52113	1.65155	1.68378	1.59692	1.42395	1.1874	0.887004	0.568079	0.305874	0.139228	0.0561504	0.024405	0.0177156	0.0220606	0.031749	0.0447718	0.0602267	0.077341	0.0952308	0.112912	0.129381	0.143699	0.15506	0.162841	0.16662	0.166196	0.161592	0.153053	0.141043	0.126225	0.109435	0.0916311	0.0738186	0.0569599	0.0418767	0.0291597	0.0191042	0.0116925	0.006636	0.00346712	0.00165648	0.000719566	0.000282924	0.000100374	3.20731e-05	9.22548e-06	2.38987e-06	5.58299e-07	1.17846e-07	2.25296e-08	3.9115e-09	6.18464e-10	8.93146e-11	1.18147e-11	1.43565e-12	1.60692e-13	1.66115e-14	1.59e-15	1.41254e-16	1.16739e-17	8.99468e-19	6.4744e-20	4.36304e-21	2.91956e-22	2.91956e-22	
2.99564	2.99564	2.83985	2.49447	2.02973	1.54219	1.06058	0.608913	0.179929	-0.21795	-0.578771	-0.878498	-1.10932	-1.26475	-1.35583	-1.38767	-1.38945	-1.36859	-1.34567	-1.32999	-1.32336	-1.33392	-1.35628	-1.37787	-1.39151	-1.38176	-1.32468	-1.21324	-1.02343	-0.769228	-0.440204	-0.0708096	0.327224	0.719358	1.08134	1.3761	1.57475	1.67764	1.65663	1.52467	1.31812	1.03916	0.713201	0.415073	0.206521	0.094857	0.051951	0.0469632	0.06051	0.0834261	0.111745	0.143315	0.176406	0.209355	0.240569	0.268614	0.292293	0.310666	0.323053	0.329015	0.328349	0.321077	0.30745	0.287953	0.263318	0.234535	0.202854	0.169742	0.136799	0.105624	0.0776523	0.0539829	0.0352175	0.0213864	0.0119903	0.00615815	0.00287747	0.00121647	0.000463412	0.000158686	4.87947e-05	1.3476e-05	3.34685e-06	7.48929e-07	1.51373e-07	2.77128e-08	4.60924e-09	6.98598e-10	9.67834e-11	1.22929e-11	1.43565e-12	1.54595e-13	1.53906e-14	1.42012e-15	1.21744e-16	9.71861e-18	7.23984e-19	5.04426e-20	3.49265e-21	3.49265e-21	
3.1443	3.1443	2.96005	2.56281	2.02154	1.42791	0.85107	0.336428	-0.133296	-0.540885	-0.878498	-1.13387	-1.3049	-1.39002	-1.40767	-1.37289	-1.30985	-1.24372	-1.18915	-1.15879	-1.15348	-1.16787	-1.20757	-1.26817	-1.33878	-1.39052	-1.40893	-1.36483	-1.24734	-1.04245	-0.755649	-0.396762	0.0139167	0.438056	0.843434	1.20169	1.4667	1.63447	1.68075	1.59757	1.42364	1.17188	0.853778	0.53503	0.293355	0.157547	0.108178	0.111641	0.142456	0.186543	0.236866	0.289464	0.341554	0.3909	0.435697	0.474555	0.50647	0.530734	0.546864	0.554566	0.55371	0.544309	0.526526	0.500689	0.467322	0.427185	0.381354	0.331294	0.278867	0.226267	0.175872	0.130022	0.090696	0.0591677	0.0357686	0.0198565	0.0100393	0.00459104	0.00188925	0.000697255	0.000230421	6.81765e-05	1.80801e-05	4.30605e-06	9.234e-07	1.78824e-07	3.13739e-08	5.00309e-09	7.27534e-10	9.67834e-11	1.18147e-11	1.32741e-12	1.37648e-13	1.32093e-14	1.17606e-15	9.73765e-17	7.51495e-18	5.41844e-19	3.88571e-20	3.88571e-20	
3.24197	3.24197	3.02607	2.58825	1.98755	1.30767	0.653111	0.0790862	-0.411455	-0.802502	-1.10932	-1.3049	-1.40374	-1.40457	-1.33982	-1.23151	-1.11901	-1.02522	-0.959628	-0.923076	-0.914348	-0.934771	-0.982123	-1.0598	-1.16286	-1.27766	-1.37189	-1.41425	-1.37532	-1.24096	-1.0022	-0.673331	-0.276606	0.165184	0.604165	1.01258	1.33819	1.56485	1.67465	1.64472	1.50699	1.2865	0.989075	0.667886	0.408665	0.259719	0.212417	0.231627	0.285279	0.353506	0.425904	0.497088	0.563971	0.624595	0.677715	0.722582	0.758738	0.785854	0.803712	0.812196	0.811257	0.800899	0.781185	0.752244	0.714318	0.667757	0.61306	0.55105	0.483047	0.410964	0.337326	0.265224	0.198093	0.139225	0.0911358	0.054981	0.0302662	0.0150726	0.00674547	0.00270073	0.000965083	0.000307631	8.75543e-05	2.22935e-05	5.09238e-06	1.04686e-06	1.94347e-07	3.26978e-08	5.00309e-09	6.98598e-10	8.93146e-11	1.04881e-11	1.13462e-12	1.13401e-13	1.04991e-14	9.0271e-16	7.22487e-17	5.39611e-18	4.01189e-19	4.01189e-19	
3.29434	3.29434	3.04938	2.58155	1.93508	1.18729	0.472549	-0.142439	-0.641634	-1.0145	-1.26475	-1.39002	-1.40457	-1.324	-1.18475	-1.02873	-0.885797	-0.790474	-0.734525	-0.706465	-0.7033	-0.71644	-0.751185	-0.821116	-0.940067	-1.08941	-1.24659	-1.36429	-1.41297	-1.35494	-1.18761	-0.902597	-0.526238	-0.0832142	0.375979	0.82114	1.19938	1.47962	1.647	1.67121	1.57399	1.39033	1.12672	0.823512	0.566339	0.417363	0.378218	0.413632	0.486247	0.571639	0.657428	0.738139	0.811389	0.876147	0.932008	0.97878	1.01624	1.04418	1.0625	1.07121	1.07025	1.05962	1.03938	1.00953	0.970189	0.921577	0.86391	0.79738	0.722401	0.639854	0.551239	0.458845	0.366001	0.277032	0.196752	0.129526	0.0780862	0.042641	0.0209075	0.00914808	0.00355955	0.00123025	0.000377939	0.00010341	2.52748e-05	5.5374e-06	1.09155e-06	1.94347e-07	3.13739e-08	4.60924e-09	6.18464e-10	7.60497e-11	8.5975e-12	8.96294e-13	8.64101e-14	7.72448e-15	6.41871e-16	4.97105e-17	3.83569e-18	3.83569e-18	
3.31004	3.31004	3.04313	2.55227	1.87019	1.0769	0.318539	-0.329261	-0.821182	-1.16025	-1.35583	-1.40767	-1.33982	-1.18475	-0.989358	-0.813442	-0.692017	-0.634704	-0.61318	-0.593635	-0.586765	-0.601403	-0.619584	-0.652654	-0.732349	-0.87927	-1.06905	-1.25431	-1.38034	-1.40533	-1.30493	-1.07326	-0.732866	-0.301911	0.168256	0.640119	1.06025	1.38771	1.60792	1.68654	1.63563	1.49753	1.28189	1.01533	0.775567	0.632187	0.59703	0.638467	0.717901	0.809174	0.899365	0.983205	1.05873	1.12535	1.18278	1.23071	1.26874	1.29689	1.31529	1.32402	1.32306	1.31241	1.29206	1.26194	1.22191	1.17203	1.11273	1.04426	0.966813	0.880651	0.786396	0.684942	0.577801	0.467746	0.359192	0.258106	0.171019	0.103022	0.0557548	0.0268728	0.0114746	0.00433125	0.00144564	0.000427517	0.000112373	2.63539e-05	5.5374e-06	1.04686e-06	1.78824e-07	2.77128e-08	3.9115e-09	5.04675e-10	5.97293e-11	6.50544e-12	6.54029e-13	6.08663e-14	5.25732e-15	4.22649e-16	3.38829e-17	3.38829e-17	
3.30035	3.30035	3.01873	2.50991	1.80226	0.978979	0.18932	-0.472917	-0.955307	-1.25957	-1.38767	-1.37289	-1.23151	-1.02873	-0.813442	-0.662281	-0.591381	-0.580558	-0.587677	-0.572413	-0.564722	-0.582586	-0.585523	-0.579277	-0.611279	-0.710886	-0.897591	-1.11195	-1.30176	-1.39639	-1.36938	-1.19621	-0.894373	-0.479959	-0.0103143	0.477827	0.931171	1.29872	1.56831	1.7045	1.7089	1.62676	1.46899	1.24677	1.0258	0.881487	0.839096	0.875535	0.954025	1.04715	1.14023	1.22667	1.30401	1.37143	1.42843	1.47472	1.51058	1.53683	1.5539	1.56183	1.56095	1.55122	1.53231	1.50418	1.46629	1.41785	1.35872	1.28922	1.20972	1.12054	1.02242	0.916446	0.803449	0.684375	0.560911	0.436448	0.317077	0.21124	0.126932	0.0679128	0.0320858	0.0133331	0.00487043	0.00156685	0.000445431	0.000112373	2.52748e-05	5.09238e-06	9.234e-07	1.51373e-07	2.25296e-08	3.05663e-09	3.79444e-10	4.325e-11	4.54121e-12	4.40573e-13	3.96049e-14	3.30877e-15	2.75911e-16	2.75911e-16	
3.27754	3.27754	2.98484	2.46093	1.73783	0.898683	0.0888515	-0.579113	-1.04468	-1.31128	-1.38945	-1.30985	-1.11901	-0.885797	-0.692017	-0.591381	-0.594165	-0.607399	-0.591733	-0.571788	-0.565909	-0.578242	-0.599387	-0.606832	-0.585027	-0.618163	-0.762007	-0.977335	-1.2078	-1.36028	-1.3971	-1.27333	-1.0132	-0.622117	-0.157048	0.341574	0.82349	1.22623	1.54287	1.74213	1.81182	1.79074	1.68712	1.49996	1.28788	1.13544	1.08249	1.11357	1.19174	1.28623	1.37937	1.46344	1.53632	1.59738	1.64687	1.68559	1.71531	1.73688	1.7506	1.75681	1.7561	1.74842	1.73316	1.70999	1.67858	1.63786	1.58608	1.5226	1.44708	1.35949	1.25985	1.14956	1.03061	0.904935	0.774168	0.639426	0.502391	0.367965	0.245732	0.146749	0.0773061	0.0356577	0.0143682	0.00506434	0.00156685	0.000427517	0.00010341	2.22935e-05	4.30605e-06	7.48929e-07	1.17846e-07	1.68506e-08	2.19847e-09	2.62712e-10	2.88548e-11	2.92244e-12	2.73762e-13	2.37953e-14	2.06637e-15	2.06637e-15	
3.25005	3.25005	2.94879	2.41652	1.68609	0.834348	0.014979	-0.651303	-1.10589	-1.33281	-1.36859	-1.24372	-1.02522	-0.790474	-0.634704	-0.580558	-0.607399	-0.605151	-0.557397	-0.544837	-0.549544	-0.545797	-0.574102	-0.615991	-0.592184	-0.590215	-0.686369	-0.877518	-1.12355	-1.31118	-1.39667	-1.31913	-1.09594	-0.727328	-0.265616	0.235274	0.742027	1.18454	1.55143	1.81665	1.95251	1.98331	1.91582	1.74868	1.54162	1.38553	1.32693	1.35286	1.42537	1.51203	1.59481	1.66717	1.72768	1.77619	1.81424	1.84349	1.86584	1.88111	1.89008	1.8945	1.89397	1.88859	1.87853	1.86191	1.83823	1.8074	1.76739	1.71648	1.65314	1.57678	1.48613	1.38049	1.26098	1.12976	0.990362	0.846651	0.700836	0.553242	0.406599	0.270798	0.159822	0.0824285	0.0369293	0.0143682	0.00487043	0.00144564	0.000377939	8.75543e-05	1.80801e-05	3.34685e-06	5.58299e-07	8.43356e-08	1.15884e-08	1.45446e-09	1.67378e-10	1.7723e-11	1.7323e-12	1.56839e-13	1.42006e-14	1.42006e-14	
3.22535	3.22535	2.91969	2.38211	1.64552	0.789548	-0.0320675	-0.698461	-1.13696	-1.34392	-1.34567	-1.18915	-0.959628	-0.734525	-0.61318	-0.587677	-0.591733	-0.557397	-0.483503	-0.499765	-0.525107	-0.482152	-0.508972	-0.580454	-0.588482	-0.592678	-0.645514	-0.817671	-1.05616	-1.27115	-1.38651	-1.34775	-1.14399	-0.796983	-0.340075	0.169772	0.699994	1.18532	1.60801	1.93489	2.12142	2.18314	2.13595	1.98569	1.78854	1.63122	1.56216	1.57318	1.62955	1.70014	1.76744	1.8251	1.87063	1.90501	1.92986	1.94758	1.95857	1.96472	1.96794	1.97	1.96979	1.9674	1.96374	1.95681	1.94463	1.92551	1.89898	1.86234	1.81394	1.75205	1.67633	1.58478	1.47679	1.35207	1.21171	1.05959	0.902165	0.744729	0.587414	0.430525	0.283939	0.164384	0.0824285	0.0356577	0.0133331	0.00433125	0.00123025	0.000307631	6.81765e-05	1.3476e-05	2.38987e-06	3.82315e-07	5.54451e-08	7.32266e-09	8.8438e-10	9.80443e-11	1.00122e-11	9.45329e-13	8.93502e-14	8.93502e-14	
3.20944	3.20944	2.90153	2.36123	1.62218	0.764273	-0.0591219	-0.723316	-1.15175	-1.34469	-1.32999	-1.15879	-0.923076	-0.706465	-0.593635	-0.572413	-0.571788	-0.544837	-0.499765	-0.508495	-0.523851	-0.496921	-0.514716	-0.560881	-0.571333	-0.57666	-0.623588	-0.786209	-1.0212	-1.2474	-1.3794	-1.35818	-1.16999	-0.832807	-0.374736	0.149497	0.709677	1.24084	1.71514	2.08574	2.2991	2.37766	2.34902	2.21497	2.02031	1.8511	1.76393	1.75664	1.79566	1.84888	1.89783	1.93555	1.96004	1.97431	1.97963	1.97989	1.97576	1.97166	1.96895	1.96654	1.96689	1.96956	1.97236	1.97669	1.98022	1.97905	1.9722	1.9559	1.92843	1.88607	1.82791	1.75251	1.65923	1.54851	1.41992	1.27337	1.1108	0.940217	0.771146	0.604509	0.438604	0.283939	0.159822	0.0773061	0.0320858	0.0114746	0.00355955	0.000965083	0.000230421	4.87947e-05	9.22548e-06	1.56675e-06	2.40318e-07	3.34596e-08	4.24784e-09	4.93761e-10	5.27475e-11	5.19962e-12	5.13641e-13	5.13641e-13	
3.20569	3.20569	2.89682	2.35576	1.61757	0.759797	-0.0658022	-0.729344	-1.15696	-1.34349	-1.32336	-1.15348	-0.914348	-0.7033	-0.586765	-0.564722	-0.565909	-0.549544	-0.525107	-0.523851	-0.53011	-0.52205	-0.533198	-0.559922	-0.565702	-0.566766	-0.619778	-0.778644	-1.01429	-1.23935	-1.37538	-1.35728	-1.1767	-0.834731	-0.366045	0.179531	0.778463	1.3536	1.86206	2.25151	2.47707	2.57137	2.55559	2.42053	2.21444	2.03162	1.92996	1.90474	1.92177	1.94922	1.97091	1.98073	1.97933	1.96892	1.95302	1.93435	1.91661	1.90067	1.88954	1.88285	1.88362	1.89149	1.90357	1.92004	1.93801	1.95654	1.97146	1.98038	1.97903	1.96479	1.93342	1.88301	1.81024	1.71555	1.5999	1.46569	1.31353	1.14211	0.959674	0.779982	0.604509	0.430525	0.270798	0.146749	0.0679128	0.0268728	0.00914808	0.00270073	0.000697255	0.000158686	3.20731e-05	5.79597e-06	9.42191e-07	1.38537e-07	1.85165e-08	2.25976e-09	2.5284e-10	2.60497e-11	2.69251e-12	2.69251e-12	
3.21438	3.21438	2.90738	2.36799	1.629	0.772309	-0.0498712	-0.71817	-1.14832	-1.34187	-1.33392	-1.16787	-0.934771	-0.71644	-0.601403	-0.582586	-0.578242	-0.545797	-0.482152	-0.496921	-0.52205	-0.481162	-0.501618	-0.566937	-0.578724	-0.586622	-0.630372	-0.798274	-1.03114	-1.25537	-1.37821	-1.35217	-1.15599	-0.801761	-0.308839	0.272282	0.906166	1.51001	2.03239	2.42563	2.65949	2.76057	2.73637	2.58697	2.3709	2.17616	2.05478	2.00353	1.99141	1.98857	1.98083	1.96125	1.9322	1.89488	1.85557	1.81526	1.7792	1.74919	1.72833	1.7193	1.72024	1.73161	1.75463	1.78595	1.82313	1.86357	1.9027	1.93872	1.96544	1.9806	1.97922	1.95948	1.91715	1.84966	1.75547	1.63419	1.49216	1.33307	1.15261	0.959674	0.771146	0.587414	0.406599	0.245732	0.126932	0.0557548	0.0209075	0.00674547	0.00188925	0.000463412	0.000100374	1.93419e-05	3.33834e-06	5.19207e-07	7.31615e-08	9.38582e-09	1.10109e-09	1.18682e-10	1.28485e-11	1.28485e-11	
3.23434	3.23434	2.93001	2.39475	1.66067	0.805287	-0.0167966	-0.683514	-1.12642	-1.34082	-1.35628	-1.20757	-0.982123	-0.751185	-0.619584	-0.585523	-0.599387	-0.574102	-0.508972	-0.514716	-0.533198	-0.501618	-0.531967	-0.595137	-0.590931	-0.591583	-0.657292	-0.837112	-1.07958	-1.28519	-1.39121	-1.3319	-1.1093	-0.723661	-0.197997	0.419303	1.08467	1.69887	2.21778	2.60891	2.84071	2.92688	2.88302	2.72009	2.48661	2.2695	2.12497	2.04891	2.00756	1.9728	1.93028	1.87626	1.8135	1.74631	1.67903	1.61639	1.56144	1.51944	1.49037	1.47528	1.47698	1.49516	1.52683	1.57153	1.62847	1.69226	1.76001	1.82634	1.88738	1.93708	1.9709	1.98397	1.97353	1.93631	1.87208	1.77851	1.65169	1.50089	1.33307	1.14211	0.940217	0.744729	0.553242	0.367965	0.21124	0.103022	0.042641	0.0150726	0.00459104	0.00121647	0.000282924	5.82369e-05	1.06882e-05	1.76064e-06	2.61855e-07	3.53487e-08	4.35187e-09	4.91129e-10	5.57383e-11	5.57383e-11	
3.26113	3.26113	2.96253	2.43338	1.70594	0.857981	0.0412044	-0.625356	-1.08559	-1.32837	-1.37787	-1.26817	-1.0598	-0.821116	-0.652654	-0.579277	-0.606832	-0.615991	-0.580454	-0.560881	-0.559922	-0.566937	-0.595137	-0.62032	-0.589846	-0.593747	-0.711464	-0.910488	-1.15587	-1.32792	-1.39561	-1.2928	-1.02957	-0.597283	-0.031635	0.621632	1.30059	1.90669	2.41644	2.79633	3.00464	3.06421	3.00007	2.80893	2.54669	2.31222	2.14769	2.0434	1.96648	1.89396	1.81304	1.72349	1.62729	1.52983	1.43633	1.35079	1.27818	1.21991	1.18048	1.162	1.16401	1.18668	1.23025	1.29174	1.36703	1.45462	1.54898	1.64662	1.7414	1.82781	1.90071	1.95408	1.98279	1.98173	1.94752	1.88162	1.78582	1.65169	1.49216	1.31353	1.1108	0.902165	0.700836	0.502391	0.317077	0.171019	0.0780862	0.0302662	0.0100393	0.00287747	0.000719566	0.000158404	3.09461e-05	5.40411e-06	8.4901e-07	1.20686e-07	1.56021e-08	1.84461e-09	2.19603e-10	2.19603e-10	
3.28776	3.28776	2.99901	2.48034	1.76253	0.929325	0.125464	-0.541765	-1.01261	-1.2941	-1.39151	-1.33878	-1.16286	-0.940067	-0.732349	-0.611279	-0.585027	-0.592184	-0.588482	-0.571333	-0.565702	-0.578724	-0.590931	-0.589847	-0.586818	-0.647044	-0.809983	-1.02999	-1.24553	-1.37712	-1.38067	-1.22138	-0.904762	-0.419313	0.186475	0.867508	1.54132	2.1297	2.6238	2.97342	3.14309	3.17417	3.07525	2.8443	2.56178	2.30644	2.11568	1.9812	1.86979	1.75942	1.64085	1.51287	1.38202	1.25221	1.13075	1.02165	0.929878	0.860267	0.812756	0.790394	0.792858	0.820323	0.872539	0.946674	1.04235	1.15393	1.27745	1.40808	1.53853	1.66363	1.77559	1.86869	1.93828	1.97737	1.98552	1.95169	1.88162	1.77851	1.63419	1.46569	1.27337	1.05959	0.846651	0.639426	0.436448	0.258106	0.129526	0.054981	0.0198565	0.00615815	0.00165648	0.000390164	8.11729e-05	1.50335e-05	2.49576e-06	3.73694e-07	5.07444e-08	6.28673e-09	7.854e-10	7.854e-10	
3.30628	3.30628	3.03008	2.52843	1.8296	1.01563	0.237163	-0.419642	-0.906064	-1.22692	-1.38176	-1.39052	-1.27766	-1.08941	-0.87927	-0.710886	-0.618163	-0.590215	-0.592678	-0.57666	-0.566766	-0.586622	-0.591584	-0.593748	-0.647046	-0.768497	-0.96336	-1.16844	-1.33595	-1.39984	-1.33605	-1.10938	-0.725833	-0.188522	0.454344	1.14327	1.797	2.36378	2.82806	3.12848	3.25469	3.2486	3.1017	2.83566	2.52586	2.24631	2.03823	1.8724	1.72404	1.57189	1.4128	1.24782	1.0825	0.924509	0.77727	0.647986	0.540263	0.456688	0.400552	0.373196	0.376269	0.409534	0.471392	0.560099	0.671936	0.805135	0.955388	1.11536	1.28075	1.44413	1.59786	1.73543	1.84812	1.93034	1.97421	1.98552	1.94752	1.87208	1.75547	1.5999	1.41992	1.21171	0.990362	0.774168	0.560911	0.359192	0.196752	0.0911358	0.0357686	0.0119903	0.00346712	0.000873405	0.000193452	3.79884e-05	6.66293e-06	1.05069e-06	1.49839e-07	1.94502e-08	2.54988e-09	2.54988e-09	
3.3073	3.3073	3.04831	2.5661	1.8972	1.11995	0.377094	-0.259517	-0.755911	-1.10857	-1.32468	-1.40893	-1.37189	-1.24659	-1.06905	-0.897591	-0.762007	-0.686369	-0.645514	-0.623588	-0.619779	-0.630373	-0.657294	-0.711471	-0.81	-0.96339	-1.14334	-1.30455	-1.39783	-1.38466	-1.23597	-0.940724	-0.494504	0.0934237	0.757656	1.43869	2.06482	2.59878	3.01478	3.2561	3.33527	3.27994	3.08224	2.77814	2.4403	2.14962	1.91484	1.71788	1.53192	1.34188	1.14359	0.943421	0.745195	0.558104	0.388924	0.239488	0.116905	0.0247237	-0.0370856	-0.0653285	-0.0621991	-0.0273113	0.040819	0.138826	0.267101	0.421384	0.594758	0.784085	0.983239	1.18313	1.37622	1.55612	1.71148	1.84066	1.93034	1.97737	1.98173	1.93631	1.84966	1.71555	1.54851	1.35207	1.12976	0.904935	0.684375	0.467746	0.277032	0.139225	0.0591677	0.0213864	0.006636	0.00178541	0.000420532	8.7476e-05	1.61962e-05	2.68781e-06	4.02294e-07	5.46832e-08	7.51938e-09	7.51938e-09	
3.27817	3.27817	3.04423	2.58772	1.95802	1.23417	0.541621	-0.057681	-0.554107	-0.936938	-1.21324	-1.36483	-1.41425	-1.36429	-1.25431	-1.11195	-0.977335	-0.877518	-0.817671	-0.78621	-0.778646	-0.798278	-0.837127	-0.91053	-1.03009	-1.16866	-1.30487	-1.39195	-1.40376	-1.30394	-1.08065	-0.709011	-0.203287	0.418375	1.08758	1.74575	2.33195	2.82082	3.17526	3.35214	3.37762	3.26552	3.01709	2.67459	2.3177	2.01122	1.75532	1.53131	1.30484	1.07679	0.840472	0.606679	0.381429	0.170051	-0.0187669	-0.180019	-0.313167	-0.414417	-0.481479	-0.514147	-0.510439	-0.470809	-0.397071	-0.289208	-0.149876	0.0175652	0.210565	0.425012	0.653552	0.886457	1.12114	1.34001	1.5439	1.71148	1.84812	1.93828	1.98279	1.97353	1.91715	1.81024	1.65923	1.47679	1.26098	1.03061	0.803449	0.577801	0.366001	0.198093	0.090696	0.0352175	0.0116925	0.00335199	0.000837918	0.000184312	3.59688e-05	6.27334e-06	9.84258e-07	1.39945e-07	2.0165e-08	2.0165e-08	
3.20877	3.20877	3.00532	2.58239	2.00389	1.35609	0.730424	0.179096	-0.30658	-0.705193	-1.02343	-1.24734	-1.37532	-1.41297	-1.38034	-1.30176	-1.2078	-1.12355	-1.05616	-1.0212	-1.0143	-1.03117	-1.07966	-1.15609	-1.24604	-1.33701	-1.39969	-1.40609	-1.32722	-1.14755	-0.843752	-0.417892	0.134466	0.775849	1.42979	2.05105	2.58811	3.01977	3.30122	3.41002	3.37697	3.20596	2.90721	2.5309	2.16259	1.84534	1.56998	1.31088	1.053	0.786339	0.519875	0.255026	0.00595171	-0.22366	-0.42732	-0.600218	-0.738079	-0.840511	-0.908484	-0.939403	-0.936026	-0.897979	-0.823015	-0.713328	-0.567751	-0.389048	-0.180323	0.0551249	0.306659	0.572944	0.838451	1.09852	1.34001	1.55612	1.73543	1.86869	1.95408	1.98397	1.95948	1.88301	1.75251	1.58478	1.38049	1.14956	0.916446	0.684942	0.458845	0.265224	0.130022	0.0539829	0.0191042	0.00581685	0.0015389	0.000357068	7.32843e-05	1.34061e-05	2.20085e-06	3.26785e-07	4.92663e-08	4.92663e-08	
3.09133	3.09133	2.91909	2.54108	2.0279	1.47456	0.93394	0.443802	-0.00988734	-0.417463	-0.769228	-1.04245	-1.24096	-1.35494	-1.40533	-1.39639	-1.36028	-1.31118	-1.27116	-1.24741	-1.2394	-1.25551	-1.28557	-1.32888	-1.37926	-1.40415	-1.39229	-1.31528	-1.15944	-0.907707	-0.54635	-0.0670188	0.514932	1.14703	1.77267	2.344	2.82026	3.18308	3.38467	3.42516	3.33133	3.10175	2.75704	2.35834	1.98587	1.65859	1.36499	1.07742	0.783469	0.484481	0.187425	-0.0988488	-0.367322	-0.607961	-0.818241	-0.993198	-1.13248	-1.23585	-1.30259	-1.33424	-1.33078	-1.29231	-1.21825	-1.10711	-0.961034	-0.7792	-0.561797	-0.315684	-0.0430158	0.246006	0.543465	0.838451	1.12114	1.37622	1.59786	1.77559	1.90071	1.9709	1.97922	1.93342	1.82791	1.67633	1.48613	1.25985	1.02242	0.786396	0.551239	0.337326	0.175872	0.0776523	0.0291597	0.00939298	0.00262082	0.000639451	0.000137632	2.63393e-05	4.51365e-06	6.98349e-07	1.09922e-07	1.09922e-07	
2.92085	2.92085	2.77475	2.45394	2.02518	1.58228	1.14341	0.722888	0.309838	-0.0825259	-0.440204	-0.755649	-1.0022	-1.18761	-1.30493	-1.36938	-1.3971	-1.39668	-1.38653	-1.37946	-1.37559	-1.37883	-1.39281	-1.39934	-1.38849	-1.35083	-1.26111	-1.11837	-0.891111	-0.587976	-0.175827	0.32277	0.910665	1.52116	2.10063	2.60648	3.01562	3.30069	3.41978	3.39478	3.24129	2.95723	2.575	2.16696	1.79719	1.46353	1.14925	0.831517	0.509668	0.181599	-0.138104	-0.443061	-0.72181	-0.969059	-1.1785	-1.35018	-1.48104	-1.57367	-1.63432	-1.66299	-1.65991	-1.62491	-1.55784	-1.45786	-1.31886	-1.13988	-0.922735	-0.668182	-0.384413	-0.0745885	0.246006	0.572944	0.886457	1.18313	1.44413	1.66363	1.82781	1.93708	1.9806	1.96479	1.88607	1.75205	1.57678	1.35949	1.12054	0.880651	0.639854	0.410964	0.226267	0.105624	0.0418767	0.0142079	0.00416428	0.00106452	0.000239473	4.7794e-05	8.5246e-06	1.37062e-06	2.24638e-07	2.24638e-07	
2.69321	2.69321	2.56766	2.31677	1.99162	1.66793	1.34043	0.999335	0.650174	0.2778	-0.0708096	-0.396762	-0.673331	-0.902597	-1.07326	-1.19621	-1.27333	-1.31915	-1.34784	-1.35849	-1.3582	-1.35463	-1.33779	-1.30545	-1.24592	-1.15254	-1.00969	-0.808519	-0.544651	-0.201283	0.224326	0.738401	1.31207	1.87266	2.39336	2.82686	3.16327	3.36268	3.40353	3.3197	3.10893	2.77671	2.37289	1.97087	1.60646	1.26686	0.932871	0.588816	0.237194	-0.11204	-0.450461	-0.763665	-1.04727	-1.28995	-1.49121	-1.64982	-1.7678	-1.84989	-1.89782	-1.91761	-1.91563	-1.89085	-1.83616	-1.74685	-1.62194	-1.45459	-1.24411	-0.993974	-0.702834	-0.384413	-0.0430158	0.306659	0.653552	0.983239	1.28075	1.53853	1.7414	1.88738	1.96544	1.97903	1.92843	1.81394	1.65314	1.44708	1.20972	0.966813	0.722401	0.483047	0.278867	0.136799	0.0569599	0.0202578	0.00620986	0.00165647	0.000388009	8.04751e-05	1.48901e-05	2.48016e-06	4.21915e-07	4.21915e-07	
2.40614	2.40614	2.29975	2.13046	1.92658	1.72169	1.51155	1.25196	0.965863	0.654762	0.327224	0.0139167	-0.276606	-0.526238	-0.732868	-0.89438	-1.01323	-1.09605	-1.1444	-1.17125	-1.18018	-1.16454	-1.12808	-1.06659	-0.970709	-0.832773	-0.65327	-0.419158	-0.131524	0.226555	0.653073	1.1542	1.67559	2.18976	2.63632	2.99067	3.25103	3.36328	3.33778	3.20147	2.93776	2.57235	2.1664	1.78077	1.42454	1.07644	0.720752	0.353803	-0.0194957	-0.387603	-0.736087	-1.05448	-1.33168	-1.56505	-1.7473	-1.88354	-1.97705	-2.03413	-2.0677	-2.08524	-2.08332	-2.06234	-2.02493	-1.9616	-1.85979	-1.71469	-1.5223	-1.27959	-0.993974	-0.668182	-0.315684	0.0551249	0.425012	0.784085	1.11536	1.40808	1.64662	1.82634	1.93872	1.98038	1.9559	1.86234	1.71648	1.5226	1.28922	1.04426	0.79738	0.55105	0.331294	0.169742	0.0738186	0.0273829	0.00873861	0.00242193	0.000588326	0.000126323	2.41593e-05	4.15441e-06	7.30953e-07	7.30953e-07	
2.06165	2.06165	1.98344	1.90008	1.82749	1.73685	1.62826	1.4724	1.25107	0.997513	0.719358	0.438056	0.165183	-0.0832157	-0.301918	-0.479993	-0.622254	-0.727825	-0.798579	-0.837351	-0.846211	-0.827518	-0.775185	-0.689793	-0.569737	-0.41229	-0.213843	0.0272566	0.316557	0.658365	1.06651	1.52555	2.00537	2.4484	2.80438	3.09168	3.27045	3.30293	3.22735	3.04263	2.73545	2.3582	1.97081	1.60788	1.25598	0.898906	0.52236	0.133374	-0.257744	-0.636125	-0.990364	-1.30382	-1.57106	-1.78334	-1.94055	-2.04697	-2.10659	-2.13359	-2.13834	-2.13473	-2.13547	-2.13854	-2.13006	-2.09774	-2.03012	-1.91287	-1.74515	-1.5223	-1.24411	-0.922735	-0.561797	-0.180323	0.210565	0.594758	0.955388	1.27745	1.54898	1.76001	1.9027	1.97146	1.9722	1.89898	1.76739	1.58608	1.35872	1.11273	0.86391	0.61306	0.381354	0.202854	0.0916311	0.035271	0.011662	0.00334312	0.000838615	0.000185663	3.6562e-05	6.46712e-06	1.17238e-06	1.17238e-06	
1.66754	1.66754	1.64082	1.64112	1.68374	1.71012	1.68392	1.6132	1.48428	1.30036	1.08134	0.843434	0.604163	0.375972	0.168221	-0.0104627	-0.157605	-0.267473	-0.345552	-0.388992	-0.398799	-0.375428	-0.318507	-0.227626	-0.103554	0.0584646	0.253218	0.483534	0.75157	1.06822	1.43976	1.85029	2.26122	2.61416	2.90508	3.12166	3.21383	3.19029	3.07597	2.84617	2.51725	2.15636	1.80032	1.45884	1.1076	0.736543	0.343059	-0.0637779	-0.468965	-0.854244	-1.20678	-1.51151	-1.75914	-1.94496	-2.06809	-2.13286	-2.15478	-2.14373	-2.11784	-2.1005	-2.10267	-2.12291	-2.14776	-2.15339	-2.12353	-2.04861	-1.91287	-1.71469	-1.45459	-1.13988	-0.7792	-0.389048	0.0175652	0.421384	0.805135	1.15393	1.45462	1.69226	1.86357	1.95654	1.97905	1.92551	1.8074	1.63786	1.41785	1.17203	0.921577	0.667757	0.427185	0.234535	0.109435	0.0434849	0.0148237	0.00437511	0.00112836	0.000256505	5.1806e-05	9.38996e-06	1.7469e-06	1.7469e-06	
1.24488	1.24488	1.2913	1.37693	1.49627	1.61577	1.68132	1.68009	1.62549	1.52113	1.3761	1.20169	1.01257	0.821107	0.639972	0.477252	0.339578	0.229169	0.153357	0.110766	0.0992655	0.125508	0.180244	0.269912	0.391903	0.541734	0.717197	0.919657	1.15083	1.42232	1.73668	2.08285	2.41869	2.70611	2.92848	3.06083	3.09318	3.03684	2.88506	2.62565	2.30669	1.98369	1.66308	1.3365	0.9804	0.595986	0.184507	-0.233517	-0.649089	-1.03572	-1.38443	-1.67485	-1.89968	-2.05465	-2.13451	-2.15339	-2.12338	-2.06116	-1.99907	-1.96388	-1.96809	-2.00991	-2.07432	-2.13311	-2.15401	-2.12353	-2.03012	-1.85979	-1.62194	-1.31886	-0.961034	-0.567751	-0.149876	0.267101	0.671936	1.04235	1.36703	1.62847	1.82313	1.93801	1.98022	1.94463	1.83823	1.67858	1.46629	1.22191	0.970189	0.714318	0.467322	0.263318	0.126225	0.0515081	0.0180141	0.0054482	0.00143818	0.000334268	6.89585e-05	1.27577e-05	2.42572e-06	2.42572e-06	
0.836418	0.836418	0.946895	1.11287	1.28685	1.45253	1.58899	1.6686	1.68641	1.65155	1.57475	1.46669	1.33816	1.19925	1.0597	0.929191	0.817194	0.724484	0.657316	0.619135	0.610445	0.631069	0.681113	0.758956	0.861031	0.982197	1.12379	1.28168	1.46259	1.67802	1.93551	2.22069	2.49015	2.70445	2.84906	2.92736	2.93063	2.84273	2.66133	2.40551	2.1296	1.85328	1.55974	1.2408	0.875862	0.479034	0.0534434	-0.374931	-0.794937	-1.1813	-1.52077	-1.79616	-1.99493	-2.11532	-2.15507	-2.12104	-2.03764	-1.9276	-1.81365	-1.74008	-1.74903	-1.83486	-1.95068	-2.05703	-2.13311	-2.15339	-2.09774	-1.9616	-1.74685	-1.45786	-1.10711	-0.713328	-0.289208	0.138826	0.560099	0.946674	1.29174	1.57153	1.78595	1.92004	1.97669	1.95681	1.86191	1.70999	1.50418	1.26194	1.00953	0.752244	0.500689	0.287953	0.141043	0.0587988	0.0209925	0.00647521	0.00174162	0.000412086	8.64754e-05	1.62648e-05	3.1474e-06	3.1474e-06	
0.495176	0.495176	0.627711	0.837211	1.05646	1.25178	1.41962	1.55428	1.64393	1.68378	1.67764	1.63444	1.56473	1.47913	1.3859	1.29271	1.20882	1.14066	1.08951	1.05933	1.05307	1.06812	1.10749	1.16604	1.24171	1.33203	1.43326	1.54391	1.6734	1.83377	2.03199	2.24986	2.44746	2.59538	2.69637	2.74995	2.72415	2.60985	2.4327	2.21951	2.00065	1.76386	1.48902	1.16865	0.795873	0.387947	-0.0475468	-0.483243	-0.905855	-1.29087	-1.61901	-1.8819	-2.05187	-2.14116	-2.13968	-2.05219	-1.92269	-1.77319	-1.62497	-1.53251	-1.5435	-1.65211	-1.80442	-1.95068	-2.07432	-2.14776	-2.13006	-2.02493	-1.83616	-1.55784	-1.21825	-0.823015	-0.397071	0.040819	0.471392	0.872539	1.23025	1.52683	1.75463	1.90357	1.97236	1.96374	1.87853	1.73316	1.53231	1.29206	1.03938	0.781185	0.526526	0.30745	0.153053	0.0648454	0.023516	0.00736264	0.00200861	0.000481721	0.000102401	1.95022e-05	3.82445e-06	3.82445e-06	
0.254925	0.254925	0.366073	0.560916	0.792043	1.01461	1.20761	1.36946	1.50032	1.59692	1.65661	1.68066	1.67426	1.64547	1.60261	1.55226	1.50078	1.45622	1.42249	1.40209	1.39731	1.4084	1.43454	1.47321	1.52159	1.57575	1.63116	1.69057	1.76311	1.86282	1.99858	2.15703	2.30512	2.41868	2.49578	2.5226	2.47474	2.36955	2.23866	2.08916	1.92181	1.71002	1.44489	1.12016	0.740714	0.324715	-0.116994	-0.55743	-0.980669	-1.36415	-1.68378	-1.93374	-2.08485	-2.14318	-2.10794	-1.97788	-1.79713	-1.61787	-1.47109	-1.38811	-1.39786	-1.49644	-1.65211	-1.83486	-2.00991	-2.12291	-2.13854	-2.06234	-1.89085	-1.62491	-1.29231	-0.897979	-0.470809	-0.0273113	0.409534	0.820323	1.18668	1.49516	1.73161	1.89149	1.96956	1.9674	1.88859	1.74842	1.55122	1.31241	1.05962	0.800899	0.544309	0.321077	0.161592	0.0692165	0.0253688	0.00802359	0.00221009	0.000534916	0.000114706	2.20312e-05	4.35956e-06	4.35956e-06	
0.113529	0.113529	0.184767	0.324401	0.517809	0.736067	0.948373	1.13631	1.29472	1.42394	1.52461	1.59728	1.64353	1.66688	1.67281	1.66683	1.65329	1.63712	1.62324	1.6144	1.61211	1.61738	1.62847	1.64381	1.66001	1.67343	1.68287	1.69267	1.71383	1.76441	1.85683	1.97976	2.09855	2.18567	2.23821	2.25226	2.22211	2.16963	2.10623	2.01321	1.87976	1.68451	1.42208	1.09443	0.712741	0.289837	-0.151778	-0.598183	-1.01761	-1.40341	-1.71594	-1.95809	-2.10209	-2.13506	-2.08513	-1.92824	-1.70394	-1.50971	-1.3755	-1.30239	-1.31117	-1.39786	-1.5435	-1.74903	-1.96809	-2.10267	-2.13547	-2.08332	-1.91563	-1.65991	-1.33078	-0.936026	-0.510439	-0.0621991	0.376269	0.792858	1.16401	1.47698	1.72024	1.88362	1.96689	1.96979	1.89397	1.7561	1.56095	1.32306	1.07025	0.811257	0.55371	0.328349	0.166196	0.0715979	0.026388	0.00839041	0.00232282	0.000564904	0.000121692	2.34766e-05	4.66758e-06	4.66758e-06	
0.0437588	0.0437588	0.0802544	0.159847	0.287721	0.45819	0.652987	0.849485	1.03046	1.18736	1.31792	1.42278	1.50372	1.5631	1.60423	1.63116	1.6475	1.65607	1.65994	1.6614	1.66163	1.66104	1.65881	1.65349	1.64279	1.62492	1.60049	1.57451	1.56013	1.57716	1.63863	1.73269	1.82527	1.89407	1.9471	1.99115	2.01896	2.03534	2.03135	1.97762	1.8646	1.67837	1.41881	1.09163	0.710163	0.286457	-0.154883	-0.602114	-1.02085	-1.40714	-1.71872	-1.96029	-2.10371	-2.13373	-2.08281	-1.92318	-1.6941	-1.49885	-1.36627	-1.29381	-1.30239	-1.38811	-1.53251	-1.74008	-1.96388	-2.1005	-2.13473	-2.08524	-1.91761	-1.66299	-1.33424	-0.939403	-0.514147	-0.0653285	0.373196	0.790394	1.162	1.47528	1.7193	1.88285	1.96654	1.97	1.8945	1.75681	1.56183	1.32402	1.07121	0.812196	0.554566	0.329015	0.16662	0.0718181	0.0264827	0.0084246	0.00233337	0.000567716	0.000122349	2.36128e-05	4.69669e-06	4.69669e-06	
0.0146562	0.0146562	0.0300412	0.067065	0.134999	0.240266	0.380946	0.545916	0.719388	0.886879	1.03859	1.1696	1.27851	1.366	1.43391	1.48493	1.52207	1.54785	1.56428	1.573	1.57495	1.57031	1.55868	1.53887	1.50943	1.46929	1.41931	1.36522	1.32138	1.30896	1.34361	1.41837	1.50605	1.59129	1.68564	1.79121	1.88629	1.95956	1.99495	1.96569	1.86707	1.68704	1.43377	1.11184	0.732661	0.315293	-0.126734	-0.568334	-0.990855	-1.37452	-1.69256	-1.94039	-2.08944	-2.14177	-2.10207	-1.96525	-1.77402	-1.59069	-1.4468	-1.36627	-1.3755	-1.47109	-1.62497	-1.81365	-1.99907	-2.11784	-2.13834	-2.0677	-1.89782	-1.63432	-1.30259	-0.908484	-0.481479	-0.0370856	0.400552	0.812756	1.18048	1.49037	1.72833	1.88954	1.96895	1.96794	1.89008	1.7506	1.5539	1.31529	1.0625	0.803712	0.546864	0.323053	0.162841	0.0698614	0.0256443	0.00812255	0.00224045	0.000542976	0.000116581	2.24184e-05	4.44192e-06	4.44192e-06	
