1.17373e-11	1.17373e-11	1.41753e-10	1.59983e-09	1.56982e-08	1.32881e-07	9.62754e-07	5.92361e-06	3.0722e-05	0.000133481	0.000484023	0.00146512	0.00372296	0.00803403	0.0149628	0.0244796	0.0357605	0.0472634	0.0570647	0.0633433	0.0648695	0.0613409	0.0534586	0.0427402	0.031108	0.0203861	0.0118559	0.0060147	0.00261716	0.000962958	0.000296629	7.61434e-05	1.62964e-05	2.92102e-06	4.4152e-07	5.67328e-08	6.24908e-09	5.94899e-10	4.93246e-11	3.5874e-12	2.30375e-13	1.31408e-14	6.6941e-16	3.06043e-17	1.26134e-18	4.70548e-20	1.59515e-21	5.27839e-23	2.96203e-23	1.91971e-22	1.10047e-21	5.30309e-21	2.13668e-20	7.12879e-20	1.94619e-19	4.33876e-19	8.11735e-19	1.33965e-18	1.94164e-18	2.34392e-18	2.29498e-18	1.82736e-18	1.22228e-18	7.22299e-19	3.74163e-19	1.60664e-19	5.61779e-20	1.61022e-20	3.82654e-21	7.61572e-22	1.27917e-22	1.82353e-23	2.21675e-24	2.30893e-25	2.07139e-26	1.60968e-27	1.08999e-28	6.46974e-30	3.38566e-31	1.57061e-32	6.492e-34	2.40228e-35	7.99245e-37	2.40028e-38	6.5302e-40	1.61469e-41	3.63947e-43	7.49777e-45	1.41523e-46	2.45286e-48	3.9114e-50	5.7488e-52	7.80018e-54	9.78447e-56	1.13613e-57	1.22257e-59	1.22038e-61	1.13102e-63	9.81692e-66	9.81692e-66	
1.17373e-11	1.17373e-11	1.41753e-10	1.59983e-09	1.56982e-08	1.32881e-07	9.62754e-07	5.92361e-06	3.0722e-05	0.000133481	0.000484023	0.00146512	0.00372296	0.00803403	0.0149628	0.0244796	0.0357605	0.0472634	0.0570647	0.0633433	0.0648695	0.0613409	0.0534586	0.0427402	0.031108	0.0203861	0.0118559	0.0060147	0.00261716	0.000962958	0.000296629	7.61434e-05	1.62964e-05	2.92102e-06	4.4152e-07	5.67328e-08	6.24908e-09	5.94899e-10	4.93246e-11	3.5874e-12	2.30375e-13	1.31408e-14	6.6941e-16	3.06043e-17	1.26134e-18	4.70548e-20	1.59515e-21	5.27839e-23	2.96203e-23	1.91971e-22	1.10047e-21	5.30309e-21	2.13668e-20	7.12879e-20	1.94619e-19	4.33876e-19	8.11735e-19	1.33965e-18	1.94164e-18	2.34392e-18	2.29498e-18	1.82736e-18	1.22228e-18	7.22299e-19	3.74163e-19	1.60664e-19	5.61779e-20	1.61022e-20	3.82654e-21	7.61572e-22	1.27917e-22	1.82353e-23	2.21675e-24	2.30893e-25	2.07139e-26	1.60968e-27	1.08999e-28	6.46974e-30	3.38566e-31	1.57061e-32	6.492e-34	2.40228e-35	7.99245e-37	2.40028e-38	6.5302e-40	1.61469e-41	3.63947e-43	7.49777e-45	1.41523e-46	2.45286e-48	3.9114e-50	5.7488e-52	7.80018e-54	9.78447e-56	1.13613e-57	1.22257e-59	1.22038e-61	1.13102e-63	9.81692e-66	9.81692e-66	
1.41753e-10	1.41753e-10	1.5915e-09	1.66966e-08	1.51578e-07	1.18067e-06	7.82406e-06	4.37409e-05	0.000204709	0.000797273	0.00257754	0.00693749	0.0157006	0.0303818	0.0513142	0.0772079	0.105311	0.131978	0.153479	0.166724	0.169883	0.162554	0.145712	0.121727	0.0940298	0.0664055	0.0422421	0.0237487	0.0115585	0.00477915	0.00165473	0.000475857	0.000113466	2.25116e-05	3.74138e-06	5.25272e-07	6.28532e-08	6.46651e-09	5.76787e-10	4.4947e-11	3.08161e-12	1.87076e-13	1.01142e-14	4.89552e-16	2.13145e-17	8.38356e-19	2.99206e-20	1.10611e-21	1.06574e-21	6.73946e-21	3.69715e-20	1.70774e-19	6.61095e-19	2.12689e-18	5.63131e-18	1.22674e-17	2.25468e-17	3.64872e-17	5.18415e-17	6.19157e-17	6.06952e-17	4.89553e-17	3.34335e-17	2.01412e-17	1.06239e-17	4.67794e-18	1.68958e-18	5.02823e-19	1.24482e-19	2.5864e-20	4.54123e-21	6.77289e-22	8.61759e-23	9.39601e-24	8.8228e-25	7.174e-26	5.08078e-27	3.15257e-28	1.72368e-29	8.34991e-31	3.60218e-32	1.39049e-33	4.82376e-35	1.5099e-36	4.27992e-38	1.10226e-39	2.58702e-41	5.5484e-43	1.09009e-44	1.96633e-46	3.26312e-48	4.99099e-50	7.04749e-52	9.20072e-54	1.11205e-55	1.24582e-57	1.29499e-59	1.25013e-61	1.13102e-63	1.13102e-63	
1.59983e-09	1.59983e-09	1.66966e-08	1.62821e-07	1.36715e-06	9.79285e-06	5.92935e-05	0.000300734	0.0012675	0.0044147	0.0126965	0.0303432	0.0611754	0.106375	0.163479	0.227043	0.290093	0.345621	0.387866	0.412894	0.418776	0.405134	0.372902	0.324771	0.265466	0.201332	0.139559	0.0866975	0.047138	0.021912	0.00854147	0.00275756	0.000734048	0.000161468	2.95427e-05	4.53534e-06	5.89789e-07	6.55862e-08	6.29281e-09	5.25273e-10	3.84337e-11	2.48195e-12	1.42335e-13	7.28928e-15	3.35043e-16	1.38847e-17	5.21496e-19	2.26528e-20	3.63871e-20	2.22528e-19	1.16793e-18	5.1702e-18	1.92286e-17	5.96548e-17	1.53186e-16	3.26025e-16	5.88532e-16	9.34368e-16	1.30269e-15	1.53986e-15	1.51125e-15	1.23414e-15	8.59683e-16	5.27775e-16	2.8356e-16	1.28042e-16	4.77673e-17	1.47599e-17	3.80705e-18	8.25934e-19	1.51633e-19	2.36664e-20	3.15268e-21	3.59936e-22	3.53847e-23	3.01128e-24	2.23098e-25	1.44734e-26	8.26891e-28	4.18317e-29	1.88354e-30	7.58457e-32	2.74337e-33	8.94924e-35	2.64263e-36	7.08753e-38	1.73176e-39	3.86562e-41	7.90295e-43	1.48317e-44	2.56052e-46	4.07396e-48	5.98406e-50	8.12703e-52	1.02193e-53	1.19124e-55	1.28867e-57	1.29499e-59	1.22038e-61	1.22038e-61	
1.56982e-08	1.56982e-08	1.51578e-07	1.36715e-06	1.05552e-05	6.90423e-05	0.000378764	0.0017256	0.00647404	0.0199048	0.0502369	0.105281	0.187282	0.290925	0.40577	0.520038	0.623107	0.707256	0.767766	0.802731	0.810985	0.792031	0.746699	0.676379	0.583918	0.475286	0.359361	0.247605	0.151531	0.0800597	0.0355914	0.0130719	0.00393289	0.000969646	0.000197121	3.33488e-05	4.74402e-06	5.73351e-07	5.94503e-08	5.33659e-09	4.18128e-10	2.88068e-11	1.75675e-12	9.5399e-14	4.63801e-15	2.02853e-16	8.03625e-18	4.49749e-19	1.14325e-18	6.71783e-18	3.36841e-17	1.42713e-16	5.09296e-16	1.52203e-15	3.78712e-15	7.86768e-15	1.39381e-14	2.17066e-14	2.97079e-14	3.47593e-14	3.41529e-14	2.82341e-14	2.00525e-14	1.25487e-14	6.8736e-15	3.18566e-15	1.22867e-15	3.94626e-16	1.06183e-16	2.4087e-17	4.63051e-18	7.57432e-19	1.05792e-19	1.26647e-20	1.30525e-21	1.164e-22	9.03192e-24	6.1328e-25	3.6648e-26	1.93789e-27	9.11453e-29	3.83139e-30	1.44586e-31	4.9183e-33	1.51372e-34	4.2296e-36	1.07628e-37	2.50124e-39	5.32238e-41	1.03943e-42	1.86703e-44	3.09035e-46	4.72203e-48	6.67114e-50	8.72653e-52	1.0583e-53	1.19124e-55	1.24582e-57	1.22257e-59	1.22257e-59	
1.32881e-07	1.32881e-07	1.18067e-06	9.79285e-06	6.90423e-05	0.000408974	0.00201237	0.00813537	0.0267826	0.071537	0.155948	0.282909	0.440844	0.611076	0.776239	0.923847	1.04613	1.14053	1.2063	1.2445	1.25374	1.23279	1.18347	1.10633	1.00052	0.867651	0.711767	0.542811	0.375274	0.227571	0.117029	0.0496778	0.0171512	0.00480311	0.00109718	0.00020647	3.23772e-05	4.27991e-06	4.8214e-07	4.67508e-08	3.93724e-09	2.90325e-10	1.88798e-11	1.08976e-12	5.61561e-14	2.5969e-15	1.08899e-16	9.0126e-18	3.28827e-17	1.84782e-16	8.83741e-16	3.57811e-15	1.22358e-14	3.51828e-14	8.47397e-14	1.71673e-13	2.98207e-13	4.55485e-13	6.12193e-13	7.09108e-13	6.97532e-13	5.83634e-13	4.22461e-13	2.69571e-13	1.50686e-13	7.17469e-14	2.86386e-14	9.57268e-15	2.69081e-15	6.39224e-16	1.28885e-16	2.21311e-17	3.24623e-18	4.0813e-19	4.4162e-20	4.13279e-21	3.36296e-22	2.39293e-23	1.49732e-24	8.28415e-26	4.07365e-27	1.78907e-28	7.04906e-30	2.50201e-31	8.0306e-33	2.33891e-34	6.20102e-36	1.50089e-37	3.32515e-39	6.75921e-41	1.26342e-42	2.17586e-44	3.4588e-46	5.08325e-48	6.91705e-50	8.72653e-52	1.02193e-53	1.11205e-55	1.13613e-57	1.13613e-57	
9.62754e-07	9.62754e-07	7.82406e-06	5.92935e-05	0.000378764	0.00201237	0.00877708	0.0310389	0.0881865	0.201091	0.373187	0.582523	0.799466	1.00321	1.183	1.33357	1.45383	1.54519	1.6092	1.64469	1.65264	1.63375	1.5869	1.51193	1.40929	1.27682	1.11443	0.9239	0.71342	0.496301	0.298149	0.1486	0.0598794	0.0193441	0.00503062	0.00106438	0.000185607	2.7028e-05	3.32746e-06	3.50233e-07	3.18344e-08	2.52115e-09	1.75346e-10	1.07853e-11	5.90373e-13	2.89223e-14	1.29254e-15	1.86853e-16	8.61613e-16	4.61351e-15	2.10081e-14	8.11474e-14	2.65498e-13	7.33558e-13	1.70831e-12	3.37119e-12	5.73641e-12	8.59173e-12	1.13451e-11	1.3012e-11	1.2814e-11	1.08488e-11	8.00041e-12	5.20722e-12	2.9736e-12	1.4561e-12	6.02221e-13	2.0978e-13	6.1699e-14	1.53759e-14	3.25745e-15	5.88253e-16	9.07807e-17	1.20075e-17	1.36642e-18	1.344e-19	1.14859e-20	8.57606e-22	5.62603e-23	3.26049e-24	1.678e-25	7.70649e-27	3.17286e-28	1.17597e-29	3.93884e-31	1.19646e-32	3.30662e-34	8.33896e-36	1.92419e-37	4.07246e-39	7.92341e-41	1.42003e-42	2.34867e-44	3.591e-46	5.08325e-48	6.67114e-50	8.12703e-52	9.20072e-54	9.78447e-56	9.78447e-56	
5.92361e-06	5.92361e-06	4.37409e-05	0.000300734	0.0017256	0.00813537	0.0310389	0.0945103	0.227774	0.437032	0.688258	0.939421	1.17202	1.37924	1.55713	1.70073	1.81256	1.89161	1.94453	1.96919	1.97303	1.96186	1.9267	1.86337	1.77204	1.64693	1.49005	1.29937	1.08136	0.840665	0.585364	0.345401	0.165008	0.0625099	0.0187763	0.00452016	0.000885017	0.00014308	1.93726e-05	2.22494e-06	2.19215e-07	1.87135e-08	1.39626e-09	9.17571e-11	5.34733e-12	2.78082e-13	1.34521e-14	3.95979e-15	2.04692e-14	1.04114e-13	4.50492e-13	1.65697e-12	5.17807e-12	1.3727e-11	3.08692e-11	5.92679e-11	9.86867e-11	1.44902e-10	1.88062e-10	2.13626e-10	2.10606e-10	1.80366e-10	1.35459e-10	8.99684e-11	5.25476e-11	2.64945e-11	1.13685e-11	4.13334e-12	1.27422e-12	3.33763e-13	7.44469e-14	1.41681e-14	2.30505e-15	3.21394e-16	3.85365e-17	3.99093e-18	3.5879e-19	2.81539e-20	1.93904e-21	1.17858e-22	6.35534e-24	3.05543e-25	1.31571e-26	5.09632e-28	1.78263e-29	5.65112e-31	1.62896e-32	4.28251e-34	1.02965e-35	2.26978e-37	4.59803e-39	8.57763e-41	1.47638e-42	2.34867e-44	3.4588e-46	4.72203e-48	5.98406e-50	7.04749e-52	7.80018e-54	7.80018e-54	
3.0722e-05	3.0722e-05	0.000204709	0.0012675	0.00647404	0.0267826	0.0881865	0.227774	0.459954	0.743234	1.02141	1.28214	1.52135	1.72563	1.88602	2.00064	2.07747	2.12235	2.14556	2.15844	2.16101	2.15439	2.13805	2.10775	2.05058	1.96006	1.82698	1.64936	1.42851	1.18001	0.912417	0.627206	0.357079	0.160753	0.0565541	0.0156795	0.00348122	0.000629837	9.43944e-05	1.18917e-05	1.27551e-06	1.1779e-07	9.45668e-09	6.65669e-10	4.13909e-11	2.28987e-12	1.24798e-13	8.2445e-14	4.38735e-13	2.11374e-12	8.67107e-12	3.03052e-11	9.02833e-11	2.29262e-10	4.97136e-10	9.2737e-10	1.50928e-09	2.1718e-09	2.77155e-09	3.11907e-09	3.07824e-09	2.66579e-09	2.03821e-09	1.38208e-09	8.26681e-10	4.29751e-10	1.91593e-10	7.28307e-11	2.35798e-11	6.50595e-12	1.53138e-12	3.07849e-13	5.29231e-14	7.79598e-15	9.87026e-16	1.07842e-16	1.02178e-17	8.44056e-19	6.11262e-20	3.9022e-21	2.20758e-22	1.1123e-23	5.01483e-25	2.03191e-26	7.42851e-28	2.45948e-29	7.39933e-31	2.02903e-32	5.08575e-34	1.16819e-35	2.46486e-37	4.78768e-39	8.57763e-41	1.42003e-42	2.17586e-44	3.09035e-46	4.07396e-48	4.99099e-50	5.7488e-52	5.7488e-52	
0.000133481	0.000133481	0.000797273	0.0044147	0.0199048	0.071537	0.201091	0.437032	0.743234	1.04798	1.33775	1.61174	1.83379	1.99857	2.10335	2.16263	2.18287	2.18454	2.17182	2.16114	2.15902	2.16456	2.17725	2.18543	2.17767	2.14451	2.06704	1.94012	1.75217	1.50607	1.22357	0.928712	0.616568	0.330202	0.137288	0.0442729	0.0112443	0.00229317	0.000382658	5.31304e-05	6.22824e-06	6.24215e-07	5.40697e-08	4.08603e-09	2.71601e-10	1.60276e-11	1.09138e-12	1.61839e-12	8.43998e-12	3.84033e-11	1.48979e-10	4.93568e-10	1.39874e-09	3.39602e-09	7.08923e-09	1.28292e-08	2.03811e-08	2.87304e-08	3.6065e-08	4.02235e-08	3.97376e-08	3.47854e-08	2.70683e-08	1.87499e-08	1.15017e-08	6.17415e-09	2.86466e-09	1.14072e-09	3.88734e-10	1.13256e-10	2.82048e-11	6.00497e-12	1.09368e-12	1.7064e-13	2.2867e-14	2.6418e-15	2.64355e-16	2.30329e-17	1.757e-18	1.17992e-19	7.01312e-21	3.70809e-22	1.75242e-23	7.4352e-25	2.84374e-26	9.84147e-28	3.09244e-29	8.85089e-31	2.31406e-32	5.54137e-34	1.21834e-35	2.46486e-37	4.59803e-39	7.92341e-41	1.26342e-42	1.86703e-44	2.56052e-46	3.26312e-48	3.9114e-50	3.9114e-50	
0.000484023	0.000484023	0.00257754	0.0126965	0.0502369	0.155948	0.373187	0.688258	1.02141	1.33775	1.64314	1.88198	2.05084	2.15445	2.19309	2.17911	2.12968	2.06418	2.0046	1.96304	1.95237	1.97651	2.02654	2.09053	2.15339	2.18921	2.18505	2.12129	1.99091	1.79625	1.52521	1.21293	0.890579	0.554734	0.271731	0.10231	0.0298788	0.0069023	0.00128775	0.000197744	2.54064e-05	2.76997e-06	2.59376e-07	2.10771e-08	1.49979e-09	9.48752e-11	1.01389e-11	2.90795e-11	1.44888e-10	6.20695e-10	2.27047e-09	7.11107e-09	1.91235e-08	4.42988e-08	8.88589e-08	1.5573e-07	2.4115e-07	3.32846e-07	4.11123e-07	4.54582e-07	4.49532e-07	3.97608e-07	3.14817e-07	2.22925e-07	1.40463e-07	7.79935e-08	3.7731e-08	1.57733e-08	5.67195e-09	1.74978e-09	4.62391e-10	1.04577e-10	2.02384e-11	3.35417e-12	4.77057e-13	5.84264e-14	6.18923e-15	5.70016e-16	4.5892e-17	3.24782e-18	2.03142e-19	1.12877e-20	5.59898e-22	2.49046e-23	9.97537e-25	3.61187e-26	1.18639e-27	3.54667e-29	9.67857e-31	2.41758e-32	5.54137e-34	1.16819e-35	2.26978e-37	4.07246e-39	6.75921e-41	1.03943e-42	1.48317e-44	1.96633e-46	2.45286e-48	2.45286e-48	
0.00146512	0.00146512	0.00693749	0.0303432	0.105281	0.282909	0.582523	0.939421	1.28214	1.61174	1.88198	2.06609	2.17926	2.19414	2.13836	2.02826	1.88901	1.75206	1.63421	1.56348	1.54773	1.58534	1.67668	1.80578	1.94478	2.0769	2.16932	2.19847	2.14588	2.00076	1.78586	1.48218	1.14792	0.796425	0.450545	0.196803	0.0660188	0.0172867	0.00360989	0.000613728	8.65077e-05	1.02683e-05	1.0401e-06	9.09321e-08	6.93059e-09	4.77128e-10	1.12138e-10	4.69412e-10	2.20548e-09	8.86453e-09	3.04745e-08	8.99519e-08	2.28918e-07	5.04727e-07	9.70797e-07	1.64445e-06	2.4781e-06	3.34685e-06	4.06867e-06	4.46163e-06	4.4162e-06	3.94526e-06	3.17807e-06	2.30247e-06	1.49277e-06	8.59072e-07	4.34251e-07	1.91054e-07	7.27002e-08	2.38234e-08	6.70274e-09	1.61587e-09	3.33419e-10	5.88909e-11	8.91762e-12	1.16119e-12	1.30569e-13	1.27422e-14	1.08514e-15	8.10943e-17	5.34731e-18	3.12758e-19	1.63067e-20	7.61407e-22	3.19763e-23	1.2126e-24	4.16741e-26	1.30235e-27	3.71224e-29	9.67857e-31	2.31406e-32	5.08575e-34	1.02965e-35	1.92419e-37	3.32515e-39	5.32238e-41	7.90295e-43	1.09009e-44	1.41523e-46	1.41523e-46	
0.00372296	0.00372296	0.0157006	0.0611754	0.187282	0.440844	0.799466	1.17202	1.52135	1.83379	2.05084	2.17926	2.18583	2.10858	1.94033	1.72834	1.49122	1.26594	1.08797	0.97557	0.948022	1.01131	1.15185	1.35106	1.58704	1.81976	2.01733	2.14846	2.19832	2.1387	1.97671	1.71822	1.3832	1.02613	0.64948	0.323662	0.123661	0.0365293	0.00851268	0.00159897	0.000246854	3.18571e-05	3.48656e-06	3.27607e-07	2.6738e-08	2.12103e-09	1.42044e-09	6.72278e-09	2.95547e-08	1.11011e-07	3.57305e-07	9.90439e-07	2.37772e-06	4.97621e-06	9.15553e-06	1.49564e-05	2.18938e-05	2.89095e-05	3.45931e-05	3.76328e-05	3.7283e-05	3.36299e-05	2.7562e-05	2.04512e-05	1.36699e-05	8.17182e-06	4.32674e-06	2.00904e-06	8.11612e-07	2.83533e-07	8.52613e-08	2.19964e-08	4.85832e-09	9.17998e-10	1.48532e-10	2.0632e-11	2.47014e-12	2.56151e-13	2.31327e-14	1.82963e-15	1.27447e-16	7.86077e-18	4.31501e-19	2.11811e-20	9.33869e-22	3.71335e-23	1.33666e-24	4.37068e-26	1.30235e-27	3.54667e-29	8.85089e-31	2.02903e-32	4.28251e-34	8.33896e-36	1.50089e-37	2.50124e-39	3.86562e-41	5.5484e-43	7.49777e-45	7.49777e-45	
0.00803403	0.00803403	0.0303818	0.106375	0.290925	0.611076	1.00321	1.37924	1.72563	1.99857	2.15445	2.19414	2.10858	1.91066	1.6293	1.29331	0.954388	0.648038	0.400014	0.249993	0.215265	0.296532	0.488726	0.765328	1.08986	1.43211	1.74508	2.00442	2.15353	2.19464	2.1032	1.90281	1.59114	1.2322	0.844726	0.469198	0.20119	0.0663916	0.0171428	0.00353783	0.000595522	8.32406e-05	9.81108e-06	9.88004e-07	8.64234e-08	9.6461e-09	1.80429e-08	8.45724e-08	3.45811e-07	1.20831e-06	3.62523e-06	9.3987e-06	2.12076e-05	4.19977e-05	7.3708e-05	0.000115825	0.000164363	0.000211969	0.000249637	0.000269478	0.000267203	0.000243304	0.000202926	0.000154408	0.000106638	6.63901e-05	3.69228e-05	1.81523e-05	7.81426e-06	2.92237e-06	9.43458e-07	2.61676e-07	6.21481e-08	1.26182e-08	2.19058e-09	3.25854e-10	4.16849e-11	4.60795e-12	4.42562e-13	3.71415e-14	2.73933e-15	1.78539e-16	1.03372e-17	5.3431e-19	2.47678e-20	1.034e-21	3.90284e-23	1.33666e-24	4.16741e-26	1.18639e-27	3.09244e-29	7.39933e-31	1.62896e-32	3.30662e-34	6.20102e-36	1.07628e-37	1.73176e-39	2.58702e-41	3.63947e-43	3.63947e-43	
0.0149628	0.0149628	0.0513142	0.163479	0.40577	0.776239	1.183	1.55713	1.88602	2.10335	2.19309	2.13836	1.94033	1.6293	1.227	0.781864	0.335138	-0.063911	-0.365947	-0.544901	-0.588267	-0.488932	-0.25924	0.0876674	0.511702	0.959111	1.39796	1.76668	2.03452	2.17927	2.17309	2.03293	1.76236	1.41087	1.02179	0.617217	0.291559	0.106006	0.0300049	0.00674486	0.00122904	0.000184933	2.33496e-05	2.50889e-06	2.38392e-07	5.85519e-08	2.09722e-07	9.25613e-07	3.49976e-06	1.13153e-05	3.14841e-05	7.59836e-05	0.000160481	0.000299634	0.000500031	0.00075365	0.00103439	0.00130116	0.00150761	0.00161498	0.00160271	0.00147314	0.00125103	0.000977646	0.00069932	0.000454772	0.000266522	0.000139246	6.41483e-05	2.58056e-05	8.99068e-06	2.69528e-06	6.92012e-07	1.51751e-07	2.84044e-08	4.54504e-09	6.23789e-10	7.37758e-11	7.5603e-12	6.75215e-13	5.28656e-14	3.64935e-15	2.23321e-16	1.21768e-17	5.94412e-19	2.60915e-20	1.034e-21	3.71335e-23	1.2126e-24	3.61187e-26	9.84147e-28	2.45948e-29	5.65112e-31	1.19646e-32	2.33891e-34	4.2296e-36	7.08753e-38	1.10226e-39	1.61469e-41	1.61469e-41	
0.0244796	0.0244796	0.0772079	0.227043	0.520038	0.923847	1.33357	1.70073	2.00064	2.16263	2.17911	2.02826	1.72834	1.29331	0.781864	0.226328	-0.314654	-0.785536	-1.15757	-1.39308	-1.45127	-1.31859	-1.02235	-0.607777	-0.103037	0.449051	0.99314	1.48016	1.86346	2.10939	2.1898	2.11579	1.89448	1.55931	1.17353	0.754601	0.385147	0.151815	0.0464782	0.0112528	0.00219841	0.000353147	4.74199e-05	5.40994e-06	6.05909e-07	4.89102e-07	2.14023e-06	8.72318e-06	3.03026e-05	9.00927e-05	0.000231096	0.000516361	0.00101594	0.00178108	0.00281595	0.0040576	0.00537275	0.00658143	0.00749678	0.00796775	0.00791406	0.0073449	0.00635677	0.00511108	0.00379688	0.00258772	0.00160399	0.000894306	0.000443057	0.000192788	7.29256e-05	2.37791e-05	6.64174e-06	1.58264e-06	3.21221e-07	5.55799e-08	8.22281e-09	1.04492e-09	1.14684e-10	1.09363e-11	9.11641e-13	6.68265e-14	4.33216e-15	2.49693e-16	1.28589e-17	5.94412e-19	2.47678e-20	9.33869e-22	3.19763e-23	9.97537e-25	2.84374e-26	7.42851e-28	1.78263e-29	3.93884e-31	8.0306e-33	1.51372e-34	2.64263e-36	4.27992e-38	6.5302e-40	6.5302e-40	
0.0357605	0.0357605	0.105311	0.290093	0.623107	1.04613	1.45383	1.81256	2.07747	2.18287	2.12968	1.88901	1.49122	0.954388	0.335138	-0.314654	-0.927078	-1.46887	-1.88587	-2.12915	-2.18559	-2.0548	-1.73696	-1.26283	-0.691171	-0.0568859	0.592647	1.18119	1.67047	2.00656	2.1736	2.1607	1.98756	1.67618	1.29718	0.872661	0.472563	0.198606	0.0648006	0.0166782	0.00345327	0.000586139	8.29481e-05	1.00575e-05	1.83957e-06	4.36221e-06	1.8791e-05	6.9967e-05	0.000221635	0.00060151	0.00141258	0.002904	0.00529399	0.00867463	0.0129413	0.0177653	0.0226331	0.0269484	0.0301425	0.0317686	0.0315837	0.0296159	0.0261557	0.0216812	0.0167745	0.0120249	0.00791573	0.00473199	0.00253505	0.00120079	0.000496655	0.000177459	5.43249e-05	1.41681e-05	3.13927e-06	5.90998e-07	9.47757e-08	1.30043e-08	1.53526e-09	1.56917e-10	1.39734e-11	1.0909e-12	7.51113e-14	4.58662e-15	2.49693e-16	1.21768e-17	5.3431e-19	2.11811e-20	7.61407e-22	2.49046e-23	7.4352e-25	2.03191e-26	5.09632e-28	1.17597e-29	2.50201e-31	4.9183e-33	8.94924e-35	1.5099e-36	2.40028e-38	2.40028e-38	
0.0472634	0.0472634	0.131978	0.345621	0.707256	1.14053	1.54519	1.89161	2.12235	2.18454	2.06418	1.75206	1.26594	0.648038	-0.063911	-0.785536	-1.46887	-2.05333	-2.48371	-2.73915	-2.80047	-2.65975	-2.33168	-1.83459	-1.20389	-0.500008	0.228296	0.90729	1.47871	1.89851	2.13477	2.1784	2.05041	1.76213	1.39151	0.966418	0.546268	0.240817	0.0824733	0.0222536	0.0048216	0.000854697	0.000126241	1.70186e-05	9.09011e-06	3.52247e-05	0.000139867	0.000471226	0.0013492	0.00331391	0.00706843	0.0132769	0.022296	0.0339823	0.047641	0.0620945	0.0759246	0.0877043	0.0961906	0.100448	0.0999654	0.0948031	0.0855698	0.0732714	0.059198	0.044793	0.0314463	0.0202551	0.0118046	0.00613058	0.00279516	0.001104	0.000373709	0.000107595	2.62363e-05	5.41358e-06	9.47205e-07	1.41142e-07	1.80142e-08	1.9821e-09	1.89275e-10	1.579e-11	1.15805e-12	7.51113e-14	4.33216e-15	2.23321e-16	1.03372e-17	4.31501e-19	1.63067e-20	5.59898e-22	1.75242e-23	5.01483e-25	1.31571e-26	3.17286e-28	7.04906e-30	1.44586e-31	2.74337e-33	4.82376e-35	7.99245e-37	7.99245e-37	
0.0570647	0.0570647	0.153479	0.387866	0.767766	1.2063	1.6092	1.94453	2.14556	2.17182	2.0046	1.63421	1.08797	0.400014	-0.365947	-1.15757	-1.88587	-2.48371	-2.967	-3.30024	-3.38649	-3.19132	-2.78762	-2.25974	-1.6095	-0.842226	-0.0525772	0.686822	1.32705	1.80487	2.09599	2.18358	2.08666	1.81742	1.45638	1.03342	0.600996	0.273597	0.0968663	0.027013	0.00604343	0.00110508	0.00016969	3.27223e-05	5.93029e-05	0.000243094	0.000869774	0.00262361	0.00671949	0.0147906	0.0284036	0.048396	0.0744503	0.105105	0.138024	0.170437	0.19973	0.223599	0.240205	0.248325	0.247412	0.237527	0.219347	0.194227	0.164113	0.13138	0.0986976	0.0687985	0.0438727	0.0251685	0.0127643	0.00562937	0.00212931	0.000683773	0.000185271	4.22685e-05	8.13194e-06	1.32487e-06	1.83881e-07	2.1891e-08	2.25144e-09	2.0146e-10	1.579e-11	1.0909e-12	6.68265e-14	3.64935e-15	1.78539e-16	7.86077e-18	3.12758e-19	1.12877e-20	3.70809e-22	1.1123e-23	3.05543e-25	7.70649e-27	1.78907e-28	3.83139e-30	7.58457e-32	1.39049e-33	2.40228e-35	2.40228e-35	
0.0633433	0.0633433	0.166724	0.412894	0.802731	1.2445	1.64469	1.96919	2.15844	2.16114	1.96304	1.56348	0.97557	0.249993	-0.544901	-1.39308	-2.12915	-2.73915	-3.30024	-3.72145	-3.83296	-3.58137	-3.08305	-2.50324	-1.85627	-1.05789	-0.214833	0.546065	1.23708	1.74164	2.07258	2.17844	2.10729	1.84873	1.49133	1.07138	0.633253	0.293433	0.105808	0.0300565	0.00684851	0.0012767	0.000211759	0.000106289	0.000370389	0.0013992	0.00444626	0.0118619	0.0268568	0.0524201	0.0898703	0.138101	0.193988	0.253354	0.311719	0.365272	0.411024	0.446699	0.470554	0.481794	0.480545	0.466778	0.440462	0.402604	0.355095	0.30032	0.241429	0.182397	0.127732	0.0814508	0.0463592	0.0230816	0.00987434	0.00358008	0.00109043	0.000277968	5.93478e-05	1.06566e-05	1.61943e-06	2.0982e-07	2.33581e-08	2.25144e-09	1.89275e-10	1.39734e-11	9.11641e-13	5.28656e-14	2.73933e-15	1.27447e-16	5.34731e-18	2.03142e-19	7.01312e-21	2.20758e-22	6.35534e-24	1.678e-25	4.07365e-27	9.11453e-29	1.88354e-30	3.60218e-32	6.492e-34	6.492e-34	
0.0648695	0.0648695	0.169883	0.418776	0.810985	1.25374	1.65264	1.97303	2.16101	2.15902	1.95237	1.54773	0.948022	0.215265	-0.588267	-1.45127	-2.18559	-2.80047	-3.38649	-3.83296	-3.95146	-3.68428	-3.15745	-2.55927	-1.91436	-1.11104	-0.251685	0.511638	1.21559	1.72588	2.06696	2.17591	2.11381	1.85642	1.49875	1.08	0.64086	0.298158	0.107955	0.0307952	0.00704853	0.00133382	0.000304079	0.000512576	0.00196986	0.0065966	0.0183524	0.0427142	0.0844592	0.144851	0.220649	0.305796	0.393806	0.479057	0.557052	0.625314	0.681427	0.723996	0.752105	0.76533	0.763862	0.747681	0.716617	0.671246	0.612577	0.54218	0.462507	0.376295	0.288384	0.204575	0.13141	0.0746014	0.0365605	0.015176	0.00526751	0.00151926	0.000363965	7.2713e-05	1.21959e-05	1.73135e-06	2.0982e-07	2.1891e-08	1.9821e-09	1.56917e-10	1.09363e-11	6.75215e-13	3.71415e-14	1.82963e-15	8.10943e-17	3.24782e-18	1.17992e-19	3.9022e-21	1.17858e-22	3.26049e-24	8.28415e-26	1.93789e-27	4.18317e-29	8.34991e-31	1.57061e-32	1.57061e-32	
0.0613409	0.0613409	0.162554	0.405134	0.792031	1.23279	1.63375	1.96186	2.15439	2.16456	1.97651	1.58534	1.01131	0.296532	-0.488932	-1.31859	-2.0548	-2.65975	-3.19132	-3.58137	-3.68428	-3.45195	-2.98712	-2.42768	-1.7796	-0.989582	-0.165345	0.590181	1.26516	1.76144	2.07981	2.1803	2.10027	1.83944	1.48105	1.0597	0.623174	0.287203	0.102982	0.0290888	0.00660683	0.00132755	0.000749545	0.0024475	0.00860048	0.025031	0.0600433	0.120304	0.205942	0.309885	0.422385	0.535546	0.644268	0.744884	0.835177	0.913501	0.977664	1.02606	1.05903	1.07574	1.07385	1.05368	1.0176	0.966083	0.898929	0.818062	0.725559	0.623115	0.513143	0.399666	0.288145	0.187094	0.106111	0.0511458	0.0205429	0.00680256	0.0018525	0.000416364	7.77995e-05	1.21959e-05	1.61943e-06	1.83881e-07	1.80142e-08	1.53526e-09	1.14684e-10	7.5603e-12	4.42562e-13	2.31327e-14	1.08514e-15	4.5892e-17	1.757e-18	6.11262e-20	1.93904e-21	5.62603e-23	1.49732e-24	3.6648e-26	8.26891e-28	1.72368e-29	3.38566e-31	3.38566e-31	
0.0534586	0.0534586	0.145712	0.372902	0.746699	1.18347	1.5869	1.9267	2.13805	2.17725	2.02654	1.67668	1.15185	0.488726	-0.25924	-1.02235	-1.73696	-2.33168	-2.78762	-3.08305	-3.15745	-2.98712	-2.62105	-2.11042	-1.46346	-0.718313	0.0467632	0.767218	1.38119	1.84024	2.11041	2.18348	2.07443	1.79823	1.43412	1.0101	0.58163	0.261835	0.0916347	0.025275	0.00569004	0.00158003	0.00277191	0.00989034	0.0302366	0.0752049	0.153416	0.262792	0.391302	0.526298	0.661079	0.792505	0.918043	1.03368	1.13793	1.22618	1.29855	1.35246	1.38793	1.40559	1.40361	1.38221	1.34317	1.28556	1.20984	1.1183	1.01136	0.89364	0.766516	0.634265	0.499123	0.364732	0.238951	0.134971	0.0636622	0.0245923	0.00772645	0.00197887	0.000416364	7.2713e-05	1.06566e-05	1.32487e-06	1.41142e-07	1.30043e-08	1.04492e-09	7.37758e-11	4.60795e-12	2.56151e-13	1.27422e-14	5.70016e-16	2.30329e-17	8.44056e-19	2.81539e-20	8.57606e-22	2.39293e-23	6.1328e-25	1.44734e-26	3.15257e-28	6.46974e-30	6.46974e-30	
0.0427402	0.0427402	0.121727	0.324771	0.676379	1.10633	1.51193	1.86337	2.10775	2.18543	2.09053	1.80578	1.35106	0.765328	0.0876674	-0.607777	-1.26283	-1.83459	-2.25974	-2.50324	-2.55927	-2.42768	-2.11042	-1.61988	-1.00737	-0.332728	0.367775	1.01103	1.55211	1.94056	2.15189	2.17331	2.02882	1.73169	1.35736	0.932048	0.518803	0.224777	0.0756363	0.0201378	0.00477801	0.00323279	0.0101045	0.0324541	0.0844591	0.177148	0.306101	0.454258	0.60823	0.764681	0.921837	1.07435	1.21669	1.34372	1.45444	1.54577	1.61826	1.67325	1.70785	1.72299	1.72134	1.70253	1.66391	1.60522	1.52909	1.43373	1.31956	1.18924	1.04449	0.890475	0.733219	0.577047	0.423911	0.278156	0.155148	0.0709132	0.0261044	0.00772645	0.0018525	0.000363965	5.93478e-05	8.13194e-06	9.47205e-07	9.47757e-08	8.22281e-09	6.23789e-10	4.16849e-11	2.47014e-12	1.30569e-13	6.18923e-15	2.64355e-16	1.02178e-17	3.5879e-19	1.14859e-20	3.36296e-22	9.03192e-24	2.23098e-25	5.08078e-27	1.08999e-28	1.08999e-28	
0.031108	0.031108	0.0940298	0.265466	0.583918	1.00052	1.40929	1.77204	2.05058	2.17767	2.15339	1.94478	1.58704	1.08986	0.511702	-0.103037	-0.691171	-1.20389	-1.6095	-1.85627	-1.91436	-1.7796	-1.46346	-1.00737	-0.464712	0.14117	0.752194	1.30155	1.74852	2.04943	2.18328	2.14756	1.95436	1.63279	1.25123	0.828261	0.438868	0.180091	0.057426	0.0148187	0.00499462	0.00941596	0.0310241	0.0853582	0.186738	0.330075	0.493799	0.665366	0.844776	1.02814	1.20435	1.36789	1.51414	1.64349	1.75261	1.84424	1.91419	1.96621	2.0015	2.0183	2.01643	1.99591	1.9572	1.90177	1.82754	1.73213	1.61922	1.48608	1.33659	1.16989	0.991878	0.808321	0.630355	0.460486	0.298993	0.162375	0.0709132	0.0245923	0.00680256	0.00151926	0.000277968	4.22685e-05	5.41358e-06	5.90998e-07	5.55799e-08	4.54504e-09	3.25854e-10	2.0632e-11	1.16119e-12	5.84264e-14	2.6418e-15	1.07842e-16	3.99093e-18	1.344e-19	4.13279e-21	1.164e-22	3.01128e-24	7.174e-26	1.60968e-27	1.60968e-27	
0.0203861	0.0203861	0.0664055	0.201332	0.475286	0.867651	1.27682	1.64693	1.96006	2.14451	2.18921	2.0769	1.81976	1.43211	0.959111	0.449051	-0.0568859	-0.500008	-0.842226	-1.05789	-1.11104	-0.989582	-0.718313	-0.332728	0.14117	0.655518	1.15417	1.60159	1.93734	2.142	2.18758	2.08731	1.84683	1.50389	1.1161	0.701589	0.347939	0.133049	0.0397782	0.0108089	0.00879725	0.0265283	0.0776768	0.180309	0.332289	0.508656	0.696189	0.897576	1.10296	1.29874	1.48052	1.64837	1.79575	1.9232	2.02775	2.11011	2.17374	2.21818	2.24498	2.25649	2.25526	2.24095	2.21085	2.16254	2.09514	2.00874	1.89938	1.76799	1.61623	1.44535	1.26047	1.0627	0.856273	0.657693	0.472778	0.298993	0.155148	0.0636622	0.0205429	0.00526751	0.00109043	0.000185271	2.62363e-05	3.13927e-06	3.21221e-07	2.84044e-08	2.19058e-09	1.48532e-10	8.91762e-12	4.77057e-13	2.2867e-14	9.87026e-16	3.85365e-17	1.36642e-18	4.4162e-20	1.30525e-21	3.53847e-23	8.8228e-25	2.07139e-26	2.07139e-26	
0.0118559	0.0118559	0.0422421	0.139559	0.359361	0.711767	1.11443	1.49005	1.82698	2.06704	2.18505	2.16932	2.01733	1.74508	1.39796	0.99314	0.592647	0.228296	-0.0525772	-0.214833	-0.251685	-0.165345	0.0467632	0.367775	0.752194	1.15417	1.54602	1.86566	2.09296	2.1939	2.1514	1.98765	1.69869	1.3426	0.953677	0.558716	0.254468	0.0892691	0.0252982	0.0101525	0.0206637	0.0635239	0.159123	0.312554	0.498741	0.699026	0.918246	1.14198	1.35595	1.5594	1.74721	1.91074	2.04944	2.16234	2.25232	2.32142	2.36932	2.40365	2.42631	2.43659	2.43547	2.42283	2.39778	2.36096	2.30937	2.23595	2.14175	2.02377	1.87999	1.7115	1.51962	1.31383	1.09805	0.872875	0.657693	0.460486	0.278156	0.134971	0.0511458	0.015176	0.00358008	0.000683773	0.000107595	1.41681e-05	1.58264e-06	1.51751e-07	1.26182e-08	9.17998e-10	5.88909e-11	3.35417e-12	1.7064e-13	7.79598e-15	3.21394e-16	1.20075e-17	4.0813e-19	1.26647e-20	3.59936e-22	9.39601e-24	2.30893e-25	2.30893e-25	
0.0060147	0.0060147	0.0237487	0.0866975	0.247605	0.542811	0.9239	1.29937	1.64936	1.94012	2.12129	2.19847	2.14846	2.00442	1.76668	1.48016	1.18119	0.90729	0.686822	0.546065	0.511638	0.590181	0.767218	1.01103	1.30155	1.60159	1.86566	2.07635	2.17863	2.18312	2.05968	1.83485	1.51198	1.153	0.768288	0.409834	0.168171	0.0536426	0.0161117	0.0157009	0.0466021	0.12743	0.272761	0.46408	0.673667	0.904376	1.14548	1.37725	1.60269	1.80641	1.98342	2.13531	2.2569	2.35231	2.41962	2.46568	2.49594	2.51175	2.518	2.5194	2.51931	2.51731	2.50958	2.49107	2.45779	2.40818	2.33545	2.23477	2.10737	1.94978	1.76796	1.55875	1.33135	1.09805	0.856273	0.630355	0.423911	0.238951	0.106111	0.0365605	0.00987434	0.00212931	0.000373709	5.43249e-05	6.64174e-06	6.92012e-07	6.21481e-08	4.85832e-09	3.33419e-10	2.02384e-11	1.09368e-12	5.29231e-14	2.30505e-15	9.07807e-17	3.24623e-18	1.05792e-19	3.15268e-21	8.61759e-23	2.21675e-24	2.21675e-24	
0.00261716	0.00261716	0.0115585	0.047138	0.151531	0.375274	0.71342	1.08136	1.42851	1.75217	1.99091	2.14588	2.19832	2.15353	2.03452	1.86346	1.67047	1.47871	1.32705	1.23708	1.21559	1.26516	1.38119	1.55211	1.74852	1.93734	2.09296	2.17863	2.19357	2.09268	1.9076	1.63009	1.29212	0.936632	0.569215	0.269775	0.0981705	0.0291171	0.0137578	0.0308893	0.0916738	0.217968	0.405538	0.621635	0.857621	1.11358	1.363	1.60656	1.82737	2.0224	2.18721	2.31634	2.41188	2.47498	2.51325	2.5307	2.53078	2.52575	2.5215	2.51895	2.51928	2.5223	2.52683	2.53141	2.52883	2.50732	2.46461	2.39554	2.29303	2.15739	1.98516	1.78605	1.55875	1.31383	1.0627	0.808321	0.577047	0.364732	0.187094	0.0746014	0.0230816	0.00562937	0.001104	0.000177459	2.37791e-05	2.69528e-06	2.61676e-07	2.19964e-08	1.61587e-09	1.04577e-10	6.00497e-12	3.07849e-13	1.41681e-14	5.88253e-16	2.21311e-17	7.57432e-19	2.36664e-20	6.77289e-22	1.82353e-23	1.82353e-23	
0.000962958	0.000962958	0.00477915	0.021912	0.0800597	0.227571	0.496301	0.840665	1.18001	1.50607	1.79625	2.00076	2.1387	2.19464	2.17927	2.10939	2.00656	1.89851	1.80487	1.74164	1.72588	1.76144	1.84024	1.94056	2.04943	2.142	2.1939	2.18312	2.09268	1.92866	1.69068	1.37641	1.0472	0.700185	0.375159	0.15463	0.049733	0.0160603	0.0192851	0.0586627	0.156902	0.32714	0.544548	0.782663	1.04582	1.31312	1.57105	1.81348	2.02616	2.20535	2.34366	2.44468	2.50439	2.53161	2.52794	2.50518	2.47476	2.44303	2.41514	2.3999	2.40166	2.41998	2.44937	2.48105	2.51058	2.53074	2.5287	2.49522	2.42807	2.31853	2.17388	1.98516	1.76796	1.51962	1.26047	0.991878	0.733219	0.499123	0.288145	0.13141	0.0463592	0.0127643	0.00279516	0.000496655	7.29256e-05	8.99068e-06	9.43458e-07	8.52613e-08	6.70274e-09	4.62391e-10	2.82048e-11	1.53138e-12	7.44469e-14	3.25745e-15	1.28885e-16	4.63051e-18	1.51633e-19	4.54123e-21	1.27917e-22	1.27917e-22	
0.000296629	0.000296629	0.00165473	0.00854147	0.0355914	0.117029	0.298149	0.585364	0.912417	1.22357	1.52521	1.78586	1.97671	2.1032	2.17309	2.1898	2.1736	2.13477	2.09599	2.07258	2.06696	2.07981	2.11041	2.15189	2.18328	2.18758	2.1514	2.05968	1.9076	1.69068	1.40527	1.10078	0.782717	0.460828	0.211501	0.075043	0.022321	0.0128185	0.0332737	0.100034	0.238402	0.444628	0.683746	0.945343	1.22639	1.49916	1.76247	1.99393	2.19362	2.34667	2.45513	2.51477	2.53291	2.50986	2.45974	2.39321	2.31663	2.24397	2.19018	2.16379	2.16676	2.19896	2.25743	2.33208	2.40755	2.47137	2.51717	2.53276	2.50599	2.43871	2.31853	2.15739	1.94978	1.7115	1.44535	1.16989	0.890475	0.634265	0.399666	0.204575	0.0814508	0.0251685	0.00613058	0.00120079	0.000192788	2.58056e-05	2.92237e-06	2.83533e-07	2.38234e-08	1.74978e-09	1.13256e-10	6.50595e-12	3.33763e-13	1.53759e-14	6.39224e-16	2.4087e-17	8.25934e-19	2.5864e-20	7.61572e-22	7.61572e-22	
7.61434e-05	7.61434e-05	0.000475857	0.00275756	0.0130719	0.0496778	0.1486	0.345401	0.627206	0.928712	1.21293	1.48218	1.71822	1.90281	2.03293	2.11579	2.1607	2.1784	2.18358	2.17844	2.17591	2.1803	2.18348	2.17331	2.14756	2.08731	1.98765	1.83485	1.63009	1.37641	1.10078	0.810434	0.508249	0.253856	0.0986463	0.0305173	0.0106986	0.017039	0.0556444	0.153429	0.329465	0.562489	0.820085	1.10289	1.39343	1.67109	1.92854	2.14846	2.32404	2.44887	2.51614	2.53082	2.49443	2.41719	2.3106	2.18272	2.0563	1.95081	1.8764	1.83932	1.84352	1.88853	1.96975	2.08034	2.20881	2.33423	2.435	2.50565	2.53295	2.50599	2.42807	2.29303	2.10737	1.87999	1.61623	1.33659	1.04449	0.766516	0.513143	0.288384	0.127732	0.0438727	0.0118046	0.00253505	0.000443057	6.41483e-05	7.81426e-06	8.11612e-07	7.27002e-08	5.67195e-09	3.88734e-10	2.35798e-11	1.27422e-12	6.1699e-14	2.69081e-15	1.06183e-16	3.80705e-18	1.24482e-19	3.82654e-21	3.82654e-21	
1.62964e-05	1.62964e-05	0.000113466	0.000734048	0.00393289	0.0171512	0.0598794	0.165008	0.357079	0.616568	0.890579	1.14792	1.3832	1.59114	1.76236	1.89448	1.98756	2.05041	2.08666	2.10729	2.11381	2.10027	2.07443	2.02882	1.95436	1.84683	1.69869	1.51198	1.29212	1.0472	0.782717	0.508248	0.269512	0.112991	0.0374526	0.0110269	0.00850559	0.0267332	0.0854125	0.215138	0.422957	0.675431	0.950652	1.24985	1.54358	1.82194	2.06934	2.27169	2.41995	2.50766	2.53294	2.49309	2.39877	2.25768	2.07964	1.89095	1.71254	1.55699	1.44034	1.38011	1.38697	1.45968	1.58565	1.74689	1.9282	2.11698	2.28992	2.42121	2.50565	2.53276	2.49522	2.39554	2.23477	2.02377	1.76799	1.48608	1.18924	0.89364	0.623115	0.376295	0.182397	0.0687985	0.0202551	0.00473199	0.000894306	0.000139246	1.81523e-05	2.00904e-06	1.91054e-07	1.57733e-08	1.14072e-09	7.28307e-11	4.13334e-12	2.0978e-13	9.57268e-15	3.94626e-16	1.47599e-17	5.02823e-19	1.61022e-20	1.61022e-20	
2.92102e-06	2.92102e-06	2.25116e-05	0.000161468	0.000969646	0.00480311	0.0193441	0.0625099	0.160753	0.330202	0.554734	0.796425	1.02613	1.2322	1.41087	1.55931	1.67618	1.76213	1.81742	1.84873	1.85642	1.83944	1.79823	1.73169	1.63279	1.50389	1.3426	1.153	0.936632	0.700184	0.460823	0.253844	0.11297	0.0401303	0.0117502	0.00484788	0.011119	0.0404272	0.120558	0.280275	0.512934	0.7805	1.07199	1.38095	1.67662	1.95223	2.18396	2.36729	2.48263	2.53235	2.50631	2.41147	2.25257	2.03657	1.7893	1.52897	1.269	1.03583	0.86249	0.7746	0.784533	0.890933	1.0787	1.31997	1.5816	1.84001	2.08334	2.28992	2.435	2.51717	2.5287	2.46461	2.33545	2.14175	1.89938	1.61922	1.31956	1.01136	0.725559	0.462507	0.241429	0.0986976	0.0314463	0.00791573	0.00160399	0.000266522	3.69228e-05	4.32674e-06	4.34251e-07	3.7731e-08	2.86466e-09	1.91593e-10	1.13685e-11	6.02221e-13	2.86386e-14	1.22867e-15	4.77673e-17	1.68958e-18	5.61779e-20	5.61779e-20	
4.4152e-07	4.4152e-07	3.74138e-06	2.95427e-05	0.000197121	0.00109718	0.00503062	0.0187763	0.0565541	0.137288	0.271731	0.450545	0.64948	0.844726	1.02179	1.17353	1.29718	1.39151	1.45638	1.49133	1.49875	1.48105	1.43412	1.35736	1.25123	1.1161	0.953677	0.768287	0.569211	0.375145	0.211462	0.0985516	0.0372603	0.011462	0.00346722	0.00415694	0.0160613	0.056746	0.158233	0.344015	0.595413	0.875717	1.18119	1.49527	1.78971	2.05835	2.27544	2.4334	2.51894	2.52454	2.45024	2.29712	2.0656	1.77943	1.45177	1.09217	0.734446	0.426088	0.206011	0.0972599	0.10947	0.241615	0.481683	0.803549	1.16546	1.52048	1.84001	2.11698	2.33423	2.47137	2.53074	2.50732	2.40818	2.23595	2.00874	1.73213	1.43373	1.1183	0.818062	0.54218	0.30032	0.13138	0.044793	0.0120249	0.00258772	0.000454772	6.63901e-05	8.17182e-06	8.59072e-07	7.79935e-08	6.17415e-09	4.29751e-10	2.64945e-11	1.4561e-12	7.17469e-14	3.18566e-15	1.28042e-16	4.67794e-18	1.60664e-19	1.60664e-19	
5.67328e-08	5.67328e-08	5.25272e-07	4.53534e-06	3.33488e-05	0.00020647	0.00106438	0.00452016	0.0156795	0.0442729	0.10231	0.196803	0.323662	0.469198	0.617217	0.754601	0.872661	0.966418	1.03342	1.07138	1.08	1.0597	1.0101	0.932048	0.828261	0.701588	0.558713	0.409823	0.269738	0.154521	0.07476	0.0298808	0.00977974	0.00276143	0.0015726	0.00532505	0.0220653	0.0741237	0.195323	0.402498	0.667972	0.958945	1.27423	1.59035	1.88464	2.14272	2.34492	2.47841	2.53272	2.49646	2.37548	2.15877	1.86443	1.50371	1.07514	0.611358	0.172346	-0.188739	-0.438702	-0.560343	-0.546734	-0.398613	-0.124649	0.255308	0.70416	1.16546	1.5816	1.9282	2.20881	2.40755	2.51058	2.52883	2.45779	2.30937	2.09514	1.82754	1.52909	1.20984	0.898929	0.612577	0.355095	0.164113	0.059198	0.0167745	0.00379688	0.00069932	0.000106638	1.36699e-05	1.49277e-06	1.40463e-07	1.15017e-08	8.26681e-10	5.25476e-11	2.9736e-12	1.50686e-13	6.8736e-15	2.8356e-16	1.06239e-17	3.74163e-19	3.74163e-19	
6.24908e-09	6.24908e-09	6.28532e-08	5.89789e-07	4.74402e-06	3.23772e-05	0.000185607	0.000885017	0.00348122	0.0112443	0.0298788	0.0660188	0.123661	0.20119	0.291559	0.385147	0.472563	0.546268	0.600996	0.633253	0.64086	0.623174	0.58163	0.518803	0.438867	0.347934	0.254446	0.16809	0.0979094	0.0490172	0.020626	0.00719212	0.00209462	0.000718137	0.00149239	0.00699902	0.0282574	0.0908567	0.228956	0.452748	0.728423	1.02814	1.35108	1.66664	1.95757	2.20773	2.39318	2.50659	2.52895	2.45988	2.28889	2.02022	1.66964	1.22256	0.693977	0.14847	-0.344416	-0.737912	-1.00619	-1.1359	-1.12141	-0.963327	-0.66864	-0.252673	0.255308	0.803549	1.31997	1.74689	2.08034	2.33208	2.48105	2.53141	2.49107	2.36096	2.16254	1.90177	1.60522	1.28556	0.966083	0.671246	0.402604	0.194227	0.0732714	0.0216812	0.00511108	0.000977646	0.000154408	2.04512e-05	2.30247e-06	2.22925e-07	1.87499e-08	1.38208e-09	8.99684e-11	5.20722e-12	2.69571e-13	1.25487e-14	5.27775e-16	2.01412e-17	7.22299e-19	7.22299e-19	
5.94899e-10	5.94899e-10	6.46651e-09	6.55862e-08	5.73351e-07	4.27991e-06	2.7028e-05	0.00014308	0.000629837	0.00229317	0.0069023	0.0172867	0.0365293	0.0663916	0.106006	0.151815	0.198606	0.240817	0.273597	0.293433	0.298158	0.287203	0.261835	0.224776	0.180083	0.13301	0.0891109	0.0531033	0.027557	0.0121975	0.00453053	0.00140327	0.000400585	0.00037874	0.00179642	0.00864177	0.0338451	0.105283	0.256715	0.492688	0.775436	1.0812	1.40878	1.72502	2.01245	2.25328	2.42764	2.51996	2.52003	2.42024	2.20631	1.90172	1.49423	0.964195	0.358475	-0.240211	-0.765688	-1.17914	-1.45929	-1.59444	-1.57935	-1.41459	-1.1066	-0.66864	-0.124649	0.481683	1.0787	1.58565	1.96975	2.25743	2.44937	2.52683	2.50958	2.39778	2.21085	1.9572	1.66391	1.34317	1.0176	0.716617	0.440462	0.219347	0.0855698	0.0261557	0.00635677	0.00125103	0.000202926	2.7562e-05	3.17807e-06	3.14817e-07	2.70683e-08	2.03821e-09	1.35459e-10	8.00041e-12	4.22461e-13	2.00525e-14	8.59683e-16	3.34335e-17	1.22228e-18	1.22228e-18	
4.93246e-11	4.93246e-11	5.76787e-10	6.29281e-09	5.94503e-08	4.8214e-07	3.32746e-06	1.93726e-05	9.43944e-05	0.000382658	0.00128775	0.00360989	0.00851268	0.0171428	0.0300049	0.0464782	0.0648006	0.0824733	0.0968663	0.105808	0.107955	0.102982	0.0916327	0.0756243	0.0573642	0.0395112	0.0243302	0.0131617	0.00614249	0.00243289	0.000808751	0.000230223	0.000104347	0.000373603	0.00209801	0.00994325	0.0381156	0.116	0.276742	0.520573	0.807524	1.11794	1.44817	1.76266	2.05026	2.28169	2.45007	2.52429	2.51187	2.38431	2.14371	1.81397	1.35645	0.764624	0.11022	-0.519162	-1.06351	-1.48917	-1.77696	-1.91568	-1.90019	-1.73106	-1.41459	-0.963327	-0.398613	0.241615	0.890933	1.45968	1.88853	2.19896	2.41998	2.5223	2.51731	2.42283	2.24095	1.99591	1.70253	1.38221	1.05368	0.747681	0.466778	0.237527	0.0948031	0.0296159	0.0073449	0.00147314	0.000243304	3.36299e-05	3.94526e-06	3.97608e-07	3.47854e-08	2.66579e-09	1.80366e-10	1.08488e-11	5.83634e-13	2.82341e-14	1.23414e-15	4.89553e-17	1.82736e-18	1.82736e-18	
