4.62567	4.62567	4.46809	4.17411	3.79787	3.41195	3.05584	2.72291	2.39367	2.05552	1.71065	1.36723	1.03582	0.728346	0.45596	0.224162	0.0332498	-0.111849	-0.213135	-0.270366	-0.283239	-0.253224	-0.177857	-0.0595763	0.103999	0.312201	0.560073	0.847033	1.16557	1.50221	1.84434	2.17618	2.48053	2.73631	2.92313	3.02302	3.0168	2.89187	2.66419	2.35841	1.97283	1.51063	1.02759	0.610228	0.314592	0.141105	0.0554925	0.0195057	0.00658277	0.00278125	0.00216431	0.00259884	0.0034103	0.00438624	0.00543097	0.00646708	0.00741604	0.00820099	0.00875487	0.00902869	0.00899775	0.00866485	0.00805993	0.00723618	0.00626324	0.00521845	0.00417747	0.0032057	0.00235189	0.00164468	0.00109259	0.000687003	0.000407296	0.000226769	0.000118102	5.73176e-05	2.58331e-05	1.07801e-05	4.15494e-06	1.47642e-06	4.83086e-07	1.45459e-07	4.03016e-08	1.02787e-08	2.41509e-09	5.23348e-10	1.04738e-10	1.93888e-11	3.32552e-12	5.2941e-13	7.83674e-14	1.08063e-14	1.39061e-15	1.67298e-16	1.88489e-17	1.99218e-18	1.97846e-19	1.85017e-20	1.76434e-21	1.76434e-21	
4.62567	4.62567	4.46809	4.17411	3.79787	3.41195	3.05584	2.72291	2.39367	2.05552	1.71065	1.36723	1.03582	0.728346	0.45596	0.224162	0.0332498	-0.111849	-0.213135	-0.270366	-0.283239	-0.253224	-0.177857	-0.0595763	0.103999	0.312201	0.560073	0.847033	1.16557	1.50221	1.84434	2.17618	2.48053	2.73631	2.92313	3.02302	3.0168	2.89187	2.66419	2.35841	1.97283	1.51063	1.02759	0.610228	0.314592	0.141105	0.0554925	0.0195057	0.00658277	0.00278125	0.00216431	0.00259884	0.0034103	0.00438624	0.00543097	0.00646708	0.00741604	0.00820099	0.00875487	0.00902869	0.00899775	0.00866485	0.00805993	0.00723618	0.00626324	0.00521845	0.00417747	0.0032057	0.00235189	0.00164468	0.00109259	0.000687003	0.000407296	0.000226769	0.000118102	5.73176e-05	2.58331e-05	1.07801e-05	4.15494e-06	1.47642e-06	4.83086e-07	1.45459e-07	4.03016e-08	1.02787e-08	2.41509e-09	5.23348e-10	1.04738e-10	1.93888e-11	3.32552e-12	5.2941e-13	7.83674e-14	1.08063e-14	1.39061e-15	1.67298e-16	1.88489e-17	1.99218e-18	1.97846e-19	1.85017e-20	1.76434e-21	1.76434e-21	
4.46809	4.46809	4.3287	4.05182	3.69066	3.31225	2.94647	2.60006	2.26315	1.92631	1.59165	1.26601	0.961451	0.683883	0.439509	0.230479	0.0635872	-0.0644592	-0.15282	-0.202635	-0.213845	-0.187713	-0.122637	-0.0180294	0.125478	0.308794	0.53343	0.791025	1.07988	1.39202	1.71671	2.03622	2.3293	2.57404	2.75055	2.84296	2.8507	2.77053	2.57907	2.27708	1.90261	1.49104	1.07131	0.687851	0.387972	0.191114	0.0826492	0.0322133	0.0125214	0.00649974	0.00579519	0.00702329	0.00898092	0.011238	0.0135838	0.0158539	0.0178916	0.0195508	0.0207087	0.0212774	0.0212133	0.0205213	0.0192544	0.0175084	0.0154116	0.0131118	0.0107611	0.00849987	0.00644385	0.00467404	0.00323242	0.0021231	0.00131893	0.000771606	0.000423232	0.000216723	0.000103189	4.55211e-05	1.85503e-05	6.96693e-06	2.40756e-06	7.64792e-07	2.23255e-07	5.99028e-08	1.47837e-08	3.35947e-09	7.03889e-10	1.36197e-10	2.43786e-11	4.0441e-12	6.22902e-13	8.92533e-14	1.19194e-14	1.48631e-15	1.73374e-16	1.89511e-17	1.94449e-18	1.87704e-19	1.85017e-20	1.85017e-20	
4.17411	4.17411	4.05182	3.827	3.51671	3.13092	2.71895	2.33506	1.98756	1.67296	1.37824	1.10196	0.847132	0.619099	0.422159	0.258475	0.12958	0.0307418	-0.0358649	-0.0730511	-0.0822479	-0.0608848	-0.0138411	0.0664844	0.17741	0.319754	0.497279	0.707144	0.945077	1.20563	1.47797	1.75013	2.00778	2.2356	2.41818	2.53706	2.56992	2.51929	2.37599	2.12415	1.80422	1.47449	1.14714	0.819396	0.519107	0.286848	0.138818	0.0611194	0.0279212	0.0175164	0.0170804	0.0206044	0.0256592	0.0312695	0.0369348	0.0422843	0.0469896	0.0507609	0.0533633	0.0546331	0.0544904	0.052944	0.0500916	0.046112	0.041252	0.035807	0.0300968	0.0244377	0.0191144	0.0143554	0.0103141	0.00706063	0.00458507	0.00281136	0.00161985	0.000872874	0.000437909	0.0002037	8.75487e-05	3.46694e-05	1.26239e-05	4.22124e-06	1.29549e-06	3.6492e-07	9.44038e-08	2.24518e-08	4.91552e-09	9.92295e-10	1.85027e-10	3.19278e-11	5.10842e-12	7.59348e-13	1.05071e-13	1.35596e-14	1.63513e-15	1.84583e-16	1.95404e-17	1.94449e-18	1.97846e-19	1.97846e-19	
3.79787	3.79787	3.69066	3.51671	3.24369	2.85109	2.41212	1.98962	1.62386	1.32452	1.07155	0.858576	0.673626	0.521836	0.396631	0.298788	0.221537	0.166874	0.130092	0.110443	0.106163	0.117532	0.143736	0.186674	0.249231	0.335678	0.442984	0.578965	0.740756	0.929868	1.13666	1.35601	1.57521	1.78566	1.96504	2.10597	2.18027	2.16179	2.07469	1.92538	1.71482	1.48037	1.23952	0.972642	0.684032	0.420486	0.227016	0.113367	0.0608943	0.0444727	0.0456013	0.0541874	0.0656174	0.0778641	0.0898802	0.100948	0.110485	0.118008	0.12314	0.125628	0.125349	0.122317	0.116682	0.108721	0.0988334	0.087513	0.0753263	0.0628738	0.0507453	0.0394718	0.0294784	0.0210485	0.0143033	0.00920444	0.00558042	0.00317083	0.00168002	0.00082614	0.000375501	0.000157228	6.04947e-05	2.13523e-05	6.90772e-06	2.04797e-06	5.56686e-07	1.38872e-07	3.18358e-08	6.71775e-09	1.30717e-09	2.3501e-10	3.91172e-11	6.04038e-12	8.67086e-13	1.1594e-13	1.44689e-14	1.68844e-15	1.84583e-16	1.89511e-17	1.99218e-18	1.99218e-18	
3.41195	3.41195	3.31225	3.13092	2.85109	2.48238	2.04705	1.59637	1.21805	0.925642	0.718925	0.573583	0.474057	0.406812	0.362888	0.335519	0.32242	0.31524	0.312729	0.312843	0.312098	0.311695	0.315391	0.317953	0.326532	0.343898	0.37688	0.428864	0.502481	0.605972	0.73697	0.89786	1.07515	1.26068	1.43463	1.57118	1.6825	1.74176	1.74567	1.71867	1.64102	1.50582	1.33499	1.12339	0.861066	0.583536	0.35148	0.200235	0.125468	0.102567	0.107523	0.12491	0.146802	0.169486	0.191098	0.210497	0.226857	0.239548	0.248105	0.252225	0.251764	0.24674	0.237327	0.223858	0.206828	0.186882	0.16481	0.141513	0.117965	0.0951488	0.0739732	0.0551932	0.0393322	0.0266314	0.017038	0.0102409	0.00575035	0.00300031	0.0014477	0.000643415	0.00026258	9.8189e-05	3.36018e-05	1.05194e-05	3.01363e-06	7.9076e-07	1.903e-07	4.20724e-08	8.56135e-09	1.60679e-09	2.7872e-10	4.47819e-11	6.67872e-12	9.2652e-13	1.19807e-13	1.44689e-14	1.63513e-15	1.73374e-16	1.88489e-17	1.88489e-17	
3.05584	3.05584	2.94647	2.71895	2.41212	2.04705	1.60525	1.16389	0.794927	0.52921	0.377176	0.299804	0.283491	0.296503	0.333456	0.375951	0.418248	0.453952	0.480368	0.496339	0.497507	0.490443	0.469988	0.440289	0.403504	0.3574	0.316041	0.283908	0.273554	0.28778	0.337141	0.416507	0.534323	0.669097	0.834896	0.999553	1.15674	1.31405	1.43793	1.52859	1.57166	1.53316	1.42443	1.26265	1.03952	0.771742	0.518939	0.336866	0.240571	0.211453	0.221887	0.250628	0.28552	0.320619	0.353115	0.381539	0.405001	0.422898	0.434825	0.440529	0.439894	0.432934	0.41979	0.40074	0.376217	0.346826	0.313366	0.276841	0.238458	0.199595	0.161721	0.126282	0.0945627	0.0675332	0.0457261	0.0291716	0.0174249	0.00968604	0.00498276	0.00236085	0.00102636	0.000408311	0.000148397	4.92388e-05	1.49179e-05	4.1303e-06	1.04644e-06	2.43025e-07	5.18391e-08	1.0178e-08	1.84349e-09	3.08727e-10	4.79126e-11	6.90604e-12	9.2652e-13	1.1594e-13	1.35596e-14	1.48631e-15	1.67298e-16	1.67298e-16	
2.72291	2.72291	2.60006	2.33506	1.98962	1.59637	1.16389	0.741528	0.376475	0.145155	0.0390567	0.0410879	0.105846	0.20772	0.312875	0.415775	0.497926	0.568732	0.612619	0.636539	0.646363	0.630906	0.595677	0.543192	0.46759	0.375818	0.270094	0.156946	0.055894	-0.0273942	-0.0678065	-0.0695641	-0.0139097	0.0919283	0.243139	0.450231	0.67986	0.929115	1.16425	1.35576	1.49574	1.54818	1.50549	1.39567	1.22283	0.988463	0.738204	0.537863	0.422697	0.385635	0.399099	0.436956	0.4826	0.527646	0.568385	0.603228	0.631446	0.652658	0.66665	0.673303	0.672567	0.664445	0.649	0.626363	0.596753	0.560515	0.518158	0.470413	0.418289	0.363125	0.306603	0.250681	0.197467	0.149011	0.107045	0.0727128	0.0463778	0.0275836	0.0151986	0.00771414	0.00358996	0.00152661	0.000591912	0.000209039	6.72387e-05	1.97131e-05	5.27501e-06	1.29064e-06	2.89339e-07	5.95697e-08	1.129e-08	1.97451e-09	3.19426e-10	4.79126e-11	6.67872e-12	8.67086e-13	1.05071e-13	1.19194e-14	1.39061e-15	1.39061e-15	
2.39367	2.39367	2.26315	1.98756	1.62386	1.21805	0.794927	0.376475	0.0285599	-0.182467	-0.249031	-0.187485	-0.0590432	0.104066	0.259082	0.398382	0.508334	0.58503	0.639857	0.667399	0.674946	0.659537	0.620606	0.557841	0.466471	0.346788	0.194524	0.0277228	-0.149033	-0.307537	-0.435282	-0.500634	-0.502428	-0.412886	-0.248453	-0.00890564	0.28018	0.599486	0.919506	1.19353	1.4123	1.55101	1.58514	1.53723	1.42432	1.24096	1.01335	0.806294	0.672346	0.620431	0.628021	0.666574	0.715631	0.764329	0.807981	0.844849	0.874358	0.896336	0.910742	0.917567	0.916814	0.90848	0.892561	0.869061	0.838001	0.79944	0.753516	0.700485	0.640785	0.575155	0.504766	0.43132	0.357067	0.284722	0.217247	0.15747	0.107593	0.0687485	0.0407677	0.0222814	0.0111596	0.00509972	0.00212027	0.000800816	0.000274684	8.56198e-05	2.42858e-05	6.2804e-06	1.48407e-06	3.2123e-07	6.38539e-08	1.16868e-08	1.97451e-09	3.08727e-10	4.47819e-11	6.04038e-12	7.59348e-13	8.92533e-14	1.08063e-14	1.08063e-14	
2.05552	2.05552	1.92631	1.67296	1.32452	0.925642	0.52921	0.145155	-0.182467	-0.388235	-0.438408	-0.358315	-0.197611	-0.0152803	0.154055	0.286233	0.387247	0.457669	0.505142	0.531429	0.534824	0.522092	0.490745	0.431446	0.349774	0.237867	0.0841781	-0.10348	-0.31689	-0.522567	-0.699218	-0.812264	-0.844347	-0.780255	-0.619584	-0.363549	-0.0394261	0.320715	0.697769	1.04184	1.33274	1.55624	1.67786	1.70304	1.65477	1.52823	1.33221	1.1231	0.966199	0.889029	0.879032	0.908317	0.953332	1.00036	1.04314	1.07933	1.10823	1.12968	1.14371	1.15034	1.14961	1.1415	1.12599	1.10302	1.07253	1.03446	0.98877	0.935464	0.874589	0.806251	0.730754	0.648818	0.561768	0.47169	0.381539	0.295039	0.216261	0.148904	0.095437	0.0564596	0.0306069	0.0151189	0.00677908	0.00275317	0.00101208	0.000336923	0.000101716	2.79036e-05	6.97263e-06	1.59131e-06	3.32618e-07	6.38539e-08	1.129e-08	1.84349e-09	2.7872e-10	3.91172e-11	5.10842e-12	6.22902e-13	7.83674e-14	7.83674e-14	
1.71065	1.71065	1.59165	1.37824	1.07155	0.718925	0.377176	0.0390567	-0.249031	-0.438408	-0.488286	-0.415432	-0.274247	-0.12414	0.00154365	0.0952794	0.165291	0.213116	0.244637	0.262408	0.266655	0.257146	0.234786	0.195385	0.139123	0.0583542	-0.0522737	-0.207591	-0.403193	-0.619125	-0.821102	-0.970422	-1.04171	-1.0058	-0.864422	-0.624434	-0.294501	0.0875991	0.504312	0.912035	1.2762	1.58398	1.79603	1.89698	1.90822	1.83124	1.66458	1.45363	1.27112	1.16258	1.12825	1.14314	1.18098	1.22455	1.26533	1.30002	1.32765	1.34805	1.36132	1.36757	1.36687	1.35921	1.34452	1.32263	1.29337	1.25655	1.21201	1.15967	1.0996	1.03186	0.956467	0.873472	0.783166	0.686264	0.584195	0.479508	0.376115	0.279083	0.193804	0.124634	0.0735331	0.039504	0.0192222	0.00844506	0.00334581	0.00119567	0.000385957	0.000112776	2.9908e-05	7.2198e-06	1.59131e-06	3.2123e-07	5.95697e-08	1.0178e-08	1.60679e-09	2.3501e-10	3.19278e-11	4.0441e-12	5.2941e-13	5.2941e-13	
1.36723	1.36723	1.26601	1.10196	0.858576	0.573583	0.299804	0.0410879	-0.187485	-0.358315	-0.415432	-0.383558	-0.29621	-0.217873	-0.157571	-0.119944	-0.0842712	-0.0539442	-0.0340776	-0.0207148	-0.0201261	-0.0271551	-0.0397443	-0.0655668	-0.0998162	-0.136866	-0.190524	-0.280515	-0.425631	-0.613691	-0.81757	-0.993193	-1.10121	-1.11788	-1.01795	-0.807179	-0.489048	-0.0956534	0.353806	0.821701	1.25908	1.64478	1.93705	2.10382	2.16192	2.12277	1.98199	1.77315	1.5698	1.43152	1.3717	1.3698	1.39767	1.43485	1.47076	1.50131	1.52535	1.54284	1.55409	1.55935	1.55875	1.55228	1.53979	1.52094	1.49527	1.4623	1.4215	1.3723	1.31444	1.24803	1.17333	1.09059	1.00009	0.902255	0.797485	0.686476	0.570835	0.453823	0.340776	0.238575	0.153813	0.0903781	0.0480298	0.0229756	0.00987119	0.00380843	0.00132117	0.000413054	0.00011672	2.9908e-05	6.97263e-06	1.48407e-06	2.89339e-07	5.18391e-08	8.56135e-09	1.30717e-09	1.85027e-10	2.43786e-11	3.32552e-12	3.32552e-12	
1.03582	1.03582	0.961451	0.847132	0.673626	0.474057	0.283491	0.105846	-0.0590432	-0.197611	-0.274247	-0.29621	-0.2938	-0.298939	-0.304114	-0.287633	-0.259206	-0.232811	-0.221773	-0.20966	-0.202892	-0.213818	-0.225076	-0.241886	-0.271198	-0.30346	-0.31874	-0.343547	-0.412464	-0.55167	-0.737519	-0.932473	-1.0824	-1.14624	-1.09473	-0.922995	-0.622576	-0.218518	0.263348	0.784484	1.2835	1.72947	2.0826	2.30163	2.39779	2.39122	2.27751	2.07734	1.85907	1.69205	1.60279	1.57735	1.58787	1.61204	1.63773	1.65992	1.67708	1.68929	1.69703	1.70058	1.70018	1.69579	1.68715	1.67387	1.65523	1.63043	1.59864	1.55878	1.50958	1.45024	1.38056	1.3007	1.21104	1.1125	1.00628	0.893367	0.774433	0.650229	0.522707	0.396492	0.27935	0.180169	0.105161	0.0551293	0.0258546	0.0108359	0.00406263	0.00136582	0.000413054	0.000112776	2.79036e-05	6.2804e-06	1.29064e-06	2.43025e-07	4.20724e-08	6.71775e-09	9.92295e-10	1.36197e-10	1.93888e-11	1.93888e-11	
0.728346	0.728346	0.683883	0.619099	0.521836	0.406812	0.296503	0.20772	0.104066	-0.0152803	-0.12414	-0.217873	-0.298939	-0.361027	-0.382043	-0.355646	-0.325128	-0.306002	-0.292012	-0.280582	-0.27727	-0.285569	-0.29786	-0.312887	-0.338237	-0.376834	-0.401754	-0.399489	-0.414141	-0.489295	-0.640224	-0.832524	-1.00923	-1.12161	-1.11622	-0.9761	-0.686763	-0.271385	0.237074	0.796739	1.33618	1.82042	2.21866	2.48433	2.61746	2.64084	2.55091	2.35743	2.12213	1.92194	1.79642	1.74009	1.72736	1.73459	1.7475	1.75929	1.76814	1.77418	1.77782	1.77939	1.77923	1.77727	1.77314	1.7664	1.75628	1.74163	1.72137	1.69469	1.65997	1.61538	1.55947	1.49145	1.41072	1.31716	1.21191	1.09703	0.974871	0.847334	0.715276	0.579306	0.442505	0.31276	0.201083	0.116149	0.0598401	0.0274196	0.0111773	0.00406263	0.00132117	0.000385957	0.000101716	2.42858e-05	5.27501e-06	1.04644e-06	1.903e-07	3.18358e-08	4.91552e-09	7.03889e-10	1.04738e-10	1.04738e-10	
0.45596	0.45596	0.439509	0.422159	0.396631	0.362888	0.333456	0.312875	0.259082	0.154055	0.00154365	-0.157571	-0.304114	-0.382043	-0.385961	-0.339128	-0.318289	-0.320127	-0.3027	-0.297994	-0.300457	-0.29624	-0.311844	-0.321348	-0.321819	-0.369486	-0.417643	-0.435438	-0.421606	-0.449593	-0.552919	-0.730871	-0.919578	-1.0599	-1.0816	-0.963474	-0.680802	-0.256474	0.262392	0.83891	1.40242	1.91422	2.35048	2.65829	2.82189	2.86358	2.78465	2.58958	2.33424	2.1001	1.93748	1.84946	1.81282	1.80214	1.80042	1.79998	1.79924	1.79808	1.79672	1.79605	1.79614	1.79699	1.79836	1.79918	1.79892	1.79622	1.78904	1.7762	1.75672	1.72882	1.69048	1.64011	1.57671	1.49874	1.40524	1.29657	1.17465	1.04304	0.905852	0.765531	0.622018	0.476462	0.336311	0.214494	0.122005	0.0614905	0.0274196	0.0108359	0.00380843	0.00119567	0.000336923	8.56198e-05	1.97131e-05	4.1303e-06	7.9076e-07	1.38872e-07	2.24518e-08	3.35947e-09	5.23348e-10	5.23348e-10	
0.224162	0.224162	0.230479	0.258475	0.298788	0.335519	0.375951	0.415775	0.398382	0.286233	0.0952794	-0.119944	-0.287633	-0.355646	-0.339128	-0.322247	-0.331708	-0.340439	-0.314496	-0.318667	-0.330734	-0.310735	-0.326394	-0.341248	-0.3288	-0.337984	-0.381884	-0.429668	-0.427249	-0.433574	-0.4935	-0.643417	-0.818596	-0.969069	-1.00324	-0.889657	-0.612429	-0.189685	0.321906	0.898749	1.48172	2.01912	2.48239	2.8157	2.99406	3.04088	2.964	2.76471	2.49136	2.22579	2.02687	1.90588	1.84181	1.80845	1.78766	1.77248	1.76014	1.75004	1.74269	1.73933	1.73971	1.74385	1.75182	1.76212	1.77377	1.78583	1.79639	1.80215	1.80169	1.79311	1.77446	1.74329	1.69861	1.63958	1.56478	1.47312	1.36384	1.23752	1.0976	0.950418	0.801278	0.65042	0.497153	0.348448	0.21911	0.122005	0.0598401	0.0258546	0.00987119	0.00334581	0.00101208	0.000274684	6.72387e-05	1.49179e-05	3.01363e-06	5.56686e-07	9.44038e-08	1.47837e-08	2.41509e-09	2.41509e-09	
0.0332498	0.0332498	0.0635872	0.12958	0.221537	0.32242	0.418248	0.497926	0.508334	0.387247	0.165291	-0.0842712	-0.259206	-0.325128	-0.318289	-0.331708	-0.347521	-0.339757	-0.321358	-0.326364	-0.333818	-0.319518	-0.330576	-0.344687	-0.347853	-0.336659	-0.359906	-0.411474	-0.420678	-0.420388	-0.449598	-0.564442	-0.71884	-0.853431	-0.882765	-0.766046	-0.503397	-0.0972288	0.405387	0.983207	1.57955	2.12873	2.59937	2.94139	3.12559	3.1728	3.09343	2.88539	2.5902	2.29003	2.05204	1.89443	1.79926	1.74083	1.70087	1.67094	1.64615	1.62651	1.61366	1.60712	1.60786	1.61569	1.62976	1.65031	1.67467	1.70148	1.73029	1.7579	1.7813	1.79783	1.80501	1.79978	1.77907	1.74176	1.68669	1.61362	1.5226	1.41309	1.28414	1.13745	0.980726	0.822732	0.664567	0.504089	0.348448	0.214494	0.116149	0.0551293	0.0229756	0.00844506	0.00275317	0.000800816	0.000209039	4.92388e-05	1.05194e-05	2.04797e-06	3.6492e-07	5.99028e-08	1.02787e-08	1.02787e-08	
-0.111849	-0.111849	-0.0644592	0.0307418	0.166874	0.31524	0.453952	0.568732	0.58503	0.457669	0.213116	-0.0539442	-0.232811	-0.306002	-0.320127	-0.340439	-0.339757	-0.308174	-0.310967	-0.309233	-0.302246	-0.313256	-0.308033	-0.319168	-0.351298	-0.344722	-0.359984	-0.394341	-0.413333	-0.406045	-0.41727	-0.49328	-0.612042	-0.712965	-0.730959	-0.619777	-0.37288	0.0161607	0.512559	1.08998	1.68406	2.22701	2.69457	3.03932	3.22274	3.26061	3.1667	2.93934	2.61674	2.28162	2.00657	1.81415	1.69023	1.60835	1.54998	1.5032	1.46537	1.43642	1.41773	1.4079	1.40901	1.42075	1.44127	1.47171	1.5098	1.55325	1.59945	1.64782	1.69429	1.73672	1.77124	1.79567	1.80572	1.79852	1.77127	1.72176	1.65	1.55745	1.44596	1.31437	1.16162	0.996119	0.829895	0.664567	0.497153	0.336311	0.201083	0.105161	0.0480298	0.0192222	0.00677908	0.00212027	0.000591912	0.000148397	3.36018e-05	6.90772e-06	1.29549e-06	2.23255e-07	4.03016e-08	4.03016e-08	
-0.213135	-0.213135	-0.15282	-0.0358649	0.130092	0.312729	0.480368	0.612619	0.639857	0.505142	0.244637	-0.0340776	-0.221773	-0.292012	-0.3027	-0.314496	-0.321358	-0.310967	-0.310211	-0.310205	-0.307278	-0.309227	-0.310474	-0.315878	-0.326856	-0.324136	-0.346666	-0.389955	-0.409644	-0.393951	-0.380398	-0.4175	-0.493626	-0.563532	-0.567333	-0.463078	-0.23272	0.149191	0.640342	1.20258	1.78143	2.31558	2.77564	3.1097	3.2764	3.29257	3.17604	2.92564	2.57576	2.20809	1.89783	1.67204	1.51901	1.41214	1.33274	1.26894	1.21906	1.18145	1.15546	1.14361	1.14486	1.15955	1.18803	1.22741	1.27831	1.3391	1.40594	1.47718	1.54876	1.6182	1.68135	1.73489	1.77547	1.79956	1.80494	1.7878	1.74537	1.67576	1.58029	1.46473	1.32907	1.16971	0.996119	0.822732	0.65042	0.476462	0.31276	0.180169	0.0903781	0.039504	0.0151189	0.00509972	0.00152661	0.000408311	9.8189e-05	2.13523e-05	4.22124e-06	7.64792e-07	1.45459e-07	1.45459e-07	
-0.270366	-0.270366	-0.202635	-0.0730511	0.110443	0.312843	0.496339	0.636539	0.667399	0.531429	0.262408	-0.0207148	-0.20966	-0.280582	-0.297994	-0.318667	-0.326364	-0.309233	-0.310205	-0.308455	-0.306606	-0.311486	-0.309845	-0.315882	-0.333064	-0.326006	-0.339191	-0.379088	-0.397492	-0.37251	-0.333885	-0.33217	-0.369963	-0.411431	-0.408109	-0.308557	-0.0828482	0.295069	0.771452	1.31243	1.87767	2.39683	2.83274	3.14125	3.28342	3.27399	3.13034	2.8512	2.46889	2.06679	1.72169	1.46486	1.28411	1.15553	1.05797	0.9813	0.919399	0.873122	0.841607	0.827355	0.828932	0.846578	0.881106	0.929918	0.992839	1.06697	1.15213	1.24447	1.34188	1.43914	1.53387	1.62043	1.69526	1.75281	1.79046	1.80541	1.7952	1.75862	1.69104	1.5918	1.47084	1.32907	1.16162	0.980726	0.801278	0.622018	0.442505	0.27935	0.153813	0.0735331	0.0306069	0.0111596	0.00358996	0.00102636	0.00026258	6.04947e-05	1.26239e-05	2.40756e-06	4.83086e-07	4.83086e-07	
-0.283239	-0.283239	-0.213845	-0.0822479	0.106163	0.312098	0.497507	0.646363	0.674946	0.534824	0.266655	-0.0201261	-0.202892	-0.27727	-0.300457	-0.330734	-0.333818	-0.302246	-0.307278	-0.306606	-0.296228	-0.308771	-0.303443	-0.312591	-0.346267	-0.332641	-0.339899	-0.367972	-0.384176	-0.34267	-0.277647	-0.237911	-0.241736	-0.265546	-0.262425	-0.158126	0.0747179	0.440779	0.89647	1.424	1.97041	2.45714	2.86177	3.14179	3.25186	3.20665	3.0263	2.71143	2.29551	1.86244	1.48859	1.20617	1.00307	0.855735	0.741877	0.65084	0.57852	0.524916	0.489988	0.472491	0.474541	0.495611	0.533956	0.590754	0.664764	0.753981	0.855538	0.967172	1.08674	1.20957	1.33244	1.4505	1.55975	1.65476	1.73029	1.78195	1.8052	1.79825	1.76413	1.69606	1.5918	1.46473	1.31437	1.13745	0.950418	0.765531	0.579306	0.396492	0.238575	0.124634	0.0564596	0.0222814	0.00771414	0.00236085	0.000643415	0.000157228	3.46694e-05	6.96693e-06	1.47642e-06	1.47642e-06	
-0.253224	-0.253224	-0.187713	-0.0608848	0.117532	0.311695	0.490443	0.630906	0.659537	0.522092	0.257146	-0.0271551	-0.213818	-0.285569	-0.29624	-0.310735	-0.319518	-0.313257	-0.309228	-0.311486	-0.308772	-0.311479	-0.311821	-0.316554	-0.323633	-0.318418	-0.334749	-0.369227	-0.364451	-0.301343	-0.201733	-0.138581	-0.12175	-0.140201	-0.12754	-0.0105451	0.222371	0.57874	1.02393	1.53366	2.04613	2.50012	2.87276	3.10954	3.1754	3.08838	2.86956	2.51794	2.06948	1.60673	1.20807	0.903159	0.681564	0.517381	0.390872	0.290391	0.212174	0.15321	0.11361	0.0958509	0.0977751	0.119661	0.163204	0.22539	0.306158	0.405548	0.521073	0.650886	0.791105	0.939003	1.08951	1.23831	1.37976	1.50884	1.62087	1.71075	1.77468	1.80541	1.79918	1.76413	1.69104	1.58029	1.44596	1.28414	1.0976	0.905852	0.715276	0.522707	0.340776	0.193804	0.095437	0.0407677	0.0151986	0.00498276	0.0014477	0.000375501	8.75487e-05	1.85503e-05	4.15494e-06	4.15494e-06	
-0.177857	-0.177857	-0.122637	-0.0138411	0.143736	0.315391	0.469988	0.595677	0.620606	0.490745	0.234786	-0.0397443	-0.225076	-0.29786	-0.311844	-0.326394	-0.330576	-0.308033	-0.310475	-0.309848	-0.30345	-0.311834	-0.308544	-0.315366	-0.337855	-0.330984	-0.341618	-0.359662	-0.334545	-0.240544	-0.119905	-0.0376366	-0.0215091	-0.0336578	-0.00293894	0.126785	0.362191	0.712362	1.14717	1.63227	2.11218	2.53184	2.85494	3.04244	3.063	2.93036	2.6681	2.27486	1.79256	1.3046	0.888079	0.569367	0.335743	0.162762	0.0279615	-0.0783343	-0.162669	-0.224676	-0.264989	-0.284328	-0.282229	-0.258899	-0.214434	-0.148031	-0.0609673	0.0446379	0.169718	0.310759	0.467215	0.634567	0.80894	0.986183	1.16001	1.32507	1.47316	1.60094	1.69921	1.77154	1.80541	1.79825	1.75862	1.67576	1.55745	1.41309	1.23752	1.04304	0.847334	0.650229	0.453823	0.279083	0.148904	0.0687485	0.0275836	0.00968604	0.00300031	0.00082614	0.0002037	4.55211e-05	1.07801e-05	1.07801e-05	
-0.0595763	-0.0595763	-0.0180294	0.0664844	0.186674	0.317953	0.440289	0.543192	0.557841	0.431446	0.195385	-0.0655668	-0.241886	-0.312887	-0.321348	-0.341248	-0.344688	-0.31917	-0.315884	-0.315898	-0.312632	-0.316642	-0.3155	-0.328183	-0.3523	-0.33725	-0.339728	-0.345035	-0.293505	-0.1735	-0.0348844	0.0460621	0.0638784	0.0587417	0.106792	0.250209	0.490512	0.843282	1.26616	1.72382	2.17033	2.54194	2.81457	2.953	2.91448	2.73236	2.42341	1.99148	1.47935	0.974075	0.546052	0.220878	-0.0190906	-0.197545	-0.335963	-0.44534	-0.528086	-0.589209	-0.629255	-0.648714	-0.6467	-0.623203	-0.578654	-0.513487	-0.427726	-0.317922	-0.187461	-0.0375218	0.131019	0.313819	0.507995	0.708345	0.908719	1.105	1.28811	1.45439	1.59496	1.69921	1.77468	1.8052	1.7952	1.74537	1.65	1.5226	1.36384	1.17465	0.974871	0.774433	0.570835	0.376115	0.216261	0.107593	0.0463778	0.0174249	0.00575035	0.00168002	0.000437909	0.000103189	2.58331e-05	2.58331e-05	
0.103999	0.103999	0.125478	0.17741	0.249231	0.326532	0.403504	0.46759	0.466471	0.349774	0.139123	-0.0998162	-0.271198	-0.338237	-0.321819	-0.328801	-0.347856	-0.351307	-0.326885	-0.333143	-0.346464	-0.324065	-0.338648	-0.35333	-0.339495	-0.322402	-0.329543	-0.335688	-0.243977	-0.100743	0.0470559	0.112095	0.124507	0.132511	0.204996	0.362597	0.615613	0.97274	1.37895	1.81077	2.2172	2.53732	2.75893	2.83107	2.73536	2.50511	2.14836	1.6778	1.13807	0.621323	0.191939	-0.131967	-0.367998	-0.544412	-0.678264	-0.783138	-0.864756	-0.923069	-0.960428	-0.977391	-0.97555	-0.954467	-0.912859	-0.850821	-0.766178	-0.660058	-0.53205	-0.380448	-0.207376	-0.0157032	0.193352	0.411892	0.63878	0.860999	1.07855	1.27465	1.45439	1.60094	1.71075	1.78195	1.80541	1.7878	1.72176	1.61362	1.47312	1.29657	1.09703	0.893367	0.686476	0.479508	0.295039	0.15747	0.0727128	0.0291716	0.0102409	0.00317083	0.000872874	0.000216723	5.73176e-05	5.73176e-05	
0.312201	0.312201	0.308794	0.319754	0.335678	0.343898	0.3574	0.375818	0.346788	0.237867	0.0583542	-0.136866	-0.30346	-0.376834	-0.369487	-0.337988	-0.336674	-0.344767	-0.324267	-0.326348	-0.333455	-0.320158	-0.334261	-0.342408	-0.328113	-0.339841	-0.353745	-0.317711	-0.18626	-0.021817	0.107273	0.155017	0.166778	0.189736	0.29199	0.468894	0.743063	1.10152	1.48978	1.89526	2.25473	2.52092	2.68181	2.68855	2.53601	2.24791	1.8482	1.33922	0.783739	0.26407	-0.155501	-0.469739	-0.695691	-0.862525	-0.989667	-1.08481	-1.15604	-1.207	-1.2381	-1.25351	-1.25148	-1.23272	-1.19857	-1.14433	-1.06913	-0.971563	-0.849338	-0.701652	-0.530979	-0.335034	-0.120192	0.111686	0.35403	0.601147	0.844319	1.07855	1.28811	1.47316	1.62087	1.73029	1.79046	1.80494	1.77127	1.68669	1.56478	1.40524	1.21191	1.00628	0.797485	0.584195	0.381539	0.217247	0.107045	0.0457261	0.017038	0.00558042	0.00161985	0.000423232	0.000118102	0.000118102	
0.560073	0.560073	0.53343	0.497279	0.442984	0.37688	0.316041	0.270094	0.194524	0.0841781	-0.0522737	-0.190524	-0.31874	-0.401756	-0.417649	-0.381904	-0.359972	-0.36018	-0.3472	-0.34051	-0.342864	-0.340791	-0.352685	-0.357552	-0.353446	-0.376131	-0.362529	-0.273202	-0.112771	0.0405645	0.137445	0.165622	0.184901	0.244665	0.375374	0.579525	0.876688	1.23085	1.60419	1.97865	2.28427	2.49429	2.59018	2.52726	2.31112	1.97557	1.53172	0.990897	0.424574	-0.0867488	-0.48829	-0.781052	-0.989547	-1.13788	-1.24777	-1.32846	-1.38592	-1.42646	-1.45145	-1.46083	-1.45958	-1.44756	-1.42003	-1.37614	-1.31485	-1.23287	-1.12464	-0.990935	-0.828723	-0.637616	-0.42331	-0.183157	0.0699022	0.336632	0.601147	0.860999	1.105	1.32507	1.50884	1.65476	1.75281	1.79956	1.79852	1.74176	1.63958	1.49874	1.31716	1.1125	0.902255	0.686264	0.47169	0.284722	0.149011	0.0675332	0.0266314	0.00920444	0.00281136	0.000771606	0.000226769	0.000226769	
0.847033	0.847033	0.791025	0.707144	0.578965	0.428864	0.283908	0.156946	0.0277228	-0.10348	-0.207591	-0.280515	-0.343549	-0.399496	-0.435464	-0.429758	-0.411749	-0.395111	-0.391912	-0.383614	-0.377504	-0.3875	-0.391446	-0.394721	-0.403835	-0.395074	-0.333963	-0.207382	-0.0589007	0.0639953	0.126239	0.154775	0.198175	0.29454	0.464947	0.704128	1.01948	1.3698	1.72613	2.0597	2.30839	2.45851	2.48232	2.34948	2.07434	1.68815	1.20182	0.639215	0.0722272	-0.415751	-0.789864	-1.05255	-1.23512	-1.36037	-1.44761	-1.50769	-1.54601	-1.56896	-1.58144	-1.58829	-1.58739	-1.57954	-1.56546	-1.53958	-1.4987	-1.43567	-1.34819	-1.23398	-1.08681	-0.910324	-0.7009	-0.46545	-0.205718	0.0699022	0.35403	0.63878	0.908719	1.16001	1.37976	1.55975	1.69526	1.77547	1.80572	1.77907	1.69861	1.57671	1.41072	1.21104	1.00009	0.783166	0.561768	0.357067	0.197467	0.0945627	0.0393322	0.0143033	0.00458507	0.00131893	0.000407296	0.000407296	
1.16557	1.16557	1.07988	0.945077	0.740756	0.502481	0.273554	0.055894	-0.149033	-0.31689	-0.403194	-0.425633	-0.412472	-0.414173	-0.421719	-0.427608	-0.421711	-0.41603	-0.416036	-0.41125	-0.411124	-0.412589	-0.413009	-0.409794	-0.398811	-0.366362	-0.284763	-0.171459	-0.0524974	0.0313069	0.0825117	0.126359	0.215606	0.364468	0.574421	0.84791	1.17959	1.52118	1.85346	2.13951	2.32869	2.41321	2.3619	2.15771	1.8232	1.3939	0.87128	0.292943	-0.260951	-0.717691	-1.05152	-1.27788	-1.42529	-1.51948	-1.57632	-1.60891	-1.62476	-1.6307	-1.63154	-1.62944	-1.62985	-1.63192	-1.63004	-1.62257	-1.6043	-1.5692	-1.51113	-1.42327	-1.30213	-1.14459	-0.951457	-0.722682	-0.46545	-0.183157	0.111686	0.411892	0.708345	0.986183	1.23831	1.4505	1.62043	1.73489	1.79567	1.79978	1.74329	1.64011	1.49145	1.3007	1.09059	0.873472	0.648818	0.43132	0.250681	0.126282	0.0551932	0.0210485	0.00706063	0.0021231	0.000687003	0.000687003	
1.50221	1.50221	1.39202	1.20563	0.929868	0.605972	0.28778	-0.0273942	-0.307537	-0.522567	-0.619128	-0.6137	-0.551707	-0.489428	-0.450029	-0.434869	-0.423863	-0.414474	-0.41245	-0.409317	-0.409279	-0.411433	-0.407286	-0.405024	-0.393705	-0.354195	-0.286874	-0.199128	-0.113916	-0.0383677	0.0239066	0.114774	0.256778	0.455314	0.714056	1.02008	1.35862	1.68629	1.98826	2.21939	2.344	2.35625	2.22727	1.95409	1.56695	1.09305	0.539887	-0.0392426	-0.567355	-0.978272	-1.26572	-1.44725	-1.55552	-1.61274	-1.6358	-1.63641	-1.62348	-1.60564	-1.59079	-1.58496	-1.58576	-1.59343	-1.60893	-1.62627	-1.63836	-1.63464	-1.6093	-1.55513	-1.4636	-1.33505	-1.16164	-0.951457	-0.7009	-0.42331	-0.120192	0.193352	0.507995	0.80894	1.08951	1.33244	1.53387	1.68135	1.77124	1.80501	1.77446	1.69048	1.55947	1.38056	1.17333	0.956467	0.730754	0.504766	0.306603	0.161721	0.0739732	0.0294784	0.0103141	0.00323242	0.00109259	0.00109259	
1.84434	1.84434	1.71671	1.47797	1.13666	0.73697	0.337141	-0.0678066	-0.435283	-0.69922	-0.821111	-0.81761	-0.737665	-0.640721	-0.554437	-0.497689	-0.460013	-0.440594	-0.427505	-0.41998	-0.42076	-0.419493	-0.425105	-0.430287	-0.425419	-0.407915	-0.364863	-0.298548	-0.214247	-0.124429	-0.0197961	0.129376	0.335373	0.595774	0.890706	1.22134	1.56075	1.86635	2.12752	2.29489	2.35023	2.28725	2.07996	1.73945	1.3037	0.792491	0.218836	-0.351543	-0.838235	-1.19691	-1.42801	-1.56165	-1.62327	-1.63889	-1.62213	-1.58805	-1.54828	-1.51018	-1.48162	-1.46654	-1.46845	-1.48641	-1.51693	-1.5566	-1.59583	-1.62792	-1.6423	-1.62595	-1.57433	-1.47735	-1.33505	-1.14459	-0.910324	-0.637616	-0.335034	-0.0157032	0.313819	0.634567	0.939003	1.20957	1.43914	1.6182	1.73672	1.79783	1.79311	1.72882	1.61538	1.45024	1.24803	1.03186	0.806251	0.575155	0.363125	0.199595	0.0951488	0.0394718	0.0143554	0.00467404	0.00164468	0.00164468	
2.17618	2.17618	2.03622	1.75013	1.35601	0.89786	0.416507	-0.0695645	-0.500636	-0.812273	-0.970461	-0.993344	-0.933	-0.834189	-0.735604	-0.655497	-0.592097	-0.550072	-0.522393	-0.507301	-0.504301	-0.511312	-0.521956	-0.54209	-0.555408	-0.547229	-0.50915	-0.427701	-0.319418	-0.180576	-0.0172826	0.203848	0.472046	0.776944	1.10913	1.45817	1.7811	2.05603	2.26643	2.3632	2.34635	2.203	1.9175	1.51715	1.03736	0.490883	-0.0909528	-0.634086	-1.06851	-1.36493	-1.53927	-1.61958	-1.63514	-1.60563	-1.54925	-1.47895	-1.40897	-1.3516	-1.31363	-1.29698	-1.2989	-1.31968	-1.36154	-1.42222	-1.49375	-1.56239	-1.61632	-1.64327	-1.63122	-1.57433	-1.4636	-1.30213	-1.08681	-0.828723	-0.530979	-0.207376	0.131019	0.467215	0.791105	1.08674	1.34188	1.54876	1.69429	1.7813	1.80169	1.75672	1.65997	1.50958	1.31444	1.0996	0.874589	0.640785	0.418289	0.238458	0.117965	0.0507453	0.0191144	0.00644385	0.00235189	0.00235189	
2.48053	2.48053	2.3293	2.00778	1.57521	1.07515	0.534323	-0.0139114	-0.502436	-0.844383	-1.04186	-1.10173	-1.08411	-1.01424	-0.932746	-0.849488	-0.783525	-0.733089	-0.696995	-0.679271	-0.672711	-0.679633	-0.701077	-0.721071	-0.7348	-0.717039	-0.658039	-0.539918	-0.377695	-0.181257	0.0517878	0.340676	0.665124	1.01902	1.37074	1.71765	2.01623	2.25259	2.39804	2.41837	2.32603	2.09977	1.73947	1.28539	0.767527	0.195239	-0.382172	-0.884686	-1.25532	-1.48725	-1.60058	-1.62906	-1.59464	-1.52171	-1.42669	-1.32755	-1.24068	-1.17187	-1.12903	-1.11174	-1.11356	-1.13539	-1.18385	-1.25722	-1.34645	-1.44686	-1.5401	-1.60903	-1.64327	-1.62595	-1.55513	-1.42327	-1.23398	-0.990935	-0.701652	-0.380448	-0.0375218	0.310759	0.650886	0.967172	1.24447	1.47718	1.64782	1.7579	1.80215	1.7762	1.69469	1.55878	1.3723	1.15967	0.935464	0.700485	0.470413	0.276841	0.141513	0.0628738	0.0244377	0.00849987	0.0032057	0.0032057	
2.73631	2.73631	2.57404	2.2356	1.78566	1.26068	0.669096	0.0919215	-0.412917	-0.780384	-1.00629	-1.11952	-1.15122	-1.1351	-1.09245	-1.0388	-0.986168	-0.938207	-0.907099	-0.888941	-0.881107	-0.88965	-0.90693	-0.919483	-0.915868	-0.872981	-0.761317	-0.589015	-0.359101	-0.099714	0.208901	0.553661	0.931685	1.30065	1.66356	2.00104	2.25898	2.44203	2.51215	2.4561	2.28471	1.97265	1.54699	1.04781	0.493517	-0.0939921	-0.647858	-1.09506	-1.39796	-1.56454	-1.62146	-1.59825	-1.51859	-1.40441	-1.27707	-1.15704	-1.0632	-1.00327	-0.970935	-0.95663	-0.958264	-0.975995	-1.01275	-1.07916	-1.17958	-1.30281	-1.42976	-1.5401	-1.61632	-1.6423	-1.6093	-1.51113	-1.34819	-1.12464	-0.849338	-0.53205	-0.187461	0.169718	0.521073	0.855538	1.15213	1.40594	1.59945	1.73029	1.79639	1.78904	1.72137	1.59864	1.4215	1.21201	0.98877	0.753516	0.518158	0.313366	0.16481	0.0753263	0.0300968	0.0107611	0.00417747	0.00417747	
2.92313	2.92313	2.75055	2.41818	1.96504	1.43463	0.834891	0.243114	-0.248562	-0.620006	-0.8659	-1.02259	-1.10774	-1.14858	-1.15284	-1.14183	-1.12153	-1.09798	-1.07823	-1.0658	-1.06342	-1.0664	-1.06929	-1.06387	-1.02646	-0.93467	-0.769174	-0.532118	-0.242226	0.0831168	0.444117	0.838655	1.24219	1.62487	1.99105	2.2836	2.49397	2.61545	2.60272	2.46925	2.2133	1.82094	1.34125	0.802086	0.219936	-0.369651	-0.883207	-1.26528	-1.49817	-1.6046	-1.60769	-1.53943	-1.41872	-1.27309	-1.12976	-1.00632	-0.926539	-0.883578	-0.863131	-0.856942	-0.857347	-0.865669	-0.890252	-0.939192	-1.02761	-1.15781	-1.30281	-1.44686	-1.56239	-1.62792	-1.63464	-1.5692	-1.43567	-1.23287	-0.971563	-0.660058	-0.317922	0.0446379	0.405548	0.753981	1.06697	1.3391	1.55325	1.70148	1.78583	1.79622	1.74163	1.63043	1.4623	1.25655	1.03446	0.79944	0.560515	0.346826	0.186882	0.087513	0.035807	0.0131118	0.00521845	0.00521845	
3.02302	3.02302	2.84296	2.53706	2.10597	1.57118	0.999534	0.450146	-0.00924759	-0.364793	-0.62849	-0.818965	-0.953353	-1.04509	-1.10141	-1.13239	-1.14444	-1.15027	-1.14798	-1.14507	-1.14413	-1.14029	-1.12939	-1.09857	-1.02575	-0.887486	-0.666488	-0.369572	-0.0247501	0.352383	0.757433	1.18665	1.59913	1.98108	2.30829	2.55636	2.71781	2.75506	2.65994	2.45073	2.10693	1.64684	1.1255	0.548051	-0.0522244	-0.621728	-1.0797	-1.39464	-1.5628	-1.6165	-1.57342	-1.46545	-1.3132	-1.14656	-1.00161	-0.899328	-0.850848	-0.842661	-0.834303	-0.818246	-0.820601	-0.837003	-0.842992	-0.856257	-0.915697	-1.02761	-1.17958	-1.34645	-1.49375	-1.59583	-1.63836	-1.6043	-1.4987	-1.31485	-1.06913	-0.766178	-0.427726	-0.0609673	0.306158	0.664764	0.992839	1.27831	1.5098	1.67467	1.77377	1.79892	1.75628	1.65523	1.49527	1.29337	1.07253	0.838001	0.596753	0.376217	0.206828	0.0988334	0.041252	0.0154116	0.00626324	0.00626324	
3.0168	3.0168	2.8507	2.56992	2.18027	1.68249	1.15668	0.679601	0.279201	-0.0427465	-0.304535	-0.515905	-0.685881	-0.8176	-0.917608	-0.989566	-1.03951	-1.07056	-1.0898	-1.09946	-1.09754	-1.08947	-1.06108	-1.00454	-0.895298	-0.709603	-0.437809	-0.0950376	0.292817	0.703198	1.13465	1.56861	1.97272	2.32728	2.61547	2.81699	2.89648	2.84886	2.68302	2.38919	1.96442	1.45694	0.897022	0.289684	-0.312915	-0.842249	-1.234	-1.48512	-1.59892	-1.60879	-1.53079	-1.39027	-1.22139	-1.04647	-0.918008	-0.846043	-0.824532	-0.837043	-0.830801	-0.806433	-0.810138	-0.834681	-0.834837	-0.824606	-0.856257	-0.939192	-1.07916	-1.25722	-1.42222	-1.5566	-1.62627	-1.62257	-1.53958	-1.37614	-1.14433	-0.850821	-0.513487	-0.148031	0.22539	0.590754	0.929918	1.22741	1.47171	1.65031	1.76212	1.79918	1.7664	1.67387	1.52094	1.32263	1.10302	0.869061	0.626363	0.40074	0.223858	0.108721	0.046112	0.0175084	0.00723618	0.00723618	
2.89187	2.89187	2.77053	2.51929	2.16179	1.74171	1.31387	0.928396	0.596941	0.312695	0.0652172	-0.150623	-0.336654	-0.492897	-0.619783	-0.717414	-0.793523	-0.846806	-0.881944	-0.901143	-0.903542	-0.888094	-0.847557	-0.768872	-0.630299	-0.411894	-0.109527	0.263803	0.67411	1.09932	1.53485	1.96014	2.34315	2.65914	2.89545	3.01907	3.01744	2.90364	2.65832	2.27863	1.7968	1.25376	0.656356	0.0331856	-0.54637	-1.01893	-1.34802	-1.54254	-1.61703	-1.59123	-1.48899	-1.32581	-1.14849	-0.982646	-0.875267	-0.840096	-0.833943	-0.828864	-0.807733	-0.780325	-0.784504	-0.813418	-0.830718	-0.834837	-0.842992	-0.890252	-1.01275	-1.18385	-1.36154	-1.51693	-1.60893	-1.63004	-1.56546	-1.42003	-1.19857	-0.912859	-0.578654	-0.214434	0.163204	0.533956	0.881106	1.18803	1.44127	1.62976	1.75182	1.79836	1.77314	1.68715	1.53979	1.34452	1.12599	0.892561	0.649	0.41979	0.237327	0.116682	0.0500916	0.0192544	0.00805993	0.00805993	
2.66419	2.66419	2.57907	2.37599	2.07466	1.74555	1.43744	1.16243	0.913498	0.680226	0.459225	0.252477	0.0651185	-0.100555	-0.243046	-0.35885	-0.448888	-0.517088	-0.562733	-0.587248	-0.592693	-0.572193	-0.523896	-0.430021	-0.273811	-0.0365972	0.286804	0.676185	1.09301	1.51765	1.94067	2.34043	2.67976	2.93878	3.10656	3.15867	3.09352	2.90272	2.56979	2.12976	1.61418	1.03419	0.409004	-0.204366	-0.737828	-1.14561	-1.42325	-1.57511	-1.6246	-1.57439	-1.45729	-1.28134	-1.10141	-0.948106	-0.853966	-0.837419	-0.831823	-0.808018	-0.780295	-0.757745	-0.760903	-0.785947	-0.813418	-0.834681	-0.837003	-0.865669	-0.975995	-1.13539	-1.31968	-1.48641	-1.59343	-1.63192	-1.57954	-1.44756	-1.23272	-0.954468	-0.623203	-0.258899	0.119661	0.495611	0.846578	1.15955	1.42075	1.61569	1.74385	1.79699	1.77727	1.69579	1.55228	1.35921	1.1415	0.90848	0.664445	0.432934	0.24674	0.122317	0.052944	0.0205213	0.00866485	0.00866485	
2.35841	2.35841	2.27707	2.12413	1.92531	1.71835	1.52737	1.35154	1.18062	1.00699	0.829711	0.652555	0.482858	0.32713	0.187964	0.0675737	-0.0292138	-0.103579	-0.155237	-0.183392	-0.188344	-0.166575	-0.112091	-0.0114368	0.15252	0.397344	0.724979	1.10892	1.51355	1.91629	2.30614	2.66122	2.94673	3.14785	3.25348	3.23954	3.09731	2.82493	2.43523	1.96256	1.41209	0.801157	0.174508	-0.400909	-0.873553	-1.22711	-1.46374	-1.59327	-1.62505	-1.56652	-1.43809	-1.26108	-1.07926	-0.933175	-0.845214	-0.818547	-0.806135	-0.77805	-0.759249	-0.758036	-0.757179	-0.760903	-0.784504	-0.810138	-0.820601	-0.857347	-0.958264	-1.11356	-1.2989	-1.46845	-1.58576	-1.62985	-1.58739	-1.45958	-1.25148	-0.97555	-0.646701	-0.28223	0.0977744	0.47454	0.828932	1.14486	1.40901	1.60786	1.73971	1.79614	1.77923	1.70018	1.55875	1.36687	1.14961	0.916814	0.672567	0.439894	0.251764	0.125349	0.0544904	0.0212133	0.00899775	0.00899775	
1.97283	1.97283	1.90261	1.80418	1.71463	1.64026	1.5689	1.48684	1.38699	1.2696	1.13915	1.00126	0.862196	0.729464	0.608612	0.50161	0.411664	0.341699	0.292225	0.264489	0.260363	0.281403	0.335311	0.432673	0.591547	0.827591	1.14014	1.5039	1.88291	2.25152	2.60033	2.90803	3.14054	3.28121	3.31802	3.22975	3.01776	2.69628	2.27606	1.77183	1.18968	0.573551	-0.0189055	-0.536502	-0.952504	-1.26677	-1.48045	-1.59964	-1.62611	-1.56607	-1.43595	-1.25934	-1.07723	-0.931837	-0.844758	-0.815744	-0.802465	-0.774065	-0.756505	-0.759238	-0.758036	-0.757745	-0.780325	-0.806433	-0.818246	-0.856942	-0.95663	-1.11174	-1.29698	-1.46654	-1.58496	-1.62944	-1.58829	-1.46083	-1.25351	-0.977394	-0.648717	-0.284332	0.0958465	0.472487	0.827351	1.1436	1.4079	1.60711	1.73933	1.79605	1.77939	1.70058	1.55934	1.36757	1.15034	0.917567	0.673303	0.440529	0.252225	0.125628	0.0546331	0.0212774	0.00902869	0.00902869	
1.51062	1.51062	1.49102	1.47439	1.47992	1.50414	1.52743	1.53095	1.50546	1.45128	1.3743	1.28202	1.18116	1.07839	0.980681	0.892772	0.817236	0.757205	0.714503	0.690328	0.686611	0.705787	0.754183	0.842857	0.988955	1.20738	1.49764	1.83508	2.18077	2.5086	2.80972	3.06276	3.23366	3.30766	3.27964	3.1367	2.88601	2.537	2.08638	1.55367	0.969611	0.38649	-0.147677	-0.605713	-0.981624	-1.2718	-1.47954	-1.59655	-1.63038	-1.57329	-1.45274	-1.2754	-1.09525	-0.943645	-0.851391	-0.834425	-0.82768	-0.802264	-0.775152	-0.756505	-0.759249	-0.780295	-0.807733	-0.830801	-0.834303	-0.863131	-0.970935	-1.12903	-1.31363	-1.48162	-1.59079	-1.63155	-1.58145	-1.45145	-1.23811	-0.960442	-0.629273	-0.265009	0.113587	0.489965	0.841583	1.15544	1.41771	1.61364	1.74267	1.79671	1.77781	1.69703	1.55409	1.36132	1.14371	0.910742	0.66665	0.434825	0.248105	0.12314	0.0533633	0.0207087	0.00875487	0.00875487	
1.02758	1.02758	1.07126	1.1469	1.23856	1.33155	1.41347	1.4747	1.50952	1.51655	1.49831	1.45992	1.40716	1.34546	1.28061	1.21835	1.1628	1.11711	1.08396	1.06511	1.06228	1.0784	1.11886	1.19459	1.32145	1.51413	1.7727	2.07236	2.3739	2.65177	2.89787	3.09374	3.20884	3.23254	3.16441	2.99092	2.71245	2.33546	1.86557	1.33822	0.791545	0.269877	-0.203321	-0.617458	-0.967779	-1.25132	-1.4593	-1.58774	-1.63218	-1.59165	-1.48305	-1.31553	-1.13686	-0.973853	-0.869444	-0.840932	-0.835586	-0.825783	-0.802264	-0.774065	-0.77805	-0.808018	-0.828864	-0.837043	-0.842661	-0.883579	-1.00327	-1.17187	-1.3516	-1.51018	-1.60565	-1.63072	-1.56899	-1.4265	-1.20705	-0.923139	-0.589296	-0.224776	0.1531	0.524803	0.87301	1.18135	1.43633	1.62643	1.74998	1.79804	1.77415	1.68927	1.54283	1.34804	1.12968	0.896335	0.652658	0.422898	0.239548	0.118008	0.0507609	0.0195508	0.00820099	0.00820099	
