5.25734	5.25734	5.08691	4.70524	4.1452	3.51572	2.91118	2.37279	1.8955	1.46038	1.05535	0.676523	0.330298	0.0234599	-0.23868	-0.458611	-0.632294	-0.762995	-0.852551	-0.902817	-0.914006	-0.888131	-0.822375	-0.716433	-0.568972	-0.376815	-0.138885	0.140237	0.462783	0.819524	1.19862	1.58483	1.9611	2.30796	2.60345	2.8272	2.96237	2.98615	2.88065	2.66472	2.36707	1.98467	1.52018	1.03292	0.612675	0.316013	0.142491	0.0572067	0.0217732	0.00966845	0.00696218	0.00767492	0.00959855	0.0119667	0.0144657	0.0168962	0.0190838	0.0208686	0.0221158	0.0227289	0.0226597	0.0219138	0.0205495	0.0186719	0.0164214	0.0139586	0.0114473	0.00903777	0.00685196	0.00497406	0.00344624	0.0022708	0.00141762	0.000835138	0.000462393	0.000239656	0.000115839	5.20398e-05	2.16659e-05	8.34004e-06	2.96327e-06	9.7076e-07	2.93071e-07	8.15383e-08	2.09162e-08	4.95117e-09	1.08276e-09	2.19058e-10	4.10636e-11	7.14409e-12	1.15553e-12	1.7407e-13	2.44651e-14	3.21374e-15	3.95244e-16	4.55873e-17	4.93922e-18	5.03863e-19	5.27459e-20	5.27459e-20	
5.25734	5.25734	5.08691	4.70524	4.1452	3.51572	2.91118	2.37279	1.8955	1.46038	1.05535	0.676523	0.330298	0.0234599	-0.23868	-0.458611	-0.632294	-0.762995	-0.852551	-0.902817	-0.914006	-0.888131	-0.822375	-0.716433	-0.568972	-0.376815	-0.138885	0.140237	0.462783	0.819524	1.19862	1.58483	1.9611	2.30796	2.60345	2.8272	2.96237	2.98615	2.88065	2.66472	2.36707	1.98467	1.52018	1.03292	0.612675	0.316013	0.142491	0.0572067	0.0217732	0.00966845	0.00696218	0.00767492	0.00959855	0.0119667	0.0144657	0.0168962	0.0190838	0.0208686	0.0221158	0.0227289	0.0226597	0.0219138	0.0205495	0.0186719	0.0164214	0.0139586	0.0114473	0.00903777	0.00685196	0.00497406	0.00344624	0.0022708	0.00141762	0.000835138	0.000462393	0.000239656	0.000115839	5.20398e-05	2.16659e-05	8.34004e-06	2.96327e-06	9.7076e-07	2.93071e-07	8.15383e-08	2.09162e-08	4.95117e-09	1.08276e-09	2.19058e-10	4.10636e-11	7.14409e-12	1.15553e-12	1.7407e-13	2.44651e-14	3.21374e-15	3.95244e-16	4.55873e-17	4.93922e-18	5.03863e-19	5.27459e-20	5.27459e-20	
5.08691	5.08691	4.86995	4.49201	4.00122	3.43096	2.84392	2.2976	1.80977	1.37897	0.992492	0.645582	0.334308	0.0602417	-0.174717	-0.366594	-0.518068	-0.632323	-0.709526	-0.752318	-0.762988	-0.738738	-0.68362	-0.591251	-0.462022	-0.294726	-0.0861022	0.165123	0.452212	0.772402	1.11779	1.47874	1.83799	2.17362	2.46127	2.67623	2.7962	2.82445	2.7613	2.5822	2.28797	1.9154	1.49901	1.07196	0.684206	0.384457	0.190171	0.0846735	0.0368889	0.0196647	0.016182	0.0181826	0.0222265	0.0269767	0.0318449	0.0364662	0.0405431	0.0438178	0.046081	0.0471863	0.047062	0.0457161	0.043236	0.0397816	0.0355717	0.0308664	0.025944	0.0210767	0.016507	0.0124262	0.00896104	0.0061675	0.0040349	0.0024984	0.00145767	0.00079778	0.000407816	0.000193945	8.55104e-05	3.48534e-05	1.31044e-05	4.5383e-06	1.44653e-06	4.24266e-07	1.14544e-07	2.8488e-08	6.53433e-09	1.38418e-09	2.71224e-10	4.92438e-11	8.2994e-12	1.30081e-12	1.89956e-13	2.5892e-14	3.30015e-15	3.94025e-16	4.41448e-17	4.65225e-18	5.03863e-19	5.03863e-19	
4.70524	4.70524	4.49201	4.15814	3.73412	3.22248	2.67373	2.13925	1.66247	1.25417	0.90287	0.601682	0.340966	0.121859	-0.061162	-0.206241	-0.321303	-0.404624	-0.461073	-0.491616	-0.498575	-0.481496	-0.440501	-0.374561	-0.279118	-0.151657	0.00682152	0.204242	0.4357	0.701767	0.993122	1.3001	1.60631	1.89738	2.15387	2.36389	2.50575	2.55626	2.52204	2.38786	2.13638	1.81339	1.47752	1.14145	0.808042	0.509075	0.283418	0.143456	0.0731162	0.0463321	0.0418513	0.0471541	0.056231	0.0664719	0.0766696	0.0861136	0.0942741	0.100723	0.105129	0.107266	0.107027	0.104422	0.0995851	0.0927625	0.0843029	0.0746375	0.0642548	0.0536669	0.0433715	0.0338116	0.0253381	0.0181817	0.0124393	0.00807725	0.00495391	0.00285578	0.00153996	0.000773287	0.000360147	0.000155046	6.15381e-05	2.24763e-05	7.54616e-06	2.32796e-06	6.60021e-07	1.721e-07	4.13163e-08	9.14521e-09	1.8694e-09	3.53528e-10	6.19682e-11	1.00872e-11	1.52781e-12	2.15722e-13	2.84489e-14	3.51057e-15	4.06077e-16	4.41448e-17	4.93922e-18	4.93922e-18	
4.1452	4.1452	4.00122	3.73412	3.3657	2.92732	2.42723	1.90754	1.44581	1.06442	0.769026	0.537509	0.358526	0.217828	0.107997	0.0223636	-0.0401578	-0.084649	-0.113859	-0.129055	-0.132424	-0.125024	-0.101778	-0.0682097	-0.01733	0.0529958	0.147716	0.26713	0.415169	0.594088	0.801292	1.03052	1.27143	1.51333	1.74369	1.93915	2.09951	2.18805	2.17934	2.09509	1.93685	1.71577	1.47569	1.22962	0.95834	0.672243	0.419672	0.241423	0.142834	0.103563	0.0986268	0.109987	0.127707	0.147059	0.165817	0.182775	0.197131	0.208295	0.215836	0.21947	0.219064	0.214633	0.206339	0.194494	0.179552	0.162103	0.142854	0.122605	0.102204	0.0824925	0.0642393	0.0480708	0.0344131	0.0234546	0.0151413	0.0092091	0.00524911	0.00278971	0.00137602	0.000627427	0.000263629	0.000101839	3.61153e-05	1.17501e-05	3.5073e-06	9.61073e-07	2.42023e-07	5.60908e-08	1.19837e-08	2.36459e-09	4.31755e-10	7.30979e-11	1.14984e-11	1.68387e-12	2.30022e-13	2.93667e-14	3.51057e-15	3.94025e-16	4.55873e-17	4.55873e-17	
3.51572	3.51572	3.43096	3.22248	2.92732	2.56544	2.11111	1.62896	1.18879	0.843432	0.609749	0.458412	0.370699	0.316753	0.289532	0.275896	0.270613	0.268812	0.268807	0.268968	0.267687	0.268215	0.267558	0.269465	0.273492	0.278951	0.296671	0.328214	0.382682	0.459043	0.567849	0.703697	0.874198	1.06023	1.26347	1.45003	1.59851	1.71522	1.76808	1.76545	1.72768	1.63652	1.49667	1.32751	1.11742	0.860783	0.598885	0.390185	0.263632	0.210616	0.205523	0.224834	0.253688	0.284453	0.313549	0.33924	0.360551	0.37686	0.387751	0.392966	0.392385	0.386023	0.374023	0.356669	0.334396	0.307799	0.277649	0.244894	0.210647	0.176145	0.142679	0.111493	0.0836628	0.0599815	0.0408629	0.0263009	0.0158998	0.00897649	0.00470757	0.00228261	0.00101943	0.000418141	0.000157222	5.41383e-05	1.70697e-05	4.93059e-06	1.3061e-06	3.17749e-07	7.11185e-08	1.46727e-08	2.79616e-09	4.93236e-10	8.07074e-11	1.2276e-11	1.73934e-12	2.30022e-13	2.84489e-14	3.30015e-15	3.95244e-16	3.95244e-16	
2.91118	2.91118	2.84392	2.67373	2.42723	2.11111	1.73651	1.33193	0.936694	0.640318	0.454568	0.378687	0.370025	0.405329	0.452135	0.50387	0.544128	0.580858	0.602938	0.613692	0.619888	0.611644	0.59341	0.567597	0.529001	0.484043	0.43007	0.376742	0.336804	0.315754	0.329275	0.375648	0.462039	0.582676	0.721861	0.890277	1.04899	1.20183	1.34426	1.45347	1.53722	1.57233	1.53215	1.433	1.2831	1.07241	0.824924	0.601748	0.452	0.3838	0.375832	0.400933	0.43924	0.479779	0.517444	0.550035	0.576581	0.596601	0.609832	0.61613	0.615432	0.607744	0.593141	0.57178	0.543915	0.509934	0.470391	0.426054	0.37794	0.327353	0.275868	0.225264	0.177401	0.134032	0.0965913	0.0659865	0.0424575	0.0255641	0.0143156	0.00741477	0.00353582	0.00154685	0.000619329	0.000226631	7.57647e-05	2.3149e-05	6.47077e-06	1.65724e-06	3.89591e-07	8.42399e-08	1.67903e-08	3.09176e-09	5.27162e-10	8.34148e-11	1.2276e-11	1.68387e-12	2.15722e-13	2.5892e-14	3.21374e-15	3.21374e-15	
2.37279	2.37279	2.2976	2.13925	1.90754	1.62896	1.33193	0.999878	0.68339	0.447062	0.325054	0.319731	0.383927	0.484944	0.586042	0.677212	0.751695	0.801081	0.83681	0.854435	0.85992	0.849568	0.825293	0.783527	0.7225	0.642914	0.539887	0.425897	0.300766	0.188602	0.0939309	0.0449623	0.033005	0.0843227	0.177818	0.320799	0.508988	0.723636	0.961405	1.18383	1.37487	1.51885	1.57734	1.55227	1.46576	1.31323	1.10067	0.879259	0.710833	0.622733	0.603641	0.62635	0.667072	0.711454	0.752663	0.787957	0.816367	0.83758	0.851499	0.858097	0.857368	0.84931	0.833929	0.811241	0.781292	0.744179	0.70009	0.649352	0.592497	0.530354	0.464155	0.395596	0.326823	0.260325	0.19872	0.144411	0.0992001	0.0639459	0.0384065	0.0213522	0.0109266	0.00512408	0.00219525	0.000857603	0.000305292	9.90548e-05	2.93219e-05	7.9311e-06	1.96399e-06	4.46226e-07	9.32391e-08	1.79602e-08	3.19704e-09	5.27162e-10	8.07074e-11	1.14984e-11	1.52781e-12	1.89956e-13	2.44651e-14	2.44651e-14	
1.8955	1.8955	1.80977	1.66247	1.44581	1.18879	0.936694	0.68339	0.449317	0.272079	0.209376	0.249539	0.367558	0.505305	0.641281	0.745089	0.824965	0.876683	0.912239	0.93239	0.932478	0.924437	0.90197	0.856928	0.795024	0.704998	0.579808	0.422661	0.23845	0.0490978	-0.131513	-0.274705	-0.364176	-0.384955	-0.319887	-0.173953	0.0497473	0.324649	0.641451	0.960035	1.24344	1.48141	1.63795	1.69554	1.6764	1.58535	1.41681	1.20611	1.01971	0.903843	0.862087	0.871491	0.906027	0.947924	0.988071	1.02271	1.05056	1.07129	1.08486	1.09128	1.09057	1.08272	1.06772	1.0455	1.01601	0.979186	0.934991	0.883429	0.82457	0.758597	0.685933	0.60743	0.524533	0.439388	0.354861	0.274386	0.201558	0.139509	0.0902317	0.0541061	0.0298711	0.0150989	0.00695937	0.00291764	0.00111133	0.000384611	0.000121052	3.47048e-05	9.08184e-06	2.17444e-06	4.77538e-07	9.64461e-08	1.79602e-08	3.09176e-09	4.93236e-10	7.30979e-11	1.00872e-11	1.30081e-12	1.7407e-13	1.7407e-13	
1.46038	1.46038	1.37897	1.25417	1.06442	0.843432	0.640318	0.447062	0.272079	0.142768	0.10692	0.167446	0.293883	0.431803	0.552796	0.644712	0.71276	0.761586	0.789755	0.806303	0.81107	0.801301	0.780901	0.743877	0.687323	0.605153	0.494853	0.334937	0.133823	-0.101613	-0.335163	-0.540976	-0.683098	-0.739697	-0.696161	-0.552576	-0.303721	0.0167323	0.388787	0.782766	1.14948	1.47312	1.72348	1.86587	1.91157	1.87443	1.74656	1.54826	1.344	1.19553	1.12353	1.11265	1.13611	1.17253	1.20985	1.24273	1.2693	1.28904	1.30192	1.308	1.30732	1.29988	1.2856	1.26439	1.23608	1.20054	1.15764	1.10728	1.04946	0.984193	0.911457	0.831317	0.744131	0.650773	0.552879	0.453133	0.355362	0.26424	0.184499	0.119811	0.0717299	0.0393055	0.0196066	0.00887221	0.00363568	0.0013488	0.000453406	0.000138336	3.83934e-05	9.71785e-06	2.24945e-06	4.77538e-07	9.32391e-08	1.67903e-08	2.79616e-09	4.31755e-10	6.19682e-11	8.2994e-12	1.15553e-12	1.15553e-12	
1.05535	1.05535	0.992492	0.90287	0.769026	0.609749	0.454568	0.325054	0.209376	0.10692	0.0668292	0.0919441	0.169001	0.252084	0.329134	0.390793	0.441269	0.479215	0.505748	0.521008	0.522963	0.515491	0.496066	0.465376	0.41981	0.360266	0.278706	0.16089	-0.00744196	-0.224268	-0.465511	-0.694104	-0.868053	-0.960756	-0.936397	-0.801047	-0.551148	-0.206479	0.204807	0.659069	1.10151	1.50196	1.83294	2.0498	2.15002	2.15445	2.06042	1.8768	1.66037	1.48233	1.37942	1.34574	1.35536	1.38386	1.41622	1.44548	1.46912	1.48655	1.49783	1.50312	1.50252	1.49602	1.48348	1.46463	1.43912	1.40654	1.3665	1.3186	1.26266	1.19877	1.1271	1.04777	0.960909	0.866729	0.765628	0.658465	0.547132	0.435093	0.327535	0.230715	0.15037	0.0898024	0.0487745	0.0239709	0.0106312	0.0042515	0.00153413	0.000500373	0.000147872	3.97073e-05	9.71785e-06	2.17444e-06	4.46226e-07	8.42399e-08	1.46727e-08	2.36459e-09	3.53528e-10	4.92438e-11	7.14409e-12	7.14409e-12	
0.676523	0.676523	0.645582	0.601682	0.537509	0.458412	0.378687	0.319731	0.249539	0.167446	0.0919441	0.0490424	0.0341415	0.035963	0.0514368	0.0885961	0.12998	0.169225	0.191904	0.207668	0.214937	0.20246	0.18344	0.155088	0.111999	0.0606027	0.0147185	-0.0460974	-0.143592	-0.305604	-0.511452	-0.736843	-0.925114	-1.04249	-1.05399	-0.943269	-0.703765	-0.346667	0.0948919	0.595965	1.09896	1.55899	1.94979	2.22521	2.3708	2.4103	2.3482	2.18449	1.96399	1.76106	1.62627	1.56481	1.55419	1.56865	1.59093	1.61241	1.62985	1.64255	1.65068	1.65443	1.654	1.64936	1.64027	1.62635	1.607	1.58147	1.54901	1.50871	1.45958	1.40106	1.33307	1.25585	1.16981	1.07559	0.973975	0.865578	0.750884	0.630823	0.507758	0.386496	0.274322	0.179167	0.106522	0.0572124	0.0276369	0.0119862	0.0046687	0.00163596	0.000517071	0.000147872	3.83934e-05	9.08184e-06	1.96399e-06	3.89591e-07	7.11185e-08	1.19837e-08	1.8694e-09	2.71224e-10	4.10636e-11	4.10636e-11	
0.330298	0.330298	0.334308	0.340966	0.358526	0.370699	0.370025	0.383927	0.367558	0.293883	0.169001	0.0341415	-0.0845718	-0.153237	-0.163504	-0.126128	-0.0878743	-0.0615269	-0.033832	-0.0205577	-0.0174092	-0.0227016	-0.046171	-0.0716959	-0.106402	-0.157894	-0.206848	-0.234694	-0.266985	-0.347222	-0.495908	-0.692261	-0.889244	-1.03562	-1.07848	-0.993044	-0.767921	-0.405413	0.0571187	0.587896	1.12812	1.62554	2.05827	2.38295	2.57221	2.64535	2.6123	2.46731	2.24316	2.01393	1.84216	1.74561	1.7077	1.70273	1.71106	1.7219	1.73116	1.73786	1.74201	1.74389	1.74368	1.74136	1.73662	1.72899	1.71782	1.70211	1.68083	1.65306	1.61737	1.57209	1.51599	1.44844	1.36922	1.2785	1.1774	1.06764	0.950961	0.828547	0.701003	0.569329	0.437066	0.311792	0.203488	0.12006	0.0635601	0.030085	0.0127247	0.00481644	0.00163596	0.000500373	0.000138336	3.47048e-05	7.9311e-06	1.65724e-06	3.17749e-07	5.60908e-08	9.14521e-09	1.38418e-09	2.19058e-10	2.19058e-10	
0.0234599	0.0234599	0.0602417	0.121859	0.217828	0.316753	0.405329	0.484944	0.505305	0.431803	0.252084	0.035963	-0.153237	-0.249742	-0.257592	-0.223663	-0.199265	-0.184075	-0.159303	-0.151956	-0.153285	-0.152611	-0.170586	-0.192401	-0.211172	-0.256873	-0.311837	-0.349186	-0.352056	-0.376665	-0.459489	-0.618472	-0.803333	-0.961478	-1.03006	-0.966081	-0.752159	-0.389551	0.0764061	0.614212	1.17266	1.69514	2.16134	2.52972	2.75808	2.85653	2.84059	2.70465	2.47253	2.21564	2.00566	1.87251	1.80597	1.78033	1.7732	1.77214	1.77234	1.77236	1.77199	1.7718	1.77183	1.77207	1.77229	1.77163	1.76947	1.7647	1.7557	1.74128	1.72054	1.69178	1.65303	1.60264	1.53955	1.46259	1.37108	1.26576	1.14874	1.02311	0.891927	0.756766	0.617711	0.47651	0.340358	0.221048	0.128871	0.0669693	0.0309455	0.0127247	0.0046687	0.00153413	0.000453406	0.000121052	2.93219e-05	6.47077e-06	1.3061e-06	2.42023e-07	4.13163e-08	6.53433e-09	1.08276e-09	1.08276e-09	
-0.23868	-0.23868	-0.174717	-0.061162	0.107997	0.289532	0.452135	0.586042	0.641281	0.552796	0.329134	0.0514368	-0.163504	-0.257592	-0.256068	-0.254741	-0.262325	-0.260462	-0.239211	-0.241913	-0.248413	-0.235281	-0.249308	-0.264644	-0.26809	-0.274662	-0.323747	-0.383705	-0.398827	-0.395867	-0.427117	-0.536917	-0.697046	-0.852384	-0.927118	-0.86819	-0.668215	-0.319915	0.131786	0.660172	1.22975	1.77523	2.26609	2.66267	2.91489	3.02529	3.01532	2.88252	2.64265	2.36137	2.11616	1.94732	1.85048	1.8007	1.77453	1.75914	1.7483	1.73995	1.7341	1.73133	1.73165	1.73501	1.74124	1.74935	1.75822	1.7669	1.77374	1.77595	1.77219	1.76103	1.74071	1.70906	1.66478	1.60694	1.53393	1.44447	1.33819	1.21628	1.08235	0.94172	0.79831	0.652208	0.503318	0.358169	0.230238	0.131927	0.0669693	0.030085	0.0119862	0.0042515	0.0013488	0.000384611	9.90548e-05	2.3149e-05	4.93059e-06	9.61073e-07	1.721e-07	2.8488e-08	4.95117e-09	4.95117e-09	
-0.458611	-0.458611	-0.366594	-0.206241	0.0223636	0.275896	0.50387	0.677212	0.745089	0.644712	0.390793	0.0885961	-0.126128	-0.223663	-0.254741	-0.29452	-0.309675	-0.288439	-0.287329	-0.287828	-0.283861	-0.289735	-0.286966	-0.298308	-0.319754	-0.304072	-0.31793	-0.36639	-0.400421	-0.399096	-0.401949	-0.464908	-0.587123	-0.710327	-0.778345	-0.722902	-0.542988	-0.221861	0.212166	0.730657	1.30505	1.86202	2.36018	2.76636	3.03024	3.14671	3.13862	3.00516	2.75492	2.44794	2.16626	1.95868	1.82738	1.74983	1.70314	1.67236	1.64928	1.63177	1.62047	1.61471	1.61535	1.62221	1.63444	1.65224	1.67338	1.69661	1.72118	1.74447	1.76319	1.77524	1.77834	1.77005	1.74759	1.71006	1.65663	1.58649	1.49899	1.39318	1.26863	1.12787	0.977949	0.825961	0.672807	0.516829	0.364211	0.230238	0.128871	0.0635601	0.0276369	0.0106312	0.00363568	0.00111133	0.000305292	7.57647e-05	1.70697e-05	3.5073e-06	6.60021e-07	1.14544e-07	2.09162e-08	2.09162e-08	
-0.632294	-0.632294	-0.518068	-0.321303	-0.0401578	0.270613	0.544128	0.751695	0.824965	0.71276	0.441269	0.12998	-0.0878743	-0.199265	-0.262325	-0.309675	-0.314925	-0.285975	-0.297628	-0.293491	-0.279594	-0.300764	-0.291123	-0.297584	-0.332736	-0.321779	-0.325527	-0.350357	-0.393772	-0.3893	-0.377134	-0.390605	-0.465076	-0.548647	-0.601214	-0.553669	-0.39635	-0.105165	0.314051	0.824428	1.3896	1.93901	2.43238	2.84092	3.11044	3.22607	3.21022	3.06531	2.79689	2.46147	2.14347	1.89805	1.7341	1.63094	1.56519	1.51817	1.4827	1.45654	1.43955	1.43093	1.43187	1.44219	1.46066	1.48753	1.52135	1.55981	1.60072	1.64381	1.68533	1.72283	1.75293	1.77336	1.78028	1.77057	1.74232	1.69394	1.62552	1.53796	1.43161	1.30512	1.15867	1.00008	0.839809	0.679651	0.516829	0.358169	0.221048	0.12006	0.0572124	0.0239709	0.00887221	0.00291764	0.000857603	0.000226631	5.41383e-05	1.17501e-05	2.32796e-06	4.24266e-07	8.15383e-08	8.15383e-08	
-0.762995	-0.762995	-0.632323	-0.404624	-0.084649	0.268812	0.580858	0.801081	0.876683	0.761586	0.479215	0.169225	-0.0615269	-0.184075	-0.260462	-0.288439	-0.285975	-0.276412	-0.288331	-0.282756	-0.271834	-0.289335	-0.282909	-0.282396	-0.301098	-0.316384	-0.32604	-0.346556	-0.380466	-0.372607	-0.339083	-0.31173	-0.334256	-0.37718	-0.411608	-0.379078	-0.244759	0.0306911	0.435466	0.92317	1.46656	2.00431	2.48995	2.89114	3.15189	3.25333	3.21942	3.05651	2.76794	2.406	2.05472	1.77503	1.58027	1.45155	1.36429	1.30031	1.25276	1.21819	1.19436	1.18368	1.1848	1.19801	1.2239	1.25946	1.30572	1.36069	1.42087	1.48449	1.54898	1.61131	1.66831	1.71663	1.75368	1.77546	1.7794	1.76198	1.7205	1.65417	1.56468	1.45569	1.32634	1.17414	1.00754	0.839809	0.672807	0.503318	0.340358	0.203488	0.106522	0.0487745	0.0196066	0.00695937	0.00219525	0.000619329	0.000157222	3.61153e-05	7.54616e-06	1.44653e-06	2.93071e-07	2.93071e-07	
-0.852551	-0.852551	-0.709526	-0.461073	-0.113859	0.268807	0.602938	0.83681	0.912239	0.789755	0.505748	0.191904	-0.033832	-0.159303	-0.239211	-0.287329	-0.297628	-0.288331	-0.294453	-0.291103	-0.284873	-0.296276	-0.291222	-0.295209	-0.312427	-0.308642	-0.308298	-0.327927	-0.364606	-0.349477	-0.290098	-0.218269	-0.192073	-0.203641	-0.234788	-0.209761	-0.0845381	0.175586	0.556312	1.01614	1.53991	2.06259	2.52743	2.90603	3.14703	3.22866	3.1734	2.9887	2.67584	2.28484	1.89994	1.58723	1.36205	1.20912	1.10222	1.02506	0.966254	0.923199	0.894178	0.881084	0.882536	0.898649	0.930233	0.974868	1.03217	1.10029	1.17889	1.26364	1.35311	1.44223	1.52893	1.60796	1.67632	1.72947	1.7647	1.77969	1.77122	1.73683	1.67311	1.58069	1.46728	1.33326	1.17414	1.00008	0.825961	0.652208	0.47651	0.311792	0.179167	0.0898024	0.0393055	0.0150989	0.00512408	0.00154685	0.000418141	0.000101839	2.24763e-05	4.5383e-06	9.7076e-07	9.7076e-07	
-0.902817	-0.902817	-0.752318	-0.491616	-0.129055	0.268968	0.613692	0.854435	0.93239	0.806303	0.521008	0.207668	-0.0205577	-0.151956	-0.241913	-0.287828	-0.293491	-0.282756	-0.291103	-0.287906	-0.277761	-0.292299	-0.2887	-0.288991	-0.309207	-0.310987	-0.308989	-0.316185	-0.343209	-0.309178	-0.220527	-0.106728	-0.0463144	-0.043261	-0.0723178	-0.0464534	0.074771	0.313038	0.667008	1.10757	1.60928	2.1014	2.53623	2.88907	3.10544	3.15964	3.07446	2.85939	2.51723	2.0967	1.68245	1.34191	1.09294	0.920673	0.798388	0.707769	0.63876	0.58823	0.556039	0.5398	0.541707	0.561116	0.596285	0.648994	0.71685	0.79843	0.891567	0.994294	1.10468	1.2187	1.33288	1.4433	1.54548	1.6347	1.70539	1.7543	1.77794	1.77466	1.74485	1.68243	1.58607	1.46728	1.32634	1.15867	0.977949	0.79831	0.617711	0.437066	0.274322	0.15037	0.0717299	0.0298711	0.0109266	0.00353582	0.00101943	0.000263629	6.15381e-05	1.31044e-05	2.96327e-06	2.96327e-06	
-0.914006	-0.914006	-0.762988	-0.498575	-0.132424	0.267687	0.619888	0.85992	0.932478	0.81107	0.522963	0.214937	-0.0174092	-0.153285	-0.248413	-0.283861	-0.279594	-0.271835	-0.284873	-0.277761	-0.267265	-0.286072	-0.27836	-0.278195	-0.296581	-0.314043	-0.309606	-0.306381	-0.311313	-0.25476	-0.132842	0.00969014	0.0893512	0.101355	0.0784431	0.104524	0.217517	0.438309	0.773828	1.19182	1.66001	2.12089	2.52693	2.84502	3.02448	3.04191	2.92243	2.67539	2.30464	1.85624	1.41677	1.05261	0.784249	0.594329	0.458431	0.357172	0.282049	0.226617	0.190128	0.173316	0.175129	0.195637	0.235547	0.293183	0.368076	0.460769	0.568084	0.6883	0.81795	0.955164	1.09472	1.23346	1.36602	1.48867	1.59598	1.68315	1.74549	1.77704	1.77583	1.74714	1.68243	1.58069	1.45569	1.30512	1.12787	0.94172	0.756766	0.569329	0.386496	0.230715	0.119811	0.0541061	0.0213522	0.00741477	0.00228261	0.000627427	0.000155046	3.48534e-05	8.34004e-06	8.34004e-06	
-0.888131	-0.888131	-0.738738	-0.481496	-0.125024	0.268215	0.611644	0.849568	0.924437	0.801301	0.515491	0.20246	-0.0227016	-0.152611	-0.235281	-0.289735	-0.300764	-0.289335	-0.296277	-0.292301	-0.286077	-0.29708	-0.292829	-0.296976	-0.313208	-0.304308	-0.289366	-0.283904	-0.273643	-0.185938	-0.031991	0.132495	0.213779	0.228985	0.209725	0.238961	0.341267	0.548377	0.870747	1.26095	1.69851	2.12944	2.49314	2.76842	2.90763	2.88629	2.72989	2.44736	2.04402	1.56814	1.107	0.726301	0.444493	0.245126	0.101748	-0.00398628	-0.0844937	-0.143218	-0.181137	-0.199017	-0.197141	-0.175535	-0.133921	-0.0720795	0.00826248	0.105868	0.221963	0.353445	0.499258	0.655668	0.819036	0.985348	1.14883	1.30446	1.44551	1.56838	1.66669	1.73971	1.77688	1.77583	1.74485	1.67311	1.56468	1.43161	1.26863	1.08235	0.891927	0.701003	0.507758	0.327535	0.184499	0.0902317	0.0384065	0.0143156	0.00470757	0.00137602	0.000360147	8.55104e-05	2.16659e-05	2.16659e-05	
-0.822375	-0.822375	-0.68362	-0.440501	-0.101778	0.267558	0.59341	0.825293	0.90197	0.780901	0.496066	0.18344	-0.046171	-0.170586	-0.249308	-0.286966	-0.291124	-0.282911	-0.291228	-0.288716	-0.278395	-0.292884	-0.288319	-0.287628	-0.302262	-0.301623	-0.288101	-0.266292	-0.22691	-0.101776	0.0785317	0.246632	0.325907	0.333907	0.32022	0.348536	0.444735	0.650058	0.953746	1.31689	1.72902	2.11733	2.43679	2.67213	2.76253	2.6962	2.49734	2.17863	1.74416	1.24701	0.771307	0.382731	0.0952646	-0.108587	-0.255537	-0.365146	-0.445726	-0.503809	-0.540835	-0.559546	-0.557598	-0.535238	-0.494301	-0.433053	-0.352103	-0.249443	-0.128109	0.0113518	0.167764	0.338102	0.519424	0.707172	0.896725	1.08317	1.25918	1.41882	1.55557	1.66059	1.73971	1.77704	1.77466	1.73683	1.65417	1.53796	1.39318	1.21628	1.02311	0.828547	0.630823	0.435093	0.26424	0.139509	0.0639459	0.0255641	0.00897649	0.00278971	0.000773287	0.000193945	5.20398e-05	5.20398e-05	
-0.716433	-0.716433	-0.591251	-0.374561	-0.0682097	0.269465	0.567597	0.783527	0.856928	0.743877	0.465376	0.155088	-0.0716959	-0.192401	-0.264645	-0.298309	-0.297587	-0.282407	-0.295238	-0.289068	-0.278374	-0.297322	-0.288104	-0.28757	-0.307109	-0.302792	-0.27843	-0.236355	-0.163996	-0.00664875	0.188045	0.348046	0.412794	0.42235	0.409121	0.434768	0.533188	0.73581	1.02281	1.36719	1.74654	2.09063	2.37026	2.5511	2.58935	2.4774	2.23776	1.88361	1.41933	0.903105	0.420283	0.0303627	-0.253814	-0.455504	-0.597855	-0.702346	-0.780065	-0.8356	-0.87135	-0.887246	-0.885562	-0.865692	-0.826175	-0.768122	-0.689761	-0.590958	-0.471174	-0.329026	-0.167669	0.0121089	0.207498	0.412961	0.625844	0.836342	1.0434	1.23361	1.40966	1.55557	1.66669	1.74549	1.77794	1.77122	1.7205	1.62552	1.49899	1.33819	1.14874	0.950961	0.750884	0.547132	0.355362	0.201558	0.0992001	0.0424575	0.0158998	0.00524911	0.00153996	0.000407816	0.000115839	0.000115839	
-0.568972	-0.568972	-0.462022	-0.279118	-0.01733	0.273492	0.529001	0.7225	0.795024	0.687323	0.41981	0.111999	-0.106403	-0.211172	-0.268092	-0.319759	-0.332752	-0.301146	-0.31256	-0.309543	-0.297341	-0.314724	-0.304791	-0.310083	-0.336764	-0.295239	-0.25053	-0.193413	-0.097057	0.0898915	0.28877	0.434471	0.482208	0.484294	0.470303	0.502223	0.608348	0.810685	1.08599	1.41107	1.75478	2.05702	2.28567	2.413	2.40187	2.23685	1.95764	1.56516	1.0768	0.548562	0.0695757	-0.310763	-0.58315	-0.77279	-0.907309	-1.00322	-1.07376	-1.12299	-1.15231	-1.16709	-1.16509	-1.14718	-1.11527	-1.06327	-0.99115	-0.899501	-0.785223	-0.648179	-0.489451	-0.307098	-0.106876	0.110648	0.338893	0.573722	0.805758	1.03072	1.23361	1.41882	1.56838	1.68315	1.7543	1.77969	1.76198	1.69394	1.58649	1.44447	1.26576	1.06764	0.865578	0.658465	0.453133	0.274386	0.144411	0.0659865	0.0263009	0.0092091	0.00285578	0.00079778	0.000239656	0.000239656	
-0.376815	-0.376815	-0.294726	-0.151657	0.0529958	0.278951	0.484043	0.642914	0.704998	0.605153	0.360266	0.0606026	-0.157895	-0.256874	-0.274668	-0.304096	-0.321851	-0.316592	-0.309185	-0.31228	-0.316841	-0.309752	-0.310943	-0.316094	-0.308532	-0.265633	-0.226664	-0.167673	-0.0247004	0.182293	0.381139	0.492614	0.528878	0.522339	0.509719	0.555707	0.674386	0.880946	1.14754	1.45129	1.75875	2.01582	2.1931	2.26708	2.19366	1.98251	1.66409	1.23966	0.730354	0.198996	-0.269227	-0.628995	-0.882681	-1.05338	-1.17058	-1.25189	-1.30697	-1.34636	-1.37119	-1.38064	-1.37945	-1.3674	-1.34027	-1.29846	-1.24156	-1.16424	-1.06267	-0.937536	-0.786197	-0.608452	-0.408502	-0.184409	0.0523298	0.303852	0.554906	0.805758	1.0434	1.25918	1.44551	1.59598	1.70539	1.7647	1.7794	1.74232	1.65663	1.53393	1.37108	1.1774	0.973975	0.765628	0.552879	0.354861	0.19872	0.0965913	0.0408629	0.0151413	0.00495391	0.00145767	0.000462393	0.000462393	
-0.138885	-0.138885	-0.0861022	0.00682152	0.147716	0.296671	0.43007	0.539887	0.579808	0.494853	0.278706	0.0147179	-0.20685	-0.311845	-0.323778	-0.318031	-0.325824	-0.326842	-0.310271	-0.313413	-0.31864	-0.306109	-0.315987	-0.319204	-0.299972	-0.268285	-0.228154	-0.131854	0.0583405	0.278589	0.448268	0.526761	0.54262	0.531379	0.538555	0.603892	0.741167	0.953058	1.2102	1.49274	1.76362	1.9718	2.09416	2.10913	1.97923	1.72223	1.36287	0.91104	0.385089	-0.136443	-0.582147	-0.910569	-1.13402	-1.27901	-1.37254	-1.43515	-1.47573	-1.49931	-1.5121	-1.51927	-1.51849	-1.51028	-1.49582	-1.46948	-1.42821	-1.36772	-1.28605	-1.1802	-1.04415	-0.881722	-0.687552	-0.469561	-0.2258	0.0328148	0.303852	0.573722	0.836342	1.08317	1.30446	1.48867	1.6347	1.72947	1.77546	1.77057	1.71006	1.60694	1.46259	1.2785	1.07559	0.866729	0.650773	0.439388	0.260325	0.134032	0.0599815	0.0234546	0.00807725	0.0024984	0.000835138	0.000835138	
0.140237	0.140237	0.165123	0.204242	0.26713	0.328214	0.376742	0.425897	0.422661	0.334937	0.160889	-0.0461	-0.234705	-0.349225	-0.383836	-0.366787	-0.351461	-0.349342	-0.334329	-0.329592	-0.331987	-0.328497	-0.336836	-0.336578	-0.317942	-0.295041	-0.221397	-0.0664479	0.15239	0.350704	0.476255	0.52091	0.532896	0.531272	0.560886	0.65654	0.814932	1.03193	1.28251	1.541	1.76985	1.92522	1.99342	1.94765	1.75705	1.45582	1.06448	0.587251	0.0574019	-0.447887	-0.857557	-1.14801	-1.33287	-1.44558	-1.50935	-1.54417	-1.56125	-1.56947	-1.57259	-1.57234	-1.57273	-1.57258	-1.5682	-1.55943	-1.54142	-1.50717	-1.45287	-1.37038	-1.2594	-1.11477	-0.937012	-0.726886	-0.488227	-0.2258	0.0523298	0.338893	0.625844	0.896725	1.14883	1.36602	1.54548	1.67632	1.75368	1.78028	1.74759	1.66478	1.53955	1.36922	1.16981	0.960909	0.744131	0.524533	0.326823	0.177401	0.0836628	0.0344131	0.0124393	0.0040349	0.00141762	0.00141762	
0.462783	0.462783	0.452212	0.4357	0.415169	0.382682	0.336804	0.300766	0.23845	0.133823	-0.00744488	-0.143604	-0.267031	-0.352214	-0.399324	-0.40184	-0.397447	-0.389103	-0.383043	-0.379029	-0.374818	-0.376619	-0.379627	-0.370043	-0.346275	-0.286796	-0.166715	0.0202042	0.223124	0.37675	0.455341	0.485718	0.50104	0.52684	0.597605	0.72472	0.903585	1.12835	1.36705	1.59588	1.78021	1.88108	1.89092	1.77917	1.53498	1.19324	0.768868	0.273812	-0.251817	-0.725077	-1.08853	-1.32917	-1.46943	-1.54201	-1.57277	-1.57912	-1.57286	-1.55982	-1.54763	-1.54347	-1.54414	-1.54974	-1.56252	-1.57494	-1.58082	-1.57504	-1.55055	-1.50117	-1.41981	-1.30366	-1.14808	-0.956765	-0.726886	-0.469561	-0.184409	0.110648	0.412961	0.707172	0.985348	1.23346	1.4433	1.60796	1.71663	1.77336	1.77005	1.70906	1.60264	1.44844	1.25585	1.04777	0.831317	0.60743	0.395596	0.225264	0.111493	0.0480708	0.0181817	0.0061675	0.0022708	0.0022708	
0.819524	0.819524	0.772402	0.701767	0.594088	0.459043	0.315754	0.188602	0.0490972	-0.101616	-0.224281	-0.305654	-0.347402	-0.377246	-0.397576	-0.40364	-0.400225	-0.396364	-0.396291	-0.393035	-0.391924	-0.391773	-0.386016	-0.367327	-0.326942	-0.248199	-0.106189	0.0693343	0.232796	0.33621	0.394647	0.429753	0.479277	0.542227	0.65389	0.817104	1.01726	1.2438	1.46547	1.66173	1.79512	1.83765	1.78635	1.60854	1.31117	0.931949	0.483901	-0.0238256	-0.530865	-0.962955	-1.26928	-1.45515	-1.54469	-1.574	-1.56533	-1.53732	-1.50324	-1.47316	-1.45076	-1.43833	-1.44005	-1.45453	-1.47831	-1.51059	-1.54498	-1.57293	-1.58604	-1.57196	-1.52818	-1.44343	-1.3183	-1.14808	-0.937012	-0.687552	-0.408502	-0.106876	0.207498	0.519424	0.819036	1.09472	1.33288	1.52893	1.66831	1.75293	1.77834	1.74071	1.65303	1.51599	1.33307	1.1271	0.911457	0.685933	0.464155	0.275868	0.142679	0.0642393	0.0253381	0.00896104	0.00344624	0.00344624	
1.19862	1.19862	1.11779	0.993122	0.801292	0.567849	0.329275	0.0939304	-0.131515	-0.335176	-0.465563	-0.511643	-0.496546	-0.461419	-0.432392	-0.41494	-0.40595	-0.396704	-0.394264	-0.39164	-0.390034	-0.388401	-0.379584	-0.35893	-0.314431	-0.225048	-0.0963799	0.0479669	0.169762	0.253424	0.314562	0.384558	0.472595	0.586366	0.751034	0.942483	1.15903	1.3824	1.5808	1.73662	1.81298	1.79471	1.67716	1.43421	1.0908	0.677944	0.206179	-0.30185	-0.778925	-1.15433	-1.39694	-1.5208	-1.5583	-1.54092	-1.49548	-1.43628	-1.37753	-1.32773	-1.2932	-1.27953	-1.28092	-1.29834	-1.33695	-1.38905	-1.44886	-1.50898	-1.55671	-1.58445	-1.57956	-1.53446	-1.44343	-1.30366	-1.11477	-0.881722	-0.608452	-0.307098	0.0121089	0.338102	0.655668	0.955164	1.2187	1.44223	1.61131	1.72283	1.77524	1.76103	1.69178	1.57209	1.40106	1.19877	0.984193	0.758597	0.530354	0.327353	0.176145	0.0824925	0.0338116	0.0124262	0.00497406	0.00497406	
1.58483	1.58483	1.47874	1.3001	1.03052	0.703697	0.375648	0.0449597	-0.274717	-0.541026	-0.694293	-0.737497	-0.694305	-0.624224	-0.551459	-0.497885	-0.457667	-0.434281	-0.420498	-0.410484	-0.410011	-0.407	-0.404278	-0.391295	-0.352299	-0.28285	-0.172213	-0.0515183	0.0600125	0.150594	0.249891	0.369816	0.515903	0.684389	0.886282	1.10673	1.33526	1.54253	1.71042	1.81713	1.82992	1.74836	1.56215	1.25566	0.869161	0.428097	-0.0584411	-0.55744	-0.989848	-1.30111	-1.47369	-1.53556	-1.51861	-1.45651	-1.37195	-1.28484	-1.20886	-1.15301	-1.11705	-1.09891	-1.10101	-1.12275	-1.16265	-1.22309	-1.3019	-1.39126	-1.47782	-1.54527	-1.58445	-1.57956	-1.52818	-1.41981	-1.2594	-1.04415	-0.786197	-0.489451	-0.167669	0.167764	0.499258	0.81795	1.10468	1.35311	1.54898	1.68533	1.76319	1.77219	1.72054	1.61737	1.45958	1.26266	1.04946	0.82457	0.592497	0.37794	0.210647	0.102204	0.0433715	0.016507	0.00685196	0.00685196	
1.9611	1.9611	1.83799	1.60631	1.27143	0.874197	0.462037	0.0329947	-0.364221	-0.683274	-0.868682	-0.927145	-0.89514	-0.81867	-0.732704	-0.661105	-0.602178	-0.562147	-0.534676	-0.518085	-0.51497	-0.517056	-0.516528	-0.5138	-0.483086	-0.412027	-0.306899	-0.177291	-0.0525126	0.0825403	0.231222	0.415344	0.612425	0.831782	1.07658	1.31483	1.53686	1.72091	1.84992	1.89595	1.84294	1.69453	1.43562	1.07252	0.649755	0.181822	-0.313636	-0.786914	-1.16279	-1.40029	-1.50342	-1.50311	-1.43749	-1.33463	-1.22344	-1.11858	-1.0355	-0.980116	-0.947709	-0.935392	-0.936498	-0.95247	-0.989702	-1.04978	-1.13818	-1.24705	-1.36004	-1.46681	-1.54527	-1.58445	-1.57196	-1.50117	-1.37038	-1.1802	-0.937536	-0.648179	-0.329026	0.0113518	0.353445	0.6883	0.994294	1.26364	1.48449	1.64381	1.74447	1.77595	1.74128	1.65306	1.50871	1.3186	1.10728	0.883429	0.649352	0.426054	0.244894	0.122605	0.0536669	0.0210767	0.00903777	0.00903777	
2.30796	2.30796	2.17362	1.89738	1.51333	1.06023	0.582668	0.0842852	-0.385108	-0.740264	-0.962649	-1.04817	-1.05087	-0.997939	-0.929863	-0.856562	-0.794555	-0.748612	-0.714767	-0.696397	-0.689083	-0.689995	-0.697315	-0.689339	-0.654608	-0.572753	-0.449375	-0.289351	-0.119897	0.0685178	0.282419	0.529313	0.779485	1.05057	1.31032	1.55444	1.76277	1.9133	1.98941	1.96726	1.84641	1.62655	1.29584	0.881685	0.428237	-0.0606238	-0.554084	-0.989205	-1.29681	-1.46016	-1.49406	-1.43874	-1.32802	-1.19462	-1.06642	-0.963141	-0.895834	-0.859517	-0.83811	-0.825345	-0.826749	-0.841538	-0.865224	-0.90672	-0.981055	-1.0912	-1.22367	-1.36004	-1.47782	-1.55671	-1.58604	-1.55055	-1.45287	-1.28605	-1.06267	-0.785223	-0.471174	-0.128109	0.221963	0.568084	0.891567	1.17889	1.42087	1.60072	1.72118	1.77374	1.7557	1.68083	1.54901	1.3665	1.15764	0.934991	0.70009	0.470391	0.277649	0.142854	0.0642548	0.025944	0.0114473	0.0114473	
2.60345	2.60345	2.46127	2.15387	1.74369	1.26346	0.721832	0.177693	-0.320365	-0.697816	-0.941542	-1.06827	-1.11374	-1.10714	-1.07605	-1.03312	-0.989957	-0.948668	-0.92164	-0.905258	-0.896217	-0.897456	-0.897078	-0.876177	-0.819577	-0.707818	-0.536794	-0.331754	-0.102745	0.144174	0.426866	0.721238	1.02051	1.31122	1.58686	1.82832	1.99982	2.10625	2.11782	2.02452	1.83355	1.53683	1.13983	0.68615	0.202857	-0.302237	-0.778005	-1.15882	-1.39321	-1.48307	-1.45776	-1.35338	-1.21278	-1.06104	-0.936217	-0.851276	-0.806939	-0.795935	-0.787909	-0.774837	-0.776463	-0.79026	-0.797207	-0.812169	-0.865024	-0.958416	-1.0912	-1.24705	-1.39126	-1.50898	-1.57293	-1.57504	-1.50717	-1.36772	-1.16424	-0.899501	-0.590958	-0.249443	0.105868	0.460769	0.79843	1.10029	1.36069	1.55981	1.69661	1.7669	1.7647	1.70211	1.58147	1.40654	1.20054	0.979186	0.744179	0.509934	0.307799	0.162103	0.0746375	0.0308664	0.0139586	0.0139586	
2.8272	2.8272	2.67623	2.36389	1.93915	1.45	0.890182	0.320422	-0.17531	-0.556953	-0.813656	-0.975516	-1.06589	-1.11099	-1.12198	-1.11666	-1.10303	-1.08532	-1.07001	-1.05929	-1.05513	-1.04925	-1.03463	-0.993258	-0.902976	-0.748667	-0.531817	-0.272874	0.0102584	0.316637	0.648945	0.988305	1.3178	1.62454	1.90169	2.10299	2.2365	2.29049	2.22513	2.06052	1.79371	1.42142	0.968194	0.482051	-0.0273388	-0.538079	-0.981642	-1.29587	-1.4572	-1.48029	-1.40513	-1.26367	-1.10386	-0.952948	-0.848504	-0.800819	-0.787864	-0.784163	-0.773587	-0.758688	-0.760561	-0.776354	-0.785248	-0.789049	-0.806493	-0.865024	-0.981055	-1.13818	-1.3019	-1.44886	-1.54498	-1.58082	-1.54142	-1.42821	-1.24156	-0.99115	-0.689761	-0.352103	0.00826248	0.368076	0.71685	1.03217	1.30572	1.52135	1.67338	1.75822	1.76947	1.71782	1.607	1.43912	1.23608	1.01601	0.781292	0.543915	0.334396	0.179552	0.0843029	0.0355717	0.0164214	0.0164214	
2.96237	2.96237	2.7962	2.50575	2.09949	1.59844	1.04871	0.507946	0.0462513	-0.314198	-0.579007	-0.769114	-0.902517	-0.995182	-1.05449	-1.09101	-1.10812	-1.11788	-1.11943	-1.11744	-1.1143	-1.10165	-1.07215	-1.0057	-0.881031	-0.683606	-0.416192	-0.105193	0.227613	0.582952	0.955286	1.32468	1.66213	1.9662	2.21135	2.37719	2.4682	2.44174	2.30031	2.0672	1.71995	1.2793	0.785126	0.268633	-0.264818	-0.760147	-1.15643	-1.39785	-1.49456	-1.46151	-1.34993	-1.18424	-1.01771	-0.88277	-0.802221	-0.789445	-0.79136	-0.780996	-0.764152	-0.74678	-0.749143	-0.768248	-0.783837	-0.791694	-0.789049	-0.812169	-0.90672	-1.04978	-1.22309	-1.38905	-1.51059	-1.57494	-1.55943	-1.46948	-1.29846	-1.06327	-0.768122	-0.433053	-0.0720795	0.293183	0.648994	0.974868	1.25946	1.48753	1.65224	1.74935	1.77163	1.72899	1.62635	1.46463	1.26439	1.0455	0.811241	0.57178	0.356669	0.194494	0.0927625	0.0397816	0.0186719	0.0186719	
2.98615	2.98615	2.82445	2.55625	2.18801	1.71503	1.20108	0.721017	0.316464	-0.0059756	-0.262032	-0.46583	-0.628786	-0.75619	-0.852978	-0.92545	-0.976949	-1.01059	-1.03163	-1.04169	-1.03766	-1.02088	-0.97362	-0.882867	-0.724054	-0.484936	-0.176146	0.171904	0.541422	0.92584	1.31924	1.69265	2.02401	2.30819	2.5188	2.63939	2.65372	2.54931	2.34542	2.0328	1.6069	1.11652	0.589973	0.0435266	-0.499668	-0.96212	-1.29563	-1.47	-1.51087	-1.4386	-1.29969	-1.12479	-0.959675	-0.847299	-0.790732	-0.78677	-0.779782	-0.742278	-0.719014	-0.722906	-0.721275	-0.720777	-0.750961	-0.783837	-0.785248	-0.797207	-0.865224	-0.989702	-1.16265	-1.33695	-1.47831	-1.56252	-1.5682	-1.49582	-1.34027	-1.11527	-0.826175	-0.494301	-0.133921	0.235547	0.596285	0.930233	1.2239	1.46066	1.63444	1.74124	1.77229	1.73662	1.64027	1.48348	1.2856	1.06772	0.833929	0.593141	0.374023	0.206339	0.0995851	0.043236	0.0205495	0.0205495	
2.88065	2.88065	2.7613	2.52201	2.17922	1.76757	1.34242	0.955401	0.624018	0.344123	0.104498	-0.101645	-0.278701	-0.428226	-0.549866	-0.644225	-0.718195	-0.770578	-0.80509	-0.823513	-0.822563	-0.79976	-0.741359	-0.63155	-0.44787	-0.181973	0.151294	0.525068	0.914802	1.31278	1.71068	2.07643	2.38879	2.63554	2.7936	2.84453	2.78713	2.62089	2.34176	1.9466	1.46398	0.939494	0.38061	-0.189448	-0.715572	-1.12923	-1.39703	-1.51723	-1.51603	-1.41954	-1.26221	-1.08618	-0.923995	-0.827936	-0.78441	-0.77631	-0.761702	-0.709861	-0.685741	-0.705615	-0.701351	-0.685163	-0.720777	-0.768248	-0.776354	-0.79026	-0.841538	-0.95247	-1.12275	-1.29834	-1.45453	-1.54974	-1.57258	-1.51028	-1.3674	-1.14718	-0.865692	-0.535238	-0.175536	0.195637	0.561115	0.898648	1.19801	1.44219	1.62221	1.73501	1.77207	1.74136	1.64936	1.49602	1.29988	1.08272	0.84931	0.607744	0.386023	0.214633	0.104422	0.0457161	0.0219138	0.0219138	
2.66471	2.66471	2.58219	2.38779	2.09478	1.76424	1.44934	1.17125	0.92616	0.702731	0.494141	0.300317	0.124642	-0.0315704	-0.166975	-0.27762	-0.364823	-0.430681	-0.474786	-0.49793	-0.499599	-0.4719	-0.406549	-0.283155	-0.0842664	0.197474	0.547241	0.933286	1.32664	1.7218	2.1052	2.44367	2.71411	2.90769	3.00564	2.99398	2.87482	2.63454	2.27383	1.81966	1.30424	0.746583	0.15636	-0.411546	-0.897973	-1.25067	-1.46432	-1.54459	-1.51969	-1.4082	-1.24483	-1.06525	-0.909196	-0.812987	-0.771489	-0.758836	-0.744757	-0.715328	-0.700982	-0.709936	-0.708034	-0.701351	-0.721275	-0.749143	-0.760561	-0.776463	-0.826749	-0.936498	-1.10101	-1.28092	-1.44005	-1.54415	-1.57273	-1.51849	-1.37945	-1.16509	-0.885564	-0.557601	-0.197145	0.175126	0.541704	0.882532	1.18479	1.43187	1.61535	1.73164	1.77183	1.74368	1.654	1.50252	1.30732	1.09057	0.857368	0.615432	0.392385	0.219064	0.107027	0.047062	0.0226597	0.0226597	
2.36706	2.36706	2.28792	2.13619	1.93611	1.72502	1.52871	1.3507	1.18312	1.01804	0.85258	0.688668	0.532242	0.388568	0.259638	0.14804	0.0575237	-0.0123681	-0.060736	-0.0863026	-0.0879181	-0.0589859	0.0102653	0.137942	0.340532	0.62459	0.973181	1.3502	1.72891	2.10182	2.4532	2.75112	2.9742	3.11623	3.15683	3.08043	2.88716	2.57247	2.15866	1.67243	1.12506	0.535075	-0.0626818	-0.598554	-1.02957	-1.32716	-1.50175	-1.55974	-1.52442	-1.40839	-1.24386	-1.0633	-0.908229	-0.811213	-0.769786	-0.756883	-0.742892	-0.717874	-0.705081	-0.711348	-0.709936	-0.705615	-0.722906	-0.74678	-0.758688	-0.774837	-0.825345	-0.935392	-1.09891	-1.27953	-1.43833	-1.54347	-1.57234	-1.51928	-1.38065	-1.1671	-0.88726	-0.559563	-0.199036	0.173296	0.539781	0.881067	1.18366	1.43091	1.6147	1.73132	1.77179	1.74388	1.65443	1.50312	1.308	1.09128	0.858097	0.61613	0.392966	0.21947	0.107266	0.0471863	0.0227289	0.0227289	
1.98465	1.98465	1.9153	1.81297	1.71418	1.63113	1.55616	1.47606	1.38239	1.27378	1.15356	1.02655	0.898644	0.77667	0.66542	0.567026	0.484555	0.420191	0.374907	0.350453	0.349507	0.376973	0.443974	0.566174	0.760824	1.03358	1.36649	1.724	2.07895	2.42066	2.73444	2.98889	3.16171	3.24529	3.21976	3.07456	2.81993	2.46105	2.01702	1.50125	0.922396	0.323001	-0.245084	-0.729061	-1.10412	-1.3633	-1.51602	-1.56813	-1.533	-1.422	-1.25878	-1.08122	-0.919605	-0.824841	-0.782142	-0.773247	-0.757858	-0.708585	-0.686342	-0.705081	-0.700982	-0.685741	-0.719014	-0.764152	-0.773587	-0.78791	-0.838111	-0.947711	-1.11705	-1.2932	-1.45077	-1.54764	-1.57261	-1.51214	-1.37124	-1.15237	-0.87142	-0.540916	-0.181225	0.190036	0.555949	0.894094	1.19428	1.43949	1.62042	1.73406	1.77196	1.74199	1.65067	1.49782	1.30192	1.08486	0.851498	0.609832	0.387751	0.215836	0.105129	0.046081	0.0221158	0.0221158	
1.52011	1.52011	1.49878	1.47662	1.47251	1.48654	1.5037	1.50715	1.48701	1.44178	1.37559	1.29459	1.20482	1.11262	1.02432	0.944292	0.875465	0.820721	0.781895	0.760721	0.760135	0.785083	0.845945	0.95805	1.13842	1.39267	1.70338	2.03505	2.35743	2.65877	2.92601	3.12803	3.24255	3.26543	3.18351	2.99134	2.70214	2.31689	1.84408	1.30098	0.718115	0.148979	-0.366089	-0.792578	-1.12797	-1.36451	-1.5146	-1.57132	-1.54844	-1.44718	-1.29461	-1.11656	-0.950757	-0.842706	-0.7898	-0.785309	-0.776327	-0.732522	-0.708585	-0.717874	-0.715328	-0.709861	-0.742278	-0.780996	-0.784163	-0.795937	-0.85952	-0.980124	-1.15303	-1.32776	-1.47321	-1.55989	-1.56958	-1.49946	-1.34656	-1.12325	-0.83591	-0.504163	-0.143601	0.22622	0.587839	0.922831	1.21786	1.45626	1.63155	1.73977	1.77223	1.73777	1.6425	1.48652	1.28902	1.07128	0.837575	0.596599	0.376859	0.208295	0.100723	0.0438178	0.0208686	0.0208686	
