1.31758e-07	1.31758e-07	8.90715e-07	5.85592e-06	3.34604e-05	0.000164807	0.000695424	0.00250189	0.00765619	0.0199595	0.0446277	0.0866396	0.148474	0.228662	0.321829	0.419855	0.513536	0.594224	0.654943	0.690917	0.699418	0.679772	0.63348	0.564085	0.477254	0.380738	0.283563	0.194723	0.121424	0.0675655	0.0329696	0.0139	0.00501099	0.0015368	0.000400806	8.91746e-05	1.70163e-05	2.80302e-06	4.01358e-07	5.03005e-08	5.55421e-09	5.43727e-10	4.74629e-11	3.71408e-12	2.61812e-13	1.66999e-14	9.68134e-16	5.29371e-17	1.17918e-17	4.2378e-17	1.66066e-16	5.63829e-16	1.65015e-15	4.15365e-15	8.99806e-15	1.6887e-14	2.77991e-14	4.05636e-14	5.24091e-14	5.93798e-14	5.85573e-14	5.0302e-14	3.79594e-14	2.53853e-14	1.50235e-14	7.77287e-15	3.47416e-15	1.33466e-15	4.40848e-16	1.25549e-16	3.09332e-17	6.61551e-18	1.23189e-18	2.00344e-19	2.85478e-20	3.57682e-21	3.95576e-22	3.87755e-23	3.38318e-24	2.63868e-25	1.84741e-26	1.16578e-27	6.65604e-29	3.45104e-30	1.63043e-31	7.04141e-33	2.78813e-34	1.01499e-35	3.40578e-37	1.05588e-38	3.03114e-40	8.07386e-42	1.99923e-43	4.61009e-45	9.91582e-47	1.99239e-48	3.74501e-50	6.59369e-52	1.10559e-53	1.10559e-53	
1.31758e-07	1.31758e-07	8.90715e-07	5.85592e-06	3.34604e-05	0.000164807	0.000695424	0.00250189	0.00765619	0.0199595	0.0446277	0.0866396	0.148474	0.228662	0.321829	0.419855	0.513536	0.594224	0.654943	0.690917	0.699418	0.679772	0.63348	0.564085	0.477254	0.380738	0.283563	0.194723	0.121424	0.0675655	0.0329696	0.0139	0.00501099	0.0015368	0.000400806	8.91746e-05	1.70163e-05	2.80302e-06	4.01358e-07	5.03005e-08	5.55421e-09	5.43727e-10	4.74629e-11	3.71408e-12	2.61812e-13	1.66999e-14	9.68134e-16	5.29371e-17	1.17918e-17	4.2378e-17	1.66066e-16	5.63829e-16	1.65015e-15	4.15365e-15	8.99806e-15	1.6887e-14	2.77991e-14	4.05636e-14	5.24091e-14	5.93798e-14	5.85573e-14	5.0302e-14	3.79594e-14	2.53853e-14	1.50235e-14	7.77287e-15	3.47416e-15	1.33466e-15	4.40848e-16	1.25549e-16	3.09332e-17	6.61551e-18	1.23189e-18	2.00344e-19	2.85478e-20	3.57682e-21	3.95576e-22	3.87755e-23	3.38318e-24	2.63868e-25	1.84741e-26	1.16578e-27	6.65604e-29	3.45104e-30	1.63043e-31	7.04141e-33	2.78813e-34	1.01499e-35	3.40578e-37	1.05588e-38	3.03114e-40	8.07386e-42	1.99923e-43	4.61009e-45	9.91582e-47	1.99239e-48	3.74501e-50	6.59369e-52	1.10559e-53	1.10559e-53	
8.90715e-07	8.90715e-07	5.52016e-06	3.33034e-05	0.00017347	0.000772838	0.00292522	0.00936119	0.0252938	0.0579439	0.113811	0.195147	0.298512	0.416087	0.538077	0.654795	0.758164	0.842305	0.903388	0.938878	0.94721	0.92797	0.882032	0.811363	0.718964	0.609419	0.489518	0.368069	0.255063	0.159748	0.0884848	0.0424755	0.0173996	0.00602927	0.00176322	0.000436279	9.18447e-05	1.65678e-05	2.58067e-06	3.4977e-07	4.15524e-08	4.35662e-09	4.05685e-10	3.37465e-11	2.52096e-12	1.69941e-13	1.039e-14	6.17016e-16	2.27942e-16	8.64246e-16	3.25107e-15	1.06072e-14	2.99191e-14	7.28765e-14	1.53549e-13	2.8175e-13	4.55227e-13	6.53381e-13	8.32991e-13	9.36983e-13	9.24762e-13	8.01301e-13	6.13361e-13	4.17224e-13	2.51749e-13	1.33371e-13	6.13723e-14	2.43941e-14	8.36864e-15	2.48204e-15	6.38022e-16	1.4252e-16	2.77364e-17	4.71525e-18	7.02274e-19	9.1936e-20	1.0618e-20	1.08622e-21	9.88357e-23	8.03295e-24	5.85621e-25	3.84503e-26	2.28251e-27	1.22956e-28	6.03129e-30	2.70272e-31	1.10977e-32	4.18713e-34	1.45542e-35	4.67193e-37	1.38808e-38	3.8251e-40	9.7954e-42	2.33522e-43	5.19137e-45	1.07783e-46	2.09294e-48	3.80605e-50	6.59369e-52	6.59369e-52	
5.85592e-06	5.85592e-06	3.33034e-05	0.000184552	0.000876894	0.0035345	0.0119964	0.0341202	0.081321	0.163645	0.282759	0.429853	0.590307	0.749542	0.896236	1.02319	1.12723	1.20741	1.26385	1.29571	1.30297	1.28594	1.24425	1.17826	1.08853	0.975082	0.839695	0.686873	0.525587	0.368655	0.23115	0.126251	0.0587956	0.0230372	0.00755758	0.00207947	0.000482675	9.5255e-05	1.612e-05	2.35934e-06	3.01084e-07	3.37544e-08	3.34749e-09	2.95521e-10	2.33571e-11	1.66138e-12	1.07001e-13	7.08566e-15	4.37993e-15	1.68579e-14	6.08644e-14	1.90885e-13	5.19113e-13	1.22409e-12	2.50933e-12	4.5027e-12	7.14203e-12	1.00895e-11	1.27035e-11	1.41941e-11	1.40196e-11	1.22458e-11	9.49982e-12	6.56923e-12	4.04053e-12	2.19138e-12	1.03778e-12	4.266e-13	1.51943e-13	4.6918e-14	1.25806e-14	2.93493e-15	5.96924e-16	1.06079e-16	1.65139e-17	2.25892e-18	2.7246e-19	2.90892e-20	2.76036e-21	2.33789e-22	1.77467e-23	1.2123e-24	7.48173e-26	4.18695e-27	2.13215e-28	9.91249e-30	4.22007e-31	1.64993e-32	5.93973e-34	1.97376e-35	6.06785e-37	1.72946e-38	4.57906e-40	1.12829e-41	2.5917e-43	5.55834e-45	1.11465e-46	2.09294e-48	3.74501e-50	3.74501e-50	
3.34604e-05	3.34604e-05	0.00017347	0.000876894	0.00377014	0.0136172	0.0409855	0.102352	0.21266	0.372705	0.565402	0.766969	0.958547	1.12906	1.27348	1.39119	1.48404	1.55372	1.60114	1.62662	1.63204	1.61871	1.58469	1.52848	1.44972	1.34713	1.21883	1.06376	0.883836	0.686647	0.485951	0.303487	0.162294	0.0727629	0.027091	0.00837549	0.00216257	0.000470383	8.70238e-05	1.38261e-05	1.90365e-06	2.29055e-07	2.42697e-08	2.28013e-09	1.91127e-10	1.43748e-11	9.78034e-13	7.64054e-14	7.88169e-14	3.00426e-13	1.03918e-12	3.12837e-12	8.19228e-12	1.86809e-11	3.72229e-11	6.52589e-11	1.01552e-10	1.41179e-10	1.75587e-10	1.94917e-10	1.92663e-10	1.69607e-10	1.33324e-10	9.37496e-11	5.88215e-11	3.2688e-11	1.59469e-11	6.78702e-12	2.51296e-12	8.09067e-13	2.26657e-13	5.53155e-14	1.17775e-14	2.19155e-15	3.57198e-16	5.11358e-17	6.45104e-18	7.19845e-19	7.13332e-20	6.30361e-21	4.98812e-22	3.54899e-23	2.27929e-24	1.32632e-25	7.01756e-27	3.38731e-28	1.49624e-29	6.06572e-31	2.26291e-32	7.78827e-34	2.47865e-35	7.31014e-37	2.00191e-38	5.10014e-40	1.21084e-41	2.68323e-43	5.55834e-45	1.07783e-46	1.99239e-48	1.99239e-48	
0.000164807	0.000164807	0.000772838	0.0035345	0.0136172	0.043561	0.114716	0.248024	0.444116	0.675528	0.908029	1.12203	1.30999	1.46928	1.59898	1.70129	1.77775	1.83131	1.86316	1.87997	1.88396	1.87466	1.85233	1.81256	1.7499	1.66363	1.55027	1.40908	1.23792	1.039	0.816438	0.580859	0.359236	0.186639	0.0799527	0.0281243	0.00816475	0.00197481	0.000402337	6.9808e-05	1.04221e-05	1.35156e-06	1.53546e-07	1.53982e-08	1.37245e-09	1.09396e-10	7.89764e-12	8.01762e-13	1.3122e-12	4.87109e-12	1.61123e-11	4.64849e-11	1.17055e-10	2.57807e-10	4.98777e-10	8.53543e-10	1.30214e-09	1.78104e-09	2.18846e-09	2.41409e-09	2.38787e-09	2.11816e-09	1.68697e-09	1.20662e-09	7.72909e-10	4.40542e-10	2.2164e-10	9.77867e-11	3.76928e-11	1.26737e-11	3.71603e-12	9.50487e-13	2.12256e-13	4.14351e-14	7.08382e-15	1.06322e-15	1.40529e-16	1.64152e-17	1.70123e-18	1.57073e-19	1.29735e-20	9.62521e-22	6.43993e-23	3.90045e-24	2.14619e-25	1.07647e-26	4.93731e-28	2.07688e-29	8.03441e-31	2.86568e-32	9.44632e-34	2.88414e-35	8.17291e-37	2.15364e-38	5.28653e-40	1.21084e-41	2.5917e-43	5.19137e-45	9.91582e-47	9.91582e-47	
0.000695424	0.000695424	0.00292522	0.0119964	0.0409855	0.114716	0.2609	0.483253	0.745089	1.00067	1.23327	1.44056	1.61688	1.75698	1.85955	1.92912	1.96954	1.99013	1.99737	2.00149	2.0037	2.0003	1.99519	1.98368	1.95611	1.90506	1.82277	1.70533	1.55072	1.36065	1.14308	0.90087	0.638422	0.386439	0.192702	0.0780971	0.0257792	0.00699906	0.00158249	0.000301759	4.91064e-05	6.89333e-06	8.42725e-07	9.04885e-08	8.59847e-09	7.28081e-10	5.6227e-11	8.54302e-12	2.00084e-11	7.15348e-11	2.2581e-10	6.23246e-10	1.50679e-09	3.201e-09	6.00579e-09	1.0021e-08	1.49755e-08	2.01469e-08	2.44607e-08	2.68173e-08	2.65444e-08	2.37214e-08	1.914e-08	1.39307e-08	9.11807e-09	5.33641e-09	2.77212e-09	1.26962e-09	5.10292e-10	1.79512e-10	5.51972e-11	1.48277e-11	3.48029e-12	7.14257e-13	1.28349e-13	2.02371e-14	2.80768e-15	3.4393e-16	3.73397e-17	3.60755e-18	3.11452e-19	2.41265e-20	1.68368e-21	1.06256e-22	6.08633e-24	3.17508e-25	1.51338e-26	6.61059e-28	2.65365e-29	9.81508e-31	3.35305e-32	1.06038e-33	3.1108e-35	8.48229e-37	2.15364e-38	5.10014e-40	1.12829e-41	2.33522e-43	4.61009e-45	4.61009e-45	
0.00250189	0.00250189	0.00936119	0.0341202	0.102352	0.248024	0.483253	0.768596	1.04539	1.29795	1.52941	1.72139	1.86305	1.95203	1.99769	2.00846	1.99798	1.9757	1.95612	1.93974	1.93522	1.94547	1.96341	1.98439	2.00428	2.00683	1.98459	1.9218	1.81314	1.65057	1.44011	1.19985	0.937874	0.652019	0.379473	0.178809	0.0677879	0.0208456	0.00527021	0.00111133	0.000198135	3.02336e-05	3.9914e-06	4.60245e-07	4.67424e-08	4.21484e-09	3.54436e-10	9.44638e-11	2.77028e-10	9.46758e-10	2.84574e-09	7.49925e-09	1.73768e-08	3.5553e-08	6.46023e-08	1.04976e-07	1.53538e-07	2.03094e-07	2.4366e-07	2.6554e-07	2.63014e-07	2.36753e-07	1.93527e-07	1.43398e-07	9.59982e-08	5.77606e-08	3.10234e-08	1.47723e-08	6.20206e-09	2.28727e-09	7.39171e-10	2.09026e-10	5.169e-11	1.11791e-11	2.11636e-12	3.5133e-13	5.12731e-14	6.59953e-15	7.51964e-16	7.61519e-17	6.88276e-18	5.57494e-19	4.06323e-20	2.67514e-21	1.59689e-22	8.67315e-24	4.30005e-25	1.95209e-26	8.1376e-28	3.12337e-29	1.10651e-30	3.62659e-32	1.102e-33	3.1108e-35	8.17291e-37	2.00191e-38	4.57906e-40	9.7954e-42	1.99923e-43	1.99923e-43	
0.00765619	0.00765619	0.0252938	0.081321	0.21266	0.444116	0.745089	1.04539	1.31941	1.57594	1.78108	1.91697	1.992	2.01083	1.98883	1.93432	1.86648	1.79381	1.73472	1.69722	1.6868	1.70901	1.75597	1.82241	1.89439	1.95873	2.00229	2.00933	1.96893	1.871	1.70721	1.47698	1.21295	0.928776	0.620451	0.33979	0.148779	0.0521702	0.0148402	0.00347897	0.000682528	0.000113625	1.62483e-05	2.01715e-06	2.19432e-07	2.11288e-08	2.01911e-09	1.06288e-09	3.45634e-09	1.12296e-08	3.20613e-08	8.04916e-08	1.78411e-07	3.50961e-07	6.16681e-07	9.7459e-07	1.39373e-06	1.81183e-06	2.14797e-06	2.32714e-06	2.30652e-06	2.09108e-06	1.73179e-06	1.3071e-06	8.95943e-07	5.54967e-07	3.08665e-07	1.53073e-07	6.72654e-08	2.6065e-08	8.87497e-09	2.64887e-09	6.91985e-10	1.58132e-10	3.16218e-11	5.5408e-12	8.52616e-13	1.15569e-13	1.38485e-14	1.47283e-15	1.39602e-16	1.18423e-17	9.02741e-19	6.20865e-20	3.86704e-21	2.18907e-22	1.13004e-23	5.33646e-25	2.3121e-26	9.21594e-28	3.38813e-29	1.15158e-30	3.62659e-32	1.06038e-33	2.88414e-35	7.31014e-37	1.72946e-38	3.8251e-40	8.07386e-42	8.07386e-42	
0.0199595	0.0199595	0.0579439	0.163645	0.372705	0.675528	1.00067	1.29795	1.57594	1.79965	1.93551	2.00887	2.00769	1.94761	1.83887	1.7055	1.56425	1.43691	1.33745	1.28028	1.26715	1.29778	1.37318	1.48492	1.61946	1.76171	1.88656	1.97878	2.01684	1.9878	1.89054	1.72019	1.4679	1.18296	0.873088	0.546814	0.275683	0.110442	0.0354622	0.00927227	0.00200757	0.000365536	5.6738e-05	7.59692e-06	8.86576e-07	9.15407e-08	1.0989e-08	1.16251e-08	3.85761e-08	1.18622e-07	3.20804e-07	7.65381e-07	1.61926e-06	3.05671e-06	5.18491e-06	7.95751e-06	1.11144e-05	1.41918e-05	1.66234e-05	1.79057e-05	1.77585e-05	1.62142e-05	1.36075e-05	1.04687e-05	7.35586e-06	4.69793e-06	2.71045e-06	1.40266e-06	6.46584e-07	2.63926e-07	9.49475e-08	2.99988e-08	8.30411e-09	2.01124e-09	4.26091e-10	7.90284e-11	1.28569e-11	1.83982e-12	2.32388e-13	2.60107e-14	2.59055e-15	2.30551e-16	1.84116e-17	1.32471e-18	8.62047e-20	5.09233e-21	2.74013e-22	1.3474e-23	6.07295e-25	2.51595e-26	9.60585e-28	3.38813e-29	1.10651e-30	3.35305e-32	9.44632e-34	2.47865e-35	6.06785e-37	1.38808e-38	3.03114e-40	3.03114e-40	
0.0446277	0.0446277	0.113811	0.282759	0.565402	0.908029	1.23327	1.52941	1.78108	1.93551	2.01479	2.00264	1.90288	1.74352	1.54414	1.32706	1.12019	0.937339	0.799878	0.714177	0.692035	0.741373	0.848745	1.00537	1.20248	1.41481	1.62693	1.81442	1.95009	2.02062	1.99113	1.88573	1.68973	1.41359	1.10789	0.769849	0.440617	0.200635	0.0726208	0.0211796	0.00506341	0.00100897	0.000170096	2.45768e-05	3.07909e-06	3.44324e-07	6.31356e-08	1.18307e-07	3.82284e-07	1.10803e-06	2.82959e-06	6.39749e-06	1.28867e-05	2.32937e-05	3.8069e-05	5.66443e-05	7.71759e-05	9.67252e-05	0.000111914	0.000119845	0.000118937	0.000109371	9.30435e-05	7.30213e-05	5.2667e-05	3.47413e-05	2.08329e-05	1.12751e-05	5.46602e-06	2.35702e-06	8.98743e-07	3.01612e-07	8.8777e-08	2.28679e-08	5.15003e-09	1.01436e-09	1.75e-10	2.65131e-11	3.53923e-12	4.17896e-13	4.38278e-14	4.10027e-15	3.43643e-16	2.59079e-17	1.76406e-18	1.08888e-19	6.11474e-21	3.13434e-22	1.47107e-23	6.34009e-25	2.51595e-26	9.21594e-28	3.12337e-29	9.81508e-31	2.86568e-32	7.78827e-34	1.97376e-35	4.67193e-37	1.05588e-38	1.05588e-38	
0.0866396	0.0866396	0.195147	0.429853	0.766969	1.12203	1.44056	1.72139	1.91697	2.00887	2.00264	1.88251	1.6942	1.43246	1.1444	0.844509	0.565574	0.334005	0.161223	0.0648947	0.0429401	0.0938804	0.22218	0.422286	0.673738	0.961631	1.2619	1.54238	1.7773	1.94055	2.01882	1.98145	1.85276	1.61511	1.31692	0.983178	0.6246	0.319332	0.129437	0.0419448	0.0110448	0.00240434	0.00043963	6.84725e-05	9.2093e-06	1.15007e-06	4.14338e-07	1.0866e-06	3.3368e-06	9.07808e-06	2.18135e-05	4.6588e-05	8.9101e-05	0.00015384	0.000241712	0.000348034	0.000461906	0.000567726	0.000648578	0.000690406	0.000685628	0.000635114	0.000547961	0.000439124	0.000325592	0.000222257	0.000138834	7.87797e-05	4.02794e-05	1.84088e-05	7.46681e-06	2.67189e-06	8.39586e-07	2.3093e-07	5.55008e-08	1.16519e-08	2.13919e-09	3.44231e-10	4.87069e-11	6.08327e-12	6.73468e-13	6.6378e-14	5.84995e-15	4.6297e-16	3.30372e-17	2.13399e-18	1.2523e-19	6.69946e-21	3.2778e-22	1.47107e-23	6.07295e-25	2.3121e-26	8.1376e-28	2.65365e-29	8.03441e-31	2.26291e-32	5.93973e-34	1.45542e-35	3.40578e-37	3.40578e-37	
0.148474	0.148474	0.298512	0.590307	0.958547	1.30999	1.61688	1.86305	1.992	2.00769	1.90288	1.6942	1.3906	1.03737	0.655607	0.292357	-0.0395785	-0.313141	-0.508258	-0.626466	-0.656358	-0.588851	-0.437795	-0.211896	0.0847017	0.433252	0.810792	1.1801	1.52373	1.78715	1.96083	2.01384	1.9547	1.7758	1.49842	1.1741	0.807846	0.455877	0.204648	0.0731287	0.0210907	0.00499377	0.000986853	0.000165208	2.38797e-05	3.65763e-06	2.98629e-06	8.82872e-06	2.54258e-05	6.46339e-05	0.000145543	0.000292571	0.00052959	0.000870972	0.00131238	0.00182482	0.00235545	0.00283611	0.00319708	0.00338209	0.003361	0.00313729	0.0027471	0.00225056	0.00171831	0.00121645	0.000793522	0.000473433	0.000256125	0.000124523	5.39494e-05	2.0676e-05	6.96798e-06	2.05597e-06	5.29696e-07	1.19042e-07	2.33506e-08	4.00571e-09	6.02798e-10	7.98781e-11	9.36046e-12	9.74357e-13	9.04988e-14	7.53328e-15	5.64396e-16	3.82113e-17	2.3467e-18	1.31197e-19	6.69946e-21	3.13434e-22	1.3474e-23	5.33646e-25	1.95209e-26	6.61059e-28	2.07688e-29	6.06572e-31	1.64993e-32	4.18713e-34	1.01499e-35	1.01499e-35	
0.228662	0.228662	0.416087	0.749542	1.12906	1.46928	1.75698	1.95203	2.01083	1.94761	1.74352	1.43246	1.03737	0.595505	0.14282	-0.284194	-0.649987	-0.94127	-1.14694	-1.25662	-1.28055	-1.22299	-1.0749	-0.836019	-0.513108	-0.115819	0.320394	0.777315	1.20263	1.56882	1.84044	1.98929	2.00342	1.88992	1.64892	1.3386	0.97669	0.597143	0.292761	0.114148	0.0357594	0.00914723	0.00194263	0.000348047	5.46139e-05	1.28369e-05	2.12147e-05	6.25382e-05	0.000167425	0.000395649	0.000831067	0.00156599	0.00267332	0.00417484	0.00601641	0.00806028	0.010101	0.0118995	0.0132252	0.0138976	0.0138211	0.0130069	0.0115696	0.00970291	0.00764252	0.00562416	0.00384205	0.0024178	0.00138906	0.000721422	0.000335424	0.000138385	5.02853e-05	1.60022e-05	4.44278e-06	1.07416e-06	2.26165e-07	4.15368e-08	6.67343e-09	9.41498e-10	1.17146e-10	1.29141e-11	1.26725e-12	1.11201e-13	8.76434e-15	6.23046e-16	4.01078e-17	2.3467e-18	1.2523e-19	6.11474e-21	2.74013e-22	1.13004e-23	4.30005e-25	1.51338e-26	4.93731e-28	1.49624e-29	4.22007e-31	1.10977e-32	2.78813e-34	2.78813e-34	
0.321829	0.321829	0.538077	0.896236	1.27348	1.59898	1.85955	1.99769	1.98883	1.83887	1.54414	1.1444	0.655607	0.14282	-0.365271	-0.822737	-1.20305	-1.49472	-1.68687	-1.79349	-1.81951	-1.75973	-1.62091	-1.39069	-1.06118	-0.64857	-0.165866	0.348968	0.85765	1.31617	1.67694	1.91693	2.00814	1.96119	1.76636	1.47549	1.12388	0.731719	0.385991	0.162203	0.0546298	0.0149658	0.00339038	0.000647343	0.000115589	5.63201e-05	0.000136923	0.000381251	0.000941759	0.0020569	0.00400931	0.00704955	0.0113051	0.0167078	0.0229616	0.0295699	0.0359114	0.0413335	0.0452456	0.0472042	0.0469824	0.044606	0.0403495	0.034692	0.0282438	0.0216588	0.0155407	0.0103511	0.0063406	0.00353419	0.00177286	0.00079201	0.000312238	0.000107839	3.24628e-05	8.49321e-06	1.92991e-06	3.81338e-07	6.57019e-08	9.90795e-09	1.31359e-09	1.53843e-10	1.5994e-11	1.48313e-12	1.23242e-13	9.2173e-15	6.23046e-16	3.82113e-17	2.13399e-18	1.08888e-19	5.09233e-21	2.18907e-22	8.67315e-24	3.17508e-25	1.07647e-26	3.38731e-28	9.91249e-30	2.70272e-31	7.04141e-33	7.04141e-33	
0.419855	0.419855	0.654795	1.02319	1.39119	1.70129	1.92912	2.00846	1.93432	1.7055	1.32706	0.844509	0.292357	-0.284194	-0.822737	-1.29496	-1.66021	-1.90973	-2.06274	-2.1387	-2.1539	-2.11595	-2.0116	-1.82524	-1.52676	-1.11515	-0.615969	-0.0524158	0.516742	1.05005	1.4919	1.81747	1.98224	1.99659	1.85143	1.58505	1.24653	0.851542	0.47639	0.212987	0.0762467	0.0221459	0.00530657	0.00108211	0.00025656	0.00028502	0.000768953	0.00197414	0.00446562	0.00895588	0.0161067	0.0262985	0.0394587	0.0550018	0.0718891	0.088804	0.104345	0.117188	0.126222	0.130672	0.13017	0.124759	0.114887	0.101404	0.0854774	0.0684555	0.0517376	0.0366004	0.0240036	0.0144309	0.00785608	0.00382569	0.00164807	0.000622314	0.000204591	5.83207e-05	1.4393e-05	3.07744e-06	5.71535e-07	9.25478e-08	1.31268e-08	1.63908e-09	1.81099e-10	1.77957e-11	1.56287e-12	1.23242e-13	8.76434e-15	5.64396e-16	3.30372e-17	1.76406e-18	8.62047e-20	3.86704e-21	1.59689e-22	6.08633e-24	2.14619e-25	7.01756e-27	2.13215e-28	6.03129e-30	1.63043e-31	1.63043e-31	
0.513536	0.513536	0.758164	1.12723	1.48404	1.77775	1.96954	1.99798	1.86648	1.56425	1.12019	0.565574	-0.0395785	-0.649987	-1.20305	-1.66021	-1.98718	-2.18284	-2.25715	-2.26019	-2.25485	-2.26286	-2.24003	-2.11976	-1.87266	-1.49259	-0.992475	-0.408653	0.204394	0.797748	1.31121	1.70539	1.93607	2.00748	1.90867	1.66817	1.34399	0.951803	0.55724	0.261674	0.0983974	0.0299792	0.00754094	0.00169458	0.0007177	0.00140552	0.00366673	0.00855908	0.0175867	0.0321597	0.0530541	0.0800726	0.112016	0.146891	0.182281	0.215764	0.245116	0.268474	0.284436	0.292152	0.291288	0.281879	0.264349	0.239662	0.209322	0.175272	0.139788	0.105314	0.0742169	0.0483563	0.0287424	0.0153679	0.00729298	0.00303656	0.00109954	0.000344284	9.29734e-05	2.16569e-05	4.36153e-06	7.62375e-07	1.16221e-07	1.55344e-08	1.83056e-09	1.91206e-10	1.77957e-11	1.48313e-12	1.11201e-13	7.53328e-15	4.6297e-16	2.59079e-17	1.32471e-18	6.20865e-20	2.67514e-21	1.06256e-22	3.90045e-24	1.32632e-25	4.18695e-27	1.22956e-28	3.45104e-30	3.45104e-30	
0.594224	0.594224	0.842305	1.20741	1.55372	1.83131	1.99013	1.9757	1.79381	1.43691	0.937339	0.334005	-0.313141	-0.94127	-1.49472	-1.90973	-2.18284	-2.28897	-2.26311	-2.20652	-2.18873	-2.22622	-2.28474	-2.26724	-2.09046	-1.76176	-1.28735	-0.693594	-0.0554542	0.587097	1.15009	1.60191	1.88704	2.00387	1.94385	1.72685	1.41651	1.02991	0.623544	0.303777	0.118571	0.037498	0.00989867	0.00276807	0.00254388	0.00609855	0.0145764	0.0305918	0.0566202	0.0937753	0.141238	0.196489	0.25598	0.315841	0.372584	0.423352	0.465864	0.498467	0.520204	0.530606	0.529447	0.516752	0.49279	0.458108	0.413795	0.361636	0.304026	0.243945	0.184991	0.131034	0.0854707	0.0505307	0.0266455	0.0123512	0.00497477	0.00172739	0.000514975	0.000131727	2.89703e-05	5.49978e-06	9.05907e-07	1.30215e-07	1.64303e-08	1.83056e-09	1.81099e-10	1.5994e-11	1.26725e-12	9.04988e-14	5.84995e-15	3.43643e-16	1.84116e-17	9.02741e-19	4.06323e-20	1.68368e-21	6.43993e-23	2.27929e-24	7.48173e-26	2.28251e-27	6.65604e-29	6.65604e-29	
0.654943	0.654943	0.903388	1.26385	1.60114	1.86316	1.99737	1.95612	1.73472	1.33745	0.799878	0.161223	-0.508258	-1.14694	-1.68687	-2.06274	-2.25715	-2.26311	-2.1157	-1.93524	-1.87934	-1.99953	-2.18775	-2.28373	-2.2008	-1.93444	-1.48822	-0.897151	-0.243768	0.428494	1.02548	1.52022	1.84116	1.9945	1.96626	1.76533	1.46492	1.08438	0.671808	0.335639	0.134438	0.0437661	0.0124751	0.00561613	0.00937143	0.0222287	0.0475061	0.0887421	0.146887	0.219459	0.301587	0.387682	0.472588	0.552212	0.623842	0.685362	0.735378	0.773004	0.798048	0.810218	0.80886	0.794056	0.766484	0.726361	0.673961	0.610294	0.536882	0.455954	0.37044	0.284702	0.204038	0.134002	0.0791267	0.0412416	0.0186814	0.00727329	0.00241874	0.000685795	0.000166064	3.44835e-05	6.17476e-06	9.59464e-07	1.30215e-07	1.55344e-08	1.63908e-09	1.53843e-10	1.29141e-11	9.74357e-13	6.6378e-14	4.10027e-15	2.30551e-16	1.18423e-17	5.57494e-19	2.41265e-20	9.62521e-22	3.54899e-23	1.2123e-24	3.84503e-26	1.16578e-27	1.16578e-27	
0.690917	0.690917	0.938878	1.29571	1.62662	1.87997	2.00149	1.93974	1.69722	1.28028	0.714177	0.0648947	-0.626466	-1.25662	-1.79349	-2.1387	-2.26019	-2.20652	-1.93524	-1.58769	-1.47796	-1.71516	-2.06782	-2.2517	-2.23157	-2.03203	-1.59376	-1.01519	-0.352995	0.33354	0.952239	1.46728	1.81532	1.98513	1.97626	1.78697	1.4918	1.11494	0.699721	0.354611	0.144272	0.048395	0.016611	0.0145939	0.0307898	0.066408	0.125078	0.206489	0.305099	0.412881	0.522581	0.628921	0.728319	0.818714	0.898706	0.966638	1.0218	1.06374	1.09189	1.10555	1.10402	1.08739	1.05644	1.01184	0.954097	0.88366	0.801446	0.709125	0.608132	0.500775	0.390989	0.284408	0.188617	0.111416	0.0573832	0.0253556	0.00951835	0.00302418	0.000814031	0.000186419	3.6543e-05	6.17476e-06	9.05907e-07	1.16221e-07	1.31268e-08	1.31359e-09	1.17146e-10	9.36046e-12	6.73468e-13	4.38278e-14	2.59055e-15	1.39602e-16	6.88276e-18	3.11452e-19	1.29735e-20	4.98812e-22	1.77467e-23	5.85621e-25	1.84741e-26	1.84741e-26	
0.699418	0.699418	0.94721	1.30297	1.63204	1.88396	2.0037	1.93522	1.6868	1.26715	0.692035	0.0429401	-0.656358	-1.28055	-1.81951	-2.1539	-2.25485	-2.18873	-1.87934	-1.47796	-1.35082	-1.62581	-2.03248	-2.24039	-2.23328	-2.05504	-1.61616	-1.04182	-0.378517	0.312236	0.935592	1.45484	1.81095	1.98097	1.97717	1.7923	1.49824	1.12198	0.706232	0.359269	0.147452	0.0525758	0.0269385	0.0401867	0.0844322	0.16021	0.264066	0.386099	0.51527	0.644311	0.769513	0.888514	0.999121	1.09987	1.18817	1.26289	1.323	1.36876	1.39845	1.4116	1.41016	1.39387	1.36089	1.31216	1.24913	1.17157	1.08065	0.977683	0.865298	0.744833	0.618671	0.489238	0.360792	0.241453	0.142422	0.0722437	0.031006	0.011175	0.0033805	0.000861834	0.000186419	3.44835e-05	5.49978e-06	7.62375e-07	9.25478e-08	9.90795e-09	9.41498e-10	7.98781e-11	6.08327e-12	4.17896e-13	2.60107e-14	1.47283e-15	7.61519e-17	3.60755e-18	1.57073e-19	6.30361e-21	2.33789e-22	8.03295e-24	2.63868e-25	2.63868e-25	
0.679772	0.679772	0.92797	1.28594	1.61871	1.87466	2.0003	1.94547	1.70901	1.29778	0.741373	0.0938804	-0.588851	-1.22299	-1.75973	-2.11595	-2.26286	-2.22622	-1.99953	-1.71516	-1.62581	-1.8199	-2.111	-2.26386	-2.22483	-2.0009	-1.56115	-0.978347	-0.31899	0.362445	0.975097	1.48417	1.82335	1.98881	1.97322	1.78011	1.48364	1.10568	0.691316	0.349737	0.145376	0.06092	0.053885	0.0994077	0.188532	0.311419	0.452602	0.599107	0.74572	0.890924	1.03196	1.16491	1.28615	1.39361	1.48445	1.55997	1.61905	1.66241	1.69038	1.70274	1.70139	1.68613	1.65503	1.60853	1.54614	1.46751	1.37336	1.26288	1.13912	1.00425	0.862032	0.716412	0.569627	0.423607	0.284715	0.16675	0.082745	0.0342604	0.0117872	0.0033805	0.000814031	0.000166064	2.89703e-05	4.36153e-06	5.71535e-07	6.57019e-08	6.67343e-09	6.02798e-10	4.87069e-11	3.53923e-12	2.32388e-13	1.38485e-14	7.51964e-16	3.73397e-17	1.70123e-18	7.13332e-20	2.76036e-21	9.88357e-23	3.38318e-24	3.38318e-24	
0.63348	0.63348	0.882032	1.24425	1.58469	1.85233	1.99519	1.96341	1.75597	1.37318	0.848745	0.22218	-0.437795	-1.0749	-1.62091	-2.0116	-2.24003	-2.28474	-2.18775	-2.06782	-2.03248	-2.111	-2.23674	-2.28868	-2.1695	-1.87538	-1.41992	-0.824429	-0.177025	0.484788	1.06897	1.5497	1.85774	1.99833	1.95882	1.75218	1.44838	1.0657	0.655777	0.328263	0.142872	0.0832329	0.112748	0.206411	0.342942	0.49915	0.66078	0.825635	0.992676	1.15561	1.3079	1.44505	1.56592	1.66919	1.75581	1.82558	1.88068	1.91942	1.94536	1.95906	1.95754	1.94118	1.91279	1.87094	1.81276	1.73985	1.64981	1.54319	1.41882	1.27866	1.12367	0.959452	0.792374	0.628148	0.467218	0.312703	0.180078	0.0865369	0.0342604	0.011175	0.00302418	0.000685795	0.000131727	2.16569e-05	3.07744e-06	3.81338e-07	4.15368e-08	4.00571e-09	3.44231e-10	2.65131e-11	1.83982e-12	1.15569e-13	6.59953e-15	3.4393e-16	1.64152e-17	7.19845e-19	2.90892e-20	1.08622e-21	3.87755e-23	3.87755e-23	
0.564085	0.564085	0.811363	1.17826	1.52848	1.81256	1.98368	1.98439	1.82241	1.48492	1.00537	0.422286	-0.211896	-0.836019	-1.39069	-1.82524	-2.11976	-2.26724	-2.28373	-2.2517	-2.24039	-2.26386	-2.28868	-2.22812	-2.01687	-1.66861	-1.18051	-0.590264	0.0429243	0.666597	1.21116	1.64045	1.90693	2.00695	1.93164	1.70593	1.39065	1.00223	0.602253	0.300184	0.149228	0.132906	0.214372	0.356416	0.52395	0.699376	0.882841	1.0707	1.25176	1.41838	1.56928	1.7021	1.81806	1.91405	1.99337	2.05404	2.10053	2.13315	2.15187	2.16053	2.15962	2.14904	2.12776	2.09228	2.04317	1.97898	1.89627	1.79648	1.6769	1.54053	1.38633	1.21651	1.03354	0.845418	0.663714	0.489331	0.322338	0.180078	0.082745	0.031006	0.00951835	0.00241874	0.000514975	9.29734e-05	1.4393e-05	1.92991e-06	2.26165e-07	2.33506e-08	2.13919e-09	1.75e-10	1.28569e-11	8.52616e-13	5.12731e-14	2.80768e-15	1.40529e-16	6.45104e-18	2.7246e-19	1.0618e-20	3.95576e-22	3.95576e-22	
0.477254	0.477254	0.718964	1.08853	1.44972	1.7499	1.95611	2.00428	1.89439	1.61946	1.20248	0.673738	0.0847017	-0.513108	-1.06118	-1.52676	-1.87266	-2.09046	-2.2008	-2.23157	-2.23328	-2.22483	-2.1695	-2.01687	-1.74862	-1.35411	-0.851142	-0.275994	0.322429	0.89698	1.38275	1.75028	1.95494	2.00535	1.88916	1.63811	1.30848	0.916625	0.535893	0.274514	0.176518	0.219081	0.353079	0.527188	0.714208	0.914308	1.12002	1.31564	1.49629	1.66234	1.80925	1.93411	2.03657	2.11702	2.17777	2.22319	2.25375	2.27428	2.28695	2.293	2.29235	2.28498	2.2708	2.24858	2.21535	2.16691	2.10273	2.01776	1.91107	1.7814	1.63068	1.46104	1.27773	1.07938	0.873019	0.675686	0.489331	0.312703	0.16675	0.0722437	0.0253556	0.00727329	0.00172739	0.000344284	5.83207e-05	8.49321e-06	1.07416e-06	1.19042e-07	1.16519e-08	1.01436e-09	7.90284e-11	5.5408e-12	3.5133e-13	2.02371e-14	1.06322e-15	5.11358e-17	2.25892e-18	9.1936e-20	3.57682e-21	3.57682e-21	
0.380738	0.380738	0.609419	0.975082	1.34713	1.66363	1.90506	2.00683	1.95873	1.76171	1.41481	0.961631	0.433252	-0.115819	-0.64857	-1.11515	-1.49259	-1.76176	-1.93444	-2.03203	-2.05504	-2.0009	-1.87538	-1.66861	-1.35411	-0.935034	-0.443255	0.107127	0.648437	1.15516	1.5684	1.85982	1.99582	1.9863	1.82104	1.54463	1.20202	0.812398	0.464817	0.262667	0.233807	0.338097	0.510216	0.705048	0.91732	1.13855	1.3479	1.54504	1.72651	1.88461	2.01467	2.11982	2.19982	2.25822	2.29755	2.32093	2.33483	2.34007	2.34064	2.34112	2.34108	2.34056	2.33949	2.3328	2.31714	2.29119	2.24808	2.18572	2.10074	1.99076	1.85509	1.69214	1.50633	1.30742	1.09473	0.873019	0.663714	0.467218	0.284715	0.142422	0.0573832	0.0186814	0.00497477	0.00109954	0.000204591	3.24628e-05	4.44278e-06	5.29696e-07	5.55008e-08	5.15003e-09	4.26091e-10	3.16218e-11	2.11636e-12	1.28349e-13	7.08382e-15	3.57198e-16	1.65139e-17	7.02274e-19	2.85478e-20	2.85478e-20	
0.283563	0.283563	0.489518	0.839695	1.21883	1.55027	1.82277	1.98459	2.00229	1.88656	1.62693	1.2619	0.810792	0.320394	-0.165866	-0.615969	-0.992475	-1.28735	-1.48822	-1.59376	-1.61616	-1.56115	-1.41992	-1.18051	-0.851142	-0.443255	0.02588	0.518031	0.999768	1.41925	1.74601	1.95126	2.01006	1.93716	1.72378	1.42499	1.07195	0.695293	0.399793	0.27471	0.32114	0.475969	0.673056	0.891765	1.12624	1.35077	1.56389	1.76036	1.92671	2.06534	2.17525	2.25456	2.30705	2.33394	2.34285	2.3386	2.32567	2.31263	2.3016	2.29554	2.29624	2.30345	2.3151	2.32849	2.34039	2.3422	2.33031	2.29864	2.24097	2.1558	2.03998	1.89572	1.72362	1.52191	1.30742	1.07938	0.845418	0.628148	0.423607	0.241453	0.111416	0.0412416	0.0123512	0.00303656	0.000622314	0.000107839	1.60022e-05	2.05597e-06	2.3093e-07	2.28679e-08	2.01124e-09	1.58132e-10	1.11791e-11	7.14257e-13	4.14351e-14	2.19155e-15	1.06079e-16	4.71525e-18	2.00344e-19	2.00344e-19	
0.194723	0.194723	0.368069	0.686873	1.06376	1.40908	1.70533	1.9218	2.00933	1.97878	1.81442	1.54238	1.1801	0.777315	0.348968	-0.0524158	-0.408653	-0.693594	-0.897151	-1.01519	-1.04182	-0.978347	-0.824429	-0.590264	-0.275994	0.107127	0.518031	0.943391	1.33251	1.66257	1.8959	2.00546	1.98998	1.85016	1.59312	1.27824	0.921077	0.574597	0.352226	0.315054	0.430044	0.620499	0.840472	1.08323	1.32462	1.55133	1.7635	1.94157	2.09262	2.20732	2.28464	2.3291	2.34302	2.33417	2.30657	2.26879	2.22924	2.19137	2.16227	2.14831	2.14986	2.16691	2.19844	2.23721	2.27664	2.31328	2.33754	2.34227	2.32294	2.272	2.18766	2.06489	1.90822	1.72362	1.50633	1.27773	1.03354	0.792374	0.569627	0.360792	0.188617	0.0791267	0.0266455	0.00729298	0.00164807	0.000312238	5.02853e-05	6.96798e-06	8.39586e-07	8.8777e-08	8.30411e-09	6.91985e-10	5.169e-11	3.48029e-12	2.12256e-13	1.17775e-14	5.96924e-16	2.77364e-17	1.23189e-18	1.23189e-18	
0.121424	0.121424	0.255063	0.525587	0.883836	1.23792	1.55072	1.81314	1.96893	2.01684	1.95009	1.7773	1.52373	1.20263	0.85765	0.516742	0.204394	-0.0554542	-0.243768	-0.352995	-0.378517	-0.31899	-0.177025	0.0429243	0.322429	0.648437	0.999768	1.33251	1.63808	1.85462	1.99257	2.00983	1.92058	1.71688	1.43044	1.10596	0.755556	0.462453	0.331085	0.381335	0.550225	0.767307	1.01118	1.26739	1.50852	1.73591	1.93196	2.09539	2.2169	2.29778	2.33862	2.34185	2.31327	2.25746	2.18747	2.10998	2.03365	1.97104	1.92702	1.90522	1.90766	1.93409	1.98216	2.04818	2.12576	2.20221	2.2702	2.32153	2.34411	2.33388	2.28399	2.1966	2.06489	1.89572	1.69214	1.46104	1.21651	0.959452	0.716412	0.489238	0.284408	0.134002	0.0505307	0.0153679	0.00382569	0.00079201	0.000138385	2.0676e-05	2.67189e-06	3.01612e-07	2.99988e-08	2.64887e-09	2.09026e-10	1.48277e-11	9.50487e-13	5.53155e-14	2.93493e-15	1.4252e-16	6.61551e-18	6.61551e-18	
0.0675655	0.0675655	0.159748	0.368655	0.686647	1.039	1.36065	1.65057	1.871	1.9878	2.02062	1.94055	1.78715	1.56882	1.31617	1.05005	0.797748	0.587097	0.428494	0.33354	0.312236	0.362445	0.484788	0.666597	0.89698	1.15516	1.41925	1.66257	1.85462	1.98386	2.01942	1.95011	1.79513	1.53962	1.23897	0.910466	0.586473	0.372481	0.340626	0.466935	0.674666	0.91479	1.17764	1.43657	1.67756	1.89557	2.07272	2.21089	2.29894	2.34283	2.33653	2.29038	2.21094	2.1074	1.98752	1.86468	1.75239	1.65646	1.58545	1.55035	1.55426	1.59694	1.67395	1.7738	1.88869	2.01231	2.12974	2.22934	2.3027	2.33993	2.33898	2.28399	2.18766	2.03998	1.85509	1.63068	1.38633	1.12367	0.862032	0.618671	0.390989	0.204038	0.0854707	0.0287424	0.00785608	0.00177286	0.000335424	5.39494e-05	7.46681e-06	8.98743e-07	9.49475e-08	8.87497e-09	7.39171e-10	5.51972e-11	3.71603e-12	2.26657e-13	1.25806e-14	6.38022e-16	3.09332e-17	3.09332e-17	
0.0329696	0.0329696	0.0884848	0.23115	0.485951	0.816438	1.14308	1.44011	1.70721	1.89054	1.99113	2.01882	1.96083	1.84044	1.67694	1.4919	1.31121	1.15009	1.02548	0.952239	0.935592	0.975097	1.06897	1.21116	1.38275	1.5684	1.74601	1.8959	1.99257	2.01942	1.95791	1.83029	1.60785	1.32489	1.02161	0.699459	0.431233	0.316436	0.379385	0.563961	0.798942	1.05908	1.33274	1.59012	1.82688	2.02678	2.18354	2.2883	2.33962	2.33528	2.28412	2.18233	2.04653	1.88426	1.71197	1.54052	1.38205	1.25281	1.16534	1.12341	1.1281	1.17922	1.27551	1.412	1.57425	1.74668	1.91843	2.07602	2.2046	2.2994	2.33993	2.33388	2.272	2.1558	1.99076	1.7814	1.54053	1.27866	1.00425	0.744833	0.500775	0.284702	0.131034	0.0483563	0.0144309	0.00353419	0.000721422	0.000124523	1.84088e-05	2.35702e-06	2.63926e-07	2.6065e-08	2.28727e-09	1.79512e-10	1.26737e-11	8.09067e-13	4.6918e-14	2.48204e-15	1.25549e-16	1.25549e-16	
0.0139	0.0139	0.0424755	0.126251	0.303487	0.580859	0.90087	1.19985	1.47698	1.72019	1.88573	1.98145	2.01384	1.98929	1.91693	1.81747	1.70539	1.60191	1.52022	1.46728	1.45484	1.48417	1.5497	1.64045	1.75028	1.85982	1.95126	2.00546	2.00983	1.9501	1.83027	1.6312	1.36787	1.0861	0.781872	0.490999	0.310168	0.299644	0.440608	0.664877	0.919665	1.19583	1.47265	1.72575	1.95307	2.13271	2.26248	2.33173	2.34103	2.28735	2.17867	2.02301	1.82603	1.60454	1.37282	1.144	0.940709	0.775543	0.657554	0.597591	0.604395	0.676817	0.805065	0.97871	1.18847	1.41972	1.64975	1.8674	2.05829	2.2046	2.3027	2.34411	2.32294	2.24097	2.10074	1.91107	1.6769	1.41882	1.13912	0.865298	0.608132	0.37044	0.184991	0.0742169	0.0240036	0.0063406	0.00138906	0.000256125	4.02794e-05	5.46602e-06	6.46584e-07	6.72654e-08	6.20206e-09	5.10292e-10	3.76928e-11	2.51296e-12	1.51943e-13	8.36864e-15	4.40848e-16	4.40848e-16	
0.00501099	0.00501099	0.0173996	0.0587956	0.162294	0.359236	0.638422	0.937874	1.21295	1.4679	1.68973	1.85276	1.9547	2.00342	2.00814	1.98224	1.93607	1.88704	1.84116	1.81532	1.81095	1.82335	1.85774	1.90693	1.95494	1.99582	2.01006	1.98997	1.92055	1.79505	1.60769	1.36762	1.10664	0.823765	0.533962	0.314399	0.237666	0.317981	0.514486	0.763772	1.03394	1.3207	1.59568	1.84396	2.05606	2.21273	2.31307	2.34333	2.30829	2.20385	2.03805	1.81991	1.56119	1.27645	0.980602	0.697958	0.441755	0.226924	0.0747823	0.000213547	0.00858805	0.099307	0.265424	0.490394	0.752866	1.0392	1.33519	1.61495	1.8674	2.07602	2.22934	2.32153	2.34227	2.29864	2.18572	2.01776	1.79648	1.54319	1.26288	0.977683	0.709125	0.455954	0.243945	0.105314	0.0366004	0.0103511	0.0024178	0.000473433	7.87797e-05	1.12751e-05	1.40266e-06	1.53073e-07	1.47723e-08	1.26962e-09	9.77867e-11	6.78702e-12	4.266e-13	2.43941e-14	1.33466e-15	1.33466e-15	
0.0015368	0.0015368	0.00602927	0.0230372	0.0727629	0.186639	0.386439	0.652019	0.928776	1.18296	1.41359	1.61511	1.7758	1.88992	1.96119	1.99659	2.00748	2.00387	1.9945	1.98513	1.98097	1.98881	1.99833	2.00695	2.00535	1.9863	1.93714	1.85009	1.71668	1.53915	1.32392	1.08439	0.821585	0.546608	0.316232	0.195415	0.213196	0.359786	0.591502	0.856499	1.13875	1.43097	1.70151	1.94173	2.13632	2.27056	2.33722	2.33075	2.24711	2.09333	1.86859	1.58987	1.26715	0.915262	0.558505	0.211686	-0.104213	-0.358818	-0.531839	-0.615058	-0.605717	-0.504183	-0.314038	-0.0450629	0.279756	0.62932	0.986068	1.33519	1.64975	1.91843	2.12974	2.2702	2.33754	2.33031	2.24808	2.10273	1.89627	1.64981	1.37336	1.08065	0.801446	0.536882	0.304026	0.139788	0.0517376	0.0155407	0.00384205	0.000793522	0.000138834	2.08329e-05	2.71045e-06	3.08665e-07	3.10234e-08	2.77212e-09	2.2164e-10	1.59469e-11	1.03778e-12	6.13723e-14	3.47416e-15	3.47416e-15	
0.000400806	0.000400806	0.00176322	0.00755758	0.027091	0.0799527	0.192702	0.379473	0.620451	0.873088	1.10789	1.31692	1.49842	1.64892	1.76636	1.85143	1.90867	1.94385	1.96626	1.97626	1.97717	1.97322	1.95882	1.93164	1.88914	1.82099	1.72363	1.59268	1.42934	1.23655	1.01691	0.773781	0.522091	0.30361	0.166421	0.137121	0.222706	0.411757	0.664569	0.940004	1.23116	1.52474	1.79041	2.02193	2.19692	2.30786	2.34291	2.29782	2.17059	1.96472	1.6864	1.34685	0.959001	0.545504	0.119357	-0.295678	-0.664757	-0.963822	-1.17589	-1.28243	-1.27034	-1.14124	-0.910344	-0.596025	-0.215279	0.204936	0.62932	1.0392	1.41972	1.74668	2.01231	2.20221	2.31328	2.3422	2.29119	2.16691	1.97898	1.73985	1.46751	1.17157	0.88366	0.610294	0.361636	0.175272	0.0684555	0.0216588	0.00562416	0.00121645	0.000222257	3.47413e-05	4.69793e-06	5.54967e-07	5.77606e-08	5.33641e-09	4.40542e-10	3.2688e-11	2.19138e-12	1.33371e-13	7.77287e-15	7.77287e-15	
8.91746e-05	8.91746e-05	0.000436279	0.00207947	0.00837549	0.0281243	0.0780971	0.178809	0.33979	0.546814	0.769849	0.983178	1.1741	1.3386	1.47549	1.58505	1.66817	1.72685	1.76533	1.78697	1.7923	1.78011	1.75218	1.70591	1.63803	1.54434	1.42413	1.27598	1.10083	0.900126	0.68085	0.460858	0.270729	0.141255	0.0888912	0.121736	0.248757	0.463643	0.729182	1.01201	1.30967	1.60261	1.86219	2.08292	2.24127	2.32881	2.33411	2.25397	2.08477	1.83179	1.5029	1.10437	0.660757	0.181477	-0.313693	-0.790208	-1.22657	-1.60226	-1.88123	-2.02413	-2.00788	-1.83517	-1.53344	-1.14324	-0.697738	-0.215279	0.279756	0.752866	1.18847	1.57425	1.88869	2.12576	2.27664	2.34039	2.31714	2.21535	2.04317	1.81276	1.54614	1.24913	0.954097	0.673961	0.413795	0.209322	0.0854774	0.0282438	0.00764252	0.00171831	0.000325592	5.2667e-05	7.35586e-06	8.95943e-07	9.59982e-08	9.11807e-09	7.72909e-10	5.88215e-11	4.04053e-12	2.51749e-13	1.50235e-14	1.50235e-14	
1.70163e-05	1.70163e-05	9.18447e-05	0.000482675	0.00216257	0.00816475	0.0257792	0.0677879	0.148779	0.275683	0.440617	0.6246	0.807846	0.97669	1.12388	1.24653	1.34399	1.41651	1.46492	1.4918	1.49824	1.48363	1.44835	1.39052	1.308	1.20051	1.06786	0.911466	0.735726	0.550131	0.371275	0.220081	0.113877	0.0597273	0.0603606	0.127376	0.278385	0.50932	0.782841	1.07102	1.37285	1.66384	1.91896	2.12968	2.27094	2.3397	2.31683	2.20734	1.99977	1.70809	1.33045	0.885297	0.38612	-0.15486	-0.705719	-1.25187	-1.78119	-2.25023	-2.59739	-2.77307	-2.75321	-2.54044	-2.16418	-1.6782	-1.14324	-0.596025	-0.0450629	0.490394	0.97871	1.412	1.7738	2.04818	2.23721	2.32849	2.3328	2.24858	2.09228	1.87094	1.60853	1.31216	1.01184	0.726361	0.458108	0.239662	0.101404	0.034692	0.00970291	0.00225056	0.000439124	7.30213e-05	1.04687e-05	1.3071e-06	1.43398e-07	1.39307e-08	1.20662e-09	9.37496e-11	6.56923e-12	4.17224e-13	2.53853e-14	2.53853e-14	
2.80302e-06	2.80302e-06	1.65678e-05	9.5255e-05	0.000470383	0.00197481	0.00699906	0.0208456	0.0521702	0.110442	0.200635	0.319332	0.455877	0.597143	0.731719	0.851542	0.951803	1.02991	1.08437	1.11494	1.12197	1.10563	1.06551	1.00152	0.914291	0.805812	0.679305	0.540894	0.399964	0.268981	0.160795	0.0840808	0.0405672	0.0288654	0.0548931	0.139075	0.304396	0.545527	0.823936	1.11611	1.42141	1.70989	1.95944	2.16273	2.29092	2.34229	2.29951	2.16279	1.92824	1.60034	1.18727	0.702346	0.151345	-0.431702	-1.03255	-1.66069	-2.28568	-2.8332	-3.22918	-3.42616	-3.404	-3.16483	-2.73377	-2.16418	-1.53344	-0.910344	-0.314038	0.265424	0.805065	1.27551	1.67395	1.98216	2.19844	2.3151	2.33949	2.2708	2.12776	1.91279	1.65503	1.36089	1.05644	0.766484	0.49279	0.264349	0.114887	0.0403495	0.0115696	0.0027471	0.000547961	9.30435e-05	1.36075e-05	1.73179e-06	1.93527e-07	1.914e-08	1.68697e-09	1.33324e-10	9.49982e-12	6.13361e-13	3.79594e-14	3.79594e-14	
4.01358e-07	4.01358e-07	2.58067e-06	1.612e-05	8.70238e-05	0.000402337	0.00158249	0.00527021	0.0148402	0.0354622	0.0726208	0.129437	0.204648	0.292761	0.385991	0.47639	0.55724	0.623544	0.671806	0.699712	0.706184	0.691088	0.654847	0.599033	0.526412	0.441035	0.348593	0.256413	0.172582	0.104281	0.0555783	0.0263624	0.0142491	0.0202684	0.0566239	0.149429	0.323316	0.570597	0.8519	1.14711	1.45459	1.74092	1.98724	2.18272	2.30265	2.34133	2.28383	2.12847	1.87502	1.51905	1.08648	0.565588	-0.0204464	-0.627645	-1.27571	-1.978	-2.67481	-3.27232	-3.69604	-3.90442	-3.88105	-3.62762	-3.16483	-2.54044	-1.83517	-1.14124	-0.504183	0.099307	0.676817	1.17922	1.59694	1.93409	2.16691	2.30345	2.34056	2.28498	2.14904	1.94118	1.68613	1.39387	1.08739	0.794056	0.516752	0.281879	0.124759	0.044606	0.0130069	0.00313729	0.000635114	0.000109371	1.62142e-05	2.09108e-06	2.36753e-07	2.37214e-08	2.11816e-09	1.69607e-10	1.22458e-11	8.01301e-13	5.0302e-14	5.0302e-14	
5.03005e-08	5.03005e-08	3.4977e-07	2.35934e-06	1.38261e-05	6.9808e-05	0.000301759	0.00111133	0.00347897	0.00927227	0.0211796	0.0419448	0.0731287	0.114148	0.162203	0.212987	0.261674	0.303776	0.335631	0.354561	0.359015	0.348648	0.324291	0.287952	0.24272	0.192614	0.142347	0.0966476	0.0593419	0.0324173	0.0156384	0.00733955	0.00680361	0.0186433	0.0586976	0.155414	0.333542	0.583777	0.866688	1.16415	1.47188	1.75523	2.00229	2.19322	2.30749	2.34137	2.2734	2.1104	1.84469	1.47421	1.03229	0.488451	-0.113289	-0.732887	-1.41281	-2.15954	-2.89401	-3.51519	-3.95125	-4.1646	-4.14069	-3.88105	-3.404	-2.75321	-2.00788	-1.27034	-0.605717	0.00858805	0.604395	1.1281	1.55426	1.90766	2.14986	2.29624	2.34108	2.29235	2.15962	1.95754	1.70139	1.41016	1.10402	0.80886	0.529447	0.291288	0.13017	0.0469824	0.0138211	0.003361	0.000685628	0.000118937	1.77585e-05	2.30652e-06	2.63014e-07	2.65444e-08	2.38787e-09	1.92663e-10	1.40196e-11	9.24762e-13	5.85573e-14	5.85573e-14	
