5.0465e-07	5.0465e-07	3.10402e-06	1.87102e-05	9.80081e-05	0.000442407	0.00171116	0.00564862	0.0158976	0.0382752	0.0795317	0.144659	0.234385	0.344394	0.466337	0.589722	0.703971	0.800026	0.871134	0.912862	0.92269	0.899987	0.846134	0.764403	0.660124	0.541022	0.416899	0.298527	0.195807	0.11566	0.0604342	0.0274853	0.0107482	0.00358873	0.00102106	0.000248045	5.16853e-05	9.29374e-06	1.45179e-06	1.98364e-07	2.38633e-08	2.54346e-09	2.41589e-10	2.05602e-11	1.57553e-12	1.09207e-13	6.87784e-15	4.07203e-16	8.20605e-17	2.63049e-16	9.73635e-16	3.13972e-15	8.77203e-15	2.12086e-14	4.44501e-14	8.12943e-14	1.31109e-13	1.87982e-13	2.39493e-13	2.69294e-13	2.65792e-13	2.30406e-13	1.76498e-13	1.20197e-13	7.26752e-14	3.8644e-14	1.78855e-14	7.16561e-15	2.48304e-15	7.45473e-16	1.94419e-16	4.41684e-17	8.76453e-18	1.52327e-18	2.32555e-19	3.12881e-20	3.72292e-21	3.93281e-22	3.7032e-23	3.12081e-24	2.36333e-25	1.61453e-26	9.9878e-28	5.61492e-29	2.87826e-30	1.34959e-31	5.80552e-33	2.29743e-34	8.38529e-36	2.82946e-37	8.84626e-39	2.56792e-40	6.93422e-42	1.74495e-43	4.09875e-45	9.00062e-47	1.8504e-48	3.56622e-50	6.56071e-52	6.56071e-52	
5.0465e-07	5.0465e-07	3.10402e-06	1.87102e-05	9.80081e-05	0.000442407	0.00171116	0.00564862	0.0158976	0.0382752	0.0795317	0.144659	0.234385	0.344394	0.466337	0.589722	0.703971	0.800026	0.871134	0.912862	0.92269	0.899987	0.846134	0.764403	0.660124	0.541022	0.416899	0.298527	0.195807	0.11566	0.0604342	0.0274853	0.0107482	0.00358873	0.00102106	0.000248045	5.16853e-05	9.29374e-06	1.45179e-06	1.98364e-07	2.38633e-08	2.54346e-09	2.41589e-10	2.05602e-11	1.57553e-12	1.09207e-13	6.87784e-15	4.07203e-16	8.20605e-17	2.63049e-16	9.73635e-16	3.13972e-15	8.77203e-15	2.12086e-14	4.44501e-14	8.12943e-14	1.31109e-13	1.87982e-13	2.39493e-13	2.69294e-13	2.65792e-13	2.30406e-13	1.76498e-13	1.20197e-13	7.26752e-14	3.8644e-14	1.78855e-14	7.16561e-15	2.48304e-15	7.45473e-16	1.94419e-16	4.41684e-17	8.76453e-18	1.52327e-18	2.32555e-19	3.12881e-20	3.72292e-21	3.93281e-22	3.7032e-23	3.12081e-24	2.36333e-25	1.61453e-26	9.9878e-28	5.61492e-29	2.87826e-30	1.34959e-31	5.80552e-33	2.29743e-34	8.38529e-36	2.82946e-37	8.84626e-39	2.56792e-40	6.93422e-42	1.74495e-43	4.09875e-45	9.00062e-47	1.8504e-48	3.56622e-50	6.56071e-52	6.56071e-52	
3.10402e-06	3.10402e-06	1.74457e-05	9.62035e-05	0.000457816	0.00186208	0.00643331	0.0188094	0.0465614	0.0982432	0.179196	0.288313	0.418406	0.558988	0.699063	0.828995	0.941591	1.03199	1.09715	1.13475	1.14351	1.1232	1.0744	0.998837	0.899115	0.778862	0.643881	0.502326	0.3646	0.241751	0.143308	0.0743241	0.0331288	0.0125472	0.00401955	0.00109022	0.000251512	4.96798e-05	8.4648e-06	1.25363e-06	1.62569e-07	1.8588e-08	1.88602e-09	1.70819e-10	1.38851e-11	1.01795e-12	6.76581e-14	4.34092e-15	1.42655e-15	4.92732e-15	1.75198e-14	5.43096e-14	1.463e-13	3.42439e-13	6.98271e-13	1.24869e-12	1.97662e-12	2.7889e-12	3.50869e-12	3.91882e-12	3.87081e-12	3.38268e-12	2.62643e-12	1.81868e-12	1.12114e-12	6.10353e-13	2.9072e-13	1.20452e-13	4.33323e-14	1.35442e-14	3.68452e-15	8.74177e-16	1.8128e-16	3.29336e-17	5.25524e-18	7.38762e-19	9.17992e-20	1.01206e-20	9.93806e-22	8.7272e-23	6.88123e-24	4.89077e-25	3.14522e-26	1.83675e-27	9.77361e-29	4.75392e-30	2.12002e-31	8.69231e-33	3.28523e-34	1.14732e-35	3.71082e-37	1.11387e-38	3.10899e-40	8.08379e-42	1.96134e-43	4.4475e-45	9.43918e-47	1.87759e-48	3.56622e-50	3.56622e-50	
1.87102e-05	1.87102e-05	9.62035e-05	0.00048586	0.0021022	0.00770634	0.0237743	0.0615137	0.133816	0.247473	0.397131	0.567874	0.742811	0.908321	1.05554	1.18012	1.2811	1.35864	1.41292	1.44323	1.45002	1.43388	1.39403	1.33042	1.24357	1.1331	0.999214	0.843948	0.673319	0.498244	0.33385	0.197187	0.100206	0.0430799	0.0155457	0.00470711	0.00120147	0.000260398	4.83236e-05	7.74427e-06	1.08061e-06	1.32299e-07	1.43125e-08	1.37701e-09	1.18514e-10	9.17335e-12	6.42603e-13	4.5755e-14	2.49143e-14	8.85685e-14	3.02437e-13	9.01586e-13	2.34283e-12	5.31152e-12	1.05417e-11	1.84374e-11	2.8655e-11	3.98128e-11	4.95031e-11	5.49473e-11	5.43122e-11	4.78186e-11	3.76007e-11	2.64581e-11	1.66247e-11	9.26349e-12	4.5389e-12	1.94381e-12	7.2563e-13	2.36037e-13	6.69588e-14	1.65878e-14	3.59435e-15	6.82527e-16	1.13832e-16	1.67196e-17	2.16963e-18	2.49626e-19	2.55623e-20	2.33904e-21	1.92015e-22	1.41971e-23	9.49032e-25	5.75644e-26	3.17917e-27	1.60386e-28	7.41359e-30	3.14871e-31	1.23205e-32	4.45228e-34	1.48934e-35	4.62157e-37	1.333e-38	3.58029e-40	8.97017e-42	2.09978e-43	4.59921e-45	9.43918e-47	1.8504e-48	1.8504e-48	
9.80081e-05	9.80081e-05	0.000457816	0.0021022	0.00820047	0.026827	0.0730761	0.165381	0.313016	0.504974	0.71581	0.921958	1.10912	1.27077	1.40504	1.51349	1.59822	1.66104	1.70228	1.72434	1.72918	1.71742	1.68799	1.63844	1.56692	1.47303	1.35436	1.2093	1.03689	0.841044	0.63087	0.424285	0.247568	0.122117	0.0502086	0.0171522	0.00488845	0.00117156	0.000238335	4.1556e-05	6.26792e-06	8.24871e-07	9.54603e-08	9.78392e-09	8.93788e-10	7.32e-11	5.42027e-12	4.51199e-13	4.09359e-13	1.45404e-12	4.75935e-12	1.36246e-11	3.41097e-11	7.48211e-11	1.44393e-10	2.46784e-10	3.76333e-10	5.14785e-10	6.3271e-10	6.98068e-10	6.9047e-10	6.12349e-10	4.87572e-10	3.48733e-10	2.23505e-10	1.27583e-10	6.43687e-11	2.85251e-11	1.1064e-11	3.75088e-12	1.11136e-12	2.87959e-13	6.53126e-14	1.29856e-14	2.26743e-15	3.48549e-16	4.73079e-17	5.68882e-18	6.08346e-19	5.80788e-20	4.96991e-21	3.82695e-22	2.66188e-23	1.67861e-24	9.6304e-26	5.04314e-27	2.41801e-28	1.06455e-29	4.31514e-31	1.61448e-32	5.58849e-34	1.7936e-35	5.34819e-37	1.48441e-38	3.84179e-40	9.28651e-42	2.09978e-43	4.4475e-45	9.00062e-47	9.00062e-47	
0.000442407	0.000442407	0.00186208	0.00770634	0.026827	0.077381	0.183645	0.35896	0.586778	0.829219	1.05768	1.26166	1.43759	1.58361	1.69937	1.78751	1.84959	1.89003	1.91197	1.92397	1.92742	1.92021	1.9046	1.87619	1.82744	1.75555	1.6564	1.52875	1.37068	1.18293	0.968803	0.732575	0.491312	0.280801	0.133254	0.0520144	0.0167376	0.00447706	0.00100612	0.000192073	3.14799e-05	4.47269e-06	5.5576e-07	6.08703e-08	5.91813e-09	5.14053e-10	4.042e-11	4.30603e-12	6.24168e-12	2.17083e-11	6.79756e-11	1.86569e-10	4.49372e-10	9.52557e-10	1.78554e-09	2.9792e-09	4.45458e-09	5.9977e-09	7.2876e-09	7.99329e-09	7.91153e-09	7.06634e-09	5.69693e-09	4.14315e-09	2.71058e-09	1.58666e-09	8.25185e-10	3.78872e-10	1.52907e-10	5.41149e-11	1.67767e-11	4.55511e-12	1.08353e-12	2.26002e-13	4.13946e-14	6.67176e-15	9.48816e-16	1.19447e-16	1.33597e-17	1.33266e-18	1.19032e-19	9.55748e-21	6.92515e-22	4.54496e-23	2.71131e-24	1.47511e-25	7.34221e-27	3.35321e-28	1.40902e-29	5.46144e-31	1.95734e-32	6.50067e-34	2.00485e-35	5.75275e-37	1.53857e-38	3.84179e-40	8.97017e-42	1.96134e-43	4.09875e-45	4.09875e-45	
0.00171116	0.00171116	0.00643331	0.0237743	0.0730761	0.183645	0.375416	0.630152	0.897538	1.14402	1.36653	1.56071	1.7186	1.83517	1.91294	1.95728	1.97611	1.97869	1.97603	1.97285	1.9726	1.97424	1.9773	1.97843	1.97104	1.94276	1.88644	1.79313	1.6606	1.48691	1.28032	1.04864	0.791715	0.523176	0.288975	0.130384	0.0479029	0.0144396	0.00361342	0.000760252	0.000136128	2.09749e-05	2.80882e-06	3.29794e-07	3.42174e-08	3.15991e-09	2.6606e-10	4.15077e-11	8.73054e-11	2.9336e-10	8.7696e-10	2.3036e-09	5.32979e-09	1.09029e-08	1.98267e-08	3.22607e-08	4.72601e-08	6.2613e-08	7.5217e-08	8.2029e-08	8.12421e-08	7.30684e-08	5.96451e-08	4.41238e-08	2.94923e-08	1.77226e-08	9.5129e-09	4.53156e-09	1.90601e-09	7.05458e-10	2.29295e-10	6.53761e-11	1.63448e-11	3.58426e-12	6.90102e-13	1.16861e-13	1.74476e-14	2.30374e-15	2.69958e-16	2.81819e-17	2.6313e-18	2.20605e-19	1.66723e-20	1.14008e-21	7.07939e-23	4.00542e-24	2.07148e-25	9.8218e-27	4.28151e-28	1.72041e-29	6.38788e-31	2.19662e-32	7.01046e-34	2.08059e-35	5.75275e-37	1.48441e-38	3.58029e-40	8.08379e-42	1.74495e-43	1.74495e-43	
0.00564862	0.00564862	0.0188094	0.0615137	0.165381	0.35896	0.630152	0.920034	1.18543	1.42992	1.64478	1.80772	1.91501	1.96928	1.98387	1.96671	1.93449	1.89421	1.86195	1.83757	1.82984	1.84572	1.87375	1.90982	1.94876	1.97579	1.98264	1.95299	1.87871	1.74989	1.56386	1.33486	1.08307	0.80543	0.515077	0.270173	0.114339	0.0391786	0.0109997	0.00256663	0.000504679	8.46909e-05	1.22661e-05	1.54853e-06	1.7189e-07	1.69188e-08	1.55343e-09	4.14594e-10	1.10953e-09	3.56999e-09	1.01651e-08	2.55047e-08	5.65851e-08	1.11537e-07	1.96503e-07	3.11437e-07	4.46612e-07	5.82004e-07	6.91243e-07	7.49618e-07	7.42894e-07	6.7273e-07	5.5604e-07	4.18619e-07	2.86133e-07	1.76732e-07	9.8043e-08	4.8531e-08	2.13115e-08	8.26599e-09	2.82305e-09	8.47229e-10	2.23169e-10	5.15781e-11	1.04641e-11	1.86604e-12	2.93131e-13	4.06782e-14	5.00377e-15	5.4764e-16	5.3538e-17	4.69383e-18	3.70508e-19	2.64318e-20	1.71041e-21	1.00744e-22	5.41877e-24	2.66976e-25	1.20831e-26	5.03711e-28	1.93894e-29	6.90772e-31	2.28264e-32	7.01046e-34	2.00485e-35	5.34819e-37	1.333e-38	3.10899e-40	6.93422e-42	6.93422e-42	
0.0158976	0.0158976	0.0465614	0.133816	0.313016	0.586778	0.897538	1.18543	1.45158	1.68762	1.85202	1.94948	1.9852	1.96909	1.91242	1.8291	1.73488	1.64411	1.57038	1.52836	1.51791	1.541	1.59685	1.67946	1.77219	1.86523	1.9389	1.98179	1.97769	1.91837	1.79565	1.59952	1.34776	1.07473	0.773548	0.468221	0.228821	0.0896135	0.028388	0.00738314	0.00160106	0.000293659	4.61372e-05	6.27828e-06	7.47175e-07	7.86116e-08	8.21716e-09	4.22662e-09	1.27042e-08	3.88973e-08	1.05229e-07	2.51632e-07	5.34296e-07	1.01308e-06	1.72651e-06	2.6618e-06	3.73299e-06	4.78265e-06	5.61553e-06	6.05598e-06	6.00538e-06	5.47515e-06	4.58294e-06	3.51334e-06	2.4583e-06	1.5628e-06	8.97417e-07	4.62404e-07	2.12423e-07	8.6537e-08	3.11323e-08	9.86069e-09	2.74414e-09	6.70263e-10	1.43674e-10	2.70515e-11	4.48207e-12	6.55216e-13	8.47866e-14	9.74784e-15	9.99615e-16	9.17998e-17	7.57993e-18	5.64921e-19	3.81439e-20	2.3416e-21	1.3113e-22	6.71979e-24	3.16042e-25	1.36793e-26	5.46289e-28	2.0177e-29	6.90772e-31	2.19662e-32	6.50067e-34	1.7936e-35	4.62157e-37	1.11387e-38	2.56792e-40	2.56792e-40	
0.0382752	0.0382752	0.0982432	0.247473	0.504974	0.829219	1.14402	1.42992	1.68762	1.86408	1.96072	1.9917	1.94399	1.84163	1.69549	1.53244	1.36937	1.22744	1.1196	1.05417	1.03844	1.0747	1.15838	1.27987	1.43338	1.59933	1.75736	1.88925	1.97124	1.98893	1.93	1.8051	1.59061	1.31845	1.02278	0.69679	0.389958	0.174435	0.0624711	0.0181565	0.00435304	0.000874574	0.000149334	2.19392e-05	2.80338e-06	3.16716e-07	4.16161e-08	4.20618e-08	1.30034e-07	3.76997e-07	9.66309e-07	2.19675e-06	4.45425e-06	8.10851e-06	1.33444e-05	1.99833e-05	2.73779e-05	3.44642e-05	3.99967e-05	4.28942e-05	4.25622e-05	3.9069e-05	3.31264e-05	2.5877e-05	1.85568e-05	1.21606e-05	7.24093e-06	3.89134e-06	1.87431e-06	8.04021e-07	3.05553e-07	1.02449e-07	3.02152e-08	7.82403e-09	1.77744e-09	3.5439e-10	6.21052e-11	9.58897e-12	1.30849e-12	1.58379e-13	1.70711e-14	1.6452e-15	1.4234e-16	1.10997e-17	7.83102e-19	5.01682e-20	2.92839e-21	1.5625e-22	7.64382e-24	3.43815e-25	1.42563e-26	5.46289e-28	1.93894e-29	6.38788e-31	1.95734e-32	5.58849e-34	1.48934e-35	3.71082e-37	8.84626e-39	8.84626e-39	
0.0795317	0.0795317	0.179196	0.397131	0.71581	1.05768	1.36653	1.64478	1.85202	1.96072	1.99468	1.92236	1.77977	1.5779	1.34896	1.10676	0.881931	0.688531	0.543399	0.457948	0.436655	0.484402	0.594348	0.761665	0.97073	1.20287	1.44276	1.66452	1.84287	1.96317	1.99143	1.92687	1.78173	1.53775	1.24708	0.923729	0.580379	0.293991	0.118647	0.0384948	0.0102019	0.0022455	0.000416807	6.61273e-05	9.07731e-06	1.11354e-06	2.22056e-07	3.90533e-07	1.18042e-06	3.22649e-06	7.81084e-06	1.68334e-05	3.25138e-05	5.67009e-05	8.99363e-05	0.000130603	0.000174584	0.000215777	0.000247428	0.000263854	0.000261976	0.000242147	0.000208061	0.000165752	0.000121981	8.25408e-05	5.10638e-05	2.86855e-05	1.45233e-05	6.57915e-06	2.64964e-06	9.43669e-07	2.96008e-07	8.15507e-08	1.97035e-08	4.17415e-09	7.76163e-10	1.26946e-10	1.83171e-11	2.33999e-12	2.65707e-13	2.6928e-14	2.44576e-15	1.9989e-16	1.47584e-17	9.8805e-19	6.01924e-20	3.34789e-21	1.70536e-22	7.97889e-24	3.43815e-25	1.36793e-26	5.03711e-28	1.72041e-29	5.46144e-31	1.61448e-32	4.45228e-34	1.14732e-35	2.82946e-37	2.82946e-37	
0.144659	0.144659	0.288313	0.567874	0.921958	1.26166	1.56071	1.80772	1.94948	1.9917	1.92236	1.75657	1.51884	1.22265	0.903291	0.591066	0.301891	0.0695755	-0.100057	-0.197948	-0.220443	-0.167999	-0.0391086	0.15718	0.411432	0.711537	1.03297	1.34304	1.62368	1.82971	1.96521	1.98431	1.90629	1.71884	1.4447	1.13045	0.777081	0.438879	0.197867	0.0712985	0.020817	0.0050077	0.0010086	0.000172553	2.54451e-05	3.50544e-06	1.3422e-06	3.27488e-06	9.42406e-06	2.418e-05	5.50881e-05	0.00011219	0.000205842	0.000343034	0.000523264	0.000735508	0.000957977	0.00116143	0.00131522	0.00139433	0.00138531	0.00128969	0.00112363	0.000913802	0.000691145	0.00048384	0.000311689	0.000183487	9.79301e-05	4.70018e-05	2.0133e-05	7.64639e-06	2.5614e-06	7.53888e-07	1.94503e-07	4.39506e-08	8.70295e-09	1.51293e-09	2.31546e-10	3.13076e-11	3.75467e-12	4.0107e-13	3.83207e-14	3.28871e-15	2.54538e-16	1.78356e-17	1.13558e-18	6.59222e-20	3.5005e-21	1.70536e-22	7.64382e-24	3.16042e-25	1.20831e-26	4.28151e-28	1.40902e-29	4.31514e-31	1.23205e-32	3.28523e-34	8.38529e-36	8.38529e-36	
0.234385	0.234385	0.418406	0.742811	1.10912	1.43759	1.7186	1.91501	1.9852	1.94399	1.77977	1.51884	1.17119	0.792748	0.395326	0.0255747	-0.298931	-0.565597	-0.752697	-0.859035	-0.885091	-0.825262	-0.686223	-0.468408	-0.178512	0.170794	0.553177	0.946867	1.31824	1.63396	1.85954	1.97531	1.97052	1.8508	1.61225	1.31099	0.962324	0.594489	0.29559	0.117253	0.0374728	0.00980276	0.00213369	0.000392371	6.22652e-05	1.06281e-05	8.83587e-06	2.42775e-05	6.55581e-05	0.000157161	0.000335594	0.000643519	0.00111802	0.00177552	0.00259829	0.00352794	0.00447021	0.00531033	0.00593456	0.00625256	0.00621637	0.00583149	0.00515558	0.00428535	0.00333659	0.00242162	0.00162849	0.00100748	0.000568665	0.000290237	0.000132777	5.40179e-05	1.9415e-05	6.13393e-06	1.69781e-06	4.11037e-07	8.70397e-08	1.61448e-08	2.63007e-09	3.7759e-10	4.79655e-11	5.41439e-12	5.4548e-13	4.92599e-14	4.00419e-15	2.94158e-16	1.96037e-17	1.18943e-18	6.59222e-20	3.34789e-21	1.5625e-22	6.71979e-24	2.66976e-25	9.8218e-27	3.35321e-28	1.06455e-29	3.14871e-31	8.69231e-33	2.29743e-34	2.29743e-34	
0.344394	0.344394	0.558988	0.908321	1.27077	1.58361	1.83517	1.96928	1.96909	1.84163	1.5779	1.22265	0.792748	0.331405	-0.123079	-0.538989	-0.886819	-1.15101	-1.33438	-1.43593	-1.45847	-1.40421	-1.27043	-1.05723	-0.755854	-0.378451	0.0534519	0.518931	0.969509	1.37567	1.69646	1.90952	1.9844	1.93352	1.74483	1.46384	1.12663	0.746962	0.403498	0.174193	0.06039	0.017054	0.00398714	0.000784595	0.00013571	3.57131e-05	5.71098e-05	0.000156647	0.000393226	0.000876222	0.00174561	0.00313895	0.00514572	0.00776348	0.0108703	0.0142264	0.0175067	0.0203516	0.0224253	0.02347	0.0233514	0.0220851	0.0198326	0.0168715	0.0135472	0.0102166	0.00719169	0.00469045	0.00281001	0.00153145	0.000751772	0.000329312	0.000127688	4.35438e-05	1.30007e-05	3.38976e-06	7.71347e-07	1.53344e-07	2.66977e-08	4.08464e-09	5.514e-10	6.59671e-11	7.02594e-12	6.69196e-13	5.72497e-14	4.41756e-15	3.08673e-16	1.96037e-17	1.13558e-18	6.01924e-20	2.92839e-21	1.3113e-22	5.41877e-24	2.07148e-25	7.34221e-27	2.41801e-28	7.41359e-30	2.12002e-31	5.80552e-33	5.80552e-33	
0.466337	0.466337	0.699063	1.05554	1.40504	1.69937	1.91294	1.98387	1.91242	1.69549	1.34896	0.903291	0.395326	-0.123079	-0.615385	-1.0472	-1.38976	-1.64226	-1.80009	-1.87591	-1.89276	-1.85307	-1.74808	-1.55316	-1.26421	-0.883769	-0.424389	0.0844676	0.60172	1.09284	1.50012	1.80096	1.95652	1.97404	1.84176	1.58848	1.26614	0.886272	0.512312	0.237652	0.0884242	0.0267119	0.00665646	0.00139656	0.000277851	0.000147185	0.00033473	0.000867871	0.00200952	0.00413803	0.00765168	0.0128456	0.0197944	0.0282798	0.0377839	0.0475594	0.0567413	0.0644638	0.0699686	0.0727034	0.0723944	0.0690724	0.0630707	0.0549894	0.045617	0.0358281	0.0264735	0.018263	0.011658	0.00681543	0.00360891	0.0017122	0.000720728	0.000267005	8.65398e-05	2.44494e-05	6.0125e-06	1.28774e-06	2.40735e-07	3.94148e-08	5.67536e-09	7.21985e-10	8.15313e-11	8.21176e-12	7.41073e-13	6.01877e-14	4.41756e-15	2.94158e-16	1.78356e-17	9.8805e-19	5.01682e-20	2.3416e-21	1.00744e-22	4.00542e-24	1.47511e-25	5.04314e-27	1.60386e-28	4.75392e-30	1.34959e-31	1.34959e-31	
0.589722	0.589722	0.828995	1.18012	1.51349	1.78751	1.95728	1.96671	1.8291	1.53244	1.10676	0.591066	0.0255747	-0.538989	-1.0472	-1.46898	-1.78186	-1.97631	-2.07936	-2.12879	-2.14008	-2.11375	-2.04706	-1.91303	-1.66779	-1.3136	-0.85352	-0.31633	0.252448	0.807015	1.28845	1.66929	1.9025	1.98264	1.90575	1.68539	1.38009	1.00648	0.61388	0.302056	0.119236	0.0381408	0.010046	0.00225815	0.000605597	0.000682428	0.00170364	0.00407252	0.00863157	0.0163208	0.0278578	0.0434635	0.0627226	0.0846012	0.107608	0.130047	0.150225	0.166619	0.178004	0.183567	0.182941	0.176169	0.1637	0.146438	0.125678	0.102987	0.0800736	0.0586109	0.040018	0.025214	0.0144837	0.00749124	0.00344797	0.0013981	0.000495598	0.000152806	4.08816e-05	9.49047e-06	1.91542e-06	3.37224e-07	5.2014e-08	7.06245e-09	8.48406e-10	9.06237e-11	8.64942e-12	7.41073e-13	5.72497e-14	4.00419e-15	2.54538e-16	1.47584e-17	7.83102e-19	3.81439e-20	1.71041e-21	7.07939e-23	2.71131e-24	9.6304e-26	3.17917e-27	9.77361e-29	2.87826e-30	2.87826e-30	
0.703971	0.703971	0.941591	1.2811	1.59822	1.84959	1.97611	1.93449	1.73488	1.36937	0.881931	0.301891	-0.298931	-0.886819	-1.38976	-1.78186	-2.03415	-2.15535	-2.16951	-2.13032	-2.11387	-2.14756	-2.17385	-2.12138	-1.95075	-1.64148	-1.20111	-0.657104	-0.0591026	0.542323	1.08806	1.53491	1.83248	1.97023	1.94393	1.75643	1.46892	1.10467	0.702109	0.36188	0.14979	0.0502017	0.0138845	0.00347468	0.00164084	0.00304714	0.00734266	0.0159511	0.0307012	0.0529525	0.0829975	0.119879	0.161578	0.205409	0.248529	0.288309	0.322472	0.349213	0.367284	0.375977	0.375005	0.3644	0.34452	0.316176	0.280729	0.240088	0.196608	0.152976	0.112039	0.0763915	0.0478645	0.027174	0.0137848	0.00617052	0.00241318	0.000818878	0.000240224	6.08774e-05	1.3349e-05	2.54135e-06	4.21943e-07	6.14102e-08	7.87692e-09	8.95231e-10	9.06237e-11	8.21176e-12	6.69196e-13	4.92599e-14	3.28871e-15	1.9989e-16	1.10997e-17	5.64921e-19	2.64318e-20	1.14008e-21	4.54496e-23	1.67861e-24	5.75644e-26	1.83675e-27	5.61492e-29	5.61492e-29	
0.800026	0.800026	1.03199	1.35864	1.66104	1.89003	1.97869	1.89421	1.64411	1.22744	0.688531	0.0695755	-0.565597	-1.15101	-1.64226	-1.97631	-2.15535	-2.18712	-2.09149	-1.97338	-1.938	-2.0154	-2.14119	-2.19154	-2.10007	-1.86419	-1.46015	-0.925732	-0.31472	0.323849	0.915329	1.41272	1.76506	1.94939	1.96421	1.80487	1.53365	1.17961	0.772886	0.412412	0.176944	0.0615162	0.0179187	0.00566939	0.00539978	0.0119182	0.0263021	0.0513521	0.0890691	0.139355	0.199918	0.267007	0.336321	0.403784	0.466126	0.520773	0.565822	0.599992	0.622693	0.633598	0.632383	0.619087	0.594062	0.557655	0.510567	0.454215	0.390626	0.322509	0.253295	0.187172	0.128392	0.0804885	0.0453606	0.0226258	0.00985961	0.00371858	0.00120725	0.000336788	8.08338e-05	1.67487e-05	3.01021e-06	4.71895e-07	6.49015e-08	7.87692e-09	8.48406e-10	8.15313e-11	7.02594e-12	5.4548e-13	3.83207e-14	2.44576e-15	1.4234e-16	7.57993e-18	3.70508e-19	1.66723e-20	6.92515e-22	2.66188e-23	9.49032e-25	3.14522e-26	9.9878e-28	9.9878e-28	
0.871134	0.871134	1.09715	1.41292	1.70228	1.91197	1.97603	1.86195	1.57038	1.1196	0.543399	-0.100057	-0.752697	-1.33438	-1.80009	-2.07936	-2.16951	-2.09149	-1.89112	-1.68647	-1.62552	-1.75767	-1.98117	-2.14153	-2.1536	-1.99306	-1.63169	-1.11263	-0.497543	0.164463	0.783097	1.31918	1.70808	1.92509	1.97484	1.83692	1.57651	1.23091	0.823497	0.450022	0.197982	0.0709229	0.0225441	0.011329	0.0179934	0.0390468	0.077039	0.13397	0.208318	0.295269	0.388669	0.48272	0.572741	0.655522	0.729036	0.791578	0.842198	0.88037	0.905886	0.918295	0.91691	0.901813	0.873748	0.83308	0.780029	0.715198	0.639681	0.555266	0.464135	0.369797	0.2772	0.192282	0.121097	0.0679065	0.0333246	0.0141254	0.00512986	0.00159092	0.000421592	9.57903e-05	1.87574e-05	3.18481e-06	4.71895e-07	6.14102e-08	7.06245e-09	7.21985e-10	6.59671e-11	5.41439e-12	4.0107e-13	2.6928e-14	1.6452e-15	9.17998e-17	4.69383e-18	2.20605e-19	9.55748e-21	3.82695e-22	1.41971e-23	4.89077e-25	1.61453e-26	1.61453e-26	
0.912862	0.912862	1.13475	1.44323	1.72434	1.92397	1.97285	1.83757	1.52836	1.05417	0.457948	-0.197948	-0.859035	-1.43593	-1.87591	-2.12879	-2.13032	-1.97338	-1.68647	-1.35841	-1.2541	-1.4783	-1.81636	-2.05041	-2.15449	-2.06017	-1.7153	-1.22325	-0.597368	0.0661701	0.708558	1.25876	1.67453	1.90938	1.97719	1.85423	1.60046	1.25952	0.85243	0.472213	0.211074	0.0782966	0.0303494	0.027544	0.0530504	0.104662	0.18224	0.281175	0.393017	0.509331	0.624024	0.733199	0.834357	0.926176	1.00704	1.07566	1.13133	1.17386	1.20213	1.21536	1.21389	1.19767	1.16648	1.12126	1.063	0.991836	0.908654	0.814825	0.711943	0.601407	0.486036	0.370056	0.260075	0.164756	0.0919045	0.0442905	0.0182096	0.00634917	0.00187643	0.000471599	0.000101361	1.87574e-05	3.01021e-06	4.21943e-07	5.2014e-08	5.67536e-09	5.514e-10	4.79655e-11	3.75467e-12	2.65707e-13	1.70711e-14	9.99615e-16	5.3538e-17	2.6313e-18	1.19032e-19	4.96991e-21	1.92015e-22	6.88123e-24	2.36333e-25	2.36333e-25	
0.92269	0.92269	1.14351	1.45002	1.72918	1.92742	1.9726	1.82984	1.51791	1.03844	0.436655	-0.220443	-0.885091	-1.45847	-1.89276	-2.14008	-2.11387	-1.938	-1.62552	-1.2541	-1.13446	-1.39248	-1.76981	-2.02094	-2.1497	-2.07548	-1.73066	-1.24952	-0.618781	0.0422442	0.693038	1.24367	1.66891	1.90579	1.97578	1.85784	1.60626	1.2662	0.85922	0.477873	0.216009	0.0860992	0.0487156	0.0685659	0.130373	0.226906	0.347868	0.480501	0.61536	0.74798	0.876068	0.997401	1.1097	1.21111	1.29878	1.37256	1.43137	1.47545	1.50371	1.51598	1.51464	1.49941	1.46793	1.42081	1.359	1.28234	1.19184	1.08798	0.973746	0.850857	0.721677	0.588417	0.45352	0.322303	0.204924	0.113311	0.0533755	0.021182	0.00706086	0.00198239	0.000471599	9.57903e-05	1.67487e-05	2.54135e-06	3.37224e-07	3.94148e-08	4.08464e-09	3.7759e-10	3.13076e-11	2.33999e-12	1.58379e-13	9.74784e-15	5.4764e-16	2.81819e-17	1.33266e-18	5.80788e-20	2.33904e-21	8.7272e-23	3.12081e-24	3.12081e-24	
0.899987	0.899987	1.1232	1.43388	1.71742	1.92021	1.97424	1.84572	1.541	1.0747	0.484402	-0.167999	-0.825262	-1.40421	-1.85307	-2.11375	-2.14756	-2.0154	-1.75767	-1.4783	-1.39248	-1.58091	-1.87406	-2.0836	-2.15718	-2.03887	-1.69071	-1.18779	-0.566942	0.0967154	0.73085	1.27817	1.68474	1.91474	1.97689	1.84876	1.5931	1.25094	0.84409	0.467677	0.215493	0.101559	0.091336	0.152085	0.261919	0.400414	0.54963	0.700681	0.851816	1.00106	1.1442	1.27667	1.39564	1.4989	1.58567	1.65674	1.71247	1.75227	1.77841	1.79121	1.7898	1.77432	1.74549	1.70261	1.6437	1.56958	1.4795	1.37304	1.25111	1.11632	0.971496	0.821633	0.670359	0.519413	0.371128	0.235391	0.128097	0.0585375	0.0222724	0.00706086	0.00187643	0.000421592	8.08338e-05	1.3349e-05	1.91542e-06	2.40735e-07	2.66977e-08	2.63007e-09	2.31546e-10	1.83171e-11	1.30849e-12	8.47866e-14	5.00377e-15	2.69958e-16	1.33597e-17	6.08346e-19	2.55623e-20	9.93806e-22	3.7032e-23	3.7032e-23	
0.846134	0.846134	1.0744	1.39403	1.68799	1.9046	1.9773	1.87375	1.59685	1.15838	0.594348	-0.0391086	-0.686223	-1.27043	-1.74808	-2.04706	-2.17385	-2.14119	-1.98117	-1.81636	-1.76981	-1.87406	-2.05436	-2.1739	-2.1419	-1.95143	-1.57423	-1.04644	-0.432614	0.221669	0.829287	1.35248	1.72875	1.93414	1.97149	1.82597	1.56194	1.21371	0.807935	0.444873	0.21671	0.137278	0.173218	0.284589	0.434625	0.597175	0.764024	0.935089	1.10574	1.26769	1.41582	1.54708	1.66199	1.7587	1.84006	1.90412	1.9547	1.99025	2.01298	2.02518	2.02384	2.00932	1.98422	1.94572	1.89242	1.82515	1.74058	1.64051	1.5221	1.38756	1.23632	1.07212	0.900778	0.730183	0.564124	0.40179	0.251721	0.133372	0.0585375	0.021182	0.00634917	0.00159092	0.000336788	6.08774e-05	9.49047e-06	1.28774e-06	1.53344e-07	1.61448e-08	1.51293e-09	1.26946e-10	9.58897e-12	6.55216e-13	4.06782e-14	2.30374e-15	1.19447e-16	5.68882e-18	2.49626e-19	1.01206e-20	3.93281e-22	3.93281e-22	
0.764403	0.764403	0.998837	1.33042	1.63844	1.87619	1.97843	1.90982	1.67946	1.27987	0.761665	0.15718	-0.468408	-1.05723	-1.55316	-1.91303	-2.12138	-2.19154	-2.14153	-2.05041	-2.02094	-2.0836	-2.1739	-2.18006	-2.05305	-1.78921	-1.36734	-0.830394	-0.219552	0.406089	0.980911	1.4582	1.79077	1.95902	1.95783	1.78768	1.51083	1.15418	0.753609	0.416487	0.231308	0.206165	0.297743	0.45013	0.622665	0.804506	0.994971	1.18394	1.36036	1.52112	1.66528	1.79111	1.89864	1.98609	2.05592	2.10916	2.14759	2.17486	2.18998	2.19617	2.19554	2.18776	2.17035	2.14083	2.09981	2.04327	1.9702	1.87868	1.76751	1.63778	1.49038	1.32613	1.14707	0.95656	0.767058	0.586604	0.412187	0.251721	0.128097	0.0533755	0.0182096	0.00512986	0.00120725	0.000240224	4.08816e-05	6.0125e-06	7.71347e-07	8.70397e-08	8.70295e-09	7.76163e-10	6.21052e-11	4.48207e-12	2.93131e-13	1.74476e-14	9.48816e-16	4.73079e-17	2.16963e-18	9.17992e-20	3.72292e-21	3.72292e-21	
0.660124	0.660124	0.899115	1.24357	1.56692	1.82744	1.97104	1.94876	1.77219	1.43338	0.97073	0.411432	-0.178512	-0.755854	-1.26421	-1.66779	-1.95075	-2.10007	-2.1536	-2.15449	-2.1497	-2.15718	-2.1419	-2.05305	-1.85412	-1.5207	-1.07293	-0.528604	0.0560676	0.644838	1.16703	1.58851	1.86065	1.97638	1.9315	1.7313	1.43747	1.0731	0.686784	0.393167	0.271185	0.311294	0.450155	0.626944	0.820472	1.02764	1.23162	1.42132	1.5964	1.75515	1.89088	2.00393	2.09281	2.16135	2.21058	2.24604	2.26889	2.28254	2.29145	2.29638	2.29583	2.28993	2.28024	2.26521	2.23996	2.20201	2.1493	2.07672	1.98331	1.86545	1.72514	1.56253	1.38434	1.19205	0.985465	0.779604	0.586604	0.40179	0.235391	0.113311	0.0442905	0.0141254	0.00371858	0.000818878	0.000152806	2.44494e-05	3.38976e-06	4.11037e-07	4.39506e-08	4.17415e-09	3.5439e-10	2.70515e-11	1.86604e-12	1.16861e-13	6.67176e-15	3.48549e-16	1.67196e-17	7.38762e-19	3.12881e-20	3.12881e-20	
0.541022	0.541022	0.778862	1.1331	1.47303	1.75555	1.94276	1.97579	1.86523	1.59933	1.20287	0.711537	0.170794	-0.378451	-0.883769	-1.3136	-1.64148	-1.86419	-1.99306	-2.06017	-2.07548	-2.03887	-1.95143	-1.78921	-1.5207	-1.15204	-0.690105	-0.159611	0.389363	0.917291	1.37411	1.72396	1.92652	1.98272	1.884	1.65044	1.34077	0.973763	0.616106	0.386295	0.341241	0.441876	0.612369	0.811365	1.03088	1.2491	1.45274	1.64449	1.815	1.95824	2.07372	2.16383	2.22942	2.27308	2.29932	2.31063	2.31379	2.31206	2.30682	2.30327	2.30369	2.30779	2.31276	2.31361	2.30924	2.29544	2.26581	2.21825	2.14767	2.05287	1.93169	1.7833	1.6074	1.41298	1.2068	0.985465	0.767058	0.564124	0.371128	0.204924	0.0919045	0.0333246	0.00985961	0.00241318	0.000495598	8.65398e-05	1.30007e-05	1.69781e-06	1.94503e-07	1.97035e-08	1.77744e-09	1.43674e-10	1.04641e-11	6.90102e-13	4.13946e-14	2.26743e-15	1.13832e-16	5.25524e-18	2.32555e-19	2.32555e-19	
0.416899	0.416899	0.643881	0.999214	1.35436	1.6564	1.88644	1.98264	1.9389	1.75736	1.44276	1.03297	0.553177	0.0534519	-0.424389	-0.85352	-1.20111	-1.46015	-1.63169	-1.7153	-1.73066	-1.69071	-1.57423	-1.36734	-1.07293	-0.690105	-0.237935	0.253821	0.749736	1.20888	1.58081	1.84936	1.97176	1.96178	1.80759	1.54403	1.22156	0.861284	0.551731	0.403408	0.436287	0.58338	0.779416	1.00485	1.23764	1.45562	1.66327	1.84463	1.99598	2.11883	2.21068	2.27133	2.30451	2.31466	2.30727	2.29048	2.26678	2.24461	2.22932	2.22197	2.22277	2.23168	2.24858	2.2717	2.29452	2.30967	2.31432	2.29975	2.26171	2.19483	2.09703	1.96771	1.81127	1.62305	1.41298	1.19205	0.95656	0.730183	0.519413	0.322303	0.164756	0.0679065	0.0226258	0.00617052	0.0013981	0.000267005	4.35438e-05	6.13393e-06	7.53888e-07	8.15507e-08	7.82403e-09	6.70263e-10	5.15781e-11	3.58426e-12	2.26002e-13	1.29856e-14	6.82527e-16	3.29336e-17	1.52327e-18	1.52327e-18	
0.298527	0.298527	0.502326	0.843948	1.2093	1.52875	1.79313	1.95299	1.98179	1.88925	1.66452	1.34304	0.946867	0.518931	0.0844676	-0.31633	-0.657104	-0.925732	-1.11263	-1.22325	-1.24952	-1.18779	-1.04644	-0.830394	-0.528604	-0.159611	0.253821	0.69428	1.11056	1.48193	1.76826	1.94211	1.98425	1.90644	1.69738	1.41066	1.08151	0.743267	0.503245	0.445551	0.546386	0.728961	0.952235	1.1966	1.43011	1.6508	1.84737	2.00997	2.14286	2.2352	2.29053	2.31449	2.30828	2.28017	2.23617	2.18318	2.13135	2.08552	2.04965	2.03124	2.03329	2.05551	2.09408	2.14138	2.19394	2.24603	2.28714	2.31171	2.31226	2.28243	2.21949	2.11974	1.97906	1.81127	1.6074	1.38434	1.14707	0.900778	0.670359	0.45352	0.260075	0.121097	0.0453606	0.0137848	0.00344797	0.000720728	0.000127688	1.9415e-05	2.5614e-06	2.96008e-07	3.02152e-08	2.74414e-09	2.23169e-10	1.63448e-11	1.08353e-12	6.53126e-14	3.59435e-15	1.8128e-16	8.76453e-18	8.76453e-18	
0.195807	0.195807	0.3646	0.673319	1.03689	1.37068	1.6606	1.87871	1.97769	1.97124	1.84287	1.62368	1.31824	0.969509	0.60172	0.252448	-0.0591026	-0.31472	-0.497543	-0.597368	-0.618781	-0.566942	-0.432614	-0.219552	0.0560676	0.389363	0.749736	1.11056	1.45061	1.72096	1.90805	1.98784	1.95205	1.80428	1.55145	1.2519	0.92475	0.629401	0.477595	0.50898	0.664247	0.87789	1.1254	1.37546	1.60841	1.82343	2.00085	2.14513	2.24146	2.30085	2.31642	2.29498	2.24372	2.16817	2.07941	1.98818	1.90022	1.8274	1.77819	1.7548	1.75738	1.78591	1.84024	1.91702	2.00639	2.09759	2.18487	2.25622	2.30225	2.31603	2.29227	2.22524	2.11974	1.96771	1.7833	1.56253	1.32613	1.07212	0.821633	0.588417	0.370056	0.192282	0.0804885	0.027174	0.00749124	0.0017122	0.000329312	5.40179e-05	7.64639e-06	9.43669e-07	1.02449e-07	9.86069e-09	8.47229e-10	6.53761e-11	4.55511e-12	2.87959e-13	1.65878e-14	8.74177e-16	4.41684e-17	4.41684e-17	
0.11566	0.11566	0.241751	0.498244	0.841044	1.18293	1.48691	1.74989	1.91837	1.98893	1.96317	1.82971	1.63396	1.37567	1.09284	0.807015	0.542323	0.323849	0.164463	0.0661701	0.0422442	0.0967154	0.221669	0.406089	0.644838	0.917291	1.20888	1.48193	1.72096	1.8903	1.98814	1.96936	1.86376	1.65314	1.37398	1.06947	0.758322	0.53113	0.478635	0.588654	0.786394	1.02754	1.28954	1.53854	1.76955	1.96791	2.12536	2.23755	2.30179	2.31535	2.28454	2.21284	2.10933	1.98425	1.84715	1.70873	1.58385	1.4813	1.4058	1.36768	1.37193	1.41808	1.4999	1.60728	1.73574	1.87521	2.01058	2.13253	2.22929	2.29363	2.31703	2.29227	2.21949	2.09703	1.93169	1.72514	1.49038	1.23632	0.971496	0.721677	0.486036	0.2772	0.128392	0.0478645	0.0144837	0.00360891	0.000751772	0.000132777	2.0133e-05	2.64964e-06	3.05553e-07	3.11323e-08	2.82305e-09	2.29295e-10	1.67767e-11	1.11136e-12	6.69588e-14	3.68452e-15	1.94419e-16	1.94419e-16	
0.0604342	0.0604342	0.143308	0.33385	0.63087	0.968803	1.28032	1.56386	1.79565	1.93	1.99143	1.96521	1.85954	1.69646	1.50012	1.28845	1.08806	0.915329	0.783097	0.708558	0.693038	0.73085	0.829287	0.980911	1.16703	1.37411	1.58081	1.76826	1.90805	1.98814	1.97456	1.88695	1.71463	1.45581	1.16932	0.866779	0.595251	0.460549	0.5068	0.679443	0.9098	1.17246	1.43971	1.6854	1.90689	2.08436	2.21739	2.29294	2.31591	2.28331	2.20084	2.07435	1.91386	1.73162	1.54063	1.35629	1.1886	1.05021	0.955055	0.910084	0.915042	0.970085	1.07476	1.22035	1.39212	1.57889	1.76957	1.94722	2.10234	2.22208	2.29363	2.31603	2.28243	2.19483	2.05287	1.86545	1.63778	1.38756	1.11632	0.850857	0.601407	0.369797	0.187172	0.0763915	0.025214	0.00681543	0.00153145	0.000290237	4.70018e-05	6.57915e-06	8.04021e-07	8.6537e-08	8.26599e-09	7.05458e-10	5.41149e-11	3.75088e-12	2.36037e-13	1.35442e-14	7.45473e-16	7.45473e-16	
0.0274853	0.0274853	0.0743241	0.197187	0.424285	0.732575	1.04864	1.33486	1.59952	1.8051	1.92687	1.98431	1.97531	1.90952	1.80096	1.66929	1.53491	1.41272	1.31918	1.25876	1.24367	1.27817	1.35248	1.4582	1.58851	1.72396	1.84936	1.94211	1.98783	1.96934	1.8869	1.73477	1.49814	1.22692	0.941127	0.654197	0.454956	0.426683	0.558323	0.775963	1.03096	1.30764	1.57325	1.8135	2.02048	2.1749	2.27673	2.3155	2.29214	2.20849	2.07049	1.88602	1.66697	1.42407	1.17779	0.937559	0.723995	0.554272	0.436775	0.378198	0.384797	0.45573	0.584234	0.763735	0.984289	1.22704	1.47289	1.71326	1.92638	2.10234	2.22929	2.30225	2.31226	2.26171	2.14767	1.98331	1.76751	1.5221	1.25111	0.973746	0.711943	0.464135	0.253295	0.112039	0.040018	0.011658	0.00281001	0.000568665	9.79301e-05	1.45233e-05	1.87431e-06	2.12423e-07	2.13115e-08	1.90601e-09	1.52907e-10	1.1064e-11	7.2563e-13	4.33323e-14	2.48304e-15	2.48304e-15	
0.0107482	0.0107482	0.0331288	0.100206	0.247568	0.491312	0.791715	1.08307	1.34776	1.59061	1.78173	1.90629	1.97052	1.9844	1.95652	1.9025	1.83248	1.76506	1.70808	1.67453	1.66891	1.68474	1.72875	1.79077	1.86065	1.92651	1.97175	1.98422	1.95198	1.86358	1.71426	1.49761	1.24502	0.976895	0.693256	0.455667	0.357496	0.430635	0.625629	0.872955	1.14579	1.42898	1.69011	1.92267	2.10931	2.23981	2.30747	2.30613	2.2365	2.10011	1.90424	1.66021	1.37829	1.07654	0.767512	0.473829	0.214317	-0.00070886	-0.154941	-0.231999	-0.223323	-0.129914	0.0379636	0.263217	0.530277	0.828837	1.13804	1.43612	1.71326	1.94722	2.13253	2.25622	2.31171	2.29975	2.21825	2.07672	1.87868	1.64051	1.37304	1.08798	0.814825	0.555266	0.322509	0.152976	0.0586109	0.018263	0.00469045	0.00100748	0.000183487	2.86855e-05	3.89134e-06	4.62404e-07	4.8531e-08	4.53156e-09	3.78872e-10	2.85251e-11	1.94381e-12	1.20452e-13	7.16561e-15	7.16561e-15	
0.00358873	0.00358873	0.0125472	0.0430799	0.122117	0.280801	0.523176	0.80543	1.07473	1.31845	1.53775	1.71884	1.8508	1.93352	1.97404	1.98264	1.97023	1.94939	1.92509	1.90938	1.90579	1.91474	1.93414	1.95902	1.97637	1.9827	1.96172	1.90625	1.80382	1.6521	1.45379	1.22357	0.972867	0.70174	0.451655	0.303771	0.311727	0.463973	0.699505	0.965489	1.25035	1.53451	1.78928	2.01078	2.17749	2.28192	2.31441	2.27337	2.15513	1.96768	1.71421	1.40836	1.06658	0.700101	0.332409	-0.0166	-0.332876	-0.591104	-0.767595	-0.852083	-0.842638	-0.739475	-0.545507	-0.273267	0.0513772	0.404406	0.774159	1.13804	1.47289	1.76957	2.01058	2.18487	2.28714	2.31432	2.26581	2.1493	1.9702	1.74058	1.4795	1.19184	0.908654	0.639681	0.390626	0.196608	0.0800736	0.0264735	0.00719169	0.00162849	0.000311689	5.10638e-05	7.24093e-06	8.97417e-07	9.8043e-08	9.5129e-09	8.25185e-10	6.43687e-11	4.5389e-12	2.9072e-13	1.78855e-14	1.78855e-14	
0.00102106	0.00102106	0.00401955	0.0155457	0.0502086	0.133254	0.288975	0.515077	0.773548	1.02278	1.24708	1.4447	1.61225	1.74483	1.84176	1.90575	1.94393	1.96421	1.97484	1.97719	1.97578	1.97689	1.97149	1.95783	1.93147	1.88388	1.80721	1.69638	1.54911	1.36916	1.16045	0.926642	0.673086	0.431401	0.262011	0.216315	0.309234	0.513009	0.77169	1.04933	1.3415	1.6236	1.87233	2.08079	2.2258	2.30525	2.30313	2.22316	2.05909	1.82129	1.51292	1.15052	0.744936	0.319124	-0.108609	-0.522312	-0.890559	-1.1838	-1.38571	-1.48496	-1.47374	-1.3531	-1.13205	-0.822234	-0.441925	-0.0234564	0.404406	0.828837	1.22704	1.57889	1.87521	2.09759	2.24603	2.30967	2.29544	2.20201	2.04327	1.82515	1.56958	1.28234	0.991836	0.715198	0.454215	0.240088	0.102987	0.0358281	0.0102166	0.00242162	0.00048384	8.25408e-05	1.21606e-05	1.5628e-06	1.76732e-07	1.77226e-08	1.58666e-09	1.27583e-10	9.26349e-12	6.10353e-13	3.8644e-14	3.8644e-14	
0.000248045	0.000248045	0.00109022	0.00470711	0.0171522	0.0520144	0.130384	0.270173	0.468221	0.69679	0.923729	1.13045	1.31099	1.46384	1.58848	1.68539	1.75643	1.80487	1.83692	1.85423	1.85784	1.84876	1.82596	1.78762	1.73108	1.64975	1.54212	1.40603	1.24205	1.0508	0.834955	0.605137	0.387886	0.223808	0.149044	0.184145	0.331721	0.565105	0.836371	1.12171	1.41824	1.69658	1.93783	2.13343	2.25983	2.31312	2.28133	2.16319	1.95906	1.67198	1.31606	0.896349	0.435878	-0.0468423	-0.540073	-1.01207	-1.43325	-1.78546	-2.04374	-2.176	-2.16094	-2.0011	-1.72145	-1.35397	-0.92117	-0.441925	0.0513772	0.530277	0.984289	1.39212	1.73574	2.00639	2.19394	2.29452	2.30924	2.23996	2.09981	1.89242	1.6437	1.359	1.063	0.780029	0.510567	0.280729	0.125678	0.045617	0.0135472	0.00333659	0.000691145	0.000121981	1.85568e-05	2.4583e-06	2.86133e-07	2.94923e-08	2.71058e-09	2.23505e-10	1.66247e-11	1.12114e-12	7.26752e-14	7.26752e-14	
5.16853e-05	5.16853e-05	0.000251512	0.00120147	0.00488845	0.0167376	0.0479029	0.114339	0.228821	0.389958	0.580379	0.777081	0.962324	1.12663	1.26614	1.38009	1.46892	1.53365	1.57651	1.60046	1.60626	1.59308	1.56185	1.5105	1.43635	1.33752	1.21343	1.06372	0.890421	0.699056	0.502498	0.321977	0.182522	0.1041	0.100099	0.184018	0.362333	0.611988	0.890232	1.18078	1.47949	1.75424	1.98957	2.17165	2.28104	2.31283	2.2524	2.10401	1.86147	1.53568	1.13389	0.666719	0.15818	-0.383208	-0.93026	-1.45721	-1.95423	-2.39403	-2.7241	-2.89332	-2.8741	-2.66956	-2.31292	-1.85799	-1.35397	-0.822234	-0.273267	0.263217	0.763735	1.22035	1.60728	1.91702	2.14138	2.2717	2.31361	2.26521	2.14083	1.94572	1.70261	1.42081	1.12126	0.83308	0.557655	0.316176	0.146438	0.0549894	0.0168715	0.00428535	0.000913802	0.000165752	2.5877e-05	3.51334e-06	4.18619e-07	4.41238e-08	4.14315e-09	3.48733e-10	2.64581e-11	1.81868e-12	1.20197e-13	1.20197e-13	
9.29374e-06	9.29374e-06	4.96798e-05	0.000260398	0.00117156	0.00447706	0.0144396	0.0391786	0.0896135	0.174435	0.293991	0.438879	0.594489	0.746962	0.886272	1.00648	1.10467	1.17961	1.23091	1.25951	1.26617	1.25083	1.21325	1.15255	1.06817	0.960979	0.832617	0.687114	0.531948	0.378819	0.242658	0.137565	0.072442	0.0522084	0.0867786	0.195658	0.390592	0.649236	0.931495	1.22616	1.52631	1.79649	2.02621	2.19908	2.29339	2.30784	2.22531	2.05083	1.77932	1.42089	0.981208	0.479479	-0.077103	-0.663038	-1.24911	-1.84042	-2.42798	-2.95406	-3.34327	-3.53963	-3.51746	-3.27951	-2.85747	-2.31292	-1.72145	-1.13205	-0.545507	0.0379636	0.584234	1.07476	1.4999	1.84024	2.09408	2.24858	2.31276	2.28024	2.17035	1.98422	1.74549	1.46793	1.16648	0.873748	0.594062	0.34452	0.1637	0.0630707	0.0198326	0.00515558	0.00112363	0.000208061	3.31264e-05	4.58294e-06	5.5604e-07	5.96451e-08	5.69693e-09	4.87572e-10	3.76007e-11	2.62643e-12	1.76498e-13	1.76498e-13	
1.45179e-06	1.45179e-06	8.4648e-06	4.83236e-05	0.000238335	0.00100612	0.00361342	0.0109997	0.028388	0.0624711	0.118647	0.197867	0.29559	0.403498	0.512312	0.61388	0.702109	0.772885	0.823492	0.852404	0.859088	0.843519	0.805816	0.746909	0.668746	0.574585	0.46924	0.359707	0.254734	0.163587	0.0936071	0.0481324	0.0275336	0.0353861	0.0868193	0.207536	0.411395	0.674944	0.959687	1.25749	1.55813	1.82499	2.05034	2.21454	2.30071	2.30011	2.20471	2.00858	1.7208	1.33356	0.873346	0.343592	-0.251918	-0.861194	-1.4792	-2.13501	-2.7993	-3.38629	-3.81176	-4.0234	-3.99959	-3.74259	-3.27951	-2.66956	-2.0011	-1.3531	-0.739475	-0.129914	0.45573	0.970085	1.41808	1.78591	2.05551	2.23168	2.30779	2.28993	2.18776	2.00932	1.77432	1.49941	1.19767	0.901813	0.619087	0.3644	0.176169	0.0690724	0.0220851	0.00583149	0.00128969	0.000242147	3.9069e-05	5.47515e-06	6.7273e-07	7.30684e-08	7.06634e-09	6.12349e-10	4.78186e-11	3.38268e-12	2.30406e-13	2.30406e-13	
1.98364e-07	1.98364e-07	1.25363e-06	7.74427e-06	4.1556e-05	0.000192073	0.000760252	0.00256663	0.00738314	0.0181565	0.0384948	0.0712985	0.117253	0.174193	0.237652	0.302056	0.36188	0.412408	0.449997	0.472076	0.477242	0.465209	0.436689	0.393552	0.338803	0.276517	0.211795	0.150302	0.0973248	0.056583	0.0293221	0.0147933	0.0131809	0.0313707	0.0889463	0.214649	0.422631	0.688484	0.974843	1.27446	1.57366	1.83877	2.06447	2.22142	2.30463	2.29528	2.193	1.98497	1.68937	1.28425	0.816351	0.267764	-0.348223	-0.966394	-1.60617	-2.30402	-3.0117	-3.62912	-4.07116	-4.28946	-4.26494	-3.99959	-3.51746	-2.8741	-2.16094	-1.47374	-0.842638	-0.223323	0.384797	0.915042	1.37193	1.75738	2.03329	2.22277	2.30369	2.29583	2.19554	2.02384	1.7898	1.51464	1.21389	0.91691	0.632383	0.375005	0.182941	0.0723944	0.0233514	0.00621637	0.00138531	0.000261976	4.25622e-05	6.00538e-06	7.42894e-07	8.12421e-08	7.91153e-09	6.9047e-10	5.43122e-11	3.87081e-12	2.65792e-13	2.65792e-13	
2.38633e-08	2.38633e-08	1.62569e-07	1.08061e-06	6.26792e-06	3.14799e-05	0.000136128	0.000504679	0.00160106	0.00435304	0.0102019	0.020817	0.0374728	0.06039	0.0884241	0.119236	0.149786	0.176921	0.197853	0.21045	0.213432	0.206499	0.190356	0.166637	0.137768	0.106725	0.0766854	0.050477	0.0300163	0.015937	0.00774605	0.004894	0.0093322	0.0302129	0.088936	0.215256	0.423645	0.689719	0.97627	1.27604	1.57491	1.83982	2.06586	2.22207	2.30509	2.29496	2.19203	1.98292	1.68661	1.27975	0.811175	0.260676	-0.357074	-0.975957	-1.618	-2.31999	-3.03166	-3.65174	-4.09519	-4.31404	-4.28946	-4.0234	-3.53963	-2.89332	-2.176	-1.48496	-0.852083	-0.231999	0.378198	0.910084	1.36768	1.7548	2.03124	2.22197	2.30327	2.29638	2.19617	2.02518	1.79121	1.51598	1.21536	0.918295	0.633598	0.375977	0.183567	0.0727034	0.02347	0.00625256	0.00139433	0.000263854	4.28942e-05	6.05598e-06	7.49618e-07	8.2029e-08	7.99329e-09	6.98068e-10	5.49473e-11	3.91882e-12	2.69294e-13	2.69294e-13	
