0.00015264	0.00015264	0.000593856	0.00235822	0.00814664	0.0242308	0.0619402	0.136431	0.261046	0.440012	0.665353	0.920023	1.18372	1.43779	1.66817	1.86632	2.02819	2.1524	2.23848	2.28677	2.29785	2.27192	2.20864	2.10739	1.96805	1.79141	1.57964	1.33848	1.07857	0.816074	0.570771	0.362307	0.204798	0.101393	0.0434537	0.016023	0.00507796	0.00138661	0.00032779	6.7479e-05	1.21738e-05	1.93701e-06	2.73492e-07	3.44648e-08	3.89733e-09	3.97453e-10	3.67368e-11	3.15388e-12	4.85695e-13	8.31964e-13	2.36859e-12	6.09385e-12	1.39203e-11	2.82915e-11	5.13623e-11	8.37144e-11	1.23086e-10	1.63792e-10	1.97529e-10	2.15887e-10	2.13761e-10	1.91755e-10	1.55885e-10	1.14815e-10	7.64819e-11	4.59065e-11	2.47029e-11	1.18582e-11	5.05926e-12	1.91441e-12	6.41951e-13	1.90768e-13	5.027e-14	1.17585e-14	2.44478e-15	4.52632e-16	7.47842e-17	1.10542e-17	1.46598e-18	1.74956e-19	1.885e-20	1.83939e-21	1.63086e-22	1.31797e-23	9.73801e-25	6.59755e-26	4.11016e-27	2.36074e-28	1.25326e-29	6.16402e-31	2.81502e-32	1.1962e-33	4.73891e-35	1.75352e-36	6.07085e-38	1.96971e-39	5.99834e-41	1.71698e-42	4.74305e-44	4.74305e-44	
0.00015264	0.00015264	0.000593856	0.00235822	0.00814664	0.0242308	0.0619402	0.136431	0.261046	0.440012	0.665353	0.920023	1.18372	1.43779	1.66817	1.86632	2.02819	2.1524	2.23848	2.28677	2.29785	2.27192	2.20864	2.10739	1.96805	1.79141	1.57964	1.33848	1.07857	0.816074	0.570771	0.362307	0.204798	0.101393	0.0434537	0.016023	0.00507796	0.00138661	0.00032779	6.7479e-05	1.21738e-05	1.93701e-06	2.73492e-07	3.44648e-08	3.89733e-09	3.97453e-10	3.67368e-11	3.15388e-12	4.85695e-13	8.31964e-13	2.36859e-12	6.09385e-12	1.39203e-11	2.82915e-11	5.13623e-11	8.37144e-11	1.23086e-10	1.63792e-10	1.97529e-10	2.15887e-10	2.13761e-10	1.91755e-10	1.55885e-10	1.14815e-10	7.64819e-11	4.59065e-11	2.47029e-11	1.18582e-11	5.05926e-12	1.91441e-12	6.41951e-13	1.90768e-13	5.027e-14	1.17585e-14	2.44478e-15	4.52632e-16	7.47842e-17	1.10542e-17	1.46598e-18	1.74956e-19	1.885e-20	1.83939e-21	1.63086e-22	1.31797e-23	9.73801e-25	6.59755e-26	4.11016e-27	2.36074e-28	1.25326e-29	6.16402e-31	2.81502e-32	1.1962e-33	4.73891e-35	1.75352e-36	6.07085e-38	1.96971e-39	5.99834e-41	1.71698e-42	4.74305e-44	4.74305e-44	
0.000593856	0.000593856	0.00206895	0.00737033	0.0226634	0.059435	0.132877	0.254879	0.425718	0.63315	0.859783	1.08995	1.31181	1.51701	1.70021	1.85799	1.98773	2.08745	2.15625	2.19499	2.20399	2.18299	2.13225	2.05116	1.9393	1.7981	1.62979	1.43726	1.22464	0.99824	0.767897	0.546911	0.35212	0.200005	0.0982964	0.0413222	0.0148009	0.00452444	0.00118626	0.000268547	5.28749e-05	9.12073e-06	1.388e-06	1.87572e-07	2.26453e-08	2.45602e-09	2.40723e-10	2.22877e-11	5.01271e-12	1.04451e-11	2.87738e-11	7.12719e-11	1.57251e-10	3.09937e-10	5.48065e-10	8.73801e-10	1.26172e-09	1.65526e-09	1.97648e-09	2.14951e-09	2.12953e-09	1.92178e-09	1.57936e-09	1.1809e-09	8.01673e-10	4.92369e-10	2.72295e-10	1.34925e-10	5.96567e-11	2.34698e-11	8.20239e-12	2.54478e-12	7.00847e-13	1.71426e-13	3.72763e-14	7.21637e-15	1.24613e-15	1.92389e-16	2.66278e-17	3.31372e-18	3.71944e-19	3.77758e-20	3.48277e-21	2.92406e-22	2.24254e-23	1.57571e-24	1.01724e-25	6.05001e-27	3.32337e-28	1.69019e-29	7.9765e-31	3.50052e-32	1.43142e-33	5.46426e-35	1.95071e-36	6.52333e-38	2.04663e-39	6.03319e-41	1.71698e-42	1.71698e-42	
0.00235822	0.00235822	0.00737033	0.023569	0.0645107	0.148997	0.29072	0.484689	0.706764	0.930425	1.14021	1.33033	1.49936	1.64729	1.77457	1.88046	1.96413	2.02525	2.06658	2.08972	2.09517	2.08271	2.05223	2.00311	1.93327	1.84059	1.72615	1.59045	1.4342	1.25662	1.05825	0.841918	0.616268	0.401954	0.226998	0.108962	0.044129	0.0150899	0.00438073	0.00108806	0.000233173	4.34777e-05	7.11004e-06	1.02728e-06	1.32019e-07	1.51839e-08	1.57462e-09	1.59545e-10	5.47856e-11	1.28325e-10	3.41262e-10	8.14525e-10	1.73743e-09	3.32381e-09	5.72917e-09	8.94091e-09	1.2687e-08	1.64211e-08	1.9427e-08	2.10321e-08	2.08471e-08	1.89176e-08	1.57055e-08	1.19127e-08	8.23625e-09	5.17258e-09	2.93756e-09	1.50116e-09	6.87189e-10	2.80822e-10	1.02203e-10	3.30799e-11	9.51566e-12	2.43261e-12	5.52968e-13	1.11891e-13	2.01866e-14	3.25413e-15	4.69908e-16	6.09592e-17	7.12607e-18	7.5306e-19	7.21733e-20	6.29327e-21	5.00821e-22	3.64838e-23	2.43994e-24	1.50213e-25	8.53517e-27	4.487e-28	2.18746e-29	9.91083e-31	4.18167e-32	1.64623e-33	6.05784e-35	2.0872e-36	6.74402e-38	2.04663e-39	5.99834e-41	5.99834e-41	
0.00814664	0.00814664	0.0226634	0.0645107	0.155896	0.31488	0.534757	0.780548	1.01611	1.22707	1.4116	1.56819	1.69542	1.79367	1.86523	1.91246	1.94066	1.95556	1.96469	1.96832	1.96848	1.96758	1.96183	1.95046	1.93115	1.89597	1.8397	1.75775	1.64801	1.50917	1.34089	1.14572	0.924449	0.681473	0.441021	0.242858	0.112038	0.0431874	0.0139799	0.00383268	0.000898575	0.000181902	3.20839e-05	4.97172e-06	6.81961e-07	8.33743e-08	9.17909e-09	1.05597e-09	5.77125e-10	1.43777e-09	3.67899e-09	8.44903e-09	1.74017e-08	3.22771e-08	5.41784e-08	8.26943e-08	1.1525e-07	1.47132e-07	1.72455e-07	1.85864e-07	1.84323e-07	1.68182e-07	1.41061e-07	1.08574e-07	7.64974e-08	4.91669e-08	2.87021e-08	1.51435e-08	7.18644e-09	3.05497e-09	1.15972e-09	3.92294e-10	1.18087e-10	3.16121e-11	7.52645e-12	1.59485e-12	3.01174e-13	5.07824e-14	7.66375e-15	1.03801e-15	1.26562e-16	1.39355e-17	1.39014e-18	1.26041e-19	1.04194e-20	7.87743e-22	5.4626e-23	3.48418e-24	2.04943e-25	1.11451e-26	5.61662e-28	2.62885e-29	1.14515e-30	4.65176e-32	1.76533e-33	6.26959e-35	2.0872e-36	6.52333e-38	1.96971e-39	1.96971e-39	
0.0242308	0.0242308	0.059435	0.148997	0.31488	0.552782	0.820152	1.07091	1.29322	1.48932	1.64994	1.76726	1.83991	1.87405	1.87694	1.85902	1.83043	1.80173	1.77678	1.76029	1.75542	1.76525	1.78596	1.81304	1.842	1.86804	1.87858	1.86492	1.81579	1.72605	1.59094	1.4144	1.20774	0.974251	0.71274	0.450686	0.238648	0.104662	0.0381065	0.0116187	0.00299897	0.00066256	0.000126594	2.11167e-05	3.10121e-06	4.04132e-07	4.74946e-08	6.62291e-09	5.75159e-09	1.46085e-08	3.58623e-08	7.9116e-08	1.57113e-07	2.82188e-07	4.60748e-07	6.87184e-07	9.40031e-07	1.18327e-06	1.37394e-06	1.4741e-06	1.46261e-06	1.3419e-06	1.13724e-06	8.88607e-07	6.38463e-07	4.20367e-07	2.52536e-07	1.37742e-07	6.78621e-08	3.00592e-08	1.19245e-08	4.2241e-09	1.3334e-09	3.74606e-10	9.36206e-11	2.08195e-11	4.12383e-12	7.28759e-13	1.15154e-13	1.63132e-14	2.078e-15	2.38762e-16	2.4826e-17	2.34356e-18	2.01493e-19	1.58272e-20	1.1392e-21	7.53499e-23	4.59222e-24	2.58541e-25	1.34786e-26	6.52162e-28	2.93485e-29	1.23085e-30	4.81979e-32	1.76533e-33	6.05784e-35	1.95071e-36	6.07085e-38	6.07085e-38	
0.0619402	0.0619402	0.132877	0.29072	0.534757	0.820152	1.08893	1.32679	1.54048	1.70842	1.81489	1.86378	1.86291	1.82557	1.76084	1.68399	1.6031	1.53179	1.4726	1.43897	1.43231	1.44869	1.4938	1.55922	1.63487	1.71593	1.78888	1.8446	1.86868	1.85055	1.78018	1.64839	1.45889	1.23536	0.985782	0.704833	0.428147	0.214847	0.088615	0.0302525	0.00864735	0.0020953	0.00043547	7.84616e-05	1.23731e-05	1.72341e-06	2.18334e-07	4.08936e-08	5.32312e-08	1.33846e-07	3.14368e-07	6.64999e-07	1.27127e-06	2.20788e-06	3.50232e-06	5.09898e-06	6.84127e-06	8.48719e-06	9.76071e-06	1.04246e-05	1.03486e-05	9.54762e-06	8.17771e-06	6.48989e-06	4.75899e-06	3.21318e-06	1.989e-06	1.12313e-06	5.75404e-07	2.66063e-07	1.10524e-07	4.10924e-08	1.3635e-08	4.02991e-09	1.05978e-09	2.47932e-10	5.16308e-11	9.58398e-12	1.58898e-12	2.359e-13	3.14508e-14	3.77735e-15	4.10023e-16	4.03568e-17	3.61346e-18	2.95254e-19	2.20829e-20	1.51623e-21	9.58345e-23	5.59062e-24	3.01752e-25	1.51043e-26	7.02678e-28	3.04447e-29	1.23085e-30	4.65176e-32	1.64623e-33	5.46426e-35	1.75352e-36	1.75352e-36	
0.136431	0.136431	0.254879	0.484689	0.780548	1.07091	1.32679	1.55821	1.73629	1.8339	1.86833	1.84265	1.76904	1.65696	1.52238	1.37954	1.24408	1.12865	1.04419	0.993316	0.98236	1.00954	1.074	1.17138	1.2974	1.43637	1.57867	1.70526	1.8043	1.85956	1.86177	1.80416	1.6739	1.46951	1.22864	0.958963	0.657891	0.376827	0.176599	0.0678069	0.0215588	0.00575175	0.00130465	0.00025463	4.32217e-05	6.45339e-06	8.99326e-07	2.57205e-07	4.5012e-07	1.09899e-06	2.46294e-06	4.98552e-06	9.1584e-06	1.53562e-05	2.36331e-05	3.35484e-05	4.41111e-05	5.39052e-05	6.13849e-05	6.5255e-05	6.48126e-05	6.01385e-05	5.20755e-05	4.19993e-05	3.146e-05	2.18083e-05	1.39296e-05	8.15621e-06	4.35314e-06	2.10557e-06	9.18034e-07	3.59142e-07	1.256e-07	3.91606e-08	1.08667e-08	2.6817e-09	5.88673e-10	1.15067e-10	2.00642e-11	3.12847e-12	4.37433e-13	5.50191e-14	6.2454e-15	6.41939e-16	5.99445e-17	5.10185e-18	3.9699e-19	2.83269e-20	1.85873e-21	1.12459e-22	6.28975e-24	3.25963e-25	1.56881e-26	7.02678e-28	2.93485e-29	1.14515e-30	4.18167e-32	1.43142e-33	4.73891e-35	4.73891e-35	
0.261046	0.261046	0.425718	0.706764	1.01611	1.29322	1.54048	1.73629	1.8378	1.86864	1.82941	1.71674	1.55618	1.35915	1.15215	0.948359	0.767569	0.6182	0.508897	0.443473	0.427568	0.463957	0.547157	0.674686	0.837088	1.02794	1.23567	1.4401	1.62557	1.76872	1.85448	1.86363	1.80816	1.66726	1.44495	1.18682	0.892161	0.575194	0.305103	0.131806	0.046698	0.0137467	0.00340984	0.000722165	0.000132164	2.12321e-05	3.40137e-06	1.65299e-06	3.43052e-06	8.03172e-06	1.71264e-05	3.30986e-05	5.83096e-05	9.42236e-05	0.00014047	0.000194182	0.000249973	0.000300712	0.000338945	0.000358576	0.000356336	0.000332601	0.000291296	0.00023892	0.000182999	0.000130415	8.60891e-05	5.23644e-05	2.91749e-05	1.47958e-05	6.78841e-06	2.80228e-06	1.03604e-06	3.4183e-07	1.00403e-07	2.62179e-08	6.08469e-09	1.25597e-09	2.30939e-10	3.79119e-11	5.57208e-12	7.35478e-13	8.7472e-14	9.40553e-15	9.17444e-16	8.14504e-17	6.60258e-18	4.90197e-19	3.34295e-20	2.09987e-21	1.21811e-22	6.54149e-24	3.25963e-25	1.51043e-26	6.52162e-28	2.62885e-29	9.91083e-31	3.50052e-32	1.1962e-33	1.1962e-33	
0.440012	0.440012	0.63315	0.930425	1.22707	1.48932	1.70842	1.8339	1.86864	1.82531	1.68115	1.48176	1.23372	0.967867	0.696273	0.445308	0.223499	0.0457624	-0.0805761	-0.15023	-0.164868	-0.128921	-0.0352599	0.11215	0.306538	0.542751	0.803148	1.07451	1.3371	1.56623	1.74814	1.8538	1.86284	1.79674	1.62821	1.38654	1.10664	0.784393	0.465403	0.225102	0.0887095	0.0287987	0.00781195	0.00179575	0.000354561	6.17253e-05	1.24348e-05	1.04947e-05	2.32907e-05	5.18454e-05	0.00010487	0.000193007	0.000325346	0.000505659	0.000728991	0.00097996	0.00123376	0.00145991	0.00162791	0.00171348	0.00170374	0.00160016	0.00141823	0.00118396	0.000928346	0.000681147	0.000465516	0.000294742	0.000171819	9.1599e-05	4.43534e-05	1.93821e-05	7.60136e-06	2.66345e-06	8.31045e-07	2.3043e-07	5.67321e-08	1.24058e-08	2.41264e-09	4.1816e-10	6.47663e-11	8.99212e-12	1.12288e-12	1.26551e-13	1.29171e-14	1.19814e-15	1.01327e-16	7.83783e-18	5.5619e-19	3.63117e-20	2.18693e-21	1.21811e-22	6.28975e-24	3.01752e-25	1.34786e-26	5.61662e-28	2.18746e-29	7.9765e-31	2.81502e-32	2.81502e-32	
0.665353	0.665353	0.859783	1.14021	1.4116	1.64994	1.81489	1.86833	1.82941	1.68115	1.4556	1.17121	0.844061	0.509073	0.186973	-0.104026	-0.34147	-0.530136	-0.659101	-0.734092	-0.752063	-0.708926	-0.613631	-0.463785	-0.253426	0.00765584	0.311041	0.644124	0.975767	1.29358	1.55118	1.75422	1.85557	1.85854	1.76124	1.55656	1.29373	0.982936	0.64096	0.343614	0.149763	0.0534305	0.0158128	0.0039389	0.000839	0.000161171	4.72307e-05	6.2782e-05	0.000139354	0.000293047	0.000560434	0.000979442	0.00157579	0.00235039	0.00327056	0.00426867	0.00524951	0.00610452	0.00673004	0.00704579	0.00700993	0.00662725	0.00594818	0.00505907	0.0040661	0.00307656	0.00218112	0.00144075	0.000881029	0.000495181	0.000253883	0.000117873	4.92295e-05	1.83933e-05	6.12159e-06	1.80966e-06	4.74482e-07	1.10322e-07	2.27698e-08	4.17969e-09	6.84169e-10	1.00177e-10	1.31656e-11	1.55855e-12	1.66788e-13	1.61919e-14	1.43089e-15	1.15483e-16	8.53856e-18	5.80084e-19	3.63117e-20	2.09987e-21	1.12459e-22	5.59062e-24	2.58541e-25	1.11451e-26	4.487e-28	1.69019e-29	6.16402e-31	6.16402e-31	
0.920023	0.920023	1.08995	1.33033	1.56819	1.76726	1.86378	1.84265	1.71674	1.48176	1.17121	0.795758	0.411432	0.0232897	-0.323673	-0.629171	-0.87177	-1.04941	-1.17171	-1.2332	-1.24449	-1.21502	-1.13203	-0.986235	-0.779848	-0.51438	-0.189347	0.176828	0.565286	0.951	1.30421	1.58666	1.78211	1.86297	1.83917	1.69055	1.45256	1.1595	0.815059	0.477789	0.228236	0.0889214	0.0285771	0.0076874	0.0017683	0.000392852	0.000194104	0.000340071	0.000726949	0.00143624	0.00258745	0.00428037	0.00655452	0.00935973	0.0125451	0.0158709	0.0190392	0.0217355	0.0236747	0.0246436	0.0245339	0.0233579	0.0212468	0.0184311	0.0152056	0.011885	0.00875892	0.00605111	0.00389261	0.00231406	0.00126088	0.00062451	0.000278999	0.000111671	3.98312e-05	1.26124e-05	3.53749e-06	8.78246e-07	1.93124e-07	3.768e-08	6.53965e-09	1.01281e-09	1.4046e-10	1.75073e-11	1.96851e-12	2.00403e-13	1.85381e-14	1.56352e-15	1.20623e-16	8.53856e-18	5.5619e-19	3.34295e-20	1.85873e-21	9.58345e-23	4.59222e-24	2.04943e-25	8.53517e-27	3.32337e-28	1.25326e-29	1.25326e-29	
1.18372	1.18372	1.31181	1.49936	1.69542	1.83991	1.86291	1.76904	1.55618	1.23372	0.844061	0.411432	-0.0275611	-0.440719	-0.802917	-1.09322	-1.31236	-1.45947	-1.54511	-1.59357	-1.60592	-1.57941	-1.5174	-1.40681	-1.23369	-0.98789	-0.663749	-0.283199	0.148406	0.585557	1.0075	1.37205	1.6562	1.81946	1.86744	1.78426	1.58231	1.31031	0.97579	0.616299	0.319089	0.134608	0.0466635	0.0134954	0.00337867	0.000962029	0.000829742	0.00162156	0.00326901	0.00603642	0.0102035	0.015923	0.0231388	0.0315541	0.0406532	0.0497678	0.0581606	0.0651153	0.0700211	0.072444	0.0721706	0.0692251	0.063867	0.0565702	0.0479731	0.0388031	0.0297908	0.0215805	0.0146482	0.00924279	0.00537385	0.00285249	0.00137001	0.000590589	0.000226995	7.74059e-05	2.33455e-05	6.21898e-06	1.46359e-06	3.04764e-07	5.6291e-08	9.25187e-09	1.358e-09	1.78693e-10	2.11613e-11	2.26397e-12	2.19643e-13	1.93925e-14	1.56352e-15	1.15483e-16	7.83783e-18	4.90197e-19	2.83269e-20	1.51623e-21	7.53499e-23	3.48418e-24	1.50213e-25	6.05001e-27	2.36074e-28	2.36074e-28	
1.43779	1.43779	1.51701	1.64729	1.79367	1.87405	1.82557	1.65696	1.35915	0.967867	0.509073	0.0232897	-0.440719	-0.857982	-1.19932	-1.45427	-1.62306	-1.71734	-1.75839	-1.76442	-1.76267	-1.76573	-1.74758	-1.68683	-1.56588	-1.36166	-1.0729	-0.698725	-0.258793	0.216901	0.699365	1.13288	1.49324	1.73766	1.85586	1.83955	1.6825	1.43495	1.11664	0.749221	0.415445	0.187909	0.0697141	0.021603	0.00605856	0.0025748	0.0033992	0.00666893	0.0125183	0.0214925	0.0339452	0.0497985	0.068478	0.0889744	0.109993	0.13012	0.147976	0.162341	0.17226	0.177097	0.176554	0.170663	0.159792	0.144641	0.126226	0.105806	0.0847812	0.0645516	0.0463688	0.0311654	0.0194171	0.0111008	0.00576407	0.00269246	0.00112217	0.000414691	0.000135303	3.88939e-05	9.84747e-06	2.19883e-06	4.34052e-07	7.59959e-08	1.18459e-08	1.65051e-09	2.06406e-10	2.32619e-11	2.3719e-12	2.19643e-13	1.85381e-14	1.43089e-15	1.01327e-16	6.60258e-18	3.9699e-19	2.20829e-20	1.1392e-21	5.4626e-23	2.43994e-24	1.01724e-25	4.11016e-27	4.11016e-27	
1.66817	1.66817	1.70021	1.77457	1.86523	1.87694	1.76084	1.52238	1.15215	0.696273	0.186973	-0.323673	-0.802917	-1.19932	-1.50196	-1.69098	-1.78144	-1.79996	-1.77285	-1.74545	-1.7395	-1.75586	-1.78617	-1.79778	-1.75674	-1.629	-1.39359	-1.05386	-0.617596	-0.123382	0.394567	0.885666	1.31293	1.63219	1.81594	1.86227	1.75431	1.53444	1.23505	0.869439	0.510306	0.244962	0.0965079	0.0321538	0.0108702	0.00760982	0.0124729	0.0232633	0.0402948	0.0640024	0.094092	0.129392	0.168025	0.207744	0.246251	0.281409	0.311391	0.334774	0.350577	0.358198	0.357346	0.348053	0.330674	0.305878	0.274733	0.238749	0.199823	0.160137	0.121997	0.0876061	0.0587223	0.0363395	0.0205221	0.0104574	0.00476021	0.0019202	0.000682566	0.000213133	5.84081e-05	1.40617e-05	2.98112e-06	5.58421e-07	9.27902e-08	1.37359e-08	1.81937e-09	2.16559e-10	2.32619e-11	2.26397e-12	2.00403e-13	1.61919e-14	1.19814e-15	8.14504e-17	5.10185e-18	2.95254e-19	1.58272e-20	7.87743e-22	3.64838e-23	1.57571e-24	6.59755e-26	6.59755e-26	
1.86632	1.86632	1.85799	1.88046	1.91246	1.85902	1.68399	1.37954	0.948359	0.445308	-0.104026	-0.629171	-1.09322	-1.45427	-1.69098	-1.80147	-1.79831	-1.72083	-1.62009	-1.53742	-1.51348	-1.56619	-1.65959	-1.7586	-1.81201	-1.77009	-1.61259	-1.32283	-0.917187	-0.424227	0.117784	0.653683	1.13332	1.51489	1.75915	1.86192	1.80135	1.6104	1.33075	0.97267	0.597741	0.301562	0.125533	0.0459924	0.0211306	0.0227758	0.0393065	0.0678138	0.107655	0.157584	0.215165	0.27713	0.33998	0.400523	0.456092	0.504572	0.544445	0.574751	0.594923	0.604584	0.603508	0.591721	0.569488	0.537218	0.495534	0.445499	0.388751	0.327516	0.264574	0.203202	0.146902	0.0988044	0.0610295	0.0341632	0.0171189	0.00760044	0.00296751	0.00101434	0.000303012	7.91556e-05	1.81242e-05	3.65023e-06	6.49384e-07	1.02518e-07	1.443e-08	1.81937e-09	2.06406e-10	2.11613e-11	1.96851e-12	1.66788e-13	1.29171e-14	9.17444e-16	5.99445e-17	3.61346e-18	2.01493e-19	1.04194e-20	5.00821e-22	2.24254e-23	9.73801e-25	9.73801e-25	
2.02819	2.02819	1.98773	1.96413	1.94066	1.83043	1.6031	1.24408	0.767569	0.223499	-0.34147	-0.87177	-1.31236	-1.62306	-1.78144	-1.79831	-1.69125	-1.52697	-1.37048	-1.26342	-1.23623	-1.29902	-1.42899	-1.59319	-1.74651	-1.8065	-1.73744	-1.51654	-1.14994	-0.668763	-0.116286	0.445998	0.967895	1.40232	1.6969	1.84797	1.8296	1.66554	1.40454	1.05674	0.673453	0.354285	0.156371	0.066734	0.0454445	0.0624749	0.103709	0.163184	0.236564	0.319002	0.405385	0.491055	0.572345	0.646681	0.712187	0.767656	0.812419	0.846194	0.868605	0.879272	0.878086	0.865061	0.840351	0.80436	0.757433	0.699888	0.632499	0.5566	0.474199	0.388055	0.302059	0.220988	0.149825	0.0926896	0.051534	0.025409	0.0109979	0.00415201	0.00136322	0.000389268	9.68907e-05	2.10999e-05	4.03864e-06	6.82857e-07	1.02518e-07	1.37359e-08	1.65051e-09	1.78693e-10	1.75073e-11	1.55855e-12	1.26551e-13	9.40553e-15	6.41939e-16	4.03568e-17	2.34356e-18	1.26041e-19	6.29327e-21	2.92406e-22	1.31797e-23	1.31797e-23	
2.1524	2.1524	2.08745	2.02525	1.95556	1.80173	1.53179	1.12865	0.6182	0.0457624	-0.530136	-1.04941	-1.45947	-1.71734	-1.79996	-1.72083	-1.52697	-1.2746	-1.08631	-1.01069	-0.99978	-1.02928	-1.14769	-1.3756	-1.61608	-1.76793	-1.78967	-1.63326	-1.31236	-0.851566	-0.303152	0.278698	0.830678	1.30316	1.63618	1.8279	1.8459	1.704	1.45824	1.12101	0.735144	0.40201	0.192206	0.103912	0.100066	0.147458	0.225826	0.322545	0.428313	0.536074	0.640815	0.739273	0.829596	0.910514	0.98093	1.04037	1.08851	1.12496	1.14898	1.1602	1.15896	1.14521	1.11867	1.07983	1.02941	0.967738	0.895156	0.812249	0.720182	0.620284	0.51462	0.406762	0.30193	0.206844	0.128354	0.0708854	0.0343497	0.0144668	0.00526994	0.00165899	0.000452249	0.000107182	2.21956e-05	4.03864e-06	6.49384e-07	9.27902e-08	1.18459e-08	1.358e-09	1.4046e-10	1.31656e-11	1.12288e-12	8.7472e-14	6.2454e-15	4.10023e-16	2.4826e-17	1.39014e-18	7.21733e-20	3.48277e-21	1.63086e-22	1.63086e-22	
2.23848	2.23848	2.15625	2.06658	1.96469	1.77678	1.4726	1.04419	0.508897	-0.0805761	-0.659101	-1.17171	-1.54511	-1.75839	-1.77285	-1.62009	-1.37048	-1.08631	-0.914573	-0.885617	-0.892499	-0.886969	-0.961458	-1.19587	-1.48061	-1.69378	-1.79438	-1.69157	-1.41738	-0.976471	-0.436042	0.161419	0.726832	1.23021	1.59015	1.80666	1.85294	1.72927	1.49466	1.16662	0.783427	0.448166	0.242633	0.173788	0.203754	0.290997	0.405773	0.5302	0.654972	0.775699	0.890091	0.996688	1.09431	1.18124	1.25658	1.31984	1.37068	1.40815	1.43227	1.44361	1.44236	1.42852	1.40177	1.36159	1.30817	1.24246	1.16473	1.07556	0.975991	0.867751	0.751938	0.630131	0.504687	0.379809	0.262833	0.163422	0.0894465	0.0424642	0.0173421	0.00607675	0.00182975	0.000475405	0.000107182	2.10999e-05	3.65023e-06	5.58421e-07	7.59959e-08	9.25187e-09	1.01281e-09	1.00177e-10	8.99212e-12	7.35478e-13	5.50191e-14	3.77735e-15	2.38762e-16	1.39355e-17	7.5306e-19	3.77758e-20	1.83939e-21	1.83939e-21	
2.28677	2.28677	2.19499	2.08972	1.96832	1.76029	1.43897	0.993316	0.443473	-0.15023	-0.734092	-1.2332	-1.59357	-1.76442	-1.74545	-1.53742	-1.26342	-1.01069	-0.885617	-0.937526	-0.977266	-0.905836	-0.911296	-1.10482	-1.37329	-1.63496	-1.77989	-1.71555	-1.47354	-1.04384	-0.509842	0.0928682	0.6687	1.18514	1.56267	1.79338	1.85499	1.74293	1.51623	1.19686	0.823495	0.502634	0.322684	0.291023	0.360933	0.480515	0.616718	0.755443	0.892123	1.02417	1.14885	1.26363	1.36625	1.45485	1.52992	1.59097	1.63852	1.67233	1.69419	1.70538	1.70416	1.69071	1.6666	1.63011	1.57982	1.51599	1.43818	1.34679	1.24154	1.1246	0.998232	0.864955	0.727329	0.586988	0.446075	0.310766	0.19284	0.104093	0.0481591	0.0189788	0.00637161	0.00182975	0.000452249	9.68907e-05	1.81242e-05	2.98112e-06	4.34052e-07	5.6291e-08	6.53965e-09	6.84169e-10	6.47663e-11	5.57208e-12	4.37433e-13	3.14508e-14	2.078e-15	1.26562e-16	7.12607e-18	3.71944e-19	1.885e-20	1.885e-20	
2.29785	2.29785	2.20399	2.09517	1.96848	1.75542	1.43231	0.98236	0.427568	-0.164868	-0.752063	-1.24449	-1.60592	-1.76267	-1.7395	-1.51348	-1.23623	-0.99978	-0.892499	-0.977266	-1.02941	-0.928993	-0.909632	-1.08838	-1.34418	-1.62143	-1.7755	-1.72041	-1.48657	-1.05782	-0.527001	0.0758042	0.655318	1.17184	1.55636	1.79173	1.85572	1.74711	1.52605	1.21789	0.865841	0.579231	0.442755	0.45219	0.550628	0.687206	0.837127	0.990709	1.14116	1.2825	1.41063	1.52373	1.62056	1.70208	1.76923	1.82268	1.86305	1.89271	1.91191	1.92117	1.92017	1.90886	1.88758	1.85584	1.81306	1.75687	1.68697	1.60245	1.50245	1.38616	1.25525	1.11159	0.959674	0.804614	0.649713	0.49541	0.345284	0.212322	0.112169	0.0502101	0.0189788	0.00607675	0.00165899	0.000389268	7.91556e-05	1.40617e-05	2.19883e-06	3.04764e-07	3.768e-08	4.17969e-09	4.1816e-10	3.79119e-11	3.12847e-12	2.359e-13	1.63132e-14	1.03801e-15	6.09592e-17	3.31372e-18	1.74956e-19	1.74956e-19	
2.27192	2.27192	2.18299	2.08271	1.96758	1.76525	1.44869	1.00954	0.463957	-0.128921	-0.708926	-1.21502	-1.57941	-1.76573	-1.75586	-1.56619	-1.29902	-1.02928	-0.886969	-0.905836	-0.928993	-0.885639	-0.921239	-1.13151	-1.41062	-1.65501	-1.78691	-1.71012	-1.45693	-1.02242	-0.485812	0.11441	0.685928	1.19951	1.57142	1.79791	1.85616	1.74505	1.52937	1.23923	0.922943	0.685517	0.594895	0.633497	0.748946	0.902418	1.0705	1.23636	1.3898	1.5272	1.64749	1.75123	1.83771	1.90945	1.96547	2.00941	2.04066	2.06315	2.07674	2.08106	2.08059	2.07475	2.0593	2.03519	2.00166	1.95532	1.89643	1.82164	1.73194	1.62476	1.50109	1.36031	1.20357	1.03483	0.861698	0.691842	0.525458	0.363217	0.219126	0.112169	0.0481591	0.0173421	0.00526994	0.00136322	0.000303012	5.84081e-05	9.84747e-06	1.46359e-06	1.93124e-07	2.27698e-08	2.41264e-09	2.30939e-10	2.00642e-11	1.58898e-12	1.15154e-13	7.66375e-15	4.69908e-16	2.66278e-17	1.46598e-18	1.46598e-18	
2.20864	2.20864	2.13225	2.05223	1.96183	1.78596	1.4938	1.074	0.547157	-0.0352599	-0.613631	-1.13203	-1.5174	-1.74758	-1.78617	-1.65959	-1.42899	-1.14769	-0.961458	-0.911296	-0.909632	-0.921239	-1.0163	-1.2573	-1.53369	-1.72288	-1.79718	-1.67354	-1.38386	-0.934498	-0.388913	0.20367	0.763395	1.25566	1.60711	1.81624	1.85615	1.73861	1.53327	1.27105	1.0006	0.812645	0.756892	0.81803	0.956393	1.12992	1.3054	1.46783	1.6145	1.7436	1.85379	1.94427	2.01507	2.06878	2.10722	2.13346	2.15062	2.15988	2.1661	2.16889	2.16851	2.16505	2.15836	2.14792	2.129	2.1007	2.05928	2.00244	1.92767	1.83339	1.71911	1.58655	1.43608	1.26942	1.08699	0.897205	0.71306	0.535514	0.363217	0.212322	0.104093	0.0424642	0.0144668	0.00415201	0.00101434	0.000213133	3.88939e-05	6.21898e-06	8.78246e-07	1.10322e-07	1.24058e-08	1.25597e-09	1.15067e-10	9.58398e-12	7.28759e-13	5.07824e-14	3.25413e-15	1.92389e-16	1.10542e-17	1.10542e-17	
2.10739	2.10739	2.05116	2.00311	1.95046	1.81304	1.55922	1.17138	0.674686	0.11215	-0.463785	-0.986235	-1.40681	-1.68683	-1.79778	-1.7586	-1.59319	-1.3756	-1.19587	-1.10482	-1.08838	-1.13151	-1.2573	-1.46509	-1.67101	-1.79072	-1.77369	-1.59414	-1.25288	-0.788015	-0.235383	0.34093	0.883098	1.34039	1.6596	1.84019	1.85476	1.73258	1.54487	1.31724	1.09095	0.941982	0.917265	1.01005	1.17172	1.34914	1.51986	1.67751	1.81582	1.92918	2.01898	2.08468	2.13117	2.15993	2.17654	2.18192	2.18216	2.17968	2.17606	2.17385	2.17403	2.17668	2.18031	2.18235	2.18148	2.17418	2.15525	2.1234	2.07315	2.00305	1.90843	1.79004	1.64724	1.48499	1.30794	1.1135	0.909311	0.71306	0.525458	0.345284	0.19284	0.0894465	0.0343497	0.0109979	0.00296751	0.000682566	0.000135303	2.33455e-05	3.53749e-06	4.74482e-07	5.67321e-08	6.08469e-09	5.88673e-10	5.16308e-11	4.12383e-12	3.01174e-13	2.01866e-14	1.24613e-15	7.47842e-17	7.47842e-17	
1.96805	1.96805	1.9393	1.93327	1.93115	1.842	1.63487	1.2974	0.837088	0.306538	-0.253426	-0.779848	-1.23369	-1.56588	-1.75674	-1.81201	-1.74651	-1.61608	-1.48061	-1.37329	-1.34418	-1.41062	-1.53369	-1.67101	-1.78488	-1.80502	-1.69787	-1.44954	-1.06442	-0.576025	-0.0302063	0.524646	1.03197	1.44695	1.72467	1.86451	1.85176	1.73079	1.56626	1.37109	1.17869	1.06469	1.08084	1.20547	1.37354	1.54945	1.71783	1.86219	1.97774	2.06578	2.12844	2.16655	2.18405	2.18449	2.17228	2.15344	2.13095	2.11039	2.09531	2.08679	2.08773	2.09783	2.11412	2.13548	2.15764	2.17537	2.18564	2.18197	2.1609	2.11789	2.05049	1.95674	1.83565	1.68472	1.50949	1.32048	1.1135	0.897205	0.691842	0.49541	0.310766	0.163422	0.0708854	0.025409	0.00760044	0.0019202	0.000414691	7.74059e-05	1.26124e-05	1.80966e-06	2.3043e-07	2.62179e-08	2.6817e-09	2.47932e-10	2.08195e-11	1.59485e-12	1.11891e-13	7.21637e-15	4.52632e-16	4.52632e-16	
1.79141	1.79141	1.7981	1.84059	1.89597	1.86804	1.71593	1.43637	1.02794	0.542751	0.00765584	-0.51438	-0.98789	-1.36166	-1.629	-1.77009	-1.8065	-1.76793	-1.69378	-1.63496	-1.62143	-1.65501	-1.72288	-1.79072	-1.80502	-1.7262	-1.53782	-1.22398	-0.807665	-0.310045	0.225359	0.743337	1.20519	1.56406	1.78883	1.88581	1.84818	1.73318	1.59151	1.41962	1.25522	1.18481	1.24539	1.38736	1.55907	1.73491	1.88441	2.0051	2.09593	2.15529	2.18358	2.18541	2.16538	2.12986	2.0853	2.0361	1.99088	1.9518	1.92428	1.91171	1.91306	1.92862	1.95884	1.9995	2.04581	2.09482	2.13781	2.17103	2.187	2.18034	2.14582	2.08044	1.98275	1.8564	1.69754	1.50949	1.30794	1.08699	0.861698	0.649713	0.446075	0.262833	0.128354	0.051534	0.0171189	0.00476021	0.00112217	0.000226995	3.98312e-05	6.12159e-06	8.31045e-07	1.00403e-07	1.08667e-08	1.05978e-09	9.36206e-11	7.52645e-12	5.52968e-13	3.72763e-14	2.44478e-15	2.44478e-15	
1.57964	1.57964	1.62979	1.72615	1.8397	1.87858	1.78888	1.57867	1.23567	0.803148	0.311041	-0.189347	-0.663749	-1.0729	-1.39359	-1.61259	-1.73744	-1.78967	-1.79438	-1.77989	-1.7755	-1.78691	-1.79718	-1.77369	-1.69787	-1.53782	-1.27597	-0.920951	-0.47812	0.00767984	0.512549	0.984123	1.38685	1.68041	1.84832	1.89898	1.83936	1.73467	1.61002	1.45326	1.3224	1.30411	1.39979	1.55348	1.72953	1.88749	2.0154	2.11215	2.16706	2.18688	2.17552	2.13572	2.0765	2.00159	1.92026	1.83929	1.76464	1.7044	1.66165	1.63946	1.64198	1.6687	1.71509	1.77861	1.85525	1.93665	2.0176	2.08986	2.14553	2.17991	2.18561	2.15861	2.09627	1.99099	1.8564	1.68472	1.48499	1.26942	1.03483	0.804614	0.586988	0.379809	0.206844	0.0926896	0.0341632	0.0104574	0.00269246	0.000590589	0.000111671	1.83933e-05	2.66345e-06	3.4183e-07	3.91606e-08	4.02991e-09	3.74606e-10	3.16121e-11	2.43261e-12	1.71426e-13	1.17585e-14	1.17585e-14	
1.33848	1.33848	1.43726	1.59045	1.75775	1.86492	1.8446	1.70526	1.4401	1.07451	0.644124	0.176828	-0.283199	-0.698725	-1.05386	-1.32283	-1.51654	-1.63326	-1.69157	-1.71555	-1.72041	-1.71012	-1.67354	-1.59414	-1.44954	-1.22398	-0.920951	-0.538764	-0.102091	0.364752	0.824439	1.22923	1.56407	1.78244	1.89019	1.89578	1.82111	1.7276	1.61149	1.47023	1.38463	1.41786	1.53985	1.70518	1.87281	2.00929	2.11355	2.16936	2.18869	2.16618	2.10974	2.02359	1.91611	1.79831	1.6767	1.55987	1.45802	1.37472	1.31767	1.29113	1.29407	1.32672	1.38947	1.47704	1.58228	1.70115	1.8225	1.93869	2.04231	2.12359	2.1736	2.18795	2.1614	2.09627	1.98275	1.83565	1.64724	1.43608	1.20357	0.959674	0.727329	0.504687	0.30193	0.149825	0.0610295	0.0205221	0.00576407	0.00137001	0.000278999	4.92295e-05	7.60136e-06	1.03604e-06	1.256e-07	1.3635e-08	1.3334e-09	1.18087e-10	9.51566e-12	7.00847e-13	5.027e-14	5.027e-14	
1.07857	1.07857	1.22464	1.4342	1.64801	1.81579	1.86868	1.8043	1.62557	1.3371	0.975767	0.565286	0.148406	-0.258793	-0.617596	-0.917187	-1.14994	-1.31236	-1.41738	-1.47354	-1.48657	-1.45693	-1.38386	-1.25288	-1.06442	-0.807665	-0.478121	-0.102092	0.317005	0.731211	1.12867	1.46355	1.7155	1.85635	1.9068	1.86971	1.78752	1.70279	1.59033	1.47433	1.44364	1.52274	1.66754	1.83791	1.98719	2.10063	2.16784	2.18889	2.16128	2.09073	1.98436	1.85017	1.69568	1.52994	1.36673	1.2132	1.07789	0.971284	0.898015	0.861116	0.865307	0.909938	0.990002	1.10294	1.24293	1.3989	1.56323	1.72708	1.87898	2.00869	2.10728	2.17141	2.18795	2.15861	2.08044	1.95674	1.79004	1.58655	1.36031	1.11159	0.864955	0.630131	0.406762	0.220988	0.0988044	0.0363395	0.0111008	0.00285249	0.00062451	0.000117873	1.93821e-05	2.80228e-06	3.59142e-07	4.10924e-08	4.2241e-09	3.92294e-10	3.30799e-11	2.54478e-12	1.90768e-13	1.90768e-13	
0.816074	0.816074	0.99824	1.25662	1.50917	1.72605	1.85055	1.85956	1.76872	1.56623	1.29358	0.951	0.585557	0.216901	-0.123382	-0.424227	-0.668763	-0.851566	-0.976471	-1.04384	-1.05782	-1.02242	-0.934498	-0.788015	-0.576026	-0.310046	0.00767603	0.364742	0.731193	1.09534	1.41128	1.65983	1.82618	1.89311	1.88609	1.81398	1.7334	1.6531	1.54694	1.47181	1.50108	1.62013	1.78273	1.94687	2.07427	2.159	2.187	2.16461	2.08889	1.97062	1.81025	1.62263	1.41775	1.20587	0.998058	0.80649	0.642837	0.51151	0.420853	0.377497	0.382324	0.435372	0.534786	0.673197	0.842959	1.03867	1.24752	1.45982	1.66284	1.84407	1.99862	2.10728	2.1736	2.18561	2.14582	2.05049	1.90843	1.71911	1.50109	1.25525	0.998232	0.751938	0.51462	0.302059	0.146902	0.0587223	0.0194171	0.00537385	0.00126088	0.000253883	4.43534e-05	6.78841e-06	9.18034e-07	1.10524e-07	1.19245e-08	1.15972e-09	1.02203e-10	8.20239e-12	6.41951e-13	6.41951e-13	
0.570771	0.570771	0.767897	1.05825	1.34089	1.59094	1.78018	1.86177	1.85448	1.74814	1.55118	1.30421	1.0075	0.699365	0.394567	0.117784	-0.116286	-0.303152	-0.436042	-0.509842	-0.527001	-0.485812	-0.388913	-0.235383	-0.030209	0.22535	0.512523	0.824372	1.12852	1.41106	1.63647	1.80791	1.8788	1.87977	1.82004	1.72754	1.65422	1.57493	1.48808	1.47088	1.55953	1.71094	1.88319	2.03312	2.13569	2.18509	2.17329	2.10497	1.97965	1.80602	1.59642	1.35438	1.09835	0.838228	0.587696	0.358794	0.160946	0.00656572	-0.0956338	-0.145334	-0.139739	-0.0792757	0.0334249	0.197499	0.402393	0.635855	0.890212	1.15086	1.40388	1.6413	1.84407	2.00869	2.12359	2.17991	2.18034	2.11789	2.00305	1.83339	1.62476	1.38616	1.1246	0.867751	0.620284	0.388055	0.203202	0.0876061	0.0311654	0.00924279	0.00231406	0.000495181	9.1599e-05	1.47958e-05	2.10557e-06	2.66063e-07	3.00592e-08	3.05497e-09	2.80822e-10	2.34698e-11	1.91441e-12	1.91441e-12	
0.362307	0.362307	0.546911	0.841918	1.14572	1.4144	1.64839	1.80416	1.86363	1.8538	1.75422	1.58666	1.37205	1.13288	0.885666	0.653683	0.445998	0.278698	0.161419	0.0928682	0.0758041	0.11441	0.203669	0.340925	0.524628	0.74328	0.983966	1.22884	1.46273	1.65836	1.80602	1.8714	1.86665	1.81171	1.70525	1.61163	1.5456	1.47175	1.42669	1.47954	1.62061	1.79548	1.96754	2.09627	2.17175	2.18388	2.13007	2.01376	1.84025	1.61353	1.34829	1.0563	0.749099	0.443346	0.151382	-0.114843	-0.3399	-0.517522	-0.641783	-0.703904	-0.696908	-0.621568	-0.485959	-0.298633	-0.064597	0.208169	0.503701	0.811143	1.11627	1.40388	1.66284	1.87898	2.04231	2.14553	2.187	2.1609	2.07315	1.92767	1.73194	1.50245	1.24154	0.975991	0.720182	0.474199	0.264574	0.121997	0.0463688	0.0146482	0.00389261	0.000881029	0.000171819	2.91749e-05	4.35314e-06	5.75404e-07	6.78621e-08	7.18644e-09	6.87189e-10	5.96567e-11	5.05926e-12	5.05926e-12	
0.204798	0.204798	0.35212	0.616268	0.924449	1.20774	1.45889	1.6739	1.80816	1.86284	1.85557	1.78211	1.6562	1.49324	1.31293	1.13332	0.967895	0.830678	0.726832	0.6687	0.655318	0.685926	0.763386	0.883064	1.03186	1.20487	1.38604	1.56223	1.71178	1.81954	1.86878	1.85584	1.79388	1.67417	1.54878	1.4684	1.40663	1.35731	1.37857	1.50294	1.68407	1.87142	2.03419	2.14055	2.18621	2.15988	2.06583	1.90061	1.67809	1.40121	1.08459	0.741331	0.385782	0.0364696	-0.296038	-0.592678	-0.846269	-1.04534	-1.17698	-1.23807	-1.23135	-1.15626	-1.01056	-0.799559	-0.536805	-0.232143	0.106261	0.456752	0.811143	1.15086	1.45982	1.72708	1.93869	2.08986	2.17103	2.18197	2.1234	2.00244	1.82164	1.60245	1.34679	1.07556	0.812249	0.5566	0.327516	0.160137	0.0645516	0.0215805	0.00605111	0.00144075	0.000294742	5.23644e-05	8.15621e-06	1.12313e-06	1.37742e-07	1.51435e-08	1.50116e-09	1.34925e-10	1.18582e-11	1.18582e-11	
0.101393	0.101393	0.200005	0.401954	0.681473	0.974251	1.23536	1.46951	1.66726	1.79674	1.85854	1.86297	1.81946	1.73766	1.63219	1.51489	1.40232	1.30316	1.23021	1.18514	1.17184	1.1995	1.25561	1.3402	1.44638	1.56254	1.67683	1.77492	1.84219	1.86916	1.84378	1.76591	1.63281	1.48043	1.36681	1.29423	1.24787	1.25476	1.35628	1.54099	1.74715	1.93738	2.08504	2.16687	2.18237	2.11951	1.98422	1.77573	1.5038	1.17949	0.814227	0.425056	0.0263671	-0.365535	-0.73075	-1.06014	-1.33946	-1.55298	-1.69698	-1.76777	-1.75985	-1.67383	-1.51569	-1.28875	-0.997668	-0.660015	-0.288998	0.106261	0.503701	0.890212	1.24752	1.56323	1.8225	2.0176	2.13781	2.18564	2.15525	2.05928	1.89643	1.68697	1.43818	1.16473	0.895156	0.632499	0.388751	0.199823	0.0847812	0.0297908	0.00875892	0.00218112	0.000465516	8.60891e-05	1.39296e-05	1.989e-06	2.52536e-07	2.87021e-08	2.93756e-09	2.72295e-10	2.47029e-11	2.47029e-11	
0.0434537	0.0434537	0.0982964	0.226998	0.441021	0.71274	0.985782	1.22864	1.44495	1.62821	1.76124	1.83917	1.86744	1.85586	1.81594	1.75915	1.6969	1.63618	1.59015	1.56266	1.55634	1.57134	1.60681	1.65867	1.72211	1.78259	1.83488	1.86432	1.86191	1.81537	1.71881	1.57582	1.40927	1.2615	1.15443	1.09458	1.09861	1.18641	1.36268	1.58853	1.80565	1.99076	2.12105	2.18067	2.1658	2.06915	1.89562	1.64558	1.33104	0.961008	0.551774	0.120382	-0.318784	-0.743352	-1.14072	-1.49484	-1.79023	-2.0241	-2.18939	-2.27196	-2.26273	-2.1626	-1.98231	-1.73612	-1.42877	-1.06356	-0.660015	-0.232143	0.208169	0.635855	1.03867	1.3989	1.70115	1.93665	2.09482	2.17537	2.17418	2.1007	1.95532	1.75687	1.51599	1.24246	0.967738	0.699888	0.445499	0.238749	0.105806	0.0388031	0.011885	0.00307656	0.000681147	0.000130415	2.18083e-05	3.21318e-06	4.20367e-07	4.91669e-08	5.17258e-09	4.92369e-10	4.59065e-11	4.59065e-11	
0.016023	0.016023	0.0413222	0.108962	0.242858	0.450686	0.704833	0.958963	1.18682	1.38654	1.55656	1.69055	1.78426	1.83955	1.86227	1.86192	1.84797	1.8279	1.80665	1.79335	1.79162	1.7975	1.81488	1.83628	1.85469	1.86415	1.85664	1.82165	1.75206	1.64285	1.49802	1.32928	1.15823	1.0098	0.914455	0.905404	0.991628	1.15964	1.38991	1.63748	1.85624	2.03333	2.14557	2.18315	2.14219	2.01418	1.80663	1.51981	1.16679	0.757888	0.310278	-0.159655	-0.630036	-1.08724	-1.50905	-1.8776	-2.19023	-2.43668	-2.6007	-2.67717	-2.66877	-2.575	-2.39359	-2.13238	-1.80839	-1.42877	-0.997668	-0.536805	-0.064597	0.402393	0.842959	1.24293	1.58228	1.85525	2.04581	2.15764	2.18148	2.129	2.00166	1.81306	1.57982	1.30817	1.02941	0.757433	0.495534	0.274733	0.126226	0.0479731	0.0152056	0.0040661	0.000928346	0.000182999	3.146e-05	4.75899e-06	6.38463e-07	7.64974e-08	8.23625e-09	8.01673e-10	7.64819e-11	7.64819e-11	
0.00507796	0.00507796	0.0148009	0.044129	0.112038	0.238648	0.428147	0.657891	0.892161	1.10664	1.29373	1.45256	1.58231	1.6825	1.75431	1.80135	1.8296	1.84589	1.85291	1.85485	1.85519	1.85436	1.85076	1.84075	1.82009	1.78536	1.72883	1.64611	1.53435	1.39406	1.22896	1.04742	0.869403	0.734157	0.692762	0.769118	0.938086	1.16446	1.42594	1.68168	1.89644	2.06385	2.16107	2.18022	2.11502	1.96249	1.72419	1.40808	1.02063	0.581638	0.0989383	-0.39881	-0.899119	-1.38221	-1.81972	-2.20524	-2.52835	-2.77151	-2.92935	-3.00392	-2.99557	-2.90446	-2.72983	-2.46975	-2.13238	-1.73612	-1.28875	-0.799559	-0.298633	0.197499	0.673197	1.10294	1.47704	1.77861	1.9995	2.13548	2.18235	2.14792	2.03519	1.85584	1.63011	1.36159	1.07983	0.80436	0.537218	0.305878	0.144641	0.0565702	0.0184311	0.00505907	0.00118396	0.00023892	4.19993e-05	6.48989e-06	8.88607e-07	1.08574e-07	1.19127e-08	1.1809e-09	1.14815e-10	1.14815e-10	
0.00138661	0.00138661	0.00452444	0.0150899	0.0431874	0.104662	0.214847	0.376827	0.575194	0.784393	0.982936	1.1595	1.31031	1.43495	1.53444	1.6104	1.66553	1.70397	1.72913	1.74233	1.74494	1.73828	1.72042	1.69035	1.6457	1.58272	1.49755	1.3883	1.25353	1.09382	0.913599	0.727989	0.570997	0.493842	0.537985	0.69744	0.924649	1.18401	1.4599	1.71591	1.92618	2.08592	2.16873	2.17418	2.09011	1.91669	1.65628	1.3148	0.902968	0.437411	-0.0694994	-0.591146	-1.11388	-1.61272	-2.07007	-2.46712	-2.78769	-3.03713	-3.21906	-3.31495	-3.30385	-3.18863	-2.99247	-2.72983	-2.39359	-1.98231	-1.51569	-1.01056	-0.485959	0.0334249	0.534786	0.990002	1.38947	1.71509	1.95884	2.11412	2.18031	2.15836	2.0593	1.88758	1.6666	1.40177	1.11867	0.840351	0.569488	0.330674	0.159792	0.063867	0.0212468	0.00594818	0.00141823	0.000291296	5.20755e-05	8.17771e-06	1.13724e-06	1.41061e-07	1.57055e-08	1.57936e-09	1.55885e-10	1.55885e-10	
0.00032779	0.00032779	0.00118626	0.00438073	0.0139799	0.0381065	0.088615	0.176599	0.305103	0.465403	0.64096	0.815059	0.97579	1.11664	1.23505	1.33075	1.40451	1.4581	1.49403	1.51387	1.51833	1.50781	1.48169	1.43893	1.37756	1.29516	1.19046	1.06302	0.91411	0.748698	0.578756	0.427903	0.333175	0.335993	0.456802	0.671482	0.929583	1.20408	1.48504	1.73859	1.94549	2.09996	2.1735	2.16855	2.07107	1.88404	1.60624	1.24948	0.818425	0.335655	-0.186665	-0.730445	-1.26069	-1.7752	-2.25261	-2.64648	-2.96388	-3.24149	-3.47063	-3.59883	-3.58383	-3.43094	-3.18863	-2.90446	-2.575	-2.1626	-1.67383	-1.15626	-0.621568	-0.0792757	0.435372	0.909938	1.32672	1.6687	1.92862	2.09783	2.17668	2.16505	2.07475	1.90886	1.69071	1.42852	1.14521	0.865061	0.591721	0.348053	0.170663	0.0692251	0.0233579	0.00662725	0.00160016	0.000332601	6.01385e-05	9.54762e-06	1.3419e-06	1.68182e-07	1.89176e-08	1.92178e-09	1.91755e-10	1.91755e-10	
6.7479e-05	6.7479e-05	0.000268547	0.00108806	0.00383268	0.0116187	0.0302525	0.0678069	0.131806	0.225102	0.343614	0.477789	0.616299	0.74922	0.869435	0.972645	1.05661	1.12042	1.16427	1.18884	1.19453	1.18134	1.14916	1.09737	1.02547	0.933621	0.823259	0.69736	0.561579	0.425273	0.302834	0.215194	0.19015	0.256146	0.423379	0.665209	0.936169	1.21611	1.49814	1.75088	1.9568	2.10558	2.17506	2.16585	2.05867	1.86777	1.57705	1.21604	0.770804	0.282446	-0.250138	-0.806399	-1.33622	-1.86487	-2.35294	-2.7383	-3.05768	-3.36398	-3.63037	-3.78121	-3.76357	-3.58383	-3.30385	-2.99557	-2.66877	-2.26273	-1.75985	-1.23135	-0.696908	-0.139739	0.382324	0.865307	1.29407	1.64198	1.91306	2.08773	2.17403	2.16851	2.08059	1.92017	1.70416	1.44236	1.15896	0.878086	0.603508	0.357346	0.176554	0.0721706	0.0245339	0.00700993	0.00170374	0.000356336	6.48126e-05	1.03486e-05	1.46261e-06	1.84323e-07	2.08471e-08	2.12953e-09	2.13761e-10	2.13761e-10	
1.21738e-05	1.21738e-05	5.28749e-05	0.000233173	0.000898575	0.00299897	0.00864735	0.0215588	0.046698	0.0887095	0.149763	0.228236	0.319089	0.415442	0.510288	0.597637	0.672951	0.733037	0.775853	0.80034	0.806034	0.792807	0.760912	0.711012	0.644524	0.563936	0.472961	0.376783	0.282158	0.197291	0.132213	0.100624	0.122652	0.222048	0.409069	0.660621	0.935553	1.21684	1.49916	1.75202	1.95807	2.10609	2.1751	2.1656	2.05732	1.86625	1.57415	1.21293	0.766205	0.277523	-0.256135	-0.813357	-1.34297	-1.87324	-2.36214	-2.74642	-3.06628	-3.37584	-3.64607	-3.79912	-3.78121	-3.59883	-3.31495	-3.00392	-2.67717	-2.27196	-1.76777	-1.23807	-0.703904	-0.145334	0.377497	0.861116	1.29113	1.63946	1.91171	2.08679	2.17385	2.16889	2.08106	1.92117	1.70538	1.44361	1.1602	0.879272	0.604584	0.358198	0.177097	0.072444	0.0246436	0.00704579	0.00171348	0.000358576	6.5255e-05	1.04246e-05	1.4741e-06	1.85864e-07	2.10321e-08	2.14951e-09	2.15887e-10	2.15887e-10	
1.93701e-06	1.93701e-06	9.12073e-06	4.34777e-05	0.000181902	0.00066256	0.0020953	0.00575175	0.0137467	0.0287987	0.0534305	0.0889211	0.134606	0.187896	0.244886	0.301174	0.352568	0.395494	0.427173	0.445698	0.450034	0.439947	0.415984	0.379525	0.332825	0.279	0.221908	0.165948	0.115668	0.0755774	0.0510656	0.0515654	0.0948742	0.205349	0.396516	0.649223	0.924325	1.20526	1.48806	1.74177	1.94854	2.10175	2.17404	2.16784	2.06793	1.87953	1.59852	1.24027	0.805667	0.321063	-0.20388	-0.751131	-1.2815	-1.79929	-2.27963	-2.67158	-2.9891	-3.27355	-3.51206	-3.64607	-3.63037	-3.47063	-3.21906	-2.92935	-2.6007	-2.18939	-1.69698	-1.17698	-0.641783	-0.0956338	0.420853	0.898015	1.31767	1.66165	1.92428	2.09531	2.17606	2.1661	2.07674	1.91191	1.69419	1.43227	1.14898	0.868605	0.594923	0.350577	0.17226	0.0700211	0.0236747	0.00673004	0.00162791	0.000338945	6.13849e-05	9.76071e-06	1.37394e-06	1.72455e-07	1.9427e-08	1.97648e-09	1.97529e-10	1.97529e-10	
