0.799944	0.799944	1.01731	1.38057	1.79204	2.18119	2.5189	2.79551	3.00541	3.14663	3.22136	3.23566	3.19888	3.12507	3.03014	2.92854	2.82995	2.74432	2.68006	2.64197	2.63269	2.65392	2.70282	2.77631	2.86847	2.96975	3.06983	3.15815	3.21887	3.23694	3.19946	3.09863	2.93002	2.69238	2.3889	2.02347	1.60279	1.15515	0.738525	0.411916	0.198988	0.0832314	0.0302577	0.00961596	0.00268916	0.000666257	0.000147334	2.96201e-05	6.23188e-06	2.88172e-06	3.87448e-06	6.42284e-06	1.02011e-05	1.51869e-05	2.12166e-05	2.78874e-05	3.45693e-05	4.04899e-05	4.48746e-05	4.7104e-05	4.685e-05	4.41503e-05	3.93995e-05	3.32605e-05	2.65204e-05	1.99329e-05	1.40874e-05	9.3349e-06	5.78089e-06	3.33386e-06	1.78384e-06	8.82292e-07	4.01974e-07	1.68174e-07	6.4441e-08	2.25694e-08	7.21466e-09	2.10325e-09	5.59033e-10	1.35515e-10	2.99824e-11	6.06157e-12	1.12147e-12	1.90208e-13	2.96307e-14	4.24828e-15	5.61768e-16	6.86593e-17	7.77258e-18	8.16705e-19	7.98158e-20	7.26943e-21	6.18206e-22	4.91799e-23	3.66633e-24	2.56566e-25	1.68808e-26	1.04604e-27	6.44787e-29	6.44787e-29	
0.799944	0.799944	1.01731	1.38057	1.79204	2.18119	2.5189	2.79551	3.00541	3.14663	3.22136	3.23566	3.19888	3.12507	3.03014	2.92854	2.82995	2.74432	2.68006	2.64197	2.63269	2.65392	2.70282	2.77631	2.86847	2.96975	3.06983	3.15815	3.21887	3.23694	3.19946	3.09863	2.93002	2.69238	2.3889	2.02347	1.60279	1.15515	0.738525	0.411916	0.198988	0.0832314	0.0302577	0.00961596	0.00268916	0.000666257	0.000147334	2.96201e-05	6.23188e-06	2.88172e-06	3.87448e-06	6.42284e-06	1.02011e-05	1.51869e-05	2.12166e-05	2.78874e-05	3.45693e-05	4.04899e-05	4.48746e-05	4.7104e-05	4.685e-05	4.41503e-05	3.93995e-05	3.32605e-05	2.65204e-05	1.99329e-05	1.40874e-05	9.3349e-06	5.78089e-06	3.33386e-06	1.78384e-06	8.82292e-07	4.01974e-07	1.68174e-07	6.4441e-08	2.25694e-08	7.21466e-09	2.10325e-09	5.59033e-10	1.35515e-10	2.99824e-11	6.06157e-12	1.12147e-12	1.90208e-13	2.96307e-14	4.24828e-15	5.61768e-16	6.86593e-17	7.77258e-18	8.16705e-19	7.98158e-20	7.26943e-21	6.18206e-22	4.91799e-23	3.66633e-24	2.56566e-25	1.68808e-26	1.04604e-27	6.44787e-29	6.44787e-29	
1.01731	1.01731	1.17056	1.43337	1.75622	2.09902	2.41835	2.67595	2.85646	2.96153	3.00112	2.98787	2.93529	2.85637	2.76159	2.66102	2.56494	2.48457	2.42382	2.38806	2.38004	2.39915	2.44588	2.51496	2.60206	2.70143	2.80094	2.8905	2.96023	2.99848	2.99245	2.92786	2.79331	2.58076	2.2917	1.94707	1.57831	1.20538	0.844242	0.526305	0.286047	0.134329	0.0544819	0.0191677	0.0058878	0.00159081	0.000381646	8.3835e-05	2.10614e-05	1.32196e-05	1.90522e-05	3.07553e-05	4.73104e-05	6.84393e-05	9.32738e-05	0.000120094	0.000146435	0.000169423	0.000186266	0.000194777	0.000193809	0.000183494	0.000165212	0.000141313	0.000114648	8.80444e-05	6.38391e-05	4.35731e-05	2.79008e-05	1.66973e-05	9.30179e-06	4.80391e-06	2.29088e-06	1.00507e-06	4.04386e-07	1.48826e-07	5.00039e-08	1.5319e-08	4.2766e-09	1.08797e-09	2.5236e-10	5.3427e-11	1.03382e-11	1.83148e-12	2.97625e-13	4.44561e-14	6.11675e-15	7.76929e-16	9.12978e-17	9.94699e-18	1.00691e-18	9.48956e-20	8.34286e-21	6.85523e-22	5.27422e-23	3.80608e-24	2.58049e-25	1.64663e-26	1.04604e-27	1.04604e-27	
1.38057	1.38057	1.43337	1.55399	1.7519	1.99506	2.22424	2.40503	2.52747	2.58887	2.59501	2.55436	2.48081	2.38548	2.28018	2.17446	2.08042	2.00253	1.94476	1.91118	1.90428	1.92148	1.96541	2.03191	2.11656	2.21549	2.32297	2.42515	2.51349	2.57493	2.59844	2.57114	2.48455	2.33614	2.12597	1.86167	1.57424	1.29189	1.00808	0.715901	0.444992	0.237284	0.108055	0.0421909	0.0142331	0.00418657	0.00108802	0.000262897	8.12491e-05	6.55302e-05	9.7376e-05	0.000152825	0.000228085	0.000321163	0.000427653	0.000540061	0.000648421	0.000741637	0.000809243	0.0008432	0.000839345	0.000798154	0.000724652	0.000627497	0.000517432	0.000405461	0.000301142	0.000211338	0.000139646	8.65387e-05	5.00809e-05	2.69457e-05	1.34198e-05	6.16077e-06	2.5974e-06	1.00255e-06	3.53409e-07	1.13586e-07	3.32526e-08	8.86464e-09	2.15267e-09	4.76599e-10	9.63282e-11	1.78029e-11	3.0143e-12	4.68528e-13	6.70009e-14	8.83455e-15	1.0765e-15	1.21487e-16	1.27254e-17	1.23979e-18	1.12575e-19	9.54562e-21	7.57257e-22	5.63037e-23	3.93031e-24	2.58049e-25	1.68808e-26	1.68808e-26	
1.79204	1.79204	1.75622	1.7519	1.8111	1.89572	1.97474	2.04124	2.07607	2.07107	2.02625	1.94792	1.84858	1.738	1.62893	1.52731	1.44095	1.36885	1.31921	1.29041	1.28335	1.30004	1.33595	1.39519	1.47388	1.56588	1.67165	1.78226	1.88982	1.98218	2.0479	2.07734	2.06445	2.00898	1.91915	1.79094	1.61236	1.4034	1.18035	0.926906	0.646575	0.387345	0.196884	0.0850331	0.0314448	0.0100627	0.00284023	0.00076885	0.000303791	0.000299572	0.000448174	0.00068171	0.000985939	0.0013501	0.00175515	0.00217265	0.00256734	0.00290179	0.00314177	0.00326155	0.00324798	0.00310255	0.00284118	0.00249168	0.00208936	0.00167166	0.00127275	0.000919242	0.000627496	0.000403181	0.000242743	0.000136296	7.10258e-05	3.4191e-05	1.51395e-05	6.14339e-06	2.27776e-06	7.69954e-07	2.3696e-07	6.63554e-08	1.69085e-08	3.92343e-09	8.29995e-10	1.60333e-10	2.83348e-11	4.59063e-12	6.83337e-13	9.36683e-14	1.18506e-14	1.38694e-15	1.50494e-16	1.51726e-17	1.42427e-18	1.24735e-19	1.02113e-20	7.8285e-22	5.63037e-23	3.80608e-24	2.56566e-25	2.56566e-25	
2.18119	2.18119	2.09902	1.99506	1.89572	1.80676	1.74214	1.67425	1.58137	1.47306	1.34862	1.22167	1.09513	0.978483	0.872761	0.782989	0.709471	0.655483	0.619062	0.598644	0.592625	0.604834	0.631034	0.674612	0.735878	0.817141	0.912711	1.02407	1.14466	1.2725	1.3989	1.51661	1.61601	1.68652	1.71488	1.7104	1.65326	1.52071	1.33889	1.1214	0.85655	0.569625	0.321736	0.15357	0.0623016	0.0217417	0.00671797	0.0021012	0.00108928	0.00124054	0.00183649	0.00269923	0.00377691	0.00502291	0.00636789	0.00771936	0.00897066	0.0100139	0.0107539	0.0111208	0.0110793	0.0106335	0.00982598	0.0087327	0.0074524	0.00609387	0.00476183	0.00354431	0.00250338	0.00167071	0.00104858	0.000615785	0.000336593	0.000170362	7.94528e-05	3.39965e-05	1.3298e-05	4.74214e-06	1.53883e-06	4.53951e-07	1.21714e-07	2.96761e-08	6.58672e-09	1.33289e-09	2.46369e-10	4.16833e-11	6.46987e-12	9.23419e-13	1.21477e-13	1.47639e-14	1.66157e-15	1.73547e-16	1.68593e-17	1.52647e-18	1.2907e-19	1.02113e-20	7.57257e-22	5.27422e-23	3.66633e-24	3.66633e-24	
2.5189	2.5189	2.41835	2.22424	1.97474	1.74214	1.53398	1.31486	1.10226	0.891698	0.688366	0.50446	0.341173	0.207466	0.099749	0.0219426	-0.0314191	-0.065805	-0.0875295	-0.0976235	-0.100485	-0.0970152	-0.080589	-0.0543713	-0.0127662	0.0504317	0.139173	0.258386	0.403365	0.576148	0.767154	0.973366	1.17552	1.36974	1.52456	1.61534	1.65325	1.60856	1.47455	1.28681	1.04948	0.762612	0.475094	0.249934	0.11122	0.0424474	0.0145464	0.00546871	0.00369706	0.00459403	0.00664442	0.00940994	0.0127167	0.016401	0.0202521	0.0240172	0.0274257	0.0302181	0.0321743	0.0331371	0.0330286	0.0318574	0.0297185	0.0267832	0.0232814	0.0194773	0.0156402	0.0120148	0.00879568	0.00610908	0.00400582	0.00246651	0.00141806	0.000756889	0.000372993	0.000168856	6.99233e-05	2.63964e-05	9.06243e-06	2.82552e-06	7.99617e-07	2.05454e-07	4.79737e-08	1.0195e-08	1.97547e-09	3.49767e-10	5.67172e-11	8.44351e-12	1.15681e-12	1.46215e-13	1.70901e-14	1.85155e-15	1.86354e-16	1.74618e-17	1.52647e-18	1.24735e-19	9.54562e-21	6.85523e-22	4.91799e-23	4.91799e-23	
2.79551	2.79551	2.67595	2.40503	2.04124	1.67425	1.31486	0.983731	0.679772	0.379485	0.112881	-0.124523	-0.312158	-0.457571	-0.55473	-0.618006	-0.651171	-0.667499	-0.671147	-0.670242	-0.670699	-0.669669	-0.670412	-0.663925	-0.639316	-0.596555	-0.520306	-0.404575	-0.242851	-0.034207	0.213913	0.491284	0.780448	1.05084	1.30567	1.49481	1.60698	1.64331	1.5748	1.42222	1.21442	0.946765	0.643244	0.370836	0.180697	0.0757275	0.0293651	0.0137657	0.0116277	0.0150296	0.0210385	0.0286335	0.0373068	0.0465933	0.0559693	0.064869	0.0727318	0.0790522	0.0834209	0.0855545	0.0853146	0.0827169	0.0779297	0.0712636	0.06315	0.054109	0.0447056	0.0354981	0.0269825	0.019544	0.0134204	0.0086872	0.00526894	0.00297556	0.00155499	0.000747623	0.000329033	0.00013201	4.81358e-05	1.59212e-05	4.77245e-06	1.2965e-06	3.19457e-07	7.14943e-08	1.45598e-08	2.70402e-09	4.5906e-10	7.14199e-11	1.02086e-11	1.34402e-12	1.63392e-13	1.83861e-14	1.91955e-15	1.86354e-16	1.68593e-17	1.42427e-18	1.12575e-19	8.34286e-21	6.18206e-22	6.18206e-22	
3.00541	3.00541	2.85646	2.52747	2.07607	1.58137	1.10226	0.679772	0.285894	-0.0604406	-0.360293	-0.608601	-0.796131	-0.927763	-1.00773	-1.04314	-1.05179	-1.03783	-1.02619	-1.01587	-1.00991	-1.01652	-1.03113	-1.04461	-1.05149	-1.0345	-0.980464	-0.883317	-0.726935	-0.5189	-0.247531	0.058371	0.404112	0.743595	1.05732	1.32931	1.51707	1.62458	1.62994	1.52609	1.34982	1.11019	0.811646	0.508758	0.270838	0.125539	0.0565559	0.0335077	0.0330876	0.0429359	0.0577662	0.0753767	0.0945303	0.11418	0.133291	0.150862	0.165986	0.1779	0.186017	0.189949	0.189509	0.184717	0.175801	0.163192	0.147512	0.129556	0.110253	0.0906108	0.0716294	0.0542134	0.0390767	0.0266656	0.0171159	0.0102637	0.00571035	0.00292818	0.0013757	0.000589228	0.000229204	8.07672e-05	2.57473e-05	7.4232e-06	1.93679e-06	4.57919e-07	9.82924e-08	1.91977e-08	3.42021e-09	5.57274e-10	8.32637e-11	1.14385e-11	1.4486e-12	1.69551e-13	1.83861e-14	1.85155e-15	1.73547e-16	1.51726e-17	1.23979e-18	9.48956e-20	7.26943e-21	7.26943e-21	
3.14663	3.14663	2.96153	2.58887	2.07107	1.47306	0.891698	0.379485	-0.0604406	-0.423656	-0.730557	-0.956789	-1.1203	-1.20704	-1.24437	-1.23186	-1.20162	-1.1644	-1.12739	-1.10625	-1.10071	-1.11391	-1.14116	-1.17822	-1.21696	-1.24013	-1.23558	-1.18036	-1.06297	-0.876923	-0.621764	-0.305499	0.0462763	0.42706	0.792488	1.12705	1.38719	1.56089	1.63895	1.59575	1.45692	1.24866	0.969785	0.655603	0.381004	0.197646	0.105897	0.077343	0.0833418	0.105972	0.136357	0.170286	0.205343	0.239712	0.271843	0.300415	0.324351	0.34282	0.355225	0.361183	0.360519	0.35325	0.339596	0.319978	0.295041	0.265663	0.232967	0.198309	0.163214	0.129275	0.0980067	0.0706821	0.0481628	0.0307798	0.0183082	0.0100594	0.00507003	0.00233002	0.000971781	0.000366608	0.000124863	3.83693e-05	1.06423e-05	2.66774e-06	6.05515e-07	1.24736e-07	2.33819e-08	3.99928e-09	6.25935e-10	8.98967e-11	1.18803e-11	1.4486e-12	1.63392e-13	1.70901e-14	1.66157e-15	1.50494e-16	1.27254e-17	1.00691e-18	7.98158e-20	7.98158e-20	
3.22136	3.22136	3.00112	2.59501	2.02625	1.34862	0.688366	0.112881	-0.360293	-0.730557	-1.00378	-1.18601	-1.28499	-1.31199	-1.28406	-1.22506	-1.14913	-1.08141	-1.0279	-0.99642	-0.992139	-1.00752	-1.04435	-1.10663	-1.18101	-1.24993	-1.30254	-1.30696	-1.25727	-1.1244	-0.917038	-0.625082	-0.272994	0.120774	0.518483	0.900596	1.22631	1.46305	1.60794	1.63083	1.53736	1.36339	1.11391	0.807358	0.513464	0.302072	0.193095	0.164202	0.182639	0.224099	0.27502	0.328587	0.381138	0.430358	0.474613	0.512728	0.54387	0.567456	0.583093	0.59055	0.589722	0.58062	0.563373	0.538242	0.505653	0.466233	0.420871	0.370795	0.317621	0.263329	0.210162	0.160452	0.116352	0.0795083	0.0507695	0.0300342	0.0163265	0.00809624	0.00364117	0.00147883	0.000540983	0.000178057	5.27381e-05	1.40733e-05	3.39011e-06	7.38991e-07	1.46175e-07	2.63146e-08	4.32431e-09	6.50637e-10	8.98967e-11	1.14385e-11	1.34402e-12	1.46215e-13	1.47639e-14	1.38694e-15	1.21487e-16	9.94699e-18	8.16705e-19	8.16705e-19	
3.23566	3.23566	2.98787	2.55436	1.94792	1.22167	0.50446	-0.124523	-0.608601	-0.956789	-1.18601	-1.30483	-1.33132	-1.28399	-1.1886	-1.07433	-0.968432	-0.887384	-0.833073	-0.801236	-0.79361	-0.81203	-0.851525	-0.917119	-1.00749	-1.12125	-1.2305	-1.3105	-1.33163	-1.27352	-1.12364	-0.879289	-0.557759	-0.16731	0.251914	0.666707	1.04564	1.34147	1.54671	1.63534	1.59453	1.46008	1.24852	0.968105	0.676613	0.453288	0.336169	0.311633	0.34466	0.404928	0.474207	0.543411	0.608273	0.666712	0.717658	0.760528	0.794962	0.820716	0.837649	0.84569	0.844801	0.834986	0.816287	0.788787	0.752644	0.708122	0.655604	0.595694	0.529388	0.458222	0.384328	0.310426	0.239704	0.175484	0.120684	0.077212	0.0455147	0.0245028	0.0119585	0.00526184	0.00207998	0.000737404	0.000234431	6.69054e-05	1.71755e-05	3.97638e-06	8.32696e-07	1.58228e-07	2.73711e-08	4.32431e-09	6.25935e-10	8.32637e-11	1.02086e-11	1.15681e-12	1.21477e-13	1.18506e-14	1.0765e-15	9.12978e-17	7.77258e-18	7.77258e-18	
3.19888	3.19888	2.93529	2.48081	1.84858	1.09513	0.341173	-0.312158	-0.796131	-1.1203	-1.28499	-1.33132	-1.27393	-1.1566	-1.00626	-0.868163	-0.757002	-0.68425	-0.64161	-0.617745	-0.61422	-0.62622	-0.654785	-0.708309	-0.796729	-0.919873	-1.06841	-1.20837	-1.30963	-1.33141	-1.25948	-1.07528	-0.788923	-0.421282	0.00166423	0.437816	0.857545	1.20669	1.46687	1.61823	1.63624	1.54998	1.3868	1.15029	0.882451	0.662549	0.542711	0.520018	0.560626	0.630673	0.708774	0.784545	0.853762	0.914955	0.967657	1.01166	1.04678	1.07291	1.09004	1.09816	1.09726	1.08735	1.06842	1.04049	1.00359	0.957818	0.903368	0.84038	0.76909	0.690049	0.604349	0.513769	0.420986	0.329694	0.244361	0.169545	0.108875	0.0640083	0.0341277	0.0163822	0.0070455	0.00270775	0.000929408	0.000285177	7.83835e-05	1.9353e-05	4.30618e-06	8.66479e-07	1.58228e-07	2.63146e-08	3.99928e-09	5.57274e-10	7.14199e-11	8.44351e-12	9.23419e-13	9.36683e-14	8.83455e-15	7.76929e-16	6.86593e-17	6.86593e-17	
3.12507	3.12507	2.85637	2.38548	1.738	0.978483	0.207466	-0.457571	-0.927763	-1.20704	-1.31199	-1.28399	-1.1566	-0.982814	-0.806859	-0.670688	-0.596189	-0.560314	-0.544581	-0.531392	-0.525265	-0.535238	-0.550802	-0.57297	-0.617951	-0.720237	-0.874024	-1.05685	-1.21838	-1.31935	-1.31947	-1.20532	-0.973158	-0.637334	-0.221448	0.225827	0.673805	1.06843	1.38044	1.59357	1.6772	1.65054	1.54688	1.36675	1.13459	0.92332	0.796467	0.764882	0.80067	0.869665	0.948495	1.02541	1.09573	1.15793	1.21139	1.25574	1.29081	1.31675	1.3337	1.34169	1.34081	1.33104	1.3123	1.28453	1.2476	1.20139	1.1461	1.08201	1.0093	0.928091	0.838717	0.741826	0.638481	0.530661	0.421782	0.316858	0.22203	0.143174	0.0839179	0.0442642	0.0208659	0.00875587	0.00326634	0.00108398	0.000320689	8.48337e-05	2.01381e-05	4.30618e-06	8.32696e-07	1.46175e-07	2.33819e-08	3.42021e-09	4.5906e-10	5.67172e-11	6.46987e-12	6.83337e-13	6.70009e-14	6.11675e-15	5.61768e-16	5.61768e-16	
3.03014	3.03014	2.76159	2.28018	1.62893	0.872761	0.099749	-0.55473	-1.00773	-1.24437	-1.28406	-1.1886	-1.00626	-0.806859	-0.64777	-0.559927	-0.53773	-0.531407	-0.520914	-0.516105	-0.516433	-0.517661	-0.525918	-0.533709	-0.541085	-0.585257	-0.703823	-0.884807	-1.08884	-1.25177	-1.32867	-1.28386	-1.10491	-0.807823	-0.41122	0.0372354	0.505831	0.939306	1.30133	1.57925	1.73733	1.78038	1.74065	1.61587	1.41585	1.20735	1.06542	1.0168	1.04183	1.10662	1.18489	1.26235	1.33304	1.3947	1.4465	1.48831	1.52077	1.54449	1.5598	1.56693	1.56613	1.55738	1.54041	1.51497	1.48069	1.4369	1.38304	1.31918	1.24563	1.16275	1.07091	0.970916	0.863592	0.749635	0.630164	0.507494	0.386108	0.273064	0.176618	0.103018	0.0536293	0.0247614	0.0101131	0.00365413	0.00117049	0.000333472	8.48337e-05	1.9353e-05	3.97638e-06	7.38991e-07	1.24736e-07	1.91977e-08	2.70402e-09	3.49767e-10	4.16833e-11	4.59063e-12	4.68528e-13	4.44561e-14	4.24828e-15	4.24828e-15	
2.92854	2.92854	2.66102	2.17446	1.52731	0.782989	0.0219426	-0.618006	-1.04314	-1.23186	-1.22506	-1.07433	-0.868163	-0.670688	-0.559927	-0.529731	-0.551071	-0.551898	-0.52184	-0.520094	-0.52557	-0.514463	-0.534035	-0.55819	-0.539159	-0.535683	-0.591699	-0.746244	-0.956845	-1.16437	-1.29808	-1.31617	-1.19414	-0.941134	-0.564738	-0.119821	0.364227	0.835144	1.24848	1.59514	1.83319	1.94647	1.96081	1.87621	1.69712	1.48749	1.33126	1.26753	1.28266	1.34191	1.41592	1.48853	1.553	1.60697	1.65045	1.68452	1.7107	1.72943	1.74117	1.74667	1.74603	1.73927	1.72621	1.70603	1.67835	1.64251	1.59693	1.5404	1.47239	1.39283	1.30168	1.19956	1.08813	0.969169	0.844211	0.71437	0.580745	0.446232	0.317712	0.205523	0.118884	0.0608531	0.0274212	0.0108661	0.00379315	0.00117049	0.000320689	7.83835e-05	1.71755e-05	3.39011e-06	6.05515e-07	9.82924e-08	1.45598e-08	1.97547e-09	2.46369e-10	2.83348e-11	3.0143e-12	2.97625e-13	2.96307e-14	2.96307e-14	
2.82995	2.82995	2.56494	2.08042	1.44095	0.709471	-0.0314191	-0.651171	-1.05179	-1.20162	-1.14913	-0.968432	-0.757002	-0.596189	-0.53773	-0.551071	-0.551121	-0.518066	-0.477441	-0.48291	-0.494755	-0.475246	-0.491171	-0.534444	-0.554485	-0.544317	-0.547531	-0.653506	-0.843278	-1.07188	-1.24726	-1.32398	-1.24814	-1.03511	-0.681222	-0.241665	0.256758	0.771198	1.24258	1.65704	1.96672	2.13535	2.18504	2.12651	1.96521	1.75923	1.59361	1.51465	1.51414	1.55864	1.61859	1.67759	1.72835	1.76927	1.80119	1.82597	1.84417	1.85637	1.86368	1.86728	1.86687	1.86248	1.8543	1.84101	1.82155	1.79541	1.76175	1.71835	1.66364	1.59642	1.516	1.42121	1.3123	1.19095	1.0599	0.922612	0.781833	0.638436	0.493294	0.352065	0.226688	0.129376	0.0647901	0.0283665	0.0108661	0.00365413	0.00108398	0.000285177	6.69054e-05	1.40733e-05	2.66774e-06	4.57919e-07	7.14943e-08	1.0195e-08	1.33289e-09	1.60333e-10	1.78029e-11	1.83148e-12	1.90208e-13	1.90208e-13	
2.74432	2.74432	2.48457	2.00253	1.36885	0.655483	-0.065805	-0.667499	-1.03783	-1.1644	-1.08141	-0.887384	-0.68425	-0.560314	-0.531407	-0.551898	-0.518066	-0.46548	-0.439592	-0.447148	-0.454952	-0.43909	-0.448598	-0.483451	-0.53788	-0.547101	-0.5305	-0.603349	-0.762911	-0.998757	-1.19782	-1.31432	-1.27586	-1.09623	-0.763271	-0.31819	0.199783	0.759566	1.29201	1.76461	2.12348	2.32672	2.40125	2.3667	2.22344	2.01892	1.83792	1.73527	1.71056	1.73374	1.77556	1.81807	1.85314	1.87982	1.89877	1.91167	1.91858	1.92223	1.92447	1.92519	1.92515	1.9242	1.92163	1.91753	1.9096	1.89548	1.87498	1.84602	1.8068	1.75514	1.69038	1.6112	1.51601	1.40437	1.27663	1.13528	0.985378	0.832709	0.679618	0.525255	0.373563	0.237847	0.133043	0.0647901	0.0274212	0.0101131	0.00326634	0.000929408	0.000234431	5.27381e-05	1.06423e-05	1.93679e-06	3.19457e-07	4.79737e-08	6.58672e-09	8.29995e-10	9.63282e-11	1.03382e-11	1.12147e-12	1.12147e-12	
2.68006	2.68006	2.42382	1.94476	1.31921	0.619062	-0.0875295	-0.671147	-1.02619	-1.12739	-1.0279	-0.833073	-0.64161	-0.544581	-0.520914	-0.52184	-0.477441	-0.439592	-0.462406	-0.455174	-0.441839	-0.463035	-0.452326	-0.445923	-0.500686	-0.523343	-0.524698	-0.574829	-0.717198	-0.943209	-1.15775	-1.29707	-1.292	-1.1285	-0.803647	-0.347448	0.203236	0.810666	1.39174	1.90088	2.28783	2.51685	2.61527	2.59826	2.45934	2.24368	2.04101	1.91336	1.86491	1.86641	1.88754	1.90878	1.92324	1.92985	1.93007	1.92535	1.91869	1.91259	1.90845	1.90526	1.90566	1.9093	1.91372	1.92003	1.92648	1.93044	1.92884	1.92011	1.90131	1.87002	1.82365	1.76182	1.68301	1.58707	1.47362	1.34207	1.19316	1.03177	0.867065	0.704257	0.541334	0.380864	0.237847	0.129376	0.0608531	0.0247614	0.00875587	0.00270775	0.000737404	0.000178057	3.83693e-05	7.4232e-06	1.2965e-06	2.05454e-07	2.96761e-08	3.92343e-09	4.76599e-10	5.3427e-11	6.06157e-12	6.06157e-12	
2.64197	2.64197	2.38806	1.91118	1.29041	0.598644	-0.0976235	-0.670242	-1.01587	-1.10625	-0.99642	-0.801236	-0.617745	-0.531392	-0.516105	-0.520094	-0.48291	-0.447148	-0.455174	-0.448411	-0.437625	-0.454495	-0.451138	-0.455505	-0.503596	-0.520652	-0.517267	-0.556886	-0.689954	-0.911226	-1.13283	-1.2862	-1.29322	-1.13471	-0.80248	-0.320579	0.269742	0.917618	1.52661	2.05308	2.4605	2.71198	2.82166	2.80215	2.65362	2.42396	2.20191	2.05004	1.97442	1.94744	1.93994	1.93334	1.92232	1.90489	1.8846	1.86221	1.84256	1.82547	1.81266	1.80673	1.80735	1.81472	1.8287	1.84627	1.86652	1.88882	1.90848	1.92413	1.93107	1.92736	1.90836	1.87197	1.81553	1.73776	1.6396	1.52225	1.38675	1.23184	1.06035	0.88447	0.712458	0.541334	0.373563	0.226688	0.118884	0.0536293	0.0208659	0.0070455	0.00207998	0.000540983	0.000124863	2.57473e-05	4.77245e-06	7.99617e-07	1.21714e-07	1.69085e-08	2.15267e-09	2.5236e-10	2.99824e-11	2.99824e-11	
2.63269	2.63269	2.38004	1.90428	1.28335	0.592625	-0.100485	-0.670699	-1.00991	-1.10071	-0.992139	-0.79361	-0.61422	-0.525265	-0.516433	-0.52557	-0.494755	-0.454952	-0.441839	-0.437625	-0.434506	-0.438433	-0.446043	-0.466503	-0.511326	-0.525477	-0.512652	-0.55327	-0.683664	-0.90643	-1.12673	-1.27949	-1.27914	-1.11254	-0.754507	-0.232963	0.392316	1.06336	1.68453	2.22327	2.64584	2.90124	3.00084	2.96953	2.80932	2.56158	2.31338	2.13086	2.02301	1.96489	1.92727	1.89255	1.85437	1.81255	1.76963	1.72822	1.69085	1.66126	1.64019	1.63122	1.63218	1.64348	1.66658	1.69781	1.73632	1.7781	1.82098	1.86135	1.89587	1.92025	1.9315	1.92567	1.90045	1.85151	1.77733	1.67705	1.55363	1.41236	1.251	1.07	0.88447	0.704257	0.525255	0.352065	0.205523	0.103018	0.0442642	0.0163822	0.00526184	0.00147883	0.000366608	8.07672e-05	1.59212e-05	2.82552e-06	4.53951e-07	6.63554e-08	8.86464e-09	1.08797e-09	1.35515e-10	1.35515e-10	
2.65392	2.65392	2.39915	1.92148	1.30004	0.604834	-0.0970152	-0.669669	-1.01652	-1.11391	-1.00752	-0.81203	-0.62622	-0.535238	-0.517661	-0.514463	-0.475246	-0.43909	-0.463035	-0.454495	-0.438433	-0.4631	-0.45426	-0.444363	-0.497427	-0.517225	-0.520788	-0.561261	-0.700494	-0.919959	-1.13907	-1.27547	-1.25663	-1.05527	-0.656918	-0.0960458	0.559577	1.23994	1.86502	2.41216	2.8311	3.06847	3.15263	3.10557	2.91935	2.64095	2.36328	2.15217	2.01438	1.9251	1.85419	1.78717	1.71747	1.64781	1.57897	1.51661	1.4628	1.42157	1.39348	1.37893	1.38061	1.39804	1.42877	1.47277	1.52852	1.5924	1.66155	1.73049	1.79689	1.85422	1.89911	1.92587	1.93241	1.91515	1.87201	1.80158	1.69975	1.56931	1.42067	1.251	1.06035	0.867065	0.679618	0.493294	0.317712	0.176618	0.0839179	0.0341277	0.0119585	0.00364117	0.000971781	0.000229204	4.81358e-05	9.06243e-06	1.53883e-06	2.3696e-07	3.32526e-08	4.2766e-09	5.59033e-10	5.59033e-10	
2.70282	2.70282	2.44588	1.96541	1.33595	0.631034	-0.080589	-0.670412	-1.03113	-1.14116	-1.04435	-0.851525	-0.654785	-0.550802	-0.525918	-0.534035	-0.491171	-0.448598	-0.452326	-0.451138	-0.446043	-0.45426	-0.448743	-0.458051	-0.515263	-0.53305	-0.52769	-0.583827	-0.731098	-0.959051	-1.15993	-1.27547	-1.21366	-0.961319	-0.509883	0.0884883	0.757176	1.4403	2.06917	2.60931	3.00248	3.21585	3.27789	3.19489	2.972	2.66381	2.35845	2.11712	1.94626	1.82112	1.71506	1.61433	1.51439	1.4167	1.32491	1.24232	1.17315	1.11797	1.08045	1.06346	1.06533	1.08628	1.12777	1.18604	1.25793	1.34262	1.43549	1.53337	1.63068	1.72312	1.80502	1.87111	1.91591	1.9348	1.92389	1.88223	1.81236	1.70733	1.56931	1.41236	1.23184	1.03177	0.832709	0.638436	0.446232	0.273064	0.143174	0.0640083	0.0245028	0.00809624	0.00233002	0.000589228	0.00013201	2.63964e-05	4.74214e-06	7.69954e-07	1.13586e-07	1.5319e-08	2.10325e-09	2.10325e-09	
2.77631	2.77631	2.51496	2.03191	1.39519	0.674612	-0.0543713	-0.663925	-1.04461	-1.17822	-1.10663	-0.917119	-0.708309	-0.57297	-0.533709	-0.55819	-0.534444	-0.483451	-0.445923	-0.455505	-0.466503	-0.444363	-0.458051	-0.504166	-0.549685	-0.551009	-0.534673	-0.620751	-0.788267	-1.02057	-1.19572	-1.26356	-1.14168	-0.827419	-0.320357	0.30447	0.982747	1.66782	2.28768	2.80079	3.15978	3.34112	3.36034	3.23515	2.97634	2.63005	2.29231	2.02058	1.81933	1.66089	1.52142	1.38691	1.25577	1.13016	1.0133	0.910378	0.823954	0.758924	0.715183	0.694071	0.696481	0.722204	0.770283	0.839738	0.929744	1.03538	1.15443	1.2808	1.41056	1.5377	1.65593	1.7599	1.8443	1.90387	1.93397	1.92906	1.88544	1.81236	1.69975	1.55363	1.38675	1.19316	0.985378	0.781833	0.580745	0.386108	0.22203	0.108875	0.0455147	0.0163265	0.00507003	0.0013757	0.000329033	6.99233e-05	1.3298e-05	2.27776e-06	3.53409e-07	5.00039e-08	7.21466e-09	7.21466e-09	
2.86847	2.86847	2.60206	2.11656	1.47388	0.735878	-0.0127662	-0.639316	-1.05149	-1.21696	-1.18101	-1.00749	-0.796729	-0.617951	-0.541085	-0.539159	-0.554485	-0.53788	-0.500686	-0.503596	-0.511327	-0.497428	-0.515263	-0.549687	-0.54903	-0.535395	-0.558221	-0.681914	-0.881498	-1.09433	-1.23388	-1.23311	-1.0347	-0.649802	-0.0931849	0.548713	1.2353	1.91453	2.50829	2.98304	3.30017	3.43124	3.40114	3.23261	2.92112	2.53651	2.17245	1.87434	1.6425	1.44992	1.27444	1.10769	0.946218	0.795653	0.65778	0.537916	0.439437	0.363041	0.312208	0.287491	0.290317	0.320345	0.376398	0.457373	0.55991	0.683955	0.824809	0.977317	1.13815	1.29979	1.45672	1.60184	1.7268	1.82802	1.89527	1.93287	1.92906	1.88223	1.80158	1.67705	1.52225	1.34207	1.13528	0.922612	0.71437	0.507494	0.316858	0.169545	0.077212	0.0300342	0.0100594	0.00292818	0.000747623	0.000168856	3.39965e-05	6.14339e-06	1.00255e-06	1.48826e-07	2.25694e-08	2.25694e-08	
2.96975	2.96975	2.70143	2.21549	1.56588	0.817141	0.0504317	-0.596555	-1.0345	-1.24013	-1.24993	-1.12125	-0.919873	-0.720237	-0.585257	-0.535683	-0.544317	-0.547101	-0.523343	-0.520652	-0.525477	-0.517227	-0.533056	-0.551024	-0.535421	-0.547882	-0.627585	-0.796123	-1.00064	-1.17892	-1.25101	-1.16677	-0.888858	-0.430064	0.164478	0.822294	1.51212	2.16932	2.72391	3.15322	3.41388	3.48366	3.40239	3.17501	2.8127	2.39659	2.00148	1.67985	1.41862	1.1962	0.989118	0.792153	0.60462	0.429702	0.273843	0.138546	0.0274367	-0.0557228	-0.110681	-0.136007	-0.133145	-0.101992	-0.0414579	0.0471328	0.163741	0.303786	0.463467	0.64063	0.82918	1.02224	1.21467	1.39714	1.56489	1.70817	1.82318	1.89527	1.93397	1.92389	1.87201	1.77733	1.6396	1.47362	1.27663	1.0599	0.844211	0.630164	0.421782	0.244361	0.120684	0.0507695	0.0183082	0.00571035	0.00155499	0.000372993	7.94528e-05	1.51395e-05	2.5974e-06	4.04386e-07	6.4441e-08	6.4441e-08	
3.06983	3.06983	2.80094	2.32297	1.67165	0.912711	0.139173	-0.520306	-0.980464	-1.23558	-1.30254	-1.2305	-1.06841	-0.874024	-0.703823	-0.591699	-0.547531	-0.5305	-0.524698	-0.517268	-0.512656	-0.5208	-0.527725	-0.53476	-0.558403	-0.627855	-0.765473	-0.948347	-1.13117	-1.24578	-1.23856	-1.05571	-0.689569	-0.170885	0.45411	1.12131	1.80208	2.42491	2.93108	3.30321	3.49322	3.49826	3.35824	3.06828	2.65861	2.20352	1.79116	1.44921	1.1635	0.910355	0.67427	0.448974	0.239187	0.0464919	-0.124856	-0.268164	-0.384595	-0.473245	-0.531487	-0.56029	-0.557008	-0.522309	-0.458267	-0.363568	-0.241217	-0.0923164	0.0829041	0.279643	0.491669	0.714561	0.941084	1.1605	1.36903	1.55185	1.70817	1.82802	1.90387	1.9348	1.91515	1.85151	1.73776	1.58707	1.40437	1.19095	0.969169	0.749635	0.530661	0.329694	0.175484	0.0795083	0.0307798	0.0102637	0.00297556	0.000756889	0.000170362	3.4191e-05	6.16077e-06	1.00507e-06	1.68174e-07	1.68174e-07	
3.15815	3.15815	2.8905	2.42515	1.78226	1.02407	0.258386	-0.404575	-0.883317	-1.18036	-1.30696	-1.3105	-1.20837	-1.05685	-0.884807	-0.746244	-0.653506	-0.603349	-0.574831	-0.556893	-0.553293	-0.561327	-0.584004	-0.621175	-0.68281	-0.797709	-0.950338	-1.11612	-1.23918	-1.2735	-1.16511	-0.889911	-0.444253	0.128417	0.772531	1.44031	2.1007	2.67375	3.12075	3.42386	3.53544	3.47377	3.26798	2.91461	2.45734	1.97723	1.54998	1.18761	0.88256	0.602736	0.343331	0.0967015	-0.131599	-0.336092	-0.515975	-0.667238	-0.786396	-0.874377	-0.931903	-0.957853	-0.955077	-0.923193	-0.859384	-0.764777	-0.639039	-0.482771	-0.297233	-0.087299	0.143035	0.390958	0.642592	0.898385	1.14015	1.36903	1.56489	1.7268	1.8443	1.91591	1.93241	1.90045	1.81553	1.68301	1.51601	1.3123	1.08813	0.863592	0.638481	0.420986	0.239704	0.116352	0.0481628	0.0171159	0.00526894	0.00141806	0.000336593	7.10258e-05	1.34198e-05	2.29088e-06	4.01974e-07	4.01974e-07	
3.21887	3.21887	2.96023	2.51349	1.88982	1.14466	0.403365	-0.242851	-0.726935	-1.06297	-1.25727	-1.33163	-1.30963	-1.21838	-1.08884	-0.956845	-0.843279	-0.762914	-0.717209	-0.68999	-0.683774	-0.700802	-0.731875	-0.790035	-0.885102	-1.00711	-1.1409	-1.24948	-1.29852	-1.23465	-1.03115	-0.655501	-0.143145	0.462824	1.11592	1.77306	2.39469	2.90513	3.28603	3.50938	3.53812	3.40734	3.1326	2.71951	2.22112	1.72214	1.28586	0.914981	0.587989	0.288734	0.00577627	-0.255092	-0.495328	-0.705937	-0.886175	-1.03403	-1.14996	-1.23485	-1.28963	-1.31672	-1.31376	-1.28112	-1.22025	-1.12894	-1.00741	-0.852781	-0.665586	-0.450143	-0.205009	0.0581545	0.337354	0.619957	0.898385	1.1605	1.39714	1.60184	1.7599	1.87111	1.92587	1.92567	1.87197	1.76182	1.6112	1.42121	1.19956	0.970916	0.741826	0.513769	0.310426	0.160452	0.0706821	0.0266656	0.0086872	0.00246651	0.000615785	0.000136296	2.69457e-05	4.80391e-06	8.82292e-07	8.82292e-07	
3.23694	3.23694	2.99848	2.57493	1.98218	1.2725	0.576148	-0.034207	-0.5189	-0.876923	-1.1244	-1.27352	-1.33141	-1.31935	-1.25177	-1.16437	-1.07188	-0.998772	-0.943261	-0.911395	-0.906918	-0.921235	-0.962061	-1.02698	-1.10666	-1.20026	-1.2783	-1.31486	-1.27144	-1.11282	-0.810992	-0.361967	0.199466	0.830924	1.47463	2.10615	2.67356	3.11274	3.41917	3.55308	3.4995	3.29966	2.95591	2.48756	1.95817	1.45395	1.01346	0.632396	0.291851	-0.0244715	-0.319958	-0.591627	-0.834174	-1.04473	-1.21941	-1.35978	-1.46556	-1.53897	-1.58523	-1.60581	-1.60361	-1.57813	-1.52642	-1.44715	-1.3345	-1.18718	-1.00564	-0.788318	-0.539895	-0.263965	0.030668	0.337354	0.642592	0.941084	1.21467	1.45672	1.65593	1.80502	1.89911	1.9315	1.90836	1.82365	1.69038	1.516	1.30168	1.07091	0.838717	0.604349	0.384328	0.210162	0.0980067	0.0390767	0.0134204	0.00400582	0.00104858	0.000242743	5.00809e-05	9.30179e-06	1.78384e-06	1.78384e-06	
3.19946	3.19946	2.99245	2.59844	2.0479	1.3989	0.767154	0.213913	-0.247531	-0.621764	-0.917038	-1.12364	-1.25948	-1.31947	-1.32867	-1.29808	-1.24728	-1.19789	-1.15799	-1.13355	-1.12866	-1.14374	-1.17013	-1.21588	-1.27007	-1.30995	-1.32512	-1.27705	-1.1513	-0.900179	-0.521256	-0.00479502	0.587184	1.21471	1.8373	2.4297	2.9253	3.28732	3.51113	3.55112	3.41936	3.15052	2.74192	2.22853	1.68196	1.18036	0.742619	0.357985	0.00280825	-0.324376	-0.629392	-0.90179	-1.14076	-1.34	-1.50021	-1.62202	-1.71106	-1.77164	-1.80713	-1.8228	-1.82106	-1.80172	-1.76149	-1.69566	-1.60095	-1.47115	-1.303	-1.09647	-0.849414	-0.572063	-0.263965	0.0581545	0.390958	0.714561	1.02224	1.29979	1.5377	1.72312	1.85422	1.92025	1.92736	1.87002	1.75514	1.59642	1.39283	1.16275	0.928091	0.690049	0.458222	0.263329	0.129275	0.0542134	0.019544	0.00610908	0.00167071	0.000403181	8.65387e-05	1.66973e-05	3.33386e-06	3.33386e-06	
3.09863	3.09863	2.92786	2.57114	2.07734	1.51661	0.973366	0.491284	0.058371	-0.305499	-0.625082	-0.879289	-1.07528	-1.20532	-1.28386	-1.31619	-1.32407	-1.31463	-1.29804	-1.28888	-1.28616	-1.29039	-1.30549	-1.31824	-1.3238	-1.3043	-1.24623	-1.1284	-0.917486	-0.598693	-0.151434	0.393604	0.992131	1.60737	2.19157	2.72404	3.13842	3.42105	3.55369	3.50104	3.29859	2.96434	2.4977	1.95246	1.40641	0.916092	0.482542	0.0935662	-0.267434	-0.602651	-0.907151	-1.17646	-1.40161	-1.58444	-1.7216	-1.81829	-1.88062	-1.91447	-1.93236	-1.94019	-1.9392	-1.9295	-1.90934	-1.87112	-1.80165	-1.69719	-1.55189	-1.35975	-1.12615	-0.849414	-0.539895	-0.205009	0.143035	0.491669	0.82918	1.13815	1.41056	1.63068	1.79689	1.89587	1.93107	1.90131	1.8068	1.66364	1.47239	1.24563	1.0093	0.76909	0.529388	0.317621	0.163214	0.0716294	0.0269825	0.00879568	0.00250338	0.000627496	0.000139646	2.79008e-05	5.78089e-06	5.78089e-06	
2.93002	2.93002	2.79331	2.48455	2.06445	1.61601	1.17552	0.780448	0.404112	0.0462763	-0.272994	-0.557759	-0.788924	-0.973163	-1.10494	-1.19425	-1.24851	-1.27706	-1.29546	-1.30207	-1.29936	-1.29798	-1.28975	-1.26857	-1.2281	-1.16028	-1.04146	-0.863526	-0.594211	-0.223854	0.26178	0.818634	1.41481	1.98107	2.51576	2.97672	3.30457	3.50347	3.54025	3.40522	3.14025	2.74343	2.23186	1.67488	1.1425	0.669095	0.243009	-0.149481	-0.516624	-0.852341	-1.15242	-1.40722	-1.61348	-1.76748	-1.87389	-1.93697	-1.96704	-1.97542	-1.97019	-1.96154	-1.96256	-1.97179	-1.97508	-1.96315	-1.92746	-1.85596	-1.74077	-1.57652	-1.35975	-1.09647	-0.788318	-0.450143	-0.087299	0.279643	0.64063	0.977317	1.2808	1.53337	1.73049	1.86135	1.92413	1.92011	1.84602	1.71835	1.5404	1.31918	1.08201	0.84038	0.595694	0.370795	0.198309	0.0906108	0.0354981	0.0120148	0.00354431	0.000919242	0.000211338	4.35731e-05	9.3349e-06	9.3349e-06	
2.69238	2.69238	2.58076	2.33614	2.00898	1.68652	1.36974	1.05084	0.743595	0.42706	0.120774	-0.167311	-0.421288	-0.637361	-0.807935	-0.941552	-1.0365	-1.10037	-1.1394	-1.1602	-1.1656	-1.15388	-1.12623	-1.07815	-1.00045	-0.885988	-0.725338	-0.500863	-0.195288	0.211036	0.704437	1.2555	1.80366	2.32234	2.80084	3.16916	3.41345	3.52532	3.4699	3.26776	2.94672	2.49618	1.9589	1.41111	0.904912	0.447504	0.0269187	-0.366557	-0.734667	-1.06869	-1.35682	-1.59444	-1.77207	-1.89349	-1.95971	-1.97899	-1.96771	-1.93729	-1.90716	-1.89154	-1.89308	-1.9121	-1.94421	-1.97204	-1.9775	-1.95079	-1.87411	-1.74077	-1.55189	-1.303	-1.00564	-0.665586	-0.297233	0.0829041	0.463467	0.824809	1.15443	1.43549	1.66155	1.82098	1.90848	1.92884	1.87498	1.76175	1.59693	1.38304	1.1461	0.903368	0.655604	0.420871	0.232967	0.110253	0.0447056	0.0156402	0.00476183	0.00127275	0.000301142	6.38391e-05	1.40874e-05	1.40874e-05	
2.3889	2.3889	2.2917	2.12597	1.91915	1.71488	1.52456	1.30567	1.05732	0.792488	0.518482	0.251909	0.00163865	-0.221559	-0.411651	-0.566229	-0.685806	-0.775746	-0.833632	-0.866144	-0.874282	-0.858015	-0.814623	-0.743338	-0.639481	-0.500834	-0.315274	-0.0705165	0.250848	0.658164	1.13998	1.6574	2.15742	2.62174	3.0092	3.29302	3.46041	3.47962	3.34885	3.09542	2.7221	2.2326	1.69668	1.17613	0.698945	0.257915	-0.161026	-0.556126	-0.922107	-1.24832	-1.52123	-1.7343	-1.88021	-1.96182	-1.98298	-1.9567	-1.89703	-1.82638	-1.76265	-1.72424	-1.72864	-1.77381	-1.84049	-1.91063	-1.96537	-1.98285	-1.95079	-1.85596	-1.69719	-1.47115	-1.18718	-0.852781	-0.482771	-0.0923164	0.303786	0.683955	1.03538	1.34262	1.5924	1.7781	1.88882	1.93044	1.89548	1.79541	1.64251	1.4369	1.20139	0.957818	0.708122	0.466233	0.265663	0.129556	0.054109	0.0194773	0.00609387	0.00167166	0.000405461	8.80444e-05	1.99329e-05	1.99329e-05	
2.02347	2.02347	1.94707	1.86167	1.79094	1.7104	1.61534	1.49481	1.32931	1.12705	0.900591	0.666685	0.437714	0.225416	0.035756	-0.124542	-0.254964	-0.351127	-0.419072	-0.457525	-0.464615	-0.44683	-0.395333	-0.315831	-0.204583	-0.0552457	0.136957	0.382897	0.699406	1.0918	1.54635	2.01324	2.44982	2.83028	3.1393	3.35328	3.43044	3.36949	3.18825	2.88926	2.47338	1.97317	1.46436	0.981268	0.530491	0.098801	-0.316882	-0.714674	-1.07597	-1.39316	-1.64624	-1.83302	-1.94303	-1.97985	-1.95514	-1.87527	-1.76945	-1.66557	-1.57721	-1.52654	-1.53232	-1.59254	-1.68594	-1.79096	-1.8942	-1.96537	-1.9775	-1.92746	-1.80165	-1.60095	-1.3345	-1.00741	-0.639039	-0.241217	0.163741	0.55991	0.929744	1.25793	1.52852	1.73632	1.86652	1.92648	1.9096	1.82155	1.67835	1.48069	1.2476	1.00359	0.752644	0.505653	0.295041	0.147512	0.06315	0.0232814	0.0074524	0.00208936	0.000517432	0.000114648	2.65204e-05	2.65204e-05	
1.60279	1.60279	1.57831	1.57424	1.61236	1.65326	1.65325	1.60698	1.51707	1.38719	1.22629	1.04556	0.857182	0.672444	0.501315	0.351023	0.222927	0.124083	0.0553509	0.0163496	0.00701667	0.0293333	0.0800953	0.161387	0.273815	0.419769	0.600145	0.830261	1.12118	1.47841	1.88055	2.28243	2.64662	2.95684	3.19812	3.32476	3.3212	3.21358	2.99348	2.65352	2.21825	1.74038	1.27791	0.830263	0.400092	-0.0285046	-0.443399	-0.840754	-1.19684	-1.50293	-1.73694	-1.89637	-1.97149	-1.96471	-1.89078	-1.76235	-1.60819	-1.46921	-1.37517	-1.33261	-1.33725	-1.38971	-1.49423	-1.6395	-1.79096	-1.91063	-1.97204	-1.96315	-1.87112	-1.69566	-1.44715	-1.12894	-0.764777	-0.363568	0.0471328	0.457373	0.839738	1.18604	1.47277	1.69781	1.84627	1.92003	1.91753	1.84101	1.70603	1.51497	1.28453	1.04049	0.788787	0.538242	0.319978	0.163192	0.0712636	0.0267832	0.0087327	0.00249168	0.000627497	0.000141313	3.32605e-05	3.32605e-05	
1.15515	1.15515	1.20538	1.29189	1.4034	1.52071	1.60856	1.64331	1.62458	1.56087	1.46298	1.34118	1.20553	1.06442	0.927096	0.802645	0.695961	0.608425	0.5465	0.51152	0.502445	0.52309	0.568526	0.641876	0.740395	0.863473	1.01763	1.21407	1.46384	1.77269	2.11851	2.45862	2.75527	2.99378	3.15375	3.20686	3.16149	3.02184	2.7624	2.40243	1.98647	1.55809	1.14233	0.723874	0.304864	-0.123329	-0.538881	-0.93595	-1.28553	-1.58029	-1.79784	-1.92925	-1.97713	-1.92787	-1.8135	-1.64918	-1.45652	-1.30122	-1.21512	-1.18125	-1.18493	-1.2275	-1.32667	-1.49423	-1.68594	-1.84049	-1.94421	-1.97508	-1.90934	-1.76149	-1.52642	-1.22025	-0.859384	-0.458267	-0.0414579	0.376398	0.770283	1.12777	1.42877	1.66658	1.8287	1.91372	1.92163	1.8543	1.72621	1.54041	1.3123	1.06842	0.816287	0.563373	0.339596	0.175801	0.0779297	0.0297185	0.00982598	0.00284118	0.000724652	0.000165212	3.93995e-05	3.93995e-05	
0.738525	0.738525	0.844242	1.00808	1.18035	1.33889	1.47455	1.57479	1.62993	1.6389	1.60771	1.5458	1.46356	1.36993	1.27214	1.17817	1.0963	1.02905	0.979615	0.951148	0.944561	0.95979	0.99707	1.05492	1.13175	1.22827	1.35048	1.50664	1.71132	1.96858	2.25524	2.527	2.75006	2.91751	3.01932	3.03592	2.96211	2.78832	2.51022	2.16999	1.80491	1.43449	1.05539	0.65591	0.241946	-0.187104	-0.603263	-0.999945	-1.34483	-1.63	-1.83463	-1.94472	-1.9683	-1.88902	-1.74046	-1.5526	-1.3516	-1.20558	-1.15169	-1.14995	-1.14903	-1.15618	-1.2275	-1.38971	-1.59254	-1.77381	-1.9121	-1.97179	-1.9295	-1.80172	-1.57813	-1.28112	-0.923193	-0.522309	-0.101992	0.320345	0.722204	1.08628	1.39804	1.64348	1.81472	1.9093	1.9242	1.86248	1.73927	1.55738	1.33104	1.08735	0.834986	0.58062	0.35325	0.184717	0.0827169	0.0318574	0.0106335	0.00310255	0.000798154	0.000183494	4.41503e-05	4.41503e-05	
0.411916	0.411916	0.526305	0.715901	0.926906	1.1214	1.28681	1.42221	1.52606	1.59559	1.63016	1.63281	1.60981	1.56909	1.51754	1.46118	1.40716	1.3615	1.32702	1.30651	1.30196	1.31277	1.33951	1.37971	1.43236	1.49773	1.57948	1.68829	1.83986	2.03782	2.26055	2.46817	2.63497	2.75948	2.83006	2.818	2.71501	2.52841	2.27424	1.99079	1.68901	1.36412	1.0107	0.621908	0.208184	-0.218896	-0.638728	-1.03118	-1.37756	-1.65333	-1.85369	-1.95037	-1.95732	-1.86618	-1.68974	-1.49284	-1.30046	-1.16714	-1.15593	-1.20328	-1.19526	-1.14903	-1.18493	-1.33725	-1.53232	-1.72864	-1.89308	-1.96256	-1.9392	-1.82106	-1.60361	-1.31376	-0.955077	-0.557008	-0.133145	0.290317	0.696481	1.06533	1.38061	1.63218	1.80735	1.90566	1.92515	1.86687	1.74603	1.56613	1.34081	1.09726	0.844801	0.589722	0.360519	0.189509	0.0853146	0.0330286	0.0110793	0.00324798	0.000839345	0.000193809	4.685e-05	4.685e-05	
0.198988	0.198988	0.286047	0.444992	0.646575	0.856549	1.04947	1.2144	1.34972	1.45647	1.53557	1.58827	1.6171	1.62644	1.62154	1.60701	1.58725	1.56738	1.55115	1.54099	1.5386	1.54431	1.55742	1.57631	1.59966	1.62769	1.66544	1.72631	1.82689	1.9735	2.14812	2.31411	2.44644	2.54083	2.58275	2.54781	2.44318	2.28947	2.09623	1.87935	1.63009	1.33682	0.998974	0.616538	0.204383	-0.221765	-0.642047	-1.03369	-1.38051	-1.65508	-1.85547	-1.95074	-1.95619	-1.86441	-1.68475	-1.48729	-1.29618	-1.16393	-1.1581	-1.21209	-1.20328	-1.14995	-1.18125	-1.33261	-1.52654	-1.72424	-1.89154	-1.96154	-1.94019	-1.8228	-1.60581	-1.31672	-0.957853	-0.56029	-0.136007	0.287491	0.694071	1.06346	1.37893	1.63122	1.80673	1.90526	1.92519	1.86728	1.74667	1.56693	1.34169	1.09816	0.84569	0.59055	0.361183	0.189949	0.0855545	0.0331371	0.0111208	0.00326155	0.0008432	0.000194777	4.7104e-05	4.7104e-05	
0.0832314	0.0832314	0.134329	0.237284	0.387345	0.569623	0.762601	0.946705	1.10991	1.24749	1.35909	1.44616	1.51096	1.55638	1.58613	1.60399	1.61309	1.61644	1.61692	1.61649	1.6163	1.61677	1.6172	1.61666	1.61434	1.61162	1.61527	1.63945	1.70185	1.81105	1.95074	2.08452	2.18684	2.25609	2.28632	2.26414	2.20203	2.11345	1.98934	1.82704	1.61258	1.34108	1.01365	0.636422	0.229798	-0.196825	-0.612824	-1.00857	-1.3534	-1.63666	-1.83985	-1.94669	-1.96596	-1.88304	-1.72799	-1.53725	-1.33763	-1.19423	-1.14925	-1.1581	-1.15593	-1.15169	-1.21512	-1.37517	-1.57721	-1.76265	-1.90716	-1.97019	-1.93236	-1.80713	-1.58523	-1.28963	-0.931903	-0.531487	-0.110681	0.312208	0.715183	1.08045	1.39348	1.64019	1.81266	1.90845	1.92447	1.86368	1.74117	1.5598	1.3337	1.09004	0.837649	0.583093	0.355225	0.186017	0.0834209	0.0321743	0.0107539	0.00314177	0.000809243	0.000186266	4.48746e-05	4.48746e-05	
0.0302577	0.0302577	0.0544819	0.108055	0.196883	0.32173	0.475061	0.643084	0.810942	0.967042	1.10452	1.22058	1.31507	1.38943	1.44604	1.48786	1.51772	1.53799	1.55068	1.55734	1.55881	1.55535	1.54658	1.53182	1.51079	1.48536	1.46241	1.45607	1.48511	1.56048	1.6692	1.77848	1.86683	1.93927	1.99714	2.02695	2.03106	2.00863	1.93786	1.8139	1.62482	1.36692	1.05138	0.68141	0.281424	-0.140905	-0.55441	-0.951357	-1.29969	-1.59259	-1.80711	-1.9334	-1.97632	-1.91937	-1.79813	-1.62777	-1.43093	-1.27632	-1.19423	-1.16393	-1.16714	-1.20558	-1.30122	-1.46921	-1.66557	-1.82638	-1.93729	-1.97542	-1.91447	-1.77164	-1.53897	-1.23485	-0.874377	-0.473245	-0.0557229	0.363041	0.758924	1.11797	1.42157	1.66126	1.82547	1.91259	1.92223	1.85637	1.72943	1.54449	1.31675	1.07291	0.820716	0.567456	0.34282	0.1779	0.0790522	0.0302181	0.0100139	0.00290179	0.000741637	0.000169423	4.04899e-05	4.04899e-05	
