7.14355e-09	7.14355e-09	5.86041e-08	4.60751e-07	3.14922e-06	1.85639e-05	9.37273e-05	0.000402821	0.00146702	0.00451973	0.0118115	0.0263971	0.0511399	0.0873622	0.133937	0.187233	0.241768	0.291314	0.33005	0.353508	0.359084	0.346172	0.316185	0.272504	0.220223	0.165453	0.114268	0.0715301	0.0399094	0.0195022	0.00821729	0.00295074	0.000897084	0.000230557	5.02179e-05	9.31799e-06	1.48269e-06	2.03788e-07	2.43711e-08	2.55381e-09	2.36045e-10	1.93623e-11	1.41753e-12	9.31038e-14	5.51212e-15	2.95438e-16	1.43961e-17	6.67156e-19	1.91346e-19	8.53419e-19	3.77457e-18	1.43141e-17	4.63105e-17	1.27226e-16	2.9608e-16	5.87025e-16	1.00863e-15	1.52916e-15	2.04078e-15	2.35387e-15	2.31657e-15	1.94799e-15	1.42036e-15	9.13364e-16	5.1694e-16	2.52235e-16	1.04506e-16	3.66514e-17	1.09173e-17	2.7762e-18	6.05721e-19	1.13881e-19	1.85196e-20	2.61449e-21	3.21654e-22	3.46305e-23	3.27758e-24	2.7398e-25	2.03247e-26	1.34432e-27	7.96382e-29	4.24375e-30	2.04242e-31	8.91139e-33	3.53734e-34	1.28159e-35	4.25071e-37	1.29425e-38	3.62681e-40	9.37567e-42	2.24072e-43	4.96075e-45	1.01924e-46	1.94674e-48	3.46192e-50	5.74014e-52	8.88573e-54	1.28574e-55	1.76299e-57	1.76299e-57	
7.14355e-09	7.14355e-09	5.86041e-08	4.60751e-07	3.14922e-06	1.85639e-05	9.37273e-05	0.000402821	0.00146702	0.00451973	0.0118115	0.0263971	0.0511399	0.0873622	0.133937	0.187233	0.241768	0.291314	0.33005	0.353508	0.359084	0.346172	0.316185	0.272504	0.220223	0.165453	0.114268	0.0715301	0.0399094	0.0195022	0.00821729	0.00295074	0.000897084	0.000230557	5.02179e-05	9.31799e-06	1.48269e-06	2.03788e-07	2.43711e-08	2.55381e-09	2.36045e-10	1.93623e-11	1.41753e-12	9.31038e-14	5.51212e-15	2.95438e-16	1.43961e-17	6.67156e-19	1.91346e-19	8.53419e-19	3.77457e-18	1.43141e-17	4.63105e-17	1.27226e-16	2.9608e-16	5.87025e-16	1.00863e-15	1.52916e-15	2.04078e-15	2.35387e-15	2.31657e-15	1.94799e-15	1.42036e-15	9.13364e-16	5.1694e-16	2.52235e-16	1.04506e-16	3.66514e-17	1.09173e-17	2.7762e-18	6.05721e-19	1.13881e-19	1.85196e-20	2.61449e-21	3.21654e-22	3.46305e-23	3.27758e-24	2.7398e-25	2.03247e-26	1.34432e-27	7.96382e-29	4.24375e-30	2.04242e-31	8.91139e-33	3.53734e-34	1.28159e-35	4.25071e-37	1.29425e-38	3.62681e-40	9.37567e-42	2.24072e-43	4.96075e-45	1.01924e-46	1.94674e-48	3.46192e-50	5.74014e-52	8.88573e-54	1.28574e-55	1.76299e-57	1.76299e-57	
5.86041e-08	5.86041e-08	4.43305e-07	3.21555e-06	2.0157e-05	0.000108226	0.000493957	0.00190398	0.00617171	0.01682	0.0387643	0.0765292	0.131898	0.20275	0.283612	0.367101	0.445465	0.511926	0.561333	0.590421	0.597295	0.581438	0.543938	0.487226	0.415284	0.333987	0.250594	0.172915	0.10775	0.0593759	0.0283485	0.0115334	0.00395658	0.00114	0.000276279	5.66055e-05	9.87419e-06	1.47809e-06	1.91394e-07	2.16039e-08	2.14121e-09	1.87589e-10	1.46164e-11	1.01856e-12	6.38045e-14	3.60954e-15	1.853e-16	9.38464e-18	4.57638e-18	2.0778e-17	8.81179e-17	3.20879e-16	9.99595e-16	2.65462e-15	6.00404e-15	1.16371e-14	1.96265e-14	2.92395e-14	3.84351e-14	4.39627e-14	4.3307e-14	3.67823e-14	2.72534e-14	1.78396e-14	1.02923e-14	5.14404e-15	2.19625e-15	7.97779e-16	2.47036e-16	6.54688e-17	1.49105e-17	2.92909e-18	4.97956e-19	7.35003e-20	9.45309e-21	1.06358e-21	1.0514e-22	9.17423e-24	7.09928e-25	4.89473e-26	3.02049e-27	1.67546e-28	8.38827e-30	3.80491e-31	1.56924e-32	5.9039e-34	2.03241e-35	6.41987e-37	1.86556e-38	4.99916e-40	1.23807e-41	2.83948e-43	6.0421e-45	1.19493e-46	2.19984e-48	3.77545e-50	6.04868e-52	9.05743e-54	1.28574e-55	1.28574e-55	
4.60751e-07	4.60751e-07	3.21555e-06	2.1532e-05	0.000123835	0.000605589	0.00249734	0.00862475	0.0248507	0.0598419	0.121613	0.212486	0.327114	0.454936	0.584029	0.70384	0.806681	0.88808	0.945906	0.97919	0.987021	0.969009	0.92582	0.858406	0.768051	0.65772	0.5331	0.403108	0.279147	0.172929	0.0934575	0.043098	0.0167008	0.00539997	0.00145701	0.00032967	6.30256e-05	1.02688e-05	1.43851e-06	1.74731e-07	1.85493e-08	1.73359e-09	1.43585e-10	1.06029e-11	7.01887e-13	4.18589e-14	2.26198e-15	1.29359e-16	1.06712e-16	4.80885e-16	1.95522e-15	6.83766e-15	2.05139e-14	5.26781e-14	1.15817e-13	2.19455e-13	3.63326e-13	5.32218e-13	6.89703e-13	7.82744e-13	7.71756e-13	6.61642e-13	4.97703e-13	3.31466e-13	1.94936e-13	9.9785e-14	4.38908e-14	1.65084e-14	5.31312e-15	1.4673e-15	3.48828e-16	7.1604e-17	1.27269e-17	1.96435e-18	2.64149e-19	3.10622e-20	3.20766e-21	2.92193e-22	2.35879e-23	1.69535e-24	1.0898e-25	6.29261e-27	3.27713e-28	1.54528e-29	6.62107e-31	2.58644e-32	9.23998e-34	3.02741e-35	9.12108e-37	2.5331e-38	6.49926e-40	1.54376e-41	3.40117e-43	6.96268e-45	1.32656e-46	2.35578e-48	3.90476e-50	6.04868e-52	8.88573e-54	8.88573e-54	
3.14922e-06	3.14922e-06	2.0157e-05	0.000123835	0.000648659	0.00286404	0.0105614	0.0322924	0.0816398	0.17154	0.304469	0.468881	0.64617	0.819073	0.975402	1.10809	1.21492	1.29607	1.35283	1.38465	1.39184	1.3749	1.33314	1.26663	1.17537	1.05805	0.915491	0.751347	0.574978	0.400594	0.246674	0.13035	0.0577851	0.02123	0.00644915	0.00162702	0.00034366	6.13576e-05	9.35142e-06	1.22815e-06	1.40215e-07	1.40276e-08	1.23868e-09	9.71766e-11	6.81322e-12	4.2919e-13	2.44779e-14	1.68928e-15	2.3121e-15	1.01734e-14	3.95923e-14	1.32784e-13	3.83178e-13	9.50423e-13	2.0293e-12	3.75585e-12	6.09963e-12	8.78405e-12	1.12254e-11	1.2643e-11	1.24763e-11	1.07942e-11	8.2413e-12	5.58578e-12	3.35123e-12	1.75852e-12	7.9763e-13	3.10992e-13	1.04165e-13	3.00201e-14	7.46126e-15	1.60296e-15	2.98357e-16	4.82314e-17	6.79167e-18	8.35974e-19	9.03061e-20	8.59904e-21	7.25065e-22	5.43873e-23	3.64566e-24	2.19333e-25	1.18926e-26	5.83418e-28	2.59892e-29	1.05483e-30	3.91299e-32	1.33054e-33	4.15824e-35	1.19736e-36	3.18395e-38	7.83526e-40	1.78785e-41	3.78953e-43	7.47367e-45	1.37355e-46	2.35578e-48	3.77545e-50	5.74014e-52	5.74014e-52	
1.85639e-05	1.85639e-05	0.000108226	0.000605589	0.00286404	0.0112975	0.0367855	0.0981434	0.214441	0.388225	0.5985	0.816243	1.02087	1.20185	1.35486	1.47913	1.57703	1.64982	1.69932	1.72509	1.73022	1.71714	1.68223	1.62348	1.54095	1.43259	1.29701	1.13256	0.9412	0.729807	0.511861	0.312664	0.160757	0.0681083	0.023612	0.00671965	0.00158335	0.000312251	5.21167e-05	7.44096e-06	9.17768e-07	9.86629e-08	9.31888e-09	7.78884e-10	5.79782e-11	3.86601e-12	2.33662e-13	2.17313e-14	4.61218e-14	1.9597e-13	7.28721e-13	2.34011e-12	6.48639e-12	1.55214e-11	3.21505e-11	5.80641e-11	9.24295e-11	1.30832e-10	1.64919e-10	1.84375e-10	1.82097e-10	1.58949e-10	1.23148e-10	8.49711e-11	5.20516e-11	2.8027e-11	1.31233e-11	5.31061e-12	1.85382e-12	5.58445e-13	1.45358e-13	3.27425e-14	6.39353e-15	1.08444e-15	1.60186e-16	2.06724e-17	2.33972e-18	2.3323e-19	2.05689e-20	1.61223e-21	1.12824e-22	7.08004e-24	4.00072e-25	2.04371e-26	9.47276e-28	3.99761e-29	1.5409e-30	5.44101e-32	1.76482e-33	5.27152e-35	1.45344e-36	3.70701e-38	8.76356e-40	1.92383e-41	3.92847e-43	7.47367e-45	1.32656e-46	2.19984e-48	3.46192e-50	3.46192e-50	
9.37273e-05	9.37273e-05	0.000493957	0.00249734	0.0105614	0.0367855	0.104312	0.239265	0.446216	0.693722	0.940922	1.16829	1.3699	1.54241	1.6826	1.79148	1.87086	1.92457	1.95511	1.97095	1.97454	1.96597	1.94491	1.90611	1.84223	1.75177	1.63006	1.47728	1.29222	1.07995	0.843769	0.592337	0.355894	0.176246	0.0707327	0.022997	0.00610954	0.00134247	0.00024713	3.85823e-05	5.16591e-06	5.99175e-07	6.07402e-08	5.42436e-09	4.29757e-10	3.0401e-11	1.96213e-12	2.86631e-13	8.40501e-13	3.42278e-12	1.21377e-11	3.72556e-11	9.90369e-11	2.28328e-10	4.58274e-10	8.0673e-10	1.25768e-09	1.74934e-09	2.17563e-09	2.4149e-09	2.387e-09	2.10159e-09	1.65198e-09	1.16081e-09	7.2673e-10	4.01971e-10	1.94533e-10	8.18172e-11	2.98134e-11	9.40421e-12	2.56847e-12	6.0783e-13	1.24769e-13	2.2249e-14	3.45414e-15	4.68233e-16	5.56211e-17	5.81377e-18	5.3708e-19	4.40514e-20	3.22246e-21	2.11172e-22	1.24491e-23	6.62858e-25	3.19971e-26	1.40515e-27	5.63203e-29	2.06654e-30	6.96095e-32	2.15804e-33	6.17239e-35	1.63233e-36	3.99952e-38	9.09652e-40	1.92383e-41	3.78953e-43	6.96268e-45	1.19493e-46	1.94674e-48	1.94674e-48	
0.000402821	0.000402821	0.00190398	0.00862475	0.0322924	0.0981434	0.239265	0.466849	0.743044	1.01379	1.26268	1.48924	1.68199	1.83275	1.93822	2.00623	2.04133	2.05743	2.05953	2.06124	2.06328	2.06067	2.05918	2.05279	2.02999	1.98345	1.90079	1.77786	1.60992	1.40152	1.1658	0.90805	0.629955	0.366488	0.172246	0.0647643	0.0196086	0.00484376	0.000990633	0.000170123	2.48483e-05	3.12208e-06	3.4084e-07	3.2616e-08	2.75708e-09	2.07386e-10	1.45381e-11	3.92256e-12	1.38973e-11	5.39494e-11	1.82053e-10	5.33076e-10	1.3567e-09	3.00904e-09	5.84424e-09	1.00158e-08	1.52778e-08	2.08753e-08	2.562e-08	2.82408e-08	2.79365e-08	2.48025e-08	1.97778e-08	1.41592e-08	9.06871e-09	5.15921e-09	2.58401e-09	1.13126e-09	4.31067e-10	1.42666e-10	4.09737e-11	1.02099e-11	2.20813e-12	4.14899e-13	6.78464e-14	9.68064e-15	1.2093e-15	1.32782e-16	1.28709e-17	1.10639e-18	8.47239e-20	5.80546e-21	3.5748e-22	1.98613e-23	9.99446e-25	4.57139e-26	1.90683e-27	7.27585e-29	2.54684e-30	8.19993e-32	2.43428e-33	6.67824e-35	1.69666e-36	3.99952e-38	8.76356e-40	1.78785e-41	3.40117e-43	6.0421e-45	1.01924e-46	1.01924e-46	
0.00146702	0.00146702	0.00617171	0.0248507	0.0816398	0.214441	0.446216	0.743044	1.0374	1.30931	1.56425	1.7731	1.92342	2.0152	2.05842	2.06413	2.04546	2.01487	1.98618	1.96264	1.95666	1.97061	1.99689	2.02694	2.05542	2.06483	2.04681	1.98439	1.87098	1.69653	1.46571	1.20321	0.922736	0.620429	0.342075	0.14996	0.0522101	0.0146151	0.00334305	0.00063499	0.000101632	1.38847e-05	1.63747e-06	1.68343e-07	1.52168e-08	1.22015e-09	9.68715e-11	5.41349e-11	2.07156e-10	7.63361e-10	2.44543e-09	6.81606e-09	1.65759e-08	3.53081e-08	6.62615e-08	1.10405e-07	1.64606e-07	2.20857e-07	2.67519e-07	2.92906e-07	2.8997e-07	2.5954e-07	2.09934e-07	1.53206e-07	1.005e-07	5.88867e-08	3.057e-08	1.3955e-08	5.57173e-09	1.93911e-09	5.87042e-10	1.54416e-10	3.52768e-11	7.00191e-12	1.20898e-12	1.81997e-13	2.39608e-14	2.76936e-15	2.82198e-16	2.54671e-17	2.04473e-18	1.46715e-19	9.4488e-21	5.48437e-22	2.88012e-23	1.37342e-24	5.96731e-26	2.36972e-27	8.62634e-29	2.88629e-30	8.89869e-32	2.5339e-33	6.67824e-35	1.63233e-36	3.70701e-38	7.83526e-40	1.54376e-41	2.83948e-43	4.96075e-45	4.96075e-45	
0.00451973	0.00451973	0.01682	0.0598419	0.17154	0.388225	0.693722	1.01379	1.30931	1.59032	1.81549	1.96317	2.04939	2.06995	2.04183	1.97359	1.88778	1.79692	1.72275	1.67817	1.66735	1.69203	1.74917	1.83282	1.92304	2.00407	2.05903	2.06871	2.02286	1.91258	1.73484	1.48134	1.19416	0.888529	0.564805	0.288212	0.11585	0.0369395	0.00949611	0.00200331	0.000352577	5.25263e-05	6.708e-06	7.42396e-07	7.18837e-08	6.16627e-09	6.1394e-10	7.19204e-10	2.76604e-09	9.63926e-09	2.92356e-08	7.73761e-08	1.79413e-07	3.6634e-07	6.6317e-07	1.07266e-06	1.56136e-06	2.0561e-06	2.45815e-06	2.67388e-06	2.64901e-06	2.38989e-06	1.96092e-06	1.45968e-06	9.81922e-07	5.93493e-07	3.1989e-07	1.5256e-07	6.39659e-08	2.34687e-08	7.5098e-09	2.09123e-09	5.06118e-10	1.06423e-10	1.94564e-11	3.09827e-12	4.30956e-13	5.2551e-14	5.64128e-15	5.35513e-16	4.51598e-17	3.39857e-18	2.29253e-19	1.39198e-20	7.63785e-22	3.8014e-23	1.72209e-24	7.12376e-26	2.69899e-27	9.39156e-29	3.00909e-30	8.89869e-32	2.43428e-33	6.17239e-35	1.45344e-36	3.18395e-38	6.49926e-40	1.23807e-41	2.24072e-43	2.24072e-43	
0.0118115	0.0118115	0.0387643	0.121613	0.304469	0.5985	0.940922	1.26268	1.56425	1.81549	1.97317	2.06554	2.0683	1.99985	1.87328	1.7181	1.55285	1.40268	1.2845	1.21199	1.19516	1.23468	1.32715	1.45906	1.6176	1.78361	1.92938	2.035	2.07846	2.03754	1.92015	1.72545	1.44605	1.13804	0.804233	0.470158	0.217225	0.0788996	0.0228279	0.00535785	0.00103858	0.000168963	2.33943e-05	2.79007e-06	2.89669e-07	2.67927e-08	4.12034e-09	8.84021e-09	3.28613e-08	1.07901e-07	3.08895e-07	7.74129e-07	1.70725e-06	3.33449e-06	5.81155e-06	9.10957e-06	1.2929e-05	1.66997e-05	1.97047e-05	2.12968e-05	2.11139e-05	1.91978e-05	1.59809e-05	1.21433e-05	8.3885e-06	5.23925e-06	2.93765e-06	1.46688e-06	6.47511e-07	2.51162e-07	8.5214e-08	2.52028e-08	6.48322e-09	1.44894e-09	2.81366e-10	4.75381e-11	7.00569e-12	9.03633e-13	1.02434e-13	1.02505e-14	9.09715e-16	7.19334e-17	5.09062e-18	3.23811e-19	1.85891e-20	9.66788e-22	4.57145e-23	1.97182e-24	7.78229e-26	2.81848e-27	9.39156e-29	2.88629e-30	8.19993e-32	2.15804e-33	5.27152e-35	1.19736e-36	2.5331e-38	4.99916e-40	9.37567e-42	9.37567e-42	
0.0263971	0.0263971	0.0765292	0.212486	0.468881	0.816243	1.16829	1.48924	1.7731	1.96317	2.06554	2.06458	1.96503	1.79572	1.57438	1.32459	1.08374	0.865554	0.7007	0.602074	0.577912	0.632945	0.758698	0.947678	1.1802	1.42683	1.66642	1.87265	2.01236	2.08	2.03308	1.90062	1.66744	1.36345	1.03142	0.672142	0.352058	0.144728	0.0469808	0.0122471	0.00261202	0.000463715	6.95724e-05	8.93747e-06	9.95049e-07	1.01721e-07	3.20859e-08	9.79112e-08	3.44808e-07	1.06262e-06	2.86132e-06	6.76863e-06	1.41583e-05	2.63867e-05	4.41803e-05	6.6984e-05	9.25627e-05	0.000117176	0.000136427	0.000146513	0.000145357	0.000133199	0.000112526	8.73618e-05	6.20692e-05	4.01386e-05	2.34637e-05	1.22977e-05	5.73139e-06	2.35796e-06	8.51238e-07	2.68395e-07	7.36639e-08	1.75638e-08	3.63586e-09	6.54002e-10	1.0244e-10	1.40178e-11	1.68249e-12	1.77918e-13	1.6654e-14	1.38641e-15	1.03118e-16	6.88277e-18	4.13997e-19	2.2529e-20	1.11325e-21	5.01228e-23	2.06275e-24	7.78229e-26	2.69899e-27	8.62634e-29	2.54684e-30	6.96095e-32	1.76482e-33	4.15824e-35	9.12108e-37	1.86556e-38	3.62681e-40	3.62681e-40	
0.0511399	0.0511399	0.131898	0.327114	0.64617	1.02087	1.3699	1.68199	1.92342	2.04939	2.0683	1.96503	1.77351	1.48819	1.16658	0.825039	0.502206	0.232	0.0269403	-0.0951854	-0.123314	-0.0575985	0.100258	0.334572	0.627641	0.958175	1.2985	1.60929	1.86012	2.01884	2.07438	2.0105	1.84005	1.56147	1.23455	0.870767	0.506665	0.232862	0.0841505	0.0242334	0.00566368	0.00109372	0.000177343	2.44858e-05	2.92405e-06	3.58755e-07	2.78762e-07	9.60506e-07	3.16918e-06	9.12689e-06	2.3024e-05	5.12247e-05	0.000101307	0.00017966	0.00028827	0.000421837	0.000566628	0.000702315	0.00080652	0.000860563	0.000854387	0.000789146	0.000676911	0.000537549	0.00039349	0.000264051	0.000161329	8.90026e-05	4.39369e-05	1.92432e-05	7.4218e-06	2.50543e-06	7.36893e-07	1.88259e-07	4.17182e-08	8.02067e-09	1.34021e-09	1.95214e-10	2.48843e-11	2.78843e-12	2.75978e-13	2.42416e-14	1.89879e-15	1.33229e-16	8.4101e-18	4.79571e-19	2.47972e-20	1.16678e-21	5.01228e-23	1.97182e-24	7.12376e-26	2.36972e-27	7.27585e-29	2.06654e-30	5.44101e-32	1.33054e-33	3.02741e-35	6.41987e-37	1.29425e-38	1.29425e-38	
0.0873622	0.0873622	0.20275	0.454936	0.819073	1.20185	1.54241	1.83275	2.0152	2.06995	1.99985	1.79572	1.48819	1.10775	0.685124	0.266532	-0.119659	-0.446816	-0.681594	-0.815878	-0.847669	-0.77408	-0.598626	-0.324597	0.0263063	0.431159	0.859093	1.26449	1.62455	1.89027	2.04571	2.06232	1.95829	1.72484	1.41063	1.05163	0.66484	0.336156	0.133683	0.0421596	0.0107233	0.00223978	0.000390628	5.77435e-05	7.43853e-06	1.37328e-06	2.40387e-06	8.23938e-06	2.5276e-05	6.76878e-05	0.00015924	0.000331836	0.000618252	0.00104005	0.00159474	0.00224695	0.00292849	0.00354964	0.00401792	0.00425841	0.004231	0.00394028	0.00343442	0.0027934	0.00211083	0.0014735	0.000943634	0.000549724	0.000288512	0.000135086	5.59222e-05	2.03125e-05	6.43484e-06	1.77038e-06	4.22011e-07	8.71178e-08	1.55945e-08	2.42724e-09	3.29749e-10	3.92771e-11	4.1218e-12	3.82982e-13	3.16621e-14	2.34003e-15	1.55301e-16	9.29465e-18	5.03629e-19	2.47972e-20	1.11325e-21	4.57145e-23	1.72209e-24	5.96731e-26	1.90683e-27	5.63203e-29	1.5409e-30	3.91299e-32	9.23998e-34	2.03241e-35	4.25071e-37	4.25071e-37	
0.133937	0.133937	0.283612	0.584029	0.975402	1.35486	1.6826	1.93822	2.05842	2.04183	1.87328	1.57438	1.16658	0.685124	0.178719	-0.309368	-0.743232	-1.09106	-1.34463	-1.49667	-1.53177	-1.44883	-1.25389	-0.964016	-0.579114	-0.117979	0.380397	0.882614	1.34141	1.70701	1.95915	2.06433	2.02893	1.84951	1.55765	1.20817	0.813528	0.444771	0.191968	0.0655597	0.0179793	0.00403	0.00075091	0.00011828	1.69988e-05	6.79387e-06	1.8893e-05	6.10894e-05	0.000173048	0.000428471	0.000935106	0.00181668	0.00317571	0.00504972	0.00737645	0.00998105	0.0125966	0.0149101	0.0166199	0.0174886	0.0173898	0.0163381	0.0144853	0.0120855	0.00944731	0.00687896	0.00463211	0.00285978	0.00160231	0.000805869	0.000360002	0.000141512	4.85736e-05	1.44766e-05	3.73321e-06	8.31914e-07	1.60317e-07	2.67826e-08	3.89328e-09	4.94703e-10	5.52208e-11	5.44281e-12	4.76124e-13	3.71479e-14	2.59718e-15	1.63432e-16	9.29465e-18	4.79571e-19	2.2529e-20	9.66788e-22	3.8014e-23	1.37342e-24	4.57139e-26	1.40515e-27	3.99761e-29	1.05483e-30	2.58644e-32	5.9039e-34	1.28159e-35	1.28159e-35	
0.187233	0.187233	0.367101	0.70384	1.10809	1.47913	1.79148	2.00623	2.06413	1.97359	1.7181	1.32459	0.825039	0.266532	-0.309368	-0.847294	-1.30322	-1.66128	-1.9032	-2.02665	-2.05173	-1.98956	-1.82062	-1.53137	-1.13483	-0.637607	-0.0805947	0.494669	1.03662	1.49595	1.84021	2.02933	2.05936	1.93674	1.67506	1.33809	0.944278	0.549127	0.253505	0.0925735	0.0270739	0.00644992	0.00127336	0.000213337	3.91755e-05	4.09512e-05	0.000129678	0.000386771	0.00100439	0.00228435	0.00459735	0.00828331	0.0135257	0.0202521	0.0280913	0.036406	0.0444002	0.0512421	0.0561831	0.0586596	0.0583791	0.055375	0.0500001	0.0428625	0.034736	0.0264554	0.0187946	0.0123448	0.0074177	0.00402884	0.00195405	0.000836808	0.000313388	0.000101884	2.86144e-05	6.92656e-06	1.44527e-06	2.60497e-07	4.07063e-08	5.54035e-09	6.60199e-10	6.92484e-11	6.42785e-12	5.30754e-13	3.91772e-14	2.59718e-15	1.55301e-16	8.4101e-18	4.13997e-19	1.85891e-20	7.63785e-22	2.88012e-23	9.99446e-25	3.19971e-26	9.47276e-28	2.59892e-29	6.62107e-31	1.56924e-32	3.53734e-34	3.53734e-34	
0.241768	0.241768	0.445465	0.806681	1.21492	1.57703	1.87086	2.04133	2.04546	1.88778	1.55285	1.08374	0.502206	-0.119659	-0.743232	-1.30322	-1.76676	-2.09799	-2.30527	-2.42012	-2.44705	-2.38334	-2.23577	-1.98289	-1.59435	-1.08859	-0.499658	0.131615	0.742791	1.28515	1.70566	1.97034	2.06389	1.99284	1.76325	1.44102	1.05258	0.641568	0.31228	0.120342	0.0370883	0.00929082	0.00192649	0.000349509	0.000114879	0.000246935	0.000759645	0.00206305	0.00487184	0.0101023	0.018626	0.0309525	0.0469981	0.0660189	0.0866954	0.107373	0.12633	0.141965	0.152945	0.158345	0.157737	0.151167	0.139166	0.122747	0.103311	0.082494	0.0620229	0.0435071	0.0281667	0.0166154	0.00880864	0.00414098	0.00170579	0.000609902	0.000188038	4.98122e-05	1.13301e-05	2.21665e-06	3.74351e-07	5.48337e-08	7.00415e-09	7.84644e-10	7.75287e-11	6.7938e-12	5.30754e-13	3.71479e-14	2.34003e-15	1.33229e-16	6.88277e-18	3.23811e-19	1.39198e-20	5.48437e-22	1.98613e-23	6.62858e-25	2.04371e-26	5.83418e-28	1.54528e-29	3.80491e-31	8.91139e-33	8.91139e-33	
0.291314	0.291314	0.511926	0.88808	1.29607	1.64982	1.92457	2.05743	2.01487	1.79692	1.40268	0.865554	0.232	-0.446816	-1.09106	-1.66128	-2.09799	-2.36763	-2.51088	-2.57257	-2.58416	-2.55439	-2.46532	-2.28019	-1.94341	-1.44409	-0.842565	-0.173137	0.493403	1.09593	1.57965	1.9075	2.05117	2.02459	1.82491	1.51748	1.13635	0.716756	0.362868	0.145637	0.0467203	0.01217	0.00263666	0.000572237	0.000467042	0.00132241	0.00373306	0.0091315	0.0194322	0.0364441	0.0611496	0.0932512	0.131186	0.172449	0.214076	0.253211	0.287317	0.314328	0.332693	0.341522	0.340535	0.329759	0.309569	0.280995	0.245702	0.205855	0.164067	0.123238	0.0862941	0.0555814	0.0324315	0.0168759	0.00771724	0.00306381	0.00104671	0.000306126	7.65144e-05	1.63649e-05	3.0056e-06	4.76382e-07	6.55368e-08	7.87345e-09	8.31071e-10	7.75287e-11	6.42785e-12	4.76124e-13	3.16621e-14	1.89879e-15	1.03118e-16	5.09062e-18	2.29253e-19	9.4488e-21	3.5748e-22	1.24491e-23	4.00072e-25	1.18926e-26	3.27713e-28	8.38827e-30	2.04242e-31	2.04242e-31	
0.33005	0.33005	0.561333	0.945906	1.35283	1.69932	1.95511	2.05953	1.98618	1.72275	1.2845	0.7007	0.0269403	-0.681594	-1.34463	-1.9032	-2.30527	-2.51088	-2.5239	-2.45069	-2.42359	-2.48075	-2.53658	-2.45458	-2.16601	-1.6951	-1.09037	-0.397922	0.303691	0.948282	1.47958	1.85096	2.03492	2.04377	1.86442	1.56795	1.19441	0.771205	0.401006	0.165476	0.0545781	0.0146294	0.00335999	0.00116821	0.00210203	0.00598582	0.0151375	0.0329847	0.0626566	0.105481	0.160257	0.223702	0.291466	0.359015	0.422432	0.478754	0.525615	0.561367	0.585085	0.59638	0.595123	0.581329	0.555156	0.517087	0.468182	0.410241	0.345741	0.277811	0.210542	0.148502	0.0958961	0.0556769	0.0285449	0.0127206	0.00486873	0.00158855	0.000440468	0.000103858	2.08966e-05	3.60656e-06	5.37278e-07	6.95449e-08	7.87345e-09	7.84644e-10	6.92484e-11	5.44281e-12	3.82982e-13	2.42416e-14	1.38641e-15	7.19334e-17	3.39857e-18	1.46715e-19	5.80546e-21	2.11172e-22	7.08004e-24	2.19333e-25	6.29261e-27	1.67546e-28	4.24375e-30	4.24375e-30	
0.353508	0.353508	0.590421	0.97919	1.38465	1.72509	1.97095	2.06124	1.96264	1.67817	1.21199	0.602074	-0.0951854	-0.815878	-1.49667	-2.02665	-2.42012	-2.57257	-2.45069	-2.26154	-2.20542	-2.32948	-2.52255	-2.54938	-2.28167	-1.8304	-1.24102	-0.522988	0.184899	0.864544	1.41375	1.81883	2.02132	2.05065	1.88696	1.59599	1.22668	0.802536	0.423627	0.177546	0.0594963	0.0163217	0.00435395	0.00340321	0.00859974	0.0223314	0.0498078	0.0956377	0.160886	0.242181	0.333382	0.427974	0.52041	0.606445	0.683558	0.749742	0.803574	0.844045	0.871099	0.884398	0.882909	0.866769	0.837023	0.793873	0.737475	0.668986	0.589916	0.502364	0.409103	0.314714	0.224955	0.146418	0.0848932	0.0429459	0.0186432	0.00686885	0.00213663	0.000560937	0.000124704	2.36085e-05	3.83221e-06	5.37278e-07	6.55368e-08	7.00415e-09	6.60199e-10	5.52208e-11	4.1218e-12	2.75978e-13	1.6654e-14	9.09715e-16	4.51598e-17	2.04473e-18	8.47239e-20	3.22246e-21	1.12824e-22	3.64566e-24	1.0898e-25	3.02049e-27	7.96382e-29	7.96382e-29	
0.359084	0.359084	0.597295	0.987021	1.39184	1.73022	1.97454	2.06328	1.95666	1.66735	1.19516	0.577912	-0.123314	-0.847669	-1.53177	-2.05173	-2.44705	-2.58416	-2.42359	-2.20542	-2.14246	-2.28145	-2.51142	-2.57185	-2.30792	-1.86	-1.27863	-0.550883	0.155454	0.84595	1.39659	1.81219	2.01573	2.0508	1.89299	1.60279	1.234	0.809764	0.428954	0.180446	0.0608199	0.01737	0.00699947	0.0114553	0.029527	0.0674365	0.131009	0.220026	0.327492	0.443824	0.561245	0.674773	0.781165	0.878268	0.964868	1.03861	1.09878	1.14448	1.1752	1.19031	1.18862	1.17026	1.13653	1.08792	1.02497	0.948549	0.859653	0.760589	0.65255	0.537935	0.420277	0.305009	0.200478	0.11613	0.0578824	0.0244057	0.00862671	0.00255089	0.000632864	0.000132535	2.36085e-05	3.60656e-06	4.76382e-07	5.48337e-08	5.54035e-09	4.94703e-10	3.92771e-11	2.78843e-12	1.77918e-13	1.02505e-14	5.35513e-16	2.54671e-17	1.10639e-18	4.40514e-20	1.61223e-21	5.43873e-23	1.69535e-24	4.89473e-26	1.34432e-27	1.34432e-27	
0.346172	0.346172	0.581438	0.969009	1.3749	1.71714	1.96597	2.06067	1.97061	1.69203	1.23468	0.632945	-0.0575985	-0.77408	-1.44883	-1.98956	-2.38334	-2.55439	-2.48075	-2.32948	-2.28145	-2.38432	-2.53207	-2.52016	-2.24591	-1.7894	-1.19276	-0.484842	0.222413	0.890364	1.43521	1.82874	2.02639	2.04851	1.87964	1.58752	1.21693	0.792872	0.416591	0.173917	0.058765	0.0191817	0.0156577	0.0354524	0.0824882	0.162785	0.273761	0.403833	0.540637	0.677315	0.811006	0.93939	1.05939	1.16876	1.26459	1.34517	1.40959	1.45849	1.48981	1.50343	1.50195	1.485	1.45012	1.39799	1.33038	1.24659	1.14788	1.03609	0.914269	0.784514	0.650092	0.513077	0.37693	0.249594	0.143943	0.0703335	0.0286414	0.0096631	0.00270583	0.000632864	0.000124704	2.08966e-05	3.0056e-06	3.74351e-07	4.07063e-08	3.89328e-09	3.29749e-10	2.48843e-11	1.68249e-12	1.02434e-13	5.64128e-15	2.82198e-16	1.28709e-17	5.3708e-19	2.05689e-20	7.25065e-22	2.35879e-23	7.09928e-25	2.03247e-26	2.03247e-26	
0.316185	0.316185	0.543938	0.92582	1.33314	1.68223	1.94491	2.05918	1.99689	1.74917	1.32715	0.758698	0.100258	-0.598626	-1.25389	-1.82062	-2.23577	-2.46532	-2.53658	-2.52255	-2.51142	-2.53207	-2.52356	-2.39504	-2.09091	-1.60778	-1.00197	-0.319013	0.37136	0.99967	1.51579	1.87136	2.04135	2.03783	1.85095	1.55066	1.17435	0.752137	0.387593	0.159099	0.0550775	0.0260099	0.0400489	0.0919068	0.185244	0.314247	0.462449	0.616285	0.771786	0.927895	1.08025	1.22363	1.35312	1.46757	1.56359	1.64363	1.70554	1.75148	1.78165	1.79489	1.79344	1.77705	1.74361	1.69451	1.62902	1.54566	1.44609	1.32829	1.19595	1.0503	0.896768	0.74054	0.585246	0.432094	0.286282	0.163068	0.0774265	0.0302026	0.0096631	0.00255089	0.000560937	0.000103858	1.63649e-05	2.21665e-06	2.60497e-07	2.67826e-08	2.42724e-09	1.95214e-10	1.40178e-11	9.03633e-13	5.2551e-14	2.76936e-15	1.32782e-16	5.81377e-18	2.3323e-19	8.59904e-21	2.92193e-22	9.17423e-24	2.7398e-25	2.7398e-25	
0.272504	0.272504	0.487226	0.858406	1.26663	1.62348	1.90611	2.05279	2.02694	1.83282	1.45906	0.947678	0.334572	-0.324597	-0.964016	-1.53137	-1.98289	-2.28019	-2.45458	-2.54938	-2.57185	-2.52016	-2.39504	-2.17966	-1.82074	-1.31375	-0.716832	-0.0574001	0.587604	1.16786	1.627	1.93265	2.0578	2.01373	1.80302	1.49015	1.10599	0.689138	0.344495	0.138842	0.0541125	0.0465742	0.0945567	0.194548	0.336625	0.49924	0.668481	0.843773	1.02304	1.1971	1.35866	1.50422	1.63233	1.74304	1.83547	1.91013	1.96881	2.00992	2.03738	2.05124	2.0497	2.03301	2.00289	1.95845	1.89642	1.81846	1.72225	1.60818	1.4764	1.32769	1.16306	0.98748	0.808175	0.634189	0.466142	0.305703	0.169869	0.0774265	0.0286414	0.00862671	0.00213663	0.000440468	7.65144e-05	1.13301e-05	1.44527e-06	1.60317e-07	1.55945e-08	1.34021e-09	1.0244e-10	7.00569e-12	4.30956e-13	2.39608e-14	1.2093e-15	5.56211e-17	2.33972e-18	9.03061e-20	3.20766e-21	1.0514e-22	3.27758e-24	3.27758e-24	
0.220223	0.220223	0.415284	0.768051	1.17537	1.54095	1.84223	2.02999	2.05542	1.92304	1.6176	1.1802	0.627641	0.0263063	-0.579114	-1.13483	-1.59435	-1.94341	-2.16601	-2.28167	-2.30792	-2.24591	-2.09091	-1.82074	-1.42118	-0.920779	-0.340269	0.269305	0.859294	1.36875	1.75969	1.99451	2.0647	1.97439	1.73136	1.40296	1.01224	0.606872	0.291598	0.1183	0.0637172	0.092874	0.189766	0.338904	0.513103	0.696315	0.890768	1.09053	1.28194	1.45841	1.62043	1.76347	1.88795	1.99023	2.07352	2.13647	2.184	2.2172	2.23614	2.24408	2.24325	2.23339	2.21173	2.17558	2.12526	2.05849	1.97137	1.86486	1.73629	1.58952	1.4242	1.24472	1.05109	0.850848	0.659016	0.477586	0.305703	0.163068	0.0703335	0.0244057	0.00686885	0.00158855	0.000306126	4.98122e-05	6.92656e-06	8.31914e-07	8.71178e-08	8.02067e-09	6.54002e-10	4.75381e-11	3.09827e-12	1.81997e-13	9.68064e-15	4.68233e-16	2.06724e-17	8.35974e-19	3.10622e-20	1.06358e-21	3.46305e-23	3.46305e-23	
0.165453	0.165453	0.333987	0.65772	1.05805	1.43259	1.75177	1.98345	2.06483	2.00407	1.78361	1.42683	0.958175	0.431159	-0.117979	-0.637607	-1.08859	-1.44409	-1.6951	-1.8304	-1.86	-1.7894	-1.60778	-1.31375	-0.920779	-0.435341	0.101656	0.64632	1.15704	1.58434	1.8912	2.04709	2.05104	1.9058	1.63159	1.28945	0.894828	0.509892	0.23532	0.105262	0.0939925	0.173568	0.321285	0.503996	0.698876	0.909093	1.12624	1.33261	1.52633	1.70546	1.86325	1.99546	2.10358	2.18827	2.25177	2.29872	2.33024	2.3502	2.36338	2.37021	2.36947	2.36129	2.34679	2.32498	2.29061	2.24047	2.17322	2.08376	1.97112	1.83348	1.67135	1.48829	1.2925	1.08334	0.865539	0.659016	0.466142	0.286282	0.143943	0.0578824	0.0186432	0.00486873	0.00104671	0.000188038	2.86144e-05	3.73321e-06	4.22011e-07	4.17182e-08	3.63586e-09	2.81366e-10	1.94564e-11	1.20898e-12	6.78464e-14	3.45414e-15	1.60186e-16	6.79167e-18	2.64149e-19	9.45309e-21	3.21654e-22	3.21654e-22	
0.114268	0.114268	0.250594	0.5331	0.915491	1.29701	1.63006	1.90079	2.04681	2.05903	1.92938	1.66642	1.2985	0.859093	0.380397	-0.0805947	-0.499658	-0.842565	-1.09037	-1.24102	-1.27863	-1.19276	-1.00197	-0.716832	-0.340269	0.101656	0.571969	1.04119	1.45735	1.78387	2.00049	2.06814	2.00565	1.8048	1.50254	1.14876	0.7567	0.405471	0.184402	0.10897	0.152649	0.286317	0.47216	0.676082	0.896806	1.12946	1.35107	1.56331	1.75817	1.92627	2.06654	2.18005	2.26642	2.32774	2.36778	2.38897	2.40044	2.40344	2.40083	2.3985	2.39881	2.40149	2.40338	2.39884	2.38574	2.36151	2.31721	2.25135	2.1594	2.04075	1.89473	1.72154	1.52155	1.30801	1.08334	0.850848	0.634189	0.432094	0.249594	0.11613	0.0429459	0.0127206	0.00306381	0.000609902	0.000101884	1.44766e-05	1.77038e-06	1.88259e-07	1.75638e-08	1.44894e-09	1.06423e-10	7.00191e-12	4.14899e-13	2.2249e-14	1.08444e-15	4.82314e-17	1.96435e-18	7.35003e-20	2.61449e-21	2.61449e-21	
0.0715301	0.0715301	0.172915	0.403108	0.751347	1.13256	1.47728	1.77786	1.98439	2.06871	2.035	1.87265	1.60929	1.26449	0.882614	0.494669	0.131615	-0.173137	-0.397922	-0.522988	-0.550883	-0.484842	-0.319013	-0.0574001	0.269305	0.64632	1.04119	1.40633	1.72807	1.95035	2.06492	2.04869	1.91737	1.66395	1.34353	0.982412	0.604476	0.303814	0.148658	0.136928	0.239871	0.418807	0.628874	0.855291	1.10023	1.33878	1.56672	1.77763	1.95701	2.10979	2.23	2.31434	2.36944	2.39646	2.40303	2.39557	2.37842	2.35993	2.34696	2.34092	2.34162	2.34904	2.36324	2.38223	2.39806	2.40294	2.39306	2.36062	2.30007	2.20882	2.08202	1.92306	1.73837	1.52155	1.2925	1.05109	0.808175	0.585246	0.37693	0.200478	0.0848932	0.0285449	0.00771724	0.00170579	0.000313388	4.85736e-05	6.43484e-06	7.36893e-07	7.36639e-08	6.48322e-09	5.06118e-10	3.52768e-11	2.20813e-12	1.24769e-13	6.39353e-15	2.98357e-16	1.27269e-17	4.97956e-19	1.85196e-20	1.85196e-20	
0.0399094	0.0399094	0.10775	0.279147	0.574978	0.9412	1.29222	1.60992	1.87098	2.02286	2.07846	2.01236	1.86012	1.62455	1.34141	1.03662	0.742791	0.493403	0.303691	0.184899	0.155454	0.222413	0.37136	0.587604	0.859294	1.15704	1.45735	1.72807	1.92878	2.05185	2.06897	1.97331	1.77701	1.48622	1.15673	0.794079	0.449107	0.217052	0.136437	0.191379	0.347979	0.558344	0.788182	1.03897	1.29483	1.53636	1.76478	1.95996	2.12699	2.25134	2.33863	2.38922	2.40473	2.39301	2.35985	2.31254	2.26442	2.22005	2.18433	2.16544	2.16761	2.19035	2.22839	2.27387	2.32243	2.368	2.39715	2.40416	2.38206	2.32443	2.22965	2.09658	1.92306	1.72154	1.48829	1.24472	0.98748	0.74054	0.513077	0.305009	0.146418	0.0556769	0.0168759	0.00414098	0.000836808	0.000141512	2.03125e-05	2.50543e-06	2.68395e-07	2.52028e-08	2.09123e-09	1.54416e-10	1.02099e-11	6.0783e-13	3.27425e-14	1.60296e-15	7.1604e-17	2.92909e-18	1.13881e-19	1.13881e-19	
0.0195022	0.0195022	0.0593759	0.172929	0.400594	0.729807	1.07995	1.40152	1.69653	1.91258	2.03754	2.08	2.01884	1.89027	1.70701	1.49595	1.28515	1.09593	0.948282	0.864544	0.84595	0.890364	0.99967	1.16786	1.36875	1.58434	1.78387	1.95035	2.05185	2.07672	1.99504	1.83927	1.58454	1.2763	0.943556	0.593343	0.30645	0.156426	0.151605	0.268293	0.466484	0.69842	0.949016	1.21693	1.47462	1.71881	1.935	2.11567	2.25317	2.34846	2.39681	2.40208	2.37179	2.31053	2.23019	2.14179	2.05333	1.9759	1.92242	1.89655	1.89948	1.93099	1.98966	2.07057	2.1598	2.24713	2.32486	2.38045	2.40456	2.39084	2.33218	2.22965	2.08202	1.89473	1.67135	1.4242	1.16306	0.896768	0.650092	0.420277	0.224955	0.0958961	0.0324315	0.00880864	0.00195405	0.000360002	5.59222e-05	7.4218e-06	8.51238e-07	8.5214e-08	7.5098e-09	5.87042e-10	4.09737e-11	2.56847e-12	1.45358e-13	7.46126e-15	3.48828e-16	1.49105e-17	6.05721e-19	6.05721e-19	
0.00821729	0.00821729	0.0283485	0.0934575	0.246674	0.511861	0.843769	1.1658	1.46571	1.73484	1.92015	2.03308	2.07438	2.04571	1.95915	1.84021	1.70566	1.57965	1.47958	1.41375	1.39659	1.43521	1.51579	1.627	1.75969	1.8912	2.00049	2.06492	2.06897	1.99504	1.85792	1.63563	1.34715	1.04117	0.710079	0.398975	0.193577	0.128193	0.192116	0.359703	0.586954	0.836193	1.10587	1.38139	1.63985	1.87872	2.07717	2.23655	2.34188	2.39698	2.4009	2.35656	2.27143	2.15629	2.02241	1.88006	1.74807	1.63982	1.56257	1.52291	1.52746	1.57527	1.65914	1.77286	1.90839	2.05029	2.18109	2.29186	2.36879	2.40291	2.39084	2.32443	2.20882	2.04075	1.83348	1.58952	1.32769	1.0503	0.784514	0.537935	0.314714	0.148502	0.0555814	0.0166154	0.00402884	0.000805869	0.000135086	1.92432e-05	2.35796e-06	2.51162e-07	2.34687e-08	1.93911e-09	1.42666e-10	9.40421e-12	5.58445e-13	3.00201e-14	1.4673e-15	6.54688e-17	2.7762e-18	2.7762e-18	
0.00295074	0.00295074	0.0115334	0.043098	0.13035	0.312664	0.592337	0.90805	1.20321	1.48134	1.72545	1.90062	2.0105	2.06232	2.06433	2.02933	1.97034	1.9075	1.85096	1.81883	1.81219	1.82874	1.87136	1.93265	1.99451	2.04709	2.06814	2.04869	1.97331	1.83926	1.63562	1.37101	1.08827	0.783428	0.47391	0.236388	0.121768	0.131075	0.251219	0.456917	0.703822	0.968931	1.2532	1.52998	1.78602	2.01226	2.19201	2.32059	2.39184	2.40135	2.3547	2.25516	2.11038	1.93514	1.73845	1.54308	1.36145	1.20533	1.09199	1.03555	1.04193	1.11046	1.23361	1.39618	1.58147	1.77838	1.97286	2.14157	2.27849	2.36879	2.40456	2.38206	2.30007	2.1594	1.97112	1.73629	1.4764	1.19595	0.914269	0.65255	0.409103	0.210542	0.0862941	0.0281667	0.0074177	0.00160231	0.000288512	4.39369e-05	5.73139e-06	6.47511e-07	6.39659e-08	5.57173e-09	4.31067e-10	2.98134e-11	1.85382e-12	1.04165e-13	5.31312e-15	2.47036e-16	1.09173e-17	1.09173e-17	
0.000897084	0.000897084	0.00395658	0.0167008	0.0577851	0.160757	0.355894	0.629955	0.922736	1.19416	1.44605	1.66744	1.84005	1.95829	2.02893	2.05936	2.06389	2.05117	2.03492	2.02132	2.01573	2.02639	2.04135	2.0578	2.0647	2.05104	2.00565	1.91737	1.77701	1.58453	1.34713	1.08822	0.808021	0.515209	0.269883	0.125655	0.0905975	0.157354	0.320239	0.552742	0.813973	1.09386	1.38632	1.66091	1.91266	2.1213	2.27845	2.3744	2.40494	2.36803	2.26582	2.10605	1.8985	1.65465	1.39623	1.13685	0.893674	0.693899	0.556908	0.490935	0.498344	0.578863	0.729234	0.939553	1.18836	1.4484	1.70495	1.94377	2.14157	2.29186	2.38045	2.40416	2.36062	2.25135	2.08376	1.86486	1.60818	1.32829	1.03609	0.760589	0.502364	0.277811	0.123238	0.0435071	0.0123448	0.00285978	0.000549724	8.90026e-05	1.22977e-05	1.46688e-06	1.5256e-07	1.3955e-08	1.13126e-09	8.18172e-11	5.31061e-12	3.10992e-13	1.65084e-14	7.97779e-16	3.66514e-17	3.66514e-17	
0.000230557	0.000230557	0.00114	0.00539997	0.02123	0.0681083	0.176246	0.366488	0.620429	0.888529	1.13804	1.36345	1.56147	1.72484	1.84951	1.93674	1.99284	2.02459	2.04377	2.05065	2.0508	2.04851	2.03783	2.01373	1.97439	1.9058	1.80479	1.66394	1.48619	1.27622	1.04098	0.78305	0.514666	0.281701	0.129687	0.0680342	0.0893548	0.196963	0.391362	0.642503	0.915493	1.20775	1.50345	1.77462	2.01624	2.20627	2.33863	2.39911	2.38893	2.30157	2.14414	1.9233	1.64698	1.33654	1.00493	0.672999	0.373787	0.130857	-0.0408075	-0.126732	-0.116991	-0.0128017	0.174272	0.429602	0.737786	1.07261	1.40038	1.70495	1.97286	2.18109	2.32486	2.39715	2.39306	2.31721	2.17322	1.97137	1.72225	1.44609	1.14788	0.859653	0.589916	0.345741	0.164067	0.0620229	0.0187946	0.00463211	0.000943634	0.000161329	2.34637e-05	2.93765e-06	3.1989e-07	3.057e-08	2.58401e-09	1.94533e-10	1.31233e-11	7.9763e-13	4.38908e-14	2.19625e-15	1.04506e-16	1.04506e-16	
5.02179e-05	5.02179e-05	0.000276279	0.00145701	0.00644915	0.023612	0.0707327	0.172246	0.342075	0.564805	0.804233	1.03142	1.23455	1.41063	1.55765	1.67506	1.76325	1.82491	1.86442	1.88696	1.89299	1.87964	1.85095	1.80302	1.73136	1.63158	1.50252	1.34345	1.15653	0.943044	0.708957	0.471758	0.266368	0.125491	0.0558116	0.0482175	0.10458	0.24128	0.458991	0.723474	1.00654	1.30764	1.60256	1.86957	2.10026	2.26993	2.37634	2.40259	2.3502	2.2142	2.00137	1.71619	1.37693	0.99263	0.583476	0.183367	-0.184895	-0.501213	-0.734952	-0.85424	-0.840703	-0.696445	-0.443379	-0.114564	0.261315	0.665624	1.07261	1.4484	1.77838	2.05029	2.24713	2.368	2.40294	2.36151	2.24047	2.05849	1.81846	1.54566	1.24659	0.948549	0.668986	0.410241	0.205855	0.082494	0.0264554	0.00687896	0.0014735	0.000264051	4.01386e-05	5.23925e-06	5.93493e-07	5.88867e-08	5.15921e-09	4.01971e-10	2.8027e-11	1.75852e-12	9.9785e-14	5.14404e-15	2.52235e-16	2.52235e-16	
9.31799e-06	9.31799e-06	5.66055e-05	0.00032967	0.00162702	0.00671965	0.022997	0.0647643	0.14996	0.288212	0.470158	0.672142	0.870767	1.05163	1.20817	1.33809	1.44102	1.51748	1.56795	1.59599	1.60279	1.58752	1.55066	1.49014	1.40295	1.2894	1.14862	0.981964	0.792906	0.590659	0.393549	0.226629	0.110053	0.0466303	0.0268668	0.0479235	0.126007	0.284411	0.519482	0.793637	1.0849	1.392	1.6853	1.94649	2.1635	2.31601	2.39478	2.39051	2.29635	2.11713	1.84821	1.50768	1.10205	0.643788	0.165227	-0.315989	-0.782164	-1.19143	-1.49153	-1.64252	-1.62548	-1.44247	-1.11669	-0.691733	-0.220018	0.261315	0.737786	1.18836	1.58147	1.90839	2.1598	2.32243	2.39806	2.38574	2.29061	2.12526	1.89642	1.62902	1.33038	1.02497	0.737475	0.468182	0.245702	0.103311	0.034736	0.00944731	0.00211083	0.00039349	6.20692e-05	8.3885e-06	9.81922e-07	1.005e-07	9.06871e-09	7.2673e-10	5.20516e-11	3.35123e-12	1.94936e-13	1.02923e-14	5.1694e-16	5.1694e-16	
1.48269e-06	1.48269e-06	9.87419e-06	6.30256e-05	0.00034366	0.00158335	0.00610954	0.0196086	0.0522101	0.11585	0.217225	0.352058	0.506665	0.66484	0.813528	0.944278	1.05258	1.13635	1.19441	1.22668	1.234	1.21693	1.17435	1.10598	1.01217	0.894559	0.755843	0.602128	0.443525	0.294819	0.172069	0.0860209	0.0367688	0.0163841	0.0195194	0.0547643	0.147597	0.322614	0.570424	0.851592	1.14934	1.4596	1.7497	2.00666	2.21125	2.34619	2.403	2.36803	2.24082	2.01819	1.7041	1.31064	0.840887	0.323724	-0.227751	-0.809134	-1.3789	-1.86838	-2.21752	-2.38998	-2.37062	-2.16103	-1.78013	-1.26906	-0.691733	-0.114564	0.429602	0.939553	1.39618	1.77286	2.07057	2.27387	2.38223	2.39884	2.32498	2.17558	1.95845	1.69451	1.39799	1.08792	0.793873	0.517087	0.280995	0.122747	0.0428625	0.0120855	0.0027934	0.000537549	8.73618e-05	1.21433e-05	1.45968e-06	1.53206e-07	1.41592e-08	1.16081e-09	8.49711e-11	5.58578e-12	3.31466e-13	1.78396e-14	9.13364e-16	9.13364e-16	
2.03788e-07	2.03788e-07	1.47809e-06	1.02688e-05	6.13576e-05	0.000312251	0.00134247	0.00484376	0.0146151	0.0369395	0.0788996	0.144728	0.232862	0.336156	0.444771	0.549127	0.641568	0.716756	0.771205	0.802536	0.809764	0.792867	0.752114	0.689029	0.606442	0.508447	0.401328	0.293609	0.195238	0.115414	0.0593167	0.026139	0.0105441	0.00764744	0.0196894	0.0626133	0.1661	0.353482	0.610134	0.895879	1.19849	1.51139	1.79837	2.04927	2.2447	2.36512	2.4027	2.34454	2.18836	1.93079	1.58217	1.13763	0.622217	0.0564101	-0.574988	-1.25297	-1.90402	-2.44692	-2.82565	-3.01054	-2.98984	-2.76478	-2.35012	-1.78013	-1.11669	-0.443379	0.174272	0.729234	1.23361	1.65914	1.98966	2.22839	2.36324	2.40338	2.34679	2.21173	2.00289	1.74361	1.45012	1.13653	0.837023	0.555156	0.309569	0.139166	0.0500001	0.0144853	0.00343442	0.000676911	0.000112526	1.59809e-05	1.96092e-06	2.09934e-07	1.97778e-08	1.65198e-09	1.23148e-10	8.2413e-12	4.97703e-13	2.72534e-14	1.42036e-15	1.42036e-15	
2.43711e-08	2.43711e-08	1.91394e-07	1.43851e-06	9.35142e-06	5.21167e-05	0.00024713	0.000990633	0.00334305	0.00949611	0.0228279	0.0469808	0.0841505	0.133683	0.191968	0.253505	0.31228	0.362868	0.401005	0.423626	0.428949	0.416561	0.387447	0.343887	0.289441	0.228848	0.167887	0.112507	0.067632	0.0357775	0.0163809	0.00656562	0.00321741	0.00594081	0.0213866	0.0688658	0.179643	0.375313	0.637412	0.926044	1.23229	1.54619	1.83126	2.07895	2.26461	2.37761	2.39791	2.32706	2.14535	1.86844	1.4903	1.00776	0.466424	-0.141753	-0.843021	-1.59154	-2.29323	-2.8663	-3.26118	-3.45287	-3.43143	-3.19792	-2.76478	-2.16103	-1.44247	-0.696445	-0.0128017	0.578863	1.11046	1.57527	1.93099	2.19035	2.34904	2.40149	2.36129	2.23339	2.03301	1.77705	1.485	1.17026	0.866769	0.581329	0.329759	0.151167	0.055375	0.0163381	0.00394028	0.000789146	0.000133199	1.91978e-05	2.38989e-06	2.5954e-07	2.48025e-08	2.10159e-09	1.58949e-10	1.07942e-11	6.61642e-13	3.67823e-14	1.94799e-15	1.94799e-15	
2.55381e-09	2.55381e-09	2.16039e-08	1.74731e-07	1.22815e-06	7.44096e-06	3.85823e-05	0.000170123	0.00063499	0.00200331	0.00535785	0.0122471	0.0242334	0.0421596	0.0655597	0.0925735	0.120342	0.145637	0.165475	0.17754	0.180413	0.173744	0.158335	0.135985	0.109312	0.0814616	0.0555937	0.034235	0.0187173	0.00894206	0.00370771	0.00150368	0.00159604	0.00584044	0.0225835	0.0723987	0.18707	0.386993	0.65161	0.941981	1.25119	1.56435	1.84647	2.0951	2.2736	2.38379	2.39387	2.31717	2.11978	1.83514	1.43797	0.936415	0.382721	-0.253049	-0.995666	-1.78093	-2.50668	-3.09351	-3.4958	-3.69068	-3.66889	-3.43143	-2.98984	-2.37062	-1.62548	-0.840703	-0.116991	0.498344	1.04193	1.52746	1.89948	2.16761	2.34162	2.39881	2.36947	2.24325	2.0497	1.79344	1.50195	1.18862	0.882909	0.595123	0.340535	0.157737	0.0583791	0.0173898	0.004231	0.000854387	0.000145357	2.11139e-05	2.64901e-06	2.8997e-07	2.79365e-08	2.387e-09	1.82097e-10	1.24763e-11	7.71756e-13	4.3307e-14	2.31657e-15	2.31657e-15	
