3.19188e-08	3.19188e-08	2.375e-07	1.70586e-06	1.06503e-05	5.73335e-05	0.000264382	0.00103855	0.00346313	0.00980163	0.023656	0.0491881	0.0894644	0.144872	0.212507	0.286646	0.359901	0.424651	0.474273	0.503979	0.511018	0.494734	0.456627	0.400275	0.331254	0.256716	0.184347	0.12105	0.0715238	0.0373623	0.0169698	0.00661273	0.0021921	0.000616153	0.000147013	2.99013e-05	5.21568e-06	7.85619e-07	1.02916e-07	1.18072e-08	1.19421e-09	1.07144e-10	8.57604e-12	6.15628e-13	3.98243e-14	2.33178e-15	1.24111e-16	6.25459e-18	1.5669e-18	6.28594e-18	2.61367e-17	9.3661e-17	2.87836e-16	7.55992e-16	1.69577e-15	3.26922e-15	5.49665e-15	8.17096e-15	1.0721e-14	1.225e-14	1.20688e-14	1.02632e-14	7.61905e-15	4.9988e-15	2.8939e-15	1.45502e-15	6.26812e-16	2.30366e-16	7.23537e-17	1.94972e-17	4.52672e-18	9.08983e-19	1.58411e-19	2.40397e-20	3.18799e-21	3.70871e-22	3.8007e-23	3.44629e-24	2.77743e-25	1.9984e-26	1.28933e-27	7.49032e-29	3.9338e-30	1.87461e-31	8.13395e-33	3.22392e-34	1.17073e-35	3.9059e-37	1.20029e-38	3.40552e-40	8.94044e-42	2.17616e-43	4.92025e-45	1.03514e-46	2.02964e-48	3.71435e-50	6.35306e-52	1.01686e-53	1.54627e-55	1.54627e-55	
3.19188e-08	3.19188e-08	2.375e-07	1.70586e-06	1.06503e-05	5.73335e-05	0.000264382	0.00103855	0.00346313	0.00980163	0.023656	0.0491881	0.0894644	0.144872	0.212507	0.286646	0.359901	0.424651	0.474273	0.503979	0.511018	0.494734	0.456627	0.400275	0.331254	0.256716	0.184347	0.12105	0.0715238	0.0373623	0.0169698	0.00661273	0.0021921	0.000616153	0.000147013	2.99013e-05	5.21568e-06	7.85619e-07	1.02916e-07	1.18072e-08	1.19421e-09	1.07144e-10	8.57604e-12	6.15628e-13	3.98243e-14	2.33178e-15	1.24111e-16	6.25459e-18	1.5669e-18	6.28594e-18	2.61367e-17	9.3661e-17	2.87836e-16	7.55992e-16	1.69577e-15	3.26922e-15	5.49665e-15	8.17096e-15	1.0721e-14	1.225e-14	1.20688e-14	1.02632e-14	7.61905e-15	4.9988e-15	2.8939e-15	1.45502e-15	6.26812e-16	2.30366e-16	7.23537e-17	1.94972e-17	4.52672e-18	9.08983e-19	1.58411e-19	2.40397e-20	3.18799e-21	3.70871e-22	3.8007e-23	3.44629e-24	2.77743e-25	1.9984e-26	1.28933e-27	7.49032e-29	3.9338e-30	1.87461e-31	8.13395e-33	3.22392e-34	1.17073e-35	3.9059e-37	1.20029e-38	3.40552e-40	8.94044e-42	2.17616e-43	4.92025e-45	1.03514e-46	2.02964e-48	3.71435e-50	6.35306e-52	1.01686e-53	1.54627e-55	1.54627e-55	
2.375e-07	2.375e-07	1.62495e-06	1.07404e-05	6.13213e-05	0.000299671	0.00124451	0.00436687	0.012909	0.0322077	0.0683964	0.125563	0.203411	0.297108	0.398843	0.499749	0.591547	0.667658	0.723464	0.756097	0.763795	0.746049	0.703898	0.639545	0.55649	0.460156	0.357855	0.258277	0.170102	0.100157	0.0516121	0.022848	0.00857696	0.00271318	0.000723011	0.000162938	3.12522e-05	5.14029e-06	7.30729e-07	9.04749e-08	9.82803e-09	9.42998e-10	8.04198e-11	6.13046e-12	4.19908e-13	2.59657e-14	1.4567e-15	7.99499e-17	3.36864e-17	1.39888e-16	5.58018e-16	1.92091e-15	5.6868e-15	1.44463e-14	3.15059e-14	5.93819e-14	9.7994e-14	1.43219e-13	1.85266e-13	2.10048e-13	2.07123e-13	1.77782e-13	1.33987e-13	8.94497e-14	5.27932e-14	2.7184e-14	1.20618e-14	4.58888e-15	1.4976e-15	4.20423e-16	1.01863e-16	2.13678e-17	3.89227e-18	6.17492e-19	8.5595e-20	1.04047e-20	1.11357e-21	1.05385e-22	8.85807e-24	6.64244e-25	4.4631e-26	2.69827e-27	1.47368e-28	7.29822e-30	3.28888e-31	1.35305e-32	5.09719e-34	1.76327e-35	5.61571e-37	1.65058e-38	4.48721e-40	1.13063e-41	2.64544e-43	5.75797e-45	1.16773e-46	2.20989e-48	3.90802e-50	6.46639e-52	1.01686e-53	1.01686e-53	
1.70586e-06	1.70586e-06	1.07404e-05	6.538e-05	0.000341534	0.00151532	0.00566521	0.0177409	0.0464385	0.102059	0.190823	0.310177	0.449773	0.596178	0.736969	0.862712	0.967774	1.04955	1.10731	1.14028	1.14794	1.1302	1.08727	1.01981	0.92856	0.814745	0.682132	0.537742	0.392475	0.259419	0.151384	0.0761248	0.0323857	0.0115395	0.00343611	0.000858008	0.000180879	3.24604e-05	5.0022e-06	6.67582e-07	7.77794e-08	7.96998e-09	7.23136e-10	5.84556e-11	4.23349e-12	2.76085e-13	1.63092e-14	1.00387e-15	7.1269e-16	2.96823e-15	1.13577e-14	3.75654e-14	1.07166e-13	2.63398e-13	5.58662e-13	1.02955e-12	1.66783e-12	2.39798e-12	3.06099e-12	3.44543e-12	3.40023e-12	2.94394e-12	2.25043e-12	1.52794e-12	9.19272e-13	4.84682e-13	2.21437e-13	8.71774e-14	2.95539e-14	8.64173e-15	2.18479e-15	4.7876e-16	9.11564e-17	1.51193e-17	2.19088e-18	2.78302e-19	3.11094e-20	3.07296e-21	2.69405e-22	2.10549e-23	1.47329e-24	9.2691e-26	5.26427e-27	2.70915e-28	1.26783e-29	5.4132e-31	2.11519e-32	7.58554e-34	2.50329e-35	7.62053e-37	2.14483e-38	5.59302e-40	1.3539e-41	3.04786e-43	6.39134e-45	1.25039e-46	2.28548e-48	3.90802e-50	6.35306e-52	6.35306e-52	
1.06503e-05	1.06503e-05	6.13213e-05	0.000341534	0.00161986	0.0064653	0.0215263	0.0594319	0.136019	0.260417	0.42594	0.613356	0.802105	0.977078	1.12951	1.25571	1.35608	1.43184	1.48446	1.51329	1.51954	1.50441	1.4662	1.40433	1.31898	1.20832	1.07156	0.909398	0.727522	0.537232	0.355909	0.205039	0.100025	0.0406458	0.0136807	0.00382322	0.000893406	0.000176178	2.96057e-05	4.2801e-06	5.37113e-07	5.89882e-08	5.71185e-09	4.90924e-10	3.76796e-11	2.59677e-12	1.61968e-13	1.18853e-14	1.40621e-14	5.75574e-14	2.10904e-13	6.69278e-13	1.83754e-12	4.36506e-12	8.99528e-12	1.61944e-11	2.57353e-11	3.63954e-11	4.58551e-11	5.12524e-11	5.06205e-11	4.41984e-11	3.42625e-11	2.36646e-11	1.45246e-11	7.84842e-12	3.69563e-12	1.50725e-12	5.31468e-13	1.62103e-13	4.28311e-14	9.82073e-15	1.95777e-15	3.40047e-16	5.1593e-17	6.85922e-18	8.01994e-19	8.28011e-20	7.58109e-21	6.18241e-22	4.51024e-23	2.95589e-24	1.74734e-25	9.35241e-27	4.54868e-28	2.01706e-29	8.18045e-31	3.04312e-32	1.04115e-33	3.2843e-35	9.5743e-37	2.58486e-38	6.47578e-40	1.50824e-41	3.2712e-43	6.61741e-45	1.25039e-46	2.20989e-48	3.71435e-50	3.71435e-50	
5.73335e-05	5.73335e-05	0.000299671	0.00151532	0.0064653	0.0229562	0.0671793	0.161157	0.318029	0.525682	0.752871	0.972544	1.17071	1.34175	1.48371	1.59768	1.6859	1.75015	1.79151	1.81285	1.81723	1.8062	1.77733	1.72721	1.65349	1.55527	1.43015	1.27673	1.09419	0.886576	0.66159	0.438175	0.247884	0.116514	0.0449463	0.0142297	0.00372362	0.000813691	0.000150143	2.36486e-05	3.21174e-06	3.79568e-07	3.93576e-08	3.60715e-09	2.94147e-10	2.14702e-11	1.41998e-12	1.3775e-13	2.56027e-13	1.01589e-12	3.55821e-12	1.08166e-11	2.85415e-11	6.54493e-11	1.30903e-10	2.29998e-10	3.58282e-10	4.98278e-10	6.19773e-10	6.88007e-10	6.8005e-10	5.98662e-10	4.70539e-10	3.30712e-10	2.07244e-10	1.14885e-10	5.58148e-11	2.36117e-11	8.67217e-12	2.76357e-12	7.64469e-13	1.83744e-13	3.84225e-14	7.00154e-15	1.11427e-15	1.55312e-16	1.90253e-17	2.05618e-18	1.9689e-19	1.67764e-20	1.27755e-21	8.7316e-23	5.37796e-24	2.99658e-25	1.516e-26	6.98733e-28	2.94336e-29	1.13652e-30	4.03365e-32	1.31921e-33	3.98514e-35	1.1144e-36	2.89053e-38	6.96746e-40	1.56345e-41	3.2712e-43	6.39134e-45	1.16773e-46	2.02964e-48	2.02964e-48	
0.000264382	0.000264382	0.00124451	0.00566521	0.0215263	0.0671793	0.17044	0.350537	0.59177	0.849426	1.09126	1.30928	1.49955	1.65798	1.78137	1.87271	1.93381	1.97187	1.99019	2.00061	2.00398	1.99728	1.9842	1.95926	1.91228	1.84017	1.73581	1.59878	1.42699	1.22476	0.997244	0.746799	0.49013	0.269278	0.120665	0.0438358	0.0129876	0.00317365	0.000647814	0.000111845	1.65218e-05	2.10995e-06	2.35109e-07	2.30462e-08	2.00181e-09	1.55107e-10	1.09634e-11	1.62937e-12	4.26333e-12	1.62495e-11	5.42958e-11	1.57835e-10	3.99641e-10	8.8346e-10	1.71291e-09	2.934e-09	4.47651e-09	6.12068e-09	7.51724e-09	8.28977e-09	8.20003e-09	7.27641e-09	5.79797e-09	4.14829e-09	2.65658e-09	1.51246e-09	7.5906e-10	3.3353e-10	1.27802e-10	4.26275e-11	1.23693e-11	3.12289e-12	6.86409e-13	1.31497e-13	2.19951e-14	3.22037e-15	4.14046e-16	4.69227e-17	4.7065e-18	4.19626e-19	3.3401e-20	2.38365e-21	1.53142e-22	8.89232e-24	4.68391e-25	2.24584e-26	9.83392e-28	3.94421e-29	1.45309e-30	4.93006e-32	1.54412e-33	4.47457e-35	1.20216e-36	3.00016e-38	6.96746e-40	1.50824e-41	3.04786e-43	5.75797e-45	1.03514e-46	1.03514e-46	
0.00103855	0.00103855	0.00436687	0.0177409	0.0594319	0.161157	0.350537	0.614712	0.897468	1.15927	1.40049	1.61348	1.78411	1.9062	1.9825	2.02226	2.03396	2.03075	2.02206	2.01489	2.01414	2.01744	2.02549	2.03267	2.03175	2.00992	1.95713	1.86278	1.72207	1.53252	1.30656	1.0578	0.785286	0.502638	0.263771	0.111189	0.0376954	0.010394	0.00236458	0.000450224	7.27017e-05	1.00745e-05	1.21052e-06	1.27281e-07	1.18056e-08	9.73338e-10	7.48162e-11	2.00099e-11	6.44345e-11	2.34409e-10	7.45583e-10	2.0685e-09	5.01712e-09	1.0676e-08	2.0039e-08	3.34216e-08	4.98991e-08	6.70534e-08	8.13272e-08	8.91105e-08	8.82096e-08	7.88834e-08	6.37174e-08	4.64284e-08	3.04152e-08	1.7806e-08	9.24386e-09	4.22534e-09	1.69214e-09	5.91931e-10	1.80569e-10	4.79956e-11	1.11146e-11	2.24363e-12	3.95322e-13	6.093e-14	8.23898e-15	9.80928e-16	1.03246e-16	9.64781e-18	8.0389e-19	5.99845e-20	4.02497e-21	2.43833e-22	1.33863e-23	6.68345e-25	3.04468e-26	1.26946e-27	4.85818e-29	1.71103e-30	5.55957e-32	1.67038e-33	4.65056e-35	1.20216e-36	2.89053e-38	6.47578e-40	1.3539e-41	2.64544e-43	4.92025e-45	4.92025e-45	
0.00346313	0.00346313	0.012909	0.0464385	0.136019	0.318029	0.59177	0.897468	1.18131	1.44737	1.68384	1.85817	1.97169	2.02639	2.03749	2.01265	1.97014	1.91775	1.87443	1.84256	1.83347	1.85307	1.89021	1.9383	1.98904	2.02506	2.03845	2.01032	1.93367	1.7967	1.59503	1.34338	1.07157	0.775671	0.473693	0.232789	0.0910037	0.0285293	0.0072808	0.00153717	0.000272558	4.11346e-05	5.34631e-06	6.04547e-07	6.00082e-08	5.27837e-09	4.6026e-10	2.49055e-10	8.77728e-10	3.03318e-09	9.16133e-09	2.42041e-08	5.61276e-08	1.14772e-07	2.08242e-07	3.37724e-07	4.9292e-07	6.50711e-07	7.79447e-07	8.48715e-07	8.40725e-07	7.57556e-07	6.203e-07	4.60568e-07	3.08978e-07	1.8626e-07	1.00175e-07	4.77163e-08	2.00114e-08	7.35819e-09	2.36549e-09	6.63666e-10	1.62347e-10	3.46227e-11	6.44244e-12	1.04781e-12	1.49353e-13	1.87211e-14	2.07177e-15	2.03272e-16	1.77598e-17	1.38771e-18	9.73857e-20	6.16287e-21	3.53041e-22	1.83733e-23	8.71635e-25	3.78122e-26	1.50435e-27	5.50387e-29	1.85646e-30	5.78656e-32	1.67038e-33	4.47457e-35	1.1144e-36	2.58486e-38	5.59302e-40	1.13063e-41	2.17616e-43	2.17616e-43	
0.00980163	0.00980163	0.0322077	0.102059	0.260417	0.525682	0.849426	1.15927	1.44737	1.70754	1.88798	1.99842	2.04272	2.02346	1.95522	1.8535	1.73863	1.62804	1.53956	1.48966	1.47819	1.50481	1.57111	1.6709	1.78401	1.89748	1.98761	2.03838	2.03345	1.9621	1.82617	1.61011	1.33443	1.03969	0.7182	0.408143	0.184169	0.0658928	0.0189432	0.00445149	0.000869496	0.000143306	2.01928e-05	2.4603e-06	2.61787e-07	2.46614e-08	2.69919e-09	2.99921e-09	1.07031e-08	3.49917e-08	1.00087e-07	2.51191e-07	5.55691e-07	1.08985e-06	1.90823e-06	3.00478e-06	4.28242e-06	5.55078e-06	6.56633e-06	7.10614e-06	7.04406e-06	6.39472e-06	5.30846e-06	4.01891e-06	2.76438e-06	1.71861e-06	9.59216e-07	4.77053e-07	2.09983e-07	8.13647e-08	2.76418e-08	8.20973e-09	2.12775e-09	4.80817e-10	9.47556e-11	1.63071e-11	2.45651e-12	3.2496e-13	3.78942e-14	3.91175e-15	3.59024e-16	2.94263e-17	2.16308e-18	1.43193e-19	8.57014e-21	4.6545e-22	2.30186e-23	1.03994e-24	4.30488e-26	1.6374e-27	5.73739e-29	1.85646e-30	5.55957e-32	1.54412e-33	3.98514e-35	9.5743e-37	2.14483e-38	4.48721e-40	8.94044e-42	8.94044e-42	
0.023656	0.023656	0.0683964	0.190823	0.42594	0.752871	1.09126	1.40049	1.68384	1.88798	2.00574	2.05097	1.99975	1.88562	1.71965	1.53226	1.34473	1.17681	1.0486	0.967176	0.946758	0.993091	1.09478	1.23896	1.4189	1.60965	1.79024	1.93883	2.02988	2.04444	1.96676	1.819	1.5757	1.27982	0.959555	0.615979	0.31799	0.129552	0.0419631	0.0109862	0.00236657	0.000426405	6.51984e-05	8.56622e-06	9.77896e-07	9.95397e-08	1.67385e-08	3.35123e-08	1.16009e-07	3.57421e-07	9.65168e-07	2.29461e-06	4.8307e-06	9.06746e-06	1.52912e-05	2.33388e-05	3.24393e-05	4.12572e-05	4.81913e-05	5.18368e-05	5.14187e-05	4.70264e-05	3.95868e-05	3.05829e-05	2.1598e-05	1.38718e-05	8.05045e-06	4.18955e-06	1.94039e-06	7.94583e-07	2.86163e-07	9.02718e-08	2.48722e-08	5.97557e-09	1.2513e-09	2.28574e-10	3.64964e-11	5.10894e-12	6.29343e-13	6.85066e-14	6.61877e-15	5.70106e-16	4.39712e-17	3.04965e-18	1.90962e-19	1.08369e-20	5.59328e-22	2.63437e-23	1.13574e-24	4.49487e-26	1.6374e-27	5.50387e-29	1.71103e-30	4.93006e-32	1.31921e-33	3.2843e-35	7.62053e-37	1.65058e-38	3.40552e-40	3.40552e-40	
0.0491881	0.0491881	0.125563	0.310177	0.613356	0.972544	1.30928	1.61348	1.85817	1.99842	2.05097	1.98625	1.84294	1.62452	1.3696	1.09018	0.828644	0.600872	0.429655	0.33304	0.310254	0.362483	0.489482	0.687493	0.932189	1.20172	1.47399	1.72011	1.90653	2.02588	2.04053	1.95369	1.77225	1.4951	1.17898	0.828565	0.480499	0.220874	0.0802268	0.0233376	0.00553458	0.00108884	0.00018049	2.55528e-05	3.1297e-06	3.53867e-07	1.1952e-07	3.37679e-07	1.10909e-06	3.20725e-06	8.14776e-06	1.82912e-05	3.65429e-05	6.54871e-05	0.000106134	0.000156721	0.000212138	0.000264514	0.000304985	0.00032605	0.00032364	0.000298224	0.000254677	0.000200963	0.000145934	9.70211e-05	5.86763e-05	3.20324e-05	1.56552e-05	6.79699e-06	2.60428e-06	8.75893e-07	2.57558e-07	6.60432e-08	1.47503e-08	2.87018e-09	4.87369e-10	7.24179e-11	9.45017e-12	1.08753e-12	1.10863e-13	1.00564e-14	8.15366e-16	5.93481e-17	3.89406e-18	2.31226e-19	1.24711e-20	6.13045e-22	2.75542e-23	1.13574e-24	4.30488e-26	1.50435e-27	4.85818e-29	1.45309e-30	4.03365e-32	1.04115e-33	2.50329e-35	5.61571e-37	1.20029e-38	1.20029e-38	
0.0894644	0.0894644	0.203411	0.449773	0.802105	1.17071	1.49955	1.78411	1.97169	2.04272	1.99975	1.84294	1.59396	1.27007	0.914783	0.560383	0.228313	-0.0451959	-0.246477	-0.370183	-0.400455	-0.331354	-0.17365	0.0574819	0.354855	0.69695	1.0609	1.40251	1.70584	1.91559	2.03291	2.02528	1.91128	1.67771	1.37198	1.02641	0.653451	0.333965	0.134756	0.0432748	0.0112445	0.00240633	0.000431105	6.56003e-05	8.62551e-06	1.18346e-06	9.44814e-07	3.01196e-06	9.27266e-06	2.50565e-05	5.9643e-05	0.000125977	0.000238086	0.000406214	0.000631138	0.00089973	0.00118415	0.00144608	0.00164496	0.00174748	0.00173578	0.00161191	0.00139732	0.00112749	0.000843331	0.000581633	0.000367492	0.00021105	0.000109196	5.04519e-05	2.06501e-05	7.43719e-06	2.34448e-06	6.44513e-07	1.54197e-07	3.20932e-08	5.81772e-09	9.20822e-10	1.27702e-10	1.55818e-11	1.68032e-12	1.60894e-13	1.37426e-14	1.05176e-15	7.24359e-17	4.50747e-18	2.54393e-19	1.30681e-20	6.13045e-22	2.63437e-23	1.03994e-24	3.78122e-26	1.26946e-27	3.94421e-29	1.13652e-30	3.04312e-32	7.58554e-34	1.76327e-35	3.9059e-37	3.9059e-37	
0.144872	0.144872	0.297108	0.596178	0.977078	1.34175	1.65798	1.9062	2.02639	2.02346	1.88562	1.62452	1.27007	0.856138	0.413679	-0.013687	-0.392117	-0.705841	-0.928498	-1.04853	-1.07564	-1.01172	-0.850346	-0.590265	-0.250658	0.155792	0.591155	1.0268	1.42238	1.74135	1.95793	2.03994	1.99497	1.81921	1.53654	1.20072	0.820621	0.45819	0.202774	0.0711975	0.0201163	0.00465375	0.000896405	0.000146007	2.07692e-05	4.33739e-06	7.38848e-06	2.34578e-05	6.7138e-05	0.000168673	0.000374473	0.000741136	0.00132027	0.0021379	0.00317558	0.00436024	0.0055697	0.00665329	0.007461	0.00787328	0.00782635	0.00732752	0.00645341	0.0053319	0.00411562	0.00295174	0.00195393	0.00118424	0.000651043	0.000321452	0.000141211	5.47356e-05	1.85946e-05	5.50892e-06	1.41898e-06	3.17405e-07	6.16972e-08	1.04443e-08	1.54497e-09	2.00533e-10	2.29442e-11	2.32521e-12	2.09714e-13	1.69118e-14	1.22486e-15	8.001e-17	4.73242e-18	2.54393e-19	1.24711e-20	5.59328e-22	2.30186e-23	8.71635e-25	3.04468e-26	9.83392e-28	2.94336e-29	8.18045e-31	2.11519e-32	5.09719e-34	1.17073e-35	1.17073e-35	
0.212507	0.212507	0.398843	0.736969	1.12951	1.48371	1.78137	1.9825	2.03749	1.95522	1.71965	1.3696	0.914783	0.413679	-0.0990675	-0.575273	-0.986765	-1.30934	-1.53378	-1.66767	-1.70015	-1.62494	-1.45442	-1.19323	-0.831561	-0.391724	0.103672	0.616667	1.10621	1.52181	1.83099	2.00483	2.03271	1.9191	1.6704	1.34837	0.97137	0.582226	0.278543	0.105677	0.0321499	0.00797377	0.00163967	0.000284569	4.55924e-05	2.02251e-05	5.25811e-05	0.00015758	0.000416289	0.000966795	0.00199143	0.003676	0.00614789	0.00941561	0.0133303	0.0175852	0.02176	0.0253899	0.0280406	0.0293779	0.0292262	0.0276055	0.0247272	0.0209508	0.0167225	0.0125043	0.00869887	0.00558379	0.00327504	0.00173625	0.000823002	0.000345338	0.000127198	4.08603e-05	1.13983e-05	2.75552e-06	5.77304e-07	1.05014e-07	1.66392e-08	2.30609e-09	2.80887e-10	3.02169e-11	2.88537e-12	2.45752e-13	1.87569e-14	1.28858e-15	8.001e-17	4.50747e-18	2.31226e-19	1.08369e-20	4.6545e-22	1.83733e-23	6.68345e-25	2.24584e-26	6.98733e-28	2.01706e-29	5.4132e-31	1.35305e-32	3.22392e-34	3.22392e-34	
0.286646	0.286646	0.499749	0.862712	1.25571	1.59768	1.87271	2.02226	2.01265	1.8535	1.53226	1.09018	0.560383	-0.013687	-0.575273	-1.08686	-1.49937	-1.80486	-2.00476	-2.10337	-2.12215	-2.07423	-1.9369	-1.69719	-1.34863	-0.888366	-0.35652	0.219713	0.779848	1.28074	1.67735	1.93806	2.03466	1.98119	1.7733	1.46886	1.10004	0.696704	0.355092	0.143712	0.046551	0.0122562	0.00266793	0.000493328	0.000103064	0.000111709	0.000326222	0.00090157	0.00218219	0.00465417	0.00884246	0.0151468	0.0236811	0.034178	0.0459805	0.0581371	0.0695577	0.0791613	0.0860061	0.0894067	0.0890225	0.0848919	0.0774291	0.0673791	0.0557215	0.04355	0.0319394	0.0217941	0.0136977	0.00783774	0.00403295	0.00184422	0.000741718	0.0002602	7.91596e-05	2.0818e-05	4.72947e-06	9.295e-07	1.58525e-07	2.35612e-08	3.06672e-09	3.51386e-10	3.56295e-11	3.2135e-12	2.59073e-13	1.87569e-14	1.22486e-15	7.24359e-17	3.89406e-18	1.90962e-19	8.57014e-21	3.53041e-22	1.33863e-23	4.68391e-25	1.516e-26	4.54868e-28	1.26783e-29	3.28888e-31	8.13395e-33	8.13395e-33	
0.359901	0.359901	0.591547	0.967774	1.35608	1.6859	1.93381	2.03396	1.97014	1.73863	1.34473	0.828644	0.228313	-0.392117	-0.986765	-1.49937	-1.89815	-2.16445	-2.30348	-2.36042	-2.37073	-2.34382	-2.26157	-2.07434	-1.7529	-1.30731	-0.757349	-0.144172	0.473138	1.04702	1.51844	1.85117	2.01367	2.01526	1.84729	1.56254	1.20429	0.795105	0.425752	0.181429	0.0618316	0.0170971	0.00390724	0.000788775	0.000296015	0.000608863	0.00172301	0.00433251	0.00953006	0.0185304	0.0322696	0.0510332	0.0742839	0.100708	0.128432	0.155377	0.179519	0.199072	0.21261	0.219205	0.218464	0.210431	0.195596	0.174995	0.150139	0.122872	0.0952443	0.0693184	0.0468826	0.0291074	0.0163639	0.00821609	0.00363763	0.00140532	0.000470107	0.000135543	3.36291e-05	7.18664e-06	1.32678e-06	2.12528e-07	2.96899e-08	3.6372e-09	3.92933e-10	3.76385e-11	3.2135e-12	2.45752e-13	1.69118e-14	1.05176e-15	5.93481e-17	3.04965e-18	1.43193e-19	6.16287e-21	2.43833e-22	8.89232e-24	2.99658e-25	9.35241e-27	2.70915e-28	7.29822e-30	1.87461e-31	1.87461e-31	
0.424651	0.424651	0.667658	1.04955	1.43184	1.75015	1.97187	2.03075	1.91775	1.62804	1.17681	0.600872	-0.0451959	-0.705841	-1.30934	-1.80486	-2.16445	-2.34881	-2.40522	-2.41147	-2.41004	-2.41013	-2.39349	-2.29687	-2.03931	-1.6206	-1.08057	-0.441266	0.215816	0.846063	1.37285	1.76799	1.98265	2.02919	1.89639	1.63058	1.28342	0.873385	0.485067	0.214872	0.0761193	0.0218654	0.00523032	0.0012894	0.0011261	0.0029334	0.00761058	0.017219	0.0341186	0.0600291	0.0952617	0.138521	0.187241	0.238129	0.287804	0.333305	0.372128	0.40235	0.422659	0.432375	0.431291	0.419428	0.39706	0.364992	0.324661	0.278112	0.227946	0.177217	0.12934	0.0875118	0.0540836	0.0300484	0.0147784	0.00634837	0.00235777	0.000752177	0.000205533	4.81214e-05	9.6808e-06	1.68094e-06	2.53298e-07	3.33213e-08	3.84977e-09	3.92933e-10	3.56295e-11	2.88537e-12	2.09714e-13	1.37426e-14	8.15366e-16	4.39712e-17	2.16308e-18	9.73857e-20	4.02497e-21	1.53142e-22	5.37796e-24	1.74734e-25	5.26427e-27	1.47368e-28	3.9338e-30	3.9338e-30	
0.474273	0.474273	0.723464	1.10731	1.48446	1.79151	1.99019	2.02206	1.87443	1.53956	1.0486	0.429655	-0.246477	-0.928498	-1.53378	-2.00476	-2.30348	-2.40522	-2.32968	-2.19197	-2.14692	-2.24318	-2.37578	-2.38966	-2.20612	-1.83496	-1.30656	-0.65793	0.0255401	0.690805	1.25958	1.69827	1.95051	2.03493	1.92823	1.67502	1.33713	0.929032	0.529005	0.240624	0.0875528	0.0258785	0.006619	0.0026347	0.00458583	0.0119083	0.0276457	0.0556796	0.0985325	0.155921	0.224783	0.300448	0.377879	0.452498	0.520873	0.580458	0.629348	0.666271	0.690754	0.702535	0.701222	0.686866	0.659872	0.620503	0.569355	0.507849	0.438003	0.362516	0.285045	0.210336	0.143419	0.0887559	0.0489304	0.0236202	0.0098482	0.00351395	0.00106809	0.000276418	6.10672e-05	1.15712e-05	1.89165e-06	2.68539e-07	3.33213e-08	3.6372e-09	3.51386e-10	3.02169e-11	2.32521e-12	1.60894e-13	1.00564e-14	5.70106e-16	2.94263e-17	1.38771e-18	5.99845e-20	2.38365e-21	8.7316e-23	2.95589e-24	9.2691e-26	2.69827e-27	7.49032e-29	7.49032e-29	
0.503979	0.503979	0.756097	1.14028	1.51329	1.81285	2.00061	2.01489	1.84256	1.48966	0.967176	0.33304	-0.370183	-1.04853	-1.66767	-2.10337	-2.36042	-2.41147	-2.19197	-1.89195	-1.7996	-2.00113	-2.30633	-2.42373	-2.27508	-1.95422	-1.43637	-0.779201	-0.0914157	0.6019	1.18833	1.65563	1.93106	2.03313	1.94519	1.70008	1.36685	0.960609	0.55474	0.256118	0.0946579	0.0287169	0.00869793	0.00727528	0.0168055	0.0397245	0.0812691	0.144346	0.226916	0.322844	0.424819	0.526548	0.623314	0.71196	0.790783	0.857945	0.912483	0.953646	0.981323	0.994991	0.993461	0.976877	0.946491	0.902655	0.845527	0.775937	0.694995	0.604567	0.506498	0.404295	0.302985	0.209134	0.13005	0.0712541	0.0337503	0.0136352	0.00466404	0.00134818	0.00033006	6.87795e-05	1.22792e-05	1.89165e-06	2.53298e-07	2.96899e-08	3.06672e-09	2.80887e-10	2.29442e-11	1.68032e-12	1.10863e-13	6.61877e-15	3.59024e-16	1.77598e-17	8.0389e-19	3.3401e-20	1.27755e-21	4.51024e-23	1.47329e-24	4.4631e-26	1.28933e-27	1.28933e-27	
0.511018	0.511018	0.763795	1.14794	1.51954	1.81723	2.00398	2.01414	1.83347	1.47819	0.946758	0.310254	-0.400455	-1.07564	-1.70015	-2.12215	-2.37073	-2.41004	-2.14692	-1.7996	-1.69359	-1.92469	-2.28236	-2.43116	-2.28741	-1.98126	-1.46737	-0.805566	-0.120361	0.583	1.17043	1.64661	1.92607	2.03014	1.94897	1.70644	1.37374	0.967852	0.560761	0.259861	0.0967152	0.0308536	0.0141144	0.0221575	0.051526	0.107064	0.191029	0.298218	0.418498	0.542532	0.664469	0.780944	0.889503	0.988592	1.07643	1.15098	1.21149	1.25768	1.28823	1.30251	1.30092	1.2834	1.24969	1.20056	1.13722	1.05989	0.96962	0.868481	0.758202	0.640385	0.517734	0.393881	0.275404	0.172101	0.0935663	0.0433498	0.0169048	0.00552347	0.00151427	0.000350137	6.87795e-05	1.15712e-05	1.68094e-06	2.12528e-07	2.35612e-08	2.30609e-09	2.00533e-10	1.55818e-11	1.08753e-12	6.85066e-14	3.91175e-15	2.03272e-16	9.64781e-18	4.19626e-19	1.67764e-20	6.18241e-22	2.10549e-23	6.64244e-25	1.9984e-26	1.9984e-26	
0.494734	0.494734	0.746049	1.1302	1.50441	1.8062	1.99728	2.01744	1.85307	1.50481	0.993091	0.362483	-0.331354	-1.01172	-1.62494	-2.07423	-2.34382	-2.41013	-2.24318	-2.00113	-1.92469	-2.08967	-2.33365	-2.41364	-2.25539	-1.9172	-1.39494	-0.742229	-0.0544018	0.628766	1.2114	1.66891	1.93763	2.03426	1.93965	1.6923	1.35789	0.950952	0.546825	0.251696	0.0943449	0.0349593	0.029964	0.0612595	0.128475	0.231182	0.359673	0.499805	0.64203	0.782944	0.92052	1.05185	1.1733	1.28282	1.37684	1.4556	1.51765	1.56427	1.59398	1.6065	1.60514	1.5895	1.55632	1.50652	1.44119	1.35922	1.26206	1.14981	1.02625	0.89332	0.754883	0.613554	0.471347	0.332615	0.208039	0.111635	0.0502751	0.0188112	0.00584305	0.00151427	0.00033006	6.10672e-05	9.6808e-06	1.32678e-06	1.58525e-07	1.66392e-08	1.54497e-09	1.27702e-10	9.45017e-12	6.29343e-13	3.78942e-14	2.07177e-15	1.03246e-16	4.7065e-18	1.9689e-19	7.58109e-21	2.69405e-22	8.85807e-24	2.77743e-25	2.77743e-25	
0.456627	0.456627	0.703898	1.08727	1.4662	1.77733	1.9842	2.02549	1.89021	1.57111	1.09478	0.489482	-0.17365	-0.850346	-1.45442	-1.9369	-2.26157	-2.39349	-2.37578	-2.30633	-2.28236	-2.33365	-2.39531	-2.36264	-2.15375	-1.76038	-1.2278	-0.58109	0.0931492	0.745161	1.29967	1.72353	1.96223	2.03362	1.9175	1.65982	1.31868	0.90971	0.513856	0.233208	0.0905484	0.0478317	0.0692969	0.141869	0.258702	0.404128	0.560303	0.719397	0.880818	1.04153	1.1953	1.33678	1.46265	1.5721	1.66345	1.7387	1.79735	1.83956	1.86799	1.88178	1.88025	1.86353	1.83231	1.78696	1.7249	1.64649	1.55158	1.43875	1.30962	1.16544	1.0097	0.848486	0.687284	0.528737	0.373712	0.232021	0.121737	0.052803	0.0188112	0.00552347	0.00134818	0.000276418	4.81214e-05	7.18664e-06	9.295e-07	1.05014e-07	1.04443e-08	9.20822e-10	7.24179e-11	5.10894e-12	3.2496e-13	1.87211e-14	9.80928e-16	4.69227e-17	2.05618e-18	8.28011e-20	3.07296e-21	1.05385e-22	3.44629e-24	3.44629e-24	
0.400275	0.400275	0.639545	1.01981	1.40433	1.72721	1.95926	2.03267	1.9383	1.6709	1.23896	0.687493	0.0574819	-0.590265	-1.19323	-1.69719	-2.07434	-2.29687	-2.38966	-2.42373	-2.43116	-2.41364	-2.36264	-2.22834	-1.94015	-1.50858	-0.962967	-0.330497	0.313421	0.922234	1.42769	1.79974	1.99632	2.02527	1.87899	1.60632	1.25497	0.845018	0.464427	0.208323	0.0919797	0.0810475	0.146539	0.270173	0.42812	0.597844	0.773707	0.956368	1.13862	1.31014	1.46695	1.60632	1.72889	1.8326	1.91938	1.98717	2.04064	2.07769	2.10075	2.11231	2.11105	2.09713	2.07147	2.03118	1.97481	1.90357	1.81317	1.70597	1.57971	1.43707	1.27689	1.10288	0.919653	0.737831	0.563593	0.394945	0.240412	0.121737	0.0502751	0.0169048	0.00466404	0.00106809	0.000205533	3.36291e-05	4.72947e-06	5.77304e-07	6.16972e-08	5.81772e-09	4.87369e-10	3.64964e-11	2.45651e-12	1.49353e-13	8.23898e-15	4.14046e-16	1.90253e-17	8.01994e-19	3.11094e-20	1.11357e-21	3.8007e-23	3.8007e-23	
0.331254	0.331254	0.55649	0.92856	1.31898	1.65349	1.91228	2.03175	1.98904	1.78401	1.4189	0.932189	0.354855	-0.250658	-0.831561	-1.34863	-1.7529	-2.03931	-2.20612	-2.27508	-2.28741	-2.25539	-2.15375	-1.94015	-1.60287	-1.15355	-0.605218	-0.00874839	0.592374	1.13945	1.58176	1.88608	2.02332	2.00496	1.82123	1.52818	1.16578	0.759058	0.403239	0.184068	0.109017	0.14666	0.265442	0.430783	0.612021	0.803259	1.00543	1.20515	1.39149	1.56295	1.71858	1.85334	1.96801	2.05971	2.13215	2.18658	2.22542	2.25266	2.26837	2.27507	2.27438	2.26607	2.24812	2.21863	2.17708	2.11909	2.04312	1.94684	1.82809	1.68893	1.52995	1.35514	1.16632	0.964556	0.763854	0.57526	0.394945	0.232021	0.111635	0.0433498	0.0136352	0.00351395	0.000752177	0.000135543	2.0818e-05	2.75552e-06	3.17405e-07	3.20932e-08	2.87018e-09	2.28574e-10	1.63071e-11	1.04781e-12	6.093e-14	3.22037e-15	1.55312e-16	6.85922e-18	2.78302e-19	1.04047e-20	3.70871e-22	3.70871e-22	
0.256716	0.256716	0.460156	0.814745	1.20832	1.55527	1.84017	2.00992	2.02506	1.89748	1.60965	1.20172	0.69695	0.155792	-0.391724	-0.888366	-1.30731	-1.6206	-1.83496	-1.95422	-1.98126	-1.9172	-1.76038	-1.50858	-1.15355	-0.694605	-0.17746	0.377115	0.905854	1.37909	1.74192	1.968	2.03758	1.96029	1.73563	1.42399	1.05215	0.655766	0.337612	0.170395	0.152348	0.248224	0.412776	0.602897	0.806026	1.02433	1.23918	1.44072	1.62952	1.79994	1.94445	2.06364	2.15775	2.22982	2.28133	2.31688	2.34013	2.35246	2.35961	2.3639	2.36343	2.35842	2.35049	2.33645	2.3108	2.2725	2.21713	2.14073	2.04188	1.91747	1.76789	1.59296	1.4012	1.19753	0.979891	0.763854	0.563593	0.373712	0.208039	0.0935663	0.0337503	0.0098482	0.00235777	0.000470107	7.91596e-05	1.13983e-05	1.41898e-06	1.54197e-07	1.47503e-08	1.2513e-09	9.47556e-11	6.44244e-12	3.95322e-13	2.19951e-14	1.11427e-15	5.1593e-17	2.19088e-18	8.5595e-20	3.18799e-21	3.18799e-21	
0.184347	0.184347	0.357855	0.682132	1.07156	1.43015	1.73581	1.95713	2.03845	1.98761	1.79024	1.47399	1.0609	0.591155	0.103672	-0.35652	-0.757349	-1.08057	-1.30656	-1.43637	-1.46737	-1.39494	-1.2278	-0.962967	-0.605218	-0.17746	0.297182	0.782685	1.2371	1.61144	1.88731	2.02392	2.02172	1.88417	1.62094	1.29294	0.915427	0.541702	0.277694	0.177771	0.226746	0.376541	0.570926	0.781851	1.01169	1.2422	1.45915	1.66597	1.84749	2.00099	2.12676	2.22386	2.29416	2.33828	2.36328	2.37138	2.3705	2.36596	2.35867	2.35395	2.35453	2.36006	2.36712	2.37107	2.37078	2.35975	2.33116	2.28235	2.20651	2.10408	1.97236	1.81377	1.62616	1.41652	1.19753	0.964556	0.737831	0.528737	0.332615	0.172101	0.0712541	0.0236202	0.00634837	0.00140532	0.0002602	4.08603e-05	5.50892e-06	6.44513e-07	6.60432e-08	5.97557e-09	4.80817e-10	3.46227e-11	2.24363e-12	1.31497e-13	7.00154e-15	3.40047e-16	1.51193e-17	6.17492e-19	2.40397e-20	2.40397e-20	
0.12105	0.12105	0.258277	0.537742	0.909398	1.27673	1.59878	1.86278	2.01032	2.03838	1.93883	1.72011	1.40251	1.0268	0.616667	0.219713	-0.144172	-0.441266	-0.65793	-0.779201	-0.805566	-0.742229	-0.58109	-0.330497	-0.00874839	0.377115	0.782685	1.18115	1.54041	1.81968	1.99531	2.04082	1.96796	1.76789	1.47438	1.13506	0.760191	0.427029	0.234797	0.212902	0.32767	0.517247	0.73279	0.96852	1.21452	1.44687	1.66936	1.86432	2.02995	2.16528	2.26462	2.32895	2.36353	2.37291	2.3621	2.33986	2.31163	2.2828	2.26191	2.25248	2.25353	2.26518	2.28807	2.31759	2.34492	2.36544	2.37291	2.35863	2.31885	2.24752	2.14157	1.99859	1.82836	1.62616	1.4012	1.16632	0.919653	0.687284	0.471347	0.275404	0.13005	0.0489304	0.0147784	0.00363763	0.000741718	0.000127198	1.85946e-05	2.34448e-06	2.57558e-07	2.48722e-08	2.12775e-09	1.62347e-10	1.11146e-11	6.86409e-13	3.84225e-14	1.95777e-15	9.11564e-17	3.89227e-18	1.58411e-19	1.58411e-19	
0.0715238	0.0715238	0.170102	0.392475	0.727522	1.09419	1.42699	1.72207	1.93367	2.03345	2.02988	1.90653	1.70584	1.42238	1.10621	0.779848	0.473138	0.215816	0.0255401	-0.0914157	-0.120361	-0.0544018	0.0931492	0.313421	0.592374	0.905854	1.2371	1.54041	1.79757	1.9654	2.04677	2.00452	1.86193	1.60925	1.29864	0.95237	0.595038	0.32469	0.218288	0.275731	0.444743	0.661124	0.898205	1.15462	1.40397	1.63945	1.85336	2.03288	2.17909	2.28099	2.34586	2.37337	2.36693	2.33271	2.28142	2.21816	2.15548	2.10256	2.06249	2.04175	2.04411	2.06912	2.1122	2.16746	2.23121	2.29286	2.34114	2.37088	2.37071	2.33653	2.26297	2.15388	1.99859	1.81377	1.59296	1.35514	1.10288	0.848486	0.613554	0.393881	0.209134	0.0887559	0.0300484	0.00821609	0.00184422	0.000345338	5.47356e-05	7.43719e-06	8.75893e-07	9.02718e-08	8.20973e-09	6.63666e-10	4.79956e-11	3.12289e-12	1.83744e-13	9.82073e-15	4.7876e-16	2.13678e-17	9.08983e-19	9.08983e-19	
0.0373623	0.0373623	0.100157	0.259419	0.537232	0.886576	1.22476	1.53252	1.7967	1.9621	2.04444	2.02588	1.91559	1.74135	1.52181	1.28074	1.04702	0.846063	0.690805	0.6019	0.583	0.628766	0.745161	0.922234	1.13945	1.37909	1.61144	1.81968	1.9654	2.0476	2.02001	1.9073	1.70078	1.41277	1.09539	0.749943	0.434341	0.2481	0.23243	0.360151	0.568208	0.80511	1.06334	1.32924	1.5787	1.81223	2.009	2.17018	2.28236	2.35399	2.37403	2.35355	2.29874	2.21632	2.11533	2.00966	1.90938	1.82141	1.75817	1.72756	1.73099	1.76832	1.8373	1.92881	2.03059	2.13635	2.23476	2.31213	2.3613	2.37255	2.34383	2.26297	2.14157	1.97236	1.76789	1.52995	1.27689	1.0097	0.754883	0.517734	0.302985	0.143419	0.0540836	0.0163639	0.00403295	0.000823002	0.000141211	2.06501e-05	2.60428e-06	2.86163e-07	2.76418e-08	2.36549e-09	1.80569e-10	1.23693e-11	7.64469e-13	4.28311e-14	2.18479e-15	1.01863e-16	4.52672e-18	4.52672e-18	
0.0169698	0.0169698	0.0516121	0.151384	0.355909	0.66159	0.997244	1.30656	1.59503	1.82617	1.96676	2.04053	2.03291	1.95793	1.83099	1.67735	1.51844	1.37285	1.25958	1.18833	1.17043	1.2114	1.29967	1.42769	1.58176	1.74192	1.88731	1.99531	2.04677	2.02001	1.9197	1.74612	1.48302	1.18666	0.867557	0.541276	0.296966	0.206776	0.27498	0.457304	0.691582	0.946605	1.2208	1.48865	1.73731	1.95823	2.13631	2.26966	2.34819	2.37321	2.35094	2.27663	2.16604	2.02619	1.87326	1.71533	1.56878	1.45022	1.36893	1.32853	1.33312	1.38204	1.47106	1.59633	1.74667	1.9045	2.05582	2.19139	2.29364	2.35954	2.37255	2.33653	2.24752	2.10408	1.91747	1.68893	1.43707	1.16544	0.89332	0.640385	0.404295	0.210336	0.0875118	0.0291074	0.00783774	0.00173625	0.000321452	5.04519e-05	6.79699e-06	7.94583e-07	8.13647e-08	7.35819e-09	5.91931e-10	4.26275e-11	2.76357e-12	1.62103e-13	8.64173e-15	4.20423e-16	1.94972e-17	1.94972e-17	
0.00661273	0.00661273	0.022848	0.0761248	0.205039	0.438175	0.746799	1.0578	1.34338	1.61011	1.819	1.95369	2.02528	2.03994	2.00483	1.93806	1.85117	1.76799	1.69827	1.65563	1.64661	1.66891	1.72353	1.79974	1.88608	1.968	2.02392	2.04082	2.00452	1.9073	1.74611	1.50719	1.23091	0.938078	0.623712	0.350334	0.200092	0.202313	0.338309	0.558482	0.810733	1.08223	1.36562	1.63103	1.87438	2.07839	2.23402	2.33328	2.3744	2.35173	2.27364	2.14645	1.97407	1.77564	1.5599	1.34651	1.15427	0.993052	0.875718	0.816235	0.822984	0.89493	1.02217	1.1906	1.38805	1.60374	1.81726	2.01024	2.17603	2.29364	2.3613	2.37071	2.31885	2.20651	2.04188	1.82809	1.57971	1.30962	1.02625	0.758202	0.506498	0.285045	0.12934	0.0468826	0.0136977	0.00327504	0.000651043	0.000109196	1.56552e-05	1.94039e-06	2.09983e-07	2.00114e-08	1.69214e-09	1.27802e-10	8.67217e-12	5.31468e-13	2.95539e-14	1.4976e-15	7.23537e-17	7.23537e-17	
0.0021921	0.0021921	0.00857696	0.0323857	0.100025	0.247884	0.49013	0.785286	1.07157	1.33443	1.5757	1.77225	1.91128	1.99497	2.03271	2.03466	2.01367	1.98265	1.95051	1.93106	1.92607	1.93763	1.96223	1.99632	2.02332	2.03758	2.02172	1.96796	1.86192	1.70075	1.48296	1.2308	0.961054	0.667499	0.390656	0.204895	0.150452	0.227641	0.412402	0.657025	0.923174	1.20824	1.49423	1.75619	1.99035	2.17304	2.3033	2.36616	2.36448	2.29344	2.15892	1.96879	1.73525	1.46935	1.19093	0.919919	0.668412	0.458616	0.312926	0.242622	0.250506	0.336278	0.495933	0.716158	0.973273	1.24632	1.52432	1.78499	2.01024	2.19139	2.31213	2.37088	2.35863	2.28235	2.14073	1.94684	1.70597	1.43875	1.14981	0.868481	0.604567	0.362516	0.177217	0.0693184	0.0217941	0.00558379	0.00118424	0.00021105	3.20324e-05	4.18955e-06	4.77053e-07	4.77163e-08	4.22534e-09	3.3353e-10	2.36117e-11	1.50725e-12	8.71774e-14	4.58888e-15	2.30366e-16	2.30366e-16	
0.000616153	0.000616153	0.00271318	0.0115395	0.0406458	0.116514	0.269278	0.502638	0.775671	1.03969	1.27982	1.4951	1.67771	1.81921	1.9191	1.98119	2.01526	2.02919	2.03493	2.03313	2.03014	2.03426	2.03362	2.02527	2.00496	1.96029	1.88416	1.76787	1.60917	1.41257	1.18622	0.937252	0.66638	0.40403	0.208905	0.118749	0.140647	0.270875	0.488303	0.748823	1.02671	1.32139	1.60616	1.86255	2.08237	2.24513	2.34535	2.37258	2.32536	2.2048	2.01225	1.76227	1.46086	1.12818	0.783513	0.441633	0.131823	-0.1167	-0.287722	-0.371478	-0.362024	-0.260128	-0.0728033	0.189524	0.508704	0.853075	1.19543	1.52432	1.81726	2.05582	2.23476	2.34114	2.37291	2.33116	2.21713	2.04312	1.81317	1.55158	1.26206	0.96962	0.694995	0.438003	0.227946	0.0952443	0.0319394	0.00869887	0.00195393	0.000367492	5.86763e-05	8.05045e-06	9.59216e-07	1.00175e-07	9.24386e-09	7.5906e-10	5.58148e-11	3.69563e-12	2.21437e-13	1.20618e-14	6.26812e-16	6.26812e-16	
0.000147013	0.000147013	0.000723011	0.00343611	0.0136807	0.0449463	0.120665	0.263771	0.473693	0.7182	0.959555	1.17898	1.37198	1.53654	1.6704	1.7733	1.84729	1.89639	1.92823	1.94519	1.94897	1.93965	1.9175	1.87898	1.82122	1.73562	1.62088	1.47419	1.29815	1.09424	0.865193	0.619423	0.384021	0.201433	0.0994808	0.0831393	0.15537	0.320731	0.559808	0.831341	1.11896	1.41892	1.70026	1.95101	2.15517	2.29573	2.36757	2.3576	2.26804	2.09588	1.84987	1.53561	1.17046	0.770831	0.350147	-0.0597681	-0.42805	-0.735183	-0.958795	-1.07261	-1.05968	-0.922005	-0.679519	-0.358714	0.0195911	0.434773	0.853075	1.24632	1.60374	1.9045	2.13635	2.29286	2.36544	2.35975	2.2725	2.11909	1.90357	1.64649	1.35922	1.05989	0.775937	0.507849	0.278112	0.122872	0.04355	0.0125043	0.00295174	0.000581633	9.70211e-05	1.38718e-05	1.71861e-06	1.8626e-07	1.7806e-08	1.51246e-09	1.14885e-10	7.84842e-12	4.84682e-13	2.7184e-14	1.45502e-15	1.45502e-15	
2.99013e-05	2.99013e-05	0.000162938	0.000858008	0.00382322	0.0142297	0.0438358	0.111189	0.232789	0.408143	0.615979	0.828565	1.02641	1.20072	1.34837	1.46886	1.56254	1.63058	1.67502	1.70008	1.70644	1.6923	1.65982	1.60631	1.52815	1.42388	1.29257	1.13403	0.949841	0.744521	0.530949	0.332726	0.178113	0.0838228	0.0502227	0.0777833	0.180404	0.369326	0.623079	0.902563	1.19788	1.5007	1.77789	2.02018	2.20905	2.32973	2.37188	2.33007	2.19724	1.98089	1.68045	1.30882	0.883747	0.411768	-0.0778965	-0.556734	-1.0089	-1.40495	-1.6986	-1.84794	-1.83103	-1.65031	-1.33231	-0.921587	-0.46259	0.0195911	0.508704	0.973273	1.38805	1.74667	2.03059	2.23121	2.34492	2.37078	2.3108	2.17708	1.97481	1.7249	1.44119	1.13722	0.845527	0.569355	0.324661	0.150139	0.0557215	0.0167225	0.00411562	0.000843331	0.000145934	2.1598e-05	2.76438e-06	3.08978e-07	3.04152e-08	2.65658e-09	2.07244e-10	1.45246e-11	9.19272e-13	5.27932e-14	2.8939e-15	2.8939e-15	
5.21568e-06	5.21568e-06	3.12522e-05	0.000180879	0.000893406	0.00372362	0.0129876	0.0376954	0.0910037	0.184169	0.31799	0.480499	0.653451	0.820621	0.97137	1.10004	1.20429	1.28342	1.33713	1.36685	1.37374	1.35788	1.31867	1.25492	1.16559	1.05149	0.913495	0.755293	0.584205	0.413204	0.260097	0.141903	0.0668208	0.0322682	0.0350074	0.0851434	0.206603	0.411984	0.675848	0.961173	1.26214	1.5653	1.83864	2.07446	2.24764	2.35066	2.36733	2.2954	2.12668	1.86938	1.52084	1.10099	0.613863	0.0813171	-0.47008	-1.03525	-1.59033	-2.07653	-2.42986	-2.60635	-2.58648	-2.37232	-1.98806	-1.48256	-0.921587	-0.358714	0.189524	0.716158	1.1906	1.59633	1.92881	2.16746	2.31759	2.37107	2.33645	2.21863	2.03118	1.78696	1.50652	1.20056	0.902655	0.620503	0.364992	0.174995	0.0673791	0.0209508	0.0053319	0.00112749	0.000200963	3.05829e-05	4.01891e-06	4.60568e-07	4.64284e-08	4.14829e-09	3.30712e-10	2.36646e-11	1.52794e-12	8.94497e-14	4.9988e-15	4.9988e-15	
7.85619e-07	7.85619e-07	5.14029e-06	3.24604e-05	0.000176178	0.000813691	0.00317365	0.010394	0.0285293	0.0658928	0.129552	0.220874	0.333965	0.45819	0.582226	0.696704	0.795105	0.873385	0.929032	0.960609	0.96785	0.950938	0.909642	0.84473	0.758021	0.652579	0.533305	0.407921	0.286711	0.181197	0.100641	0.0483839	0.0213579	0.0152147	0.0335129	0.0952218	0.229139	0.44604	0.716529	1.00584	1.31137	1.61469	1.88319	2.11235	2.27481	2.36114	2.35895	2.26074	2.06515	1.77044	1.38853	0.922144	0.384694	-0.1904	-0.806867	-1.46565	-2.11253	-2.66522	-3.05703	-3.24981	-3.22818	-2.99376	-2.56585	-1.98806	-1.33231	-0.679519	-0.0728033	0.495933	1.02217	1.47106	1.8373	2.1122	2.28807	2.36712	2.35049	2.24812	2.07147	1.83231	1.55632	1.24969	0.946491	0.659872	0.39706	0.195596	0.0774291	0.0247272	0.00645341	0.00139732	0.000254677	3.95868e-05	5.30846e-06	6.203e-07	6.37174e-08	5.79797e-09	4.70539e-10	3.42625e-11	2.25043e-12	1.33987e-13	7.61905e-15	7.61905e-15	
1.02916e-07	1.02916e-07	7.30729e-07	5.0022e-06	2.96057e-05	0.000150143	0.000647814	0.00236458	0.0072808	0.0189432	0.0419631	0.0802268	0.134756	0.202774	0.278543	0.355092	0.425752	0.485067	0.529005	0.554737	0.560744	0.54674	0.513475	0.462978	0.398564	0.324801	0.247711	0.174223	0.111029	0.0628883	0.031116	0.0135831	0.00696896	0.0111877	0.0355291	0.103538	0.245532	0.469838	0.744268	1.03639	1.34516	1.64782	1.91394	2.13732	2.29049	2.36732	2.34816	2.23522	2.01658	1.69802	1.29302	0.786761	0.220094	-0.386105	-1.06373	-1.79834	-2.50736	-3.09932	-3.51215	-3.71358	-3.69103	-3.4458	-2.99376	-2.37232	-1.65031	-0.922005	-0.260128	0.336278	0.89493	1.38204	1.76832	2.06912	2.26518	2.36006	2.35842	2.26607	2.09713	1.86353	1.5895	1.2834	0.976877	0.686866	0.419428	0.210431	0.0848919	0.0276055	0.00732752	0.00161191	0.000298224	4.70264e-05	6.39472e-06	7.57556e-07	7.88834e-08	7.27641e-09	5.98662e-10	4.41984e-11	2.94394e-12	1.77782e-13	1.02632e-14	1.02632e-14	
1.18072e-08	1.18072e-08	9.04749e-08	6.67582e-07	4.2801e-06	2.36486e-05	0.000111845	0.000450224	0.00153717	0.00445149	0.0109862	0.0233376	0.0432748	0.0711975	0.105677	0.143712	0.181428	0.214872	0.240621	0.256101	0.259766	0.251247	0.231405	0.202208	0.166602	0.128267	0.0912185	0.0590752	0.0342839	0.0175426	0.00785667	0.00342816	0.00336631	0.0106552	0.0371967	0.108266	0.254448	0.482428	0.75874	1.05297	1.36373	1.66373	1.92894	2.15127	2.29674	2.37125	2.34007	2.22206	1.98772	1.65911	1.23999	0.711013	0.1321	-0.493607	-1.21007	-1.98681	-2.72656	-3.33653	-3.75875	-3.96406	-3.94109	-3.69103	-3.22818	-2.58648	-1.83103	-1.05968	-0.362024	0.250506	0.822984	1.33312	1.73099	2.04411	2.25353	2.35453	2.36343	2.27438	2.11105	1.88025	1.60514	1.30092	0.993461	0.701222	0.431291	0.218464	0.0890225	0.0292262	0.00782635	0.00173578	0.00032364	5.14187e-05	7.04406e-06	8.40725e-07	8.82096e-08	8.20003e-09	6.8005e-10	5.06205e-11	3.40023e-12	2.07123e-13	1.20688e-14	1.20688e-14	
