5.49248	5.49248	5.29931	4.88379	4.27153	3.55326	2.83542	2.1902	1.63202	1.14695	0.715445	0.327714	-0.0159159	-0.313063	-0.563799	-0.7705	-0.930471	-1.05051	-1.13153	-1.17652	-1.18722	-1.16314	-1.10489	-1.00796	-0.872412	-0.694364	-0.469065	-0.200489	0.113244	0.468854	0.855342	1.25923	1.66295	2.04746	2.39049	2.6697	2.86764	2.96597	2.93689	2.77871	2.52495	2.18935	1.7623	1.27403	0.808944	0.447366	0.216143	0.0928322	0.0375792	0.0172217	0.0120483	0.0127263	0.0155141	0.0190378	0.0227449	0.0263205	0.0295125	0.0320997	0.033899	0.0347811	0.0346818	0.0336082	0.0316383	0.0289134	0.0256238	0.0219908	0.0182446	0.0146019	0.011246	0.00831141	0.00587579	0.00395966	0.00253404	0.00153395	0.000874736	0.000468002	0.00023401	0.000108964	4.71031e-05	1.88546e-05	6.975e-06	2.38152e-06	7.49949e-07	2.17772e-07	5.83303e-08	1.44217e-08	3.29471e-09	6.96394e-10	1.36386e-10	2.47888e-11	4.18839e-12	6.59019e-13	9.67316e-14	1.32683e-14	1.70367e-15	2.05121e-16	2.31954e-17	2.46951e-18	2.70674e-19	2.70674e-19	
5.49248	5.49248	5.29931	4.88379	4.27153	3.55326	2.83542	2.1902	1.63202	1.14695	0.715445	0.327714	-0.0159159	-0.313063	-0.563799	-0.7705	-0.930471	-1.05051	-1.13153	-1.17652	-1.18722	-1.16314	-1.10489	-1.00796	-0.872412	-0.694364	-0.469065	-0.200489	0.113244	0.468854	0.855342	1.25923	1.66295	2.04746	2.39049	2.6697	2.86764	2.96597	2.93689	2.77871	2.52495	2.18935	1.7623	1.27403	0.808944	0.447366	0.216143	0.0928322	0.0375792	0.0172217	0.0120483	0.0127263	0.0155141	0.0190378	0.0227449	0.0263205	0.0295125	0.0320997	0.033899	0.0347811	0.0346818	0.0336082	0.0316383	0.0289134	0.0256238	0.0219908	0.0182446	0.0146019	0.011246	0.00831141	0.00587579	0.00395966	0.00253404	0.00153395	0.000874736	0.000468002	0.00023401	0.000108964	4.71031e-05	1.88546e-05	6.975e-06	2.38152e-06	7.49949e-07	2.17772e-07	5.83303e-08	1.44217e-08	3.29471e-09	6.96394e-10	1.36386e-10	2.47888e-11	4.18839e-12	6.59019e-13	9.67316e-14	1.32683e-14	1.70367e-15	2.05121e-16	2.31954e-17	2.46951e-18	2.70674e-19	2.70674e-19	
5.29931	5.29931	5.06464	4.65819	4.11336	3.45955	2.77597	2.1357	1.57603	1.10059	0.692235	0.338571	0.0283481	-0.238195	-0.461917	-0.640668	-0.782024	-0.885924	-0.95614	-0.99472	-1.00395	-0.98254	-0.932052	-0.848955	-0.730165	-0.573622	-0.378401	-0.137551	0.143024	0.46071	0.80822	1.17817	1.55679	1.92518	2.2588	2.53334	2.71828	2.80203	2.79543	2.68345	2.44803	2.11205	1.7134	1.28369	0.8671	0.518956	0.274258	0.130494	0.0602467	0.0327762	0.0261072	0.0282301	0.0336961	0.0402722	0.046995	0.0533265	0.0588681	0.0632905	0.0663328	0.0678148	0.0676483	0.0658433	0.0625069	0.057836	0.0521035	0.0456379	0.0387982	0.0319448	0.0254101	0.0194704	0.0143247	0.0100822	0.00676162	0.00430248	0.00258596	0.00146149	0.00077325	0.000381409	0.000174744	7.41316e-05	2.90492e-05	1.04963e-05	3.4935e-06	1.07059e-06	3.02125e-07	7.85638e-08	1.88435e-08	4.17416e-09	8.55258e-10	1.62356e-10	2.86055e-11	4.68624e-12	7.15142e-13	1.01846e-13	1.35602e-14	1.69091e-15	1.97813e-16	2.1766e-17	2.46951e-18	2.46951e-18	
4.88379	4.88379	4.65819	4.28119	3.79755	3.2383	2.63714	2.03662	1.49761	1.03989	0.663085	0.35297	0.0969422	-0.112746	-0.28299	-0.416969	-0.521193	-0.595358	-0.64544	-0.672394	-0.677803	-0.664033	-0.626149	-0.568467	-0.483078	-0.367141	-0.22035	-0.0363929	0.185081	0.444102	0.736037	1.05173	1.37627	1.6937	1.98463	2.23237	2.4246	2.52998	2.54543	2.47162	2.27905	1.98256	1.6471	1.30852	0.968852	0.647638	0.385636	0.209059	0.112654	0.0722778	0.0632141	0.0687864	0.0801769	0.0933335	0.106413	0.118433	0.128736	0.136824	0.142324	0.144985	0.144687	0.141443	0.135401	0.126833	0.116131	0.103788	0.0903744	0.0765052	0.0628007	0.049839	0.0381091	0.0279697	0.0196211	0.0130967	0.00827793	0.00493013	0.00275323	0.00143496	0.000695033	0.000311713	0.000129069	4.92343e-05	1.72784e-05	5.575e-06	1.65382e-06	4.51302e-07	1.13396e-07	2.62693e-08	5.61941e-09	1.11192e-09	2.03888e-10	3.47111e-11	5.49713e-12	8.11378e-13	1.11827e-13	1.44181e-14	1.74215e-15	1.97813e-16	2.31954e-17	2.31954e-17	
4.27153	4.27153	4.11336	3.79755	3.38813	2.93458	2.41546	1.86936	1.36598	0.944971	0.625206	0.383754	0.207967	0.0728286	-0.0282502	-0.105722	-0.160094	-0.199514	-0.224548	-0.237904	-0.241498	-0.234483	-0.215189	-0.184677	-0.139637	-0.0788865	0.00730864	0.116697	0.25596	0.425068	0.627812	0.855981	1.10438	1.35673	1.60782	1.82909	2.01682	2.1554	2.19956	2.15489	2.03321	1.83429	1.59616	1.35366	1.09564	0.814043	0.544275	0.335416	0.208539	0.151824	0.140019	0.151151	0.171671	0.194715	0.217069	0.237143	0.254008	0.267038	0.275797	0.280007	0.279538	0.274402	0.264761	0.250918	0.233327	0.212588	0.189441	0.164746	0.139456	0.114558	0.0910068	0.0696441	0.0511167	0.0358129	0.0238286	0.0149769	0.00884433	0.00488142	0.00250582	0.00119132	0.000522703	0.000211101	7.83364e-05	2.66852e-05	8.34299e-06	2.39497e-06	6.31842e-07	1.53396e-07	3.43251e-08	7.09212e-09	1.35563e-09	2.40198e-10	3.95305e-11	6.05481e-12	8.64832e-13	1.15415e-13	1.44181e-14	1.69091e-15	2.05121e-16	2.05121e-16	
3.55326	3.55326	3.45955	3.2383	2.93458	2.56396	2.12134	1.65174	1.19695	0.83233	0.575477	0.41594	0.324764	0.276136	0.252542	0.243514	0.237768	0.237468	0.236578	0.235106	0.235347	0.235796	0.234522	0.237569	0.240415	0.245738	0.257161	0.280977	0.326188	0.391913	0.48929	0.613207	0.77265	0.955328	1.1571	1.36542	1.5373	1.67821	1.76577	1.78424	1.76174	1.69387	1.57273	1.4201	1.23677	1.00585	0.747767	0.519347	0.365063	0.290586	0.274685	0.29137	0.321819	0.355599	0.387749	0.416022	0.439327	0.457058	0.468848	0.474479	0.473853	0.466981	0.453981	0.435088	0.410672	0.381252	0.347526	0.310386	0.270925	0.230423	0.190293	0.151991	0.116887	0.0861211	0.0604645	0.0402203	0.0251981	0.0147813	0.00807334	0.00408529	0.00190722	0.000818813	0.00032255	0.000116433	3.84981e-05	1.1663e-05	3.24018e-06	8.266e-07	1.93957e-07	4.19385e-08	8.3733e-09	1.54692e-09	2.64999e-10	4.21842e-11	6.25296e-12	8.64832e-13	1.11827e-13	1.35602e-14	1.70367e-15	1.70367e-15	
2.83542	2.83542	2.77597	2.63714	2.41546	2.12134	1.7905	1.41401	1.03136	0.725098	0.523175	0.438961	0.426669	0.462503	0.507452	0.554703	0.592511	0.621827	0.640247	0.64838	0.654275	0.647111	0.633553	0.611422	0.577249	0.536938	0.483678	0.427943	0.37561	0.341532	0.333146	0.364139	0.429151	0.541193	0.670971	0.831879	0.998332	1.15119	1.29911	1.41832	1.51209	1.57547	1.57379	1.50796	1.39424	1.22291	0.99785	0.76833	0.593634	0.499427	0.47421	0.491318	0.527414	0.568255	0.606891	0.640384	0.667576	0.688003	0.70146	0.707854	0.707146	0.69934	0.684477	0.662651	0.634023	0.598853	0.557541	0.510674	0.459084	0.403905	0.346604	0.288968	0.233002	0.180777	0.134193	0.0947205	0.0631636	0.0395302	0.0230699	0.0124816	0.00622893	0.00285593	0.0011996	0.000460819	0.000161777	5.19106e-05	1.52373e-05	4.09695e-06	1.0108e-06	2.29289e-07	4.79235e-08	9.24976e-09	1.65238e-09	2.73819e-10	4.21842e-11	6.05481e-12	8.11378e-13	1.01846e-13	1.32683e-14	1.32683e-14	
2.1902	2.1902	2.1357	2.03662	1.86936	1.65174	1.41401	1.13938	0.865487	0.631569	0.500878	0.474105	0.526436	0.610782	0.703626	0.780159	0.84369	0.880274	0.908509	0.923647	0.92378	0.918229	0.900801	0.866651	0.818917	0.749899	0.656927	0.548026	0.421575	0.300913	0.18884	0.1163	0.0800144	0.0989533	0.171184	0.284824	0.449088	0.643185	0.868741	1.0992	1.30725	1.48565	1.59692	1.62098	1.57771	1.47056	1.29264	1.07685	0.887026	0.768055	0.723461	0.730631	0.763665	0.804676	0.844364	0.878803	0.906601	0.927344	0.940938	0.947377	0.946666	0.9388	0.923767	0.901546	0.872123	0.83551	0.791767	0.741053	0.683669	0.620153	0.551395	0.478765	0.404171	0.330034	0.259149	0.194399	0.138328	0.0926786	0.0580349	0.0337301	0.0180847	0.00890061	0.00400652	0.00164571	0.000616176	0.00021028	6.54587e-05	1.86128e-05	4.84317e-06	1.15569e-06	2.53484e-07	5.12268e-08	9.56171e-09	1.65238e-09	2.64999e-10	3.95305e-11	5.49713e-12	7.15142e-13	9.67316e-14	9.67316e-14	
1.63202	1.63202	1.57603	1.49761	1.36598	1.19695	1.03136	0.865487	0.693624	0.542399	0.470952	0.486058	0.57568	0.685754	0.794336	0.874815	0.933256	0.974508	0.997714	1.01215	1.01301	1.00638	0.99111	0.958718	0.911502	0.839753	0.739282	0.597022	0.425093	0.230326	0.0392239	-0.13319	-0.25555	-0.321968	-0.307221	-0.211415	-0.0295498	0.216032	0.515037	0.843683	1.15438	1.4318	1.64676	1.76334	1.7913	1.74493	1.61548	1.41904	1.21582	1.06625	0.991996	0.978971	1.00098	1.03667	1.07375	1.10668	1.13341	1.15336	1.16642	1.17259	1.1719	1.16435	1.1499	1.12846	1.09997	1.06432	1.02143	0.971245	0.913749	0.848975	0.777072	0.698479	0.614133	0.525645	0.435432	0.34674	0.263406	0.189315	0.127632	0.0800432	0.0463451	0.0246193	0.0119423	0.00527348	0.00211644	0.000771738	0.000255848	7.72264e-05	2.12651e-05	5.3541e-06	1.23569e-06	2.621e-07	5.12268e-08	9.24976e-09	1.54692e-09	2.40198e-10	3.47111e-11	4.68624e-12	6.59019e-13	6.59019e-13	
1.14695	1.14695	1.10059	1.03989	0.944971	0.83233	0.725098	0.631569	0.542399	0.4587	0.422554	0.45309	0.535001	0.630548	0.715446	0.783832	0.834422	0.869854	0.891341	0.902915	0.906809	0.900218	0.883213	0.85761	0.813784	0.749379	0.661249	0.528695	0.348735	0.121203	-0.124466	-0.360095	-0.548905	-0.663042	-0.67798	-0.593382	-0.39654	-0.105429	0.252064	0.657079	1.0568	1.42108	1.72658	1.92908	2.02192	2.02523	1.93636	1.75964	1.54621	1.36599	1.25831	1.22032	1.22753	1.25546	1.28845	1.31888	1.34384	1.36244	1.37457	1.38028	1.37964	1.37263	1.35916	1.33907	1.31216	1.27822	1.23702	1.18841	1.13235	1.06888	0.997988	0.919665	0.833999	0.741404	0.642841	0.540162	0.436454	0.336078	0.244202	0.165765	0.104123	0.0600293	0.0315645	0.0150726	0.00652068	0.00255381	0.000905942	0.000291517	8.52687e-05	2.27285e-05	5.53603e-06	1.23569e-06	2.53484e-07	4.79235e-08	8.3733e-09	1.35563e-09	2.03888e-10	2.86055e-11	4.18839e-12	4.18839e-12	
0.715445	0.715445	0.692235	0.663085	0.625206	0.575477	0.523175	0.500878	0.470952	0.422554	0.380644	0.36892	0.392374	0.431208	0.477446	0.524581	0.566516	0.603059	0.626754	0.641015	0.644048	0.635425	0.617615	0.589315	0.54696	0.493993	0.42544	0.328069	0.183515	-0.0187596	-0.260854	-0.51435	-0.7291	-0.877974	-0.918294	-0.838357	-0.63717	-0.320191	0.0798291	0.542062	1.01437	1.45026	1.82639	2.09816	2.24472	2.28721	2.23257	2.07834	1.86299	1.65854	1.51884	1.45352	1.44207	1.45836	1.48385	1.50892	1.52969	1.54509	1.55504	1.5597	1.55916	1.55343	1.54231	1.5255	1.50255	1.47293	1.43611	1.39151	1.33869	1.27755	1.20828	1.1311	1.04621	0.953905	0.854482	0.748374	0.63657	0.521314	0.406701	0.298692	0.204047	0.12825	0.073517	0.0381967	0.0179217	0.00758239	0.00289336	0.000997235	0.000311151	8.81296e-05	2.27285e-05	5.3541e-06	1.15569e-06	2.29289e-07	4.19385e-08	7.09212e-09	1.11192e-09	1.62356e-10	2.47888e-11	2.47888e-11	
0.327714	0.327714	0.338571	0.35297	0.383754	0.41594	0.438961	0.474105	0.486058	0.45309	0.36892	0.281375	0.206089	0.170612	0.172022	0.213384	0.258708	0.296636	0.324988	0.340705	0.34791	0.33782	0.312961	0.282627	0.237282	0.177172	0.121491	0.0652852	-0.0133068	-0.15063	-0.345783	-0.577423	-0.797804	-0.957787	-1.02137	-0.960023	-0.76455	-0.434308	-0.00489651	0.495394	1.01637	1.5014	1.9263	2.25157	2.44554	2.52442	2.50245	2.37349	2.16219	1.93732	1.76397	1.66528	1.62769	1.62555	1.63814	1.65364	1.66711	1.67711	1.6835	1.68644	1.68611	1.68245	1.67522	1.66401	1.6482	1.62696	1.59941	1.56461	1.52136	1.46861	1.40586	1.33311	1.25065	1.15908	1.05938	0.952563	0.839293	0.720095	0.596087	0.470259	0.348538	0.239207	0.150129	0.0853581	0.043708	0.0201	0.00829802	0.00307934	0.00102963	0.000311151	8.52687e-05	2.12651e-05	4.84317e-06	1.0108e-06	1.93957e-07	3.43251e-08	5.61941e-09	8.55258e-10	1.36386e-10	1.36386e-10	
-0.0159159	-0.0159159	0.0283481	0.0969422	0.207967	0.324764	0.426669	0.526436	0.57568	0.535001	0.392374	0.206089	0.0391222	-0.0495746	-0.0552509	-0.016957	0.021206	0.0498239	0.082434	0.0962845	0.0966412	0.0930923	0.0686754	0.0365918	-0.000388911	-0.0555845	-0.121688	-0.167922	-0.200167	-0.258412	-0.380303	-0.563154	-0.76667	-0.939318	-1.02325	-0.977075	-0.790096	-0.457892	-0.016569	0.49943	1.04393	1.55772	2.01735	2.38868	2.62849	2.74139	2.74567	2.63567	2.42538	2.17815	1.96747	1.83023	1.76154	1.73721	1.73413	1.7381	1.74299	1.7468	1.74909	1.75013	1.75002	1.74872	1.74597	1.74116	1.73371	1.72261	1.70666	1.68489	1.65613	1.61862	1.57067	1.51115	1.43945	1.35523	1.25897	1.15226	1.03723	0.915821	0.789224	0.657885	0.523216	0.390241	0.268273	0.167565	0.0941671	0.0473611	0.0212818	0.00855081	0.00307934	0.000997235	0.000291517	7.72264e-05	1.86128e-05	4.09695e-06	8.266e-07	1.53396e-07	2.62693e-08	4.17416e-09	6.96394e-10	6.96394e-10	
-0.313063	-0.313063	-0.238195	-0.112746	0.0728286	0.276136	0.462503	0.610782	0.685754	0.630548	0.431208	0.170612	-0.0495746	-0.155119	-0.162477	-0.142498	-0.125966	-0.109965	-0.0849909	-0.0794347	-0.0814478	-0.0779061	-0.0965151	-0.119816	-0.140435	-0.178378	-0.240337	-0.3011	-0.320536	-0.3343	-0.387432	-0.514336	-0.687963	-0.850283	-0.941799	-0.908044	-0.733481	-0.410644	0.0219312	0.531162	1.08438	1.62009	2.10788	2.51595	2.79178	2.92743	2.94473	2.84333	2.6303	2.3617	2.11576	1.94123	1.84134	1.79351	1.77281	1.76374	1.75889	1.7555	1.75302	1.75185	1.75199	1.75339	1.75585	1.75848	1.76049	1.76087	1.75801	1.75013	1.73636	1.71531	1.68513	1.64385	1.59022	1.52301	1.44089	1.34355	1.23215	1.10941	0.979039	0.844176	0.705726	0.563612	0.421371	0.288919	0.178787	0.0988655	0.0486404	0.0212818	0.00829802	0.00289336	0.000905942	0.000255848	6.54587e-05	1.52373e-05	3.24018e-06	6.31842e-07	1.13396e-07	1.88435e-08	3.29471e-09	3.29471e-09	
-0.563799	-0.563799	-0.461917	-0.28299	-0.0282502	0.252542	0.507452	0.703626	0.794336	0.715446	0.477446	0.172022	-0.0552509	-0.162477	-0.186669	-0.218064	-0.231936	-0.216089	-0.207035	-0.206489	-0.206325	-0.206411	-0.209724	-0.226215	-0.245013	-0.237271	-0.271753	-0.334666	-0.376526	-0.376913	-0.385972	-0.453127	-0.581748	-0.719704	-0.806695	-0.773578	-0.61558	-0.319468	0.0905783	0.583936	1.14058	1.69385	2.19778	2.62351	2.91854	3.06589	3.08872	2.99167	2.77575	2.48837	2.2098	1.99799	1.86399	1.78832	1.74656	1.72209	1.70547	1.69328	1.68532	1.6814	1.68183	1.6865	1.69495	1.70675	1.72028	1.73455	1.7484	1.75896	1.76397	1.76197	1.75124	1.72961	1.69525	1.64741	1.58488	1.50619	1.41031	1.29709	1.16847	1.02931	0.885485	0.739631	0.590656	0.440499	0.299614	0.182657	0.0988655	0.0473611	0.0201	0.00758239	0.00255381	0.000771738	0.00021028	5.19106e-05	1.1663e-05	2.39497e-06	4.51302e-07	7.85638e-08	1.44217e-08	1.44217e-08	
-0.7705	-0.7705	-0.640668	-0.416969	-0.105722	0.243514	0.554703	0.780159	0.874815	0.783832	0.524581	0.213384	-0.016957	-0.142498	-0.218064	-0.273209	-0.282812	-0.25769	-0.267913	-0.263319	-0.251426	-0.270358	-0.263049	-0.26974	-0.301314	-0.293903	-0.296889	-0.329105	-0.378079	-0.382155	-0.373072	-0.388247	-0.468551	-0.560172	-0.627714	-0.601104	-0.468063	-0.207423	0.182104	0.663877	1.21402	1.76709	2.27035	2.69961	3.00491	3.15964	3.18354	3.08428	2.85932	2.54982	2.23683	1.98545	1.81513	1.7105	1.64796	1.60746	1.57851	1.55752	1.54417	1.53735	1.53809	1.54616	1.56051	1.58148	1.6072	1.63591	1.6665	1.69773	1.72582	1.74836	1.76273	1.76669	1.75689	1.7315	1.68965	1.63058	1.55402	1.45944	1.3458	1.21316	1.06609	0.913277	0.75986	0.604171	0.44694	0.299614	0.178787	0.0941671	0.043708	0.0179217	0.00652068	0.00211644	0.000616176	0.000161777	3.84981e-05	8.34299e-06	1.65382e-06	3.02125e-07	5.83303e-08	5.83303e-08	
-0.930471	-0.930471	-0.782024	-0.521193	-0.160094	0.237768	0.592511	0.84369	0.933256	0.834422	0.566516	0.258708	0.021206	-0.125966	-0.231936	-0.282812	-0.282405	-0.263939	-0.278986	-0.270648	-0.256049	-0.281306	-0.270855	-0.27519	-0.304923	-0.314902	-0.313675	-0.324117	-0.36877	-0.371869	-0.347604	-0.317196	-0.33722	-0.382709	-0.430398	-0.417934	-0.308403	-0.075026	0.294678	0.758825	1.28813	1.82694	2.32292	2.75046	3.05757	3.20928	3.22276	3.11034	2.86946	2.53655	2.19101	1.90346	1.70039	1.56956	1.48639	1.42891	1.38771	1.35843	1.33889	1.32969	1.33066	1.34183	1.36286	1.39234	1.43038	1.47461	1.52191	1.57194	1.62189	1.66897	1.70998	1.74229	1.76281	1.7676	1.75423	1.7203	1.66491	1.58882	1.49346	1.37878	1.24278	1.08856	0.927304	0.766587	0.604171	0.440499	0.288919	0.167565	0.0853581	0.0381967	0.0150726	0.00527348	0.00164571	0.000460819	0.000116433	2.66852e-05	5.575e-06	1.07059e-06	2.17772e-07	2.17772e-07	
-1.05051	-1.05051	-0.885924	-0.595358	-0.199514	0.237468	0.621827	0.880274	0.974508	0.869854	0.603059	0.296636	0.0498239	-0.109965	-0.216089	-0.25769	-0.263939	-0.273371	-0.276377	-0.272877	-0.270055	-0.27486	-0.277153	-0.276181	-0.280698	-0.299955	-0.307454	-0.322596	-0.354059	-0.350425	-0.301542	-0.229744	-0.195818	-0.203527	-0.235415	-0.233616	-0.144554	0.0708089	0.417679	0.850597	1.35332	1.87788	2.36142	2.77415	3.06765	3.20471	3.20086	3.07145	2.81306	2.4572	2.08086	1.75987	1.52479	1.36718	1.26153	1.18831	1.13543	1.09768	1.07192	1.06066	1.06185	1.07576	1.10355	1.14181	1.19132	1.25056	1.31741	1.38819	1.46153	1.53344	1.60158	1.66166	1.71147	1.74708	1.7658	1.76457	1.73985	1.68953	1.61335	1.51506	1.39762	1.25742	1.09611	0.927304	0.75986	0.590656	0.421371	0.268273	0.150129	0.073517	0.0315645	0.0119423	0.00400652	0.0011996	0.00032255	7.83364e-05	1.72784e-05	3.4935e-06	7.49949e-07	7.49949e-07	
-1.13153	-1.13153	-0.95614	-0.64544	-0.224548	0.236578	0.640247	0.908509	0.997714	0.891341	0.626754	0.324988	0.082434	-0.0849909	-0.207035	-0.267913	-0.278986	-0.276377	-0.282918	-0.278289	-0.272729	-0.28475	-0.281087	-0.28377	-0.298878	-0.306084	-0.298187	-0.300308	-0.328563	-0.314521	-0.240113	-0.125385	-0.0477439	-0.0275252	-0.055976	-0.0594542	0.0231902	0.216373	0.530928	0.935989	1.41635	1.91751	2.37425	2.76172	3.03516	3.15327	3.12803	2.97573	2.69355	2.31071	1.90364	1.55114	1.28704	1.10624	0.982856	0.896854	0.833174	0.787171	0.757709	0.743423	0.745066	0.762211	0.794125	0.841241	0.901192	0.972611	1.05525	1.14557	1.24209	1.34013	1.4371	1.5285	1.61038	1.67851	1.72882	1.75934	1.76712	1.74995	1.70483	1.62823	1.52567	1.40372	1.25742	1.08856	0.913277	0.739631	0.563612	0.390241	0.239207	0.12825	0.0600293	0.0246193	0.00890061	0.00285593	0.000818813	0.000211101	4.92343e-05	1.04963e-05	2.38152e-06	2.38152e-06	
-1.17652	-1.17652	-0.99472	-0.672394	-0.237904	0.235106	0.64838	0.923647	1.01215	0.902915	0.641015	0.340705	0.0962845	-0.0794347	-0.206489	-0.263319	-0.270648	-0.272877	-0.278289	-0.274827	-0.267347	-0.278024	-0.277227	-0.279039	-0.290734	-0.304045	-0.297397	-0.288215	-0.299752	-0.262832	-0.156334	-0.00515105	0.102084	0.132692	0.107551	0.106039	0.180513	0.346557	0.633536	1.01731	1.46737	1.934	2.36177	2.72229	2.96853	3.05759	3.00201	2.82009	2.51141	2.10233	1.66939	1.29101	1.00511	0.805165	0.666917	0.567441	0.495263	0.443107	0.410064	0.393685	0.395532	0.415095	0.450986	0.504448	0.573583	0.658185	0.754575	0.86192	0.977221	1.09844	1.2207	1.34132	1.45527	1.55876	1.64574	1.71194	1.75357	1.76724	1.75406	1.71188	1.63323	1.52567	1.39762	1.24278	1.06609	0.885485	0.705726	0.523216	0.348538	0.204047	0.104123	0.0463451	0.0180847	0.00622893	0.00190722	0.000522703	0.000129069	2.90492e-05	6.975e-06	6.975e-06	
-1.18722	-1.18722	-1.00395	-0.677803	-0.241498	0.235347	0.654275	0.92378	1.01301	0.906809	0.644048	0.34791	0.0966412	-0.0814478	-0.206325	-0.251427	-0.256049	-0.270055	-0.27273	-0.267348	-0.267641	-0.271636	-0.274052	-0.272798	-0.273025	-0.297558	-0.29085	-0.275312	-0.258432	-0.193467	-0.0536698	0.120477	0.237882	0.274332	0.258581	0.25523	0.31158	0.460045	0.730325	1.08359	1.49741	1.9358	2.33153	2.65399	2.86303	2.91717	2.82934	2.61748	2.28131	1.84584	1.38901	0.989	0.684869	0.469544	0.319703	0.213022	0.135523	0.0794442	0.0427047	0.0262306	0.0279058	0.0480239	0.0879668	0.145615	0.220502	0.312614	0.421235	0.543674	0.677153	0.819577	0.966357	1.11406	1.25734	1.39222	1.5136	1.61691	1.69727	1.74977	1.76735	1.75509	1.71188	1.62823	1.51506	1.37878	1.21316	1.02931	0.844176	0.657885	0.470259	0.298692	0.165765	0.0800432	0.0337301	0.0124816	0.00408529	0.00119132	0.000311713	7.41316e-05	1.88546e-05	1.88546e-05	
-1.16314	-1.16314	-0.98254	-0.664033	-0.234483	0.235796	0.647111	0.918229	1.00638	0.900218	0.635425	0.33782	0.0930923	-0.0779061	-0.206411	-0.270358	-0.281306	-0.274861	-0.284752	-0.27803	-0.271646	-0.283769	-0.280586	-0.283301	-0.29875	-0.29994	-0.274233	-0.238845	-0.208143	-0.109149	0.0554084	0.247846	0.363379	0.402383	0.388105	0.377431	0.422373	0.558124	0.807397	1.13096	1.51909	1.923	2.2743	2.55831	2.72844	2.74463	2.61962	2.37367	2.00619	1.54602	1.06965	0.656406	0.341871	0.120211	-0.0348008	-0.145556	-0.227019	-0.284935	-0.321301	-0.339542	-0.337643	-0.315979	-0.276207	-0.215846	-0.13691	-0.0401317	0.0746649	0.205612	0.352095	0.510493	0.677984	0.850319	1.02266	1.18977	1.34463	1.48286	1.598	1.68792	1.74837	1.76735	1.75406	1.70483	1.61335	1.49346	1.3458	1.16847	0.979039	0.789224	0.596087	0.406701	0.244202	0.127632	0.0580349	0.0230699	0.00807334	0.00250582	0.000695033	0.000174744	4.71031e-05	4.71031e-05	
-1.10489	-1.10489	-0.932052	-0.626149	-0.215189	0.234522	0.633553	0.900801	0.99111	0.883213	0.617615	0.312961	0.0686754	-0.0965151	-0.209724	-0.263049	-0.270856	-0.277158	-0.2811	-0.277261	-0.274125	-0.280696	-0.280756	-0.280358	-0.283025	-0.285709	-0.257845	-0.21182	-0.148986	-0.0178945	0.173808	0.364572	0.478446	0.511419	0.489372	0.471867	0.5091	0.63873	0.867952	1.16755	1.52733	1.88839	2.20273	2.44541	2.56754	2.54017	2.37542	2.09679	1.70076	1.21988	0.730487	0.310737	-0.00613646	-0.230357	-0.385774	-0.4971	-0.576063	-0.631945	-0.66792	-0.684915	-0.683206	-0.662492	-0.622963	-0.565284	-0.488119	-0.389307	-0.271678	-0.134299	0.0199731	0.190037	0.372851	0.563689	0.759137	0.952789	1.14072	1.31319	1.46851	1.5917	1.68792	1.74977	1.76724	1.74995	1.68953	1.58882	1.45944	1.29709	1.10941	0.915821	0.720095	0.521314	0.336078	0.189315	0.0926786	0.0395302	0.0147813	0.00488142	0.00143496	0.000381409	0.000108964	0.000108964	
-1.00796	-1.00796	-0.848955	-0.568467	-0.184677	0.237569	0.611422	0.866651	0.958718	0.85761	0.589315	0.282627	0.0365918	-0.119816	-0.226215	-0.269743	-0.275198	-0.276205	-0.283834	-0.279199	-0.273151	-0.283953	-0.281211	-0.277506	-0.281429	-0.279526	-0.240221	-0.171482	-0.0780179	0.0856481	0.288208	0.473547	0.570636	0.595647	0.566071	0.541151	0.577384	0.699514	0.912539	1.19415	1.522	1.8463	2.11892	2.30927	2.38709	2.31385	2.11175	1.79829	1.37452	0.874427	0.379842	-0.0382619	-0.348023	-0.564513	-0.712623	-0.815846	-0.891535	-0.943934	-0.976319	-0.991145	-0.989373	-0.970991	-0.935721	-0.881482	-0.807172	-0.715006	-0.601415	-0.465722	-0.310143	-0.134189	0.0584234	0.264315	0.479835	0.696697	0.911706	1.11461	1.30166	1.46851	1.598	1.69727	1.75357	1.76712	1.73985	1.66491	1.55402	1.41031	1.23215	1.03723	0.839293	0.63657	0.436454	0.263406	0.138328	0.0631636	0.0251981	0.00884433	0.00275323	0.00077325	0.00023401	0.00023401	
-0.872412	-0.872412	-0.730165	-0.483078	-0.139637	0.240415	0.577249	0.818917	0.911502	0.813784	0.54696	0.237282	-0.000389125	-0.140436	-0.245016	-0.301325	-0.304959	-0.280802	-0.299152	-0.29139	-0.274443	-0.301447	-0.287316	-0.28623	-0.309258	-0.279587	-0.211642	-0.113078	-0.00182391	0.187506	0.392669	0.567041	0.646652	0.654125	0.610764	0.58759	0.626728	0.745115	0.950188	1.21321	1.51037	1.79641	2.0201	2.16718	2.19403	2.07076	1.8313	1.48421	1.03792	0.52654	0.0351499	-0.369753	-0.665053	-0.865769	-1.00257	-1.09553	-1.15905	-1.20327	-1.22997	-1.24244	-1.24073	-1.22555	-1.19682	-1.15074	-1.08738	-1.0039	-0.897896	-0.770011	-0.619422	-0.444444	-0.250602	-0.0360195	0.189381	0.427402	0.663175	0.898787	1.11461	1.31319	1.48286	1.61691	1.71194	1.75934	1.76457	1.7203	1.63058	1.50619	1.34355	1.15226	0.952563	0.748374	0.540162	0.34674	0.194399	0.0947205	0.0402203	0.0149769	0.00493013	0.00146149	0.000468002	0.000468002	
-0.694364	-0.694364	-0.573622	-0.367141	-0.0788865	0.245738	0.536938	0.749899	0.839753	0.749379	0.493993	0.177171	-0.0555857	-0.178383	-0.237286	-0.293955	-0.315056	-0.300376	-0.307134	-0.306431	-0.302484	-0.309084	-0.300635	-0.299808	-0.298832	-0.237007	-0.16152	-0.0681994	0.0732716	0.281413	0.4905	0.638922	0.693826	0.685103	0.630978	0.616749	0.661674	0.783973	0.985131	1.2284	1.49664	1.74227	1.92002	2.01713	1.98707	1.82245	1.54395	1.17004	0.7006	0.186426	-0.294403	-0.675406	-0.946231	-1.12386	-1.23805	-1.31373	-1.36322	-1.39565	-1.41588	-1.42362	-1.42281	-1.41314	-1.39091	-1.35639	-1.30765	-1.24039	-1.15104	-1.03877	-0.898621	-0.733812	-0.542141	-0.327457	-0.0935028	0.1544	0.4097	0.663175	0.911706	1.14072	1.34463	1.5136	1.64574	1.72882	1.7658	1.75423	1.68965	1.58488	1.44089	1.25897	1.05938	0.854482	0.642841	0.435432	0.259149	0.134193	0.0604645	0.0238286	0.00827793	0.00258596	0.000874736	0.000874736	
-0.469065	-0.469065	-0.378401	-0.22035	0.00730864	0.257161	0.483678	0.656927	0.739282	0.661249	0.42544	0.121489	-0.121694	-0.240358	-0.271822	-0.297101	-0.314273	-0.308989	-0.301783	-0.305083	-0.305816	-0.300692	-0.299875	-0.298761	-0.279103	-0.215319	-0.143121	-0.0319573	0.150805	0.378533	0.572707	0.685573	0.713117	0.679157	0.633524	0.635986	0.692321	0.82563	1.02088	1.24579	1.48693	1.68805	1.81712	1.86347	1.78126	1.56879	1.25592	0.855943	0.372351	-0.135852	-0.592327	-0.940562	-1.17568	-1.32389	-1.41231	-1.46577	-1.49706	-1.51327	-1.52115	-1.52616	-1.52585	-1.52024	-1.51093	-1.4935	-1.46314	-1.41469	-1.3476	-1.25521	-1.13531	-0.987238	-0.806837	-0.601053	-0.366617	-0.114353	0.1544	0.427402	0.696697	0.952789	1.18977	1.39222	1.55876	1.67851	1.74708	1.7676	1.7315	1.64741	1.52301	1.35523	1.15908	0.953905	0.741404	0.525645	0.330034	0.180777	0.0861211	0.0358129	0.0130967	0.00430248	0.00153395	0.00153395	
-0.200489	-0.200489	-0.137551	-0.0363929	0.116697	0.280977	0.427943	0.548026	0.597022	0.528695	0.328067	0.0652787	-0.167947	-0.301186	-0.33494	-0.329899	-0.32621	-0.327619	-0.311286	-0.310095	-0.315129	-0.304974	-0.311614	-0.306632	-0.272831	-0.223187	-0.135027	0.0205103	0.246227	0.465019	0.622539	0.691498	0.695223	0.659079	0.628587	0.65231	0.729444	0.874022	1.06413	1.27338	1.48268	1.63624	1.71897	1.70992	1.57129	1.31824	0.975925	0.552739	0.0626818	-0.43225	-0.852473	-1.15832	-1.35037	-1.46026	-1.51576	-1.53997	-1.54847	-1.54911	-1.54705	-1.54429	-1.545	-1.54787	-1.54941	-1.54882	-1.54058	-1.52082	-1.48217	-1.4175	-1.32517	-1.1986	-1.03891	-0.844373	-0.618731	-0.366617	-0.0935028	0.189381	0.479835	0.759137	1.02266	1.25734	1.45527	1.61038	1.71147	1.76281	1.75689	1.69525	1.59022	1.43945	1.25065	1.04621	0.833999	0.614133	0.404171	0.233002	0.116887	0.0511167	0.0196211	0.00676162	0.00253404	0.00253404	
0.113244	0.113244	0.143024	0.185081	0.25596	0.326188	0.37561	0.421575	0.425093	0.348733	0.183507	-0.0133349	-0.200268	-0.320867	-0.377513	-0.38075	-0.375332	-0.368693	-0.358227	-0.354542	-0.350922	-0.351162	-0.351458	-0.338766	-0.302413	-0.227297	-0.0941672	0.109349	0.334091	0.518245	0.623102	0.661001	0.651512	0.624061	0.628168	0.682029	0.780822	0.938724	1.12317	1.31339	1.48587	1.591	1.62383	1.5572	1.36728	1.07238	0.703208	0.262803	-0.225602	-0.692128	-1.06617	-1.31826	-1.46122	-1.52792	-1.54825	-1.54277	-1.52561	-1.50537	-1.48902	-1.48286	-1.48375	-1.4917	-1.50922	-1.53015	-1.54826	-1.55657	-1.54908	-1.51809	-1.4576	-1.36234	-1.22791	-1.05613	-0.844373	-0.601053	-0.327457	-0.0360195	0.264315	0.563689	0.850319	1.11406	1.34132	1.5285	1.66166	1.74229	1.76669	1.72961	1.64385	1.51115	1.33311	1.1311	0.919665	0.698479	0.478765	0.288968	0.151991	0.0696441	0.0279697	0.0100822	0.00395966	0.00395966	
0.468854	0.468854	0.46071	0.444102	0.425068	0.391913	0.341532	0.300913	0.230325	0.121196	-0.0187894	-0.150741	-0.258786	-0.33545	-0.380113	-0.390208	-0.390198	-0.388174	-0.385045	-0.382823	-0.380329	-0.376808	-0.371431	-0.343828	-0.287361	-0.187136	-0.0216721	0.183629	0.377593	0.504648	0.573315	0.59554	0.599656	0.606009	0.645755	0.73205	0.857937	1.02592	1.19972	1.36754	1.49826	1.55355	1.53324	1.40604	1.16393	0.835883	0.444647	-0.00925239	-0.485076	-0.914149	-1.22991	-1.42268	-1.51034	-1.52992	-1.50986	-1.47106	-1.42963	-1.39405	-1.36827	-1.35437	-1.35604	-1.37235	-1.40059	-1.43868	-1.48108	-1.52296	-1.55217	-1.55876	-1.53743	-1.47594	-1.3758	-1.22791	-1.03891	-0.806837	-0.542141	-0.250602	0.0584234	0.372851	0.677984	0.966357	1.2207	1.4371	1.60158	1.70998	1.76273	1.75124	1.68513	1.57067	1.40586	1.20828	0.997988	0.777072	0.551395	0.346604	0.190293	0.0910068	0.0381091	0.0143247	0.00587579	0.00587579	
0.855342	0.855342	0.80822	0.736037	0.627812	0.48929	0.333145	0.188839	0.0392169	-0.124496	-0.260968	-0.34618	-0.38156	-0.391031	-0.395269	-0.394701	-0.392927	-0.387229	-0.386829	-0.385254	-0.381731	-0.379864	-0.363809	-0.329886	-0.263859	-0.144784	0.0218346	0.200613	0.344615	0.435638	0.490453	0.52663	0.56126	0.60542	0.697218	0.817909	0.965681	1.13842	1.29794	1.43788	1.5202	1.52141	1.44338	1.25666	0.967138	0.606873	0.195689	-0.261624	-0.714575	-1.0902	-1.34158	-1.46773	-1.50018	-1.4724	-1.41559	-1.34776	-1.28265	-1.23144	-1.19762	-1.18329	-1.18474	-1.20277	-1.24075	-1.2951	-1.36267	-1.43318	-1.49642	-1.54334	-1.56074	-1.5411	-1.47594	-1.36234	-1.1986	-0.987238	-0.733812	-0.444444	-0.134189	0.190037	0.510493	0.819577	1.09844	1.34013	1.53344	1.66897	1.74836	1.76197	1.71531	1.61862	1.46861	1.27755	1.06888	0.848975	0.620153	0.403905	0.230423	0.114558	0.049839	0.0194704	0.00831141	0.00831141	
1.25923	1.25923	1.17817	1.05173	0.855981	0.613206	0.364138	0.116294	-0.133217	-0.360204	-0.514744	-0.578713	-0.566959	-0.524441	-0.477215	-0.439733	-0.41592	-0.400127	-0.391738	-0.385966	-0.383434	-0.376447	-0.365059	-0.331247	-0.264582	-0.156536	-0.0119115	0.131209	0.248197	0.328121	0.401914	0.474608	0.55632	0.658463	0.792299	0.941062	1.11173	1.27948	1.41715	1.51984	1.54637	1.49205	1.35274	1.10453	0.771772	0.387011	-0.0406109	-0.494791	-0.911218	-1.22516	-1.40353	-1.46385	-1.43907	-1.36682	-1.27522	-1.18533	-1.11141	-1.05803	-1.02378	-1.00748	-1.00919	-1.02901	-1.06754	-1.12511	-1.2027	-1.29727	-1.39379	-1.47907	-1.53987	-1.56074	-1.53743	-1.4576	-1.32517	-1.13531	-0.898621	-0.619422	-0.310143	0.0199731	0.352095	0.677153	0.977221	1.24209	1.46153	1.62189	1.72582	1.76397	1.73636	1.65613	1.52136	1.33869	1.13235	0.913749	0.683669	0.459084	0.270925	0.139456	0.0628007	0.0254101	0.011246	0.011246	
1.66295	1.66295	1.55679	1.37627	1.10438	0.772649	0.429145	0.0799904	-0.255648	-0.549272	-0.730342	-0.801586	-0.777018	-0.713308	-0.637174	-0.576722	-0.526021	-0.492322	-0.47124	-0.45632	-0.453163	-0.450243	-0.438587	-0.415865	-0.355969	-0.257275	-0.123482	0.00987587	0.125844	0.232432	0.348323	0.473147	0.609345	0.758877	0.937792	1.11557	1.29236	1.44295	1.55327	1.60836	1.57421	1.46039	1.25588	0.950022	0.578849	0.170219	-0.26787	-0.705972	-1.07359	-1.31543	-1.42139	-1.41655	-1.34285	-1.23359	-1.12001	-1.02031	-0.945355	-0.900894	-0.875422	-0.862572	-0.863958	-0.879549	-0.908162	-0.957673	-1.03916	-1.14405	-1.26273	-1.3816	-1.47907	-1.54334	-1.55876	-1.51809	-1.4175	-1.25521	-1.03877	-0.770011	-0.465722	-0.134299	0.205612	0.543674	0.86192	1.14557	1.38819	1.57194	1.69773	1.75896	1.75013	1.68489	1.56461	1.39151	1.18841	0.971245	0.741053	0.510674	0.310386	0.164746	0.0765052	0.0319448	0.0146019	0.0146019	
2.04746	2.04746	1.92518	1.6937	1.35673	0.955324	0.541173	0.0988703	-0.322288	-0.664163	-0.881507	-0.967772	-0.96452	-0.906885	-0.832616	-0.760402	-0.70002	-0.657977	-0.626064	-0.607533	-0.601148	-0.597598	-0.591196	-0.568526	-0.508879	-0.402195	-0.268745	-0.116787	0.0253155	0.182187	0.348884	0.537816	0.723497	0.932889	1.14019	1.32724	1.50205	1.62901	1.70003	1.69486	1.59715	1.4213	1.14692	0.787373	0.38625	-0.0429367	-0.486632	-0.896594	-1.20258	-1.36876	-1.40254	-1.3403	-1.22472	-1.09087	-0.971948	-0.884026	-0.831701	-0.805122	-0.787899	-0.777466	-0.778487	-0.790573	-0.809569	-0.839856	-0.898725	-0.99471	-1.12072	-1.26273	-1.39379	-1.49642	-1.55217	-1.54908	-1.48217	-1.3476	-1.15104	-0.897896	-0.601415	-0.271678	0.0746649	0.421235	0.754575	1.05525	1.31741	1.52191	1.6665	1.7484	1.75801	1.70666	1.59941	1.43611	1.23702	1.02143	0.791767	0.557541	0.347526	0.189441	0.0903744	0.0387982	0.0182446	0.0182446	
2.39049	2.39049	2.2588	1.98463	1.60782	1.15708	0.670905	0.170922	-0.308171	-0.681081	-0.927371	-1.04505	-1.0781	-1.05418	-1.01029	-0.955167	-0.903156	-0.859974	-0.82983	-0.811846	-0.801039	-0.797126	-0.789986	-0.75535	-0.68199	-0.556246	-0.388058	-0.200138	-0.00490223	0.206157	0.440524	0.681639	0.920006	1.1633	1.38173	1.58282	1.73624	1.82384	1.84395	1.7724	1.6099	1.36519	1.02206	0.618399	0.188424	-0.257391	-0.695345	-1.06196	-1.29883	-1.38886	-1.36008	-1.24953	-1.10753	-0.96585	-0.857305	-0.797902	-0.771973	-0.767462	-0.760542	-0.746234	-0.748236	-0.762979	-0.767758	-0.774692	-0.806811	-0.875439	-0.99471	-1.14405	-1.29727	-1.43318	-1.52296	-1.55657	-1.52082	-1.41469	-1.24039	-1.0039	-0.715006	-0.389307	-0.0401317	0.312614	0.658185	0.972611	1.25056	1.47461	1.63591	1.73455	1.76087	1.72261	1.62696	1.47293	1.27822	1.06432	0.83551	0.598853	0.381252	0.212588	0.103788	0.0456379	0.0219908	0.0219908	
2.6697	2.6697	2.53334	2.23237	1.82908	1.36537	0.831678	0.284069	-0.213972	-0.60115	-0.85938	-1.01043	-1.08371	-1.10662	-1.09991	-1.07913	-1.05474	-1.02677	-1.00707	-0.99378	-0.985014	-0.976998	-0.955971	-0.903076	-0.799893	-0.636907	-0.42555	-0.191545	0.0587607	0.327165	0.616898	0.901517	1.18155	1.4432	1.67826	1.85941	1.97195	2.02011	1.97593	1.8318	1.6028	1.28436	0.877866	0.441378	-0.0152305	-0.474091	-0.893361	-1.20122	-1.36577	-1.3846	-1.30438	-1.15927	-1.00555	-0.875034	-0.795284	-0.770874	-0.76638	-0.75649	-0.743862	-0.735078	-0.735926	-0.746227	-0.759216	-0.767305	-0.772779	-0.806811	-0.898725	-1.03916	-1.2027	-1.36267	-1.48108	-1.54826	-1.54058	-1.46314	-1.30765	-1.08738	-0.807172	-0.488119	-0.13691	0.220502	0.573583	0.901192	1.19132	1.43038	1.6072	1.72028	1.76049	1.73371	1.6482	1.50255	1.31216	1.09997	0.872123	0.634023	0.410672	0.233327	0.116131	0.0521035	0.0256238	0.0256238	
2.86764	2.86764	2.71828	2.4246	2.01679	1.53715	0.997771	0.447109	-0.035805	-0.414151	-0.681071	-0.860928	-0.975755	-1.04749	-1.08576	-1.10355	-1.10707	-1.1055	-1.0995	-1.09255	-1.08741	-1.07062	-1.036	-0.959593	-0.823598	-0.621302	-0.364914	-0.0788099	0.222185	0.54426	0.877479	1.20164	1.50162	1.77073	1.98885	2.13244	2.21335	2.20048	2.07776	1.86744	1.56694	1.17326	0.719735	0.252364	-0.228521	-0.687716	-1.07217	-1.31237	-1.40737	-1.36747	-1.24708	-1.08451	-0.928113	-0.822355	-0.76898	-0.769904	-0.772514	-0.743137	-0.721319	-0.719235	-0.718964	-0.723849	-0.749858	-0.774904	-0.767305	-0.774692	-0.839856	-0.957673	-1.12511	-1.2951	-1.43868	-1.53015	-1.54882	-1.4935	-1.35639	-1.15074	-0.881482	-0.565284	-0.215846	0.145615	0.504448	0.841241	1.14181	1.39234	1.58148	1.70675	1.75848	1.74116	1.66401	1.5255	1.33907	1.12846	0.901546	0.662651	0.435088	0.250918	0.126833	0.057836	0.0289134	0.0289134	
2.96597	2.96597	2.80203	2.52996	2.1553	1.67782	1.14976	0.638452	0.202128	-0.141602	-0.403014	-0.600391	-0.749174	-0.860044	-0.940107	-0.998016	-1.03467	-1.05852	-1.07148	-1.0753	-1.06916	-1.04747	-0.995368	-0.894014	-0.724158	-0.480293	-0.178576	0.149047	0.491985	0.851148	1.21283	1.55167	1.85159	2.10986	2.29832	2.40895	2.43184	2.33776	2.14899	1.87104	1.49047	1.03487	0.548388	0.0501367	-0.450168	-0.892893	-1.223	-1.39626	-1.42848	-1.3468	-1.19824	-1.03078	-0.88177	-0.797689	-0.764011	-0.759003	-0.744556	-0.701874	-0.682097	-0.695914	-0.69263	-0.68232	-0.71098	-0.749858	-0.759216	-0.767758	-0.809569	-0.908162	-1.06754	-1.24075	-1.40059	-1.50922	-1.54941	-1.51093	-1.39091	-1.19682	-0.935721	-0.622963	-0.276207	0.0879666	0.450986	0.794125	1.10355	1.36286	1.56051	1.69495	1.75585	1.74597	1.67522	1.54231	1.35916	1.1499	0.923767	0.684477	0.453981	0.264761	0.135401	0.0625069	0.0316383	0.0316383	
2.93689	2.93689	2.79542	2.54537	2.19931	1.76479	1.29575	0.858412	0.486896	0.184553	-0.0619265	-0.264584	-0.432861	-0.570272	-0.678393	-0.76187	-0.825682	-0.86941	-0.897869	-0.911954	-0.90665	-0.880427	-0.813832	-0.692353	-0.494784	-0.219859	0.109929	0.465636	0.835503	1.21401	1.58736	1.92544	2.21606	2.44856	2.59583	2.64797	2.59521	2.43641	2.18542	1.82598	1.37384	0.879437	0.361967	-0.166032	-0.667627	-1.07566	-1.34097	-1.45557	-1.43793	-1.32937	-1.16294	-0.995798	-0.854978	-0.782291	-0.759446	-0.742358	-0.716997	-0.673581	-0.657743	-0.681147	-0.676336	-0.656032	-0.68232	-0.723849	-0.746227	-0.762979	-0.790573	-0.879549	-1.02901	-1.20277	-1.37235	-1.4917	-1.54787	-1.52024	-1.41314	-1.22555	-0.970992	-0.662493	-0.315981	0.0480225	0.415094	0.76221	1.07576	1.34183	1.54616	1.6865	1.75339	1.74872	1.68245	1.55343	1.37263	1.16435	0.9388	0.69934	0.466981	0.274402	0.141443	0.0658433	0.0336082	0.0336082	
2.7787	2.7787	2.68341	2.47146	2.15427	1.78201	1.41112	1.07858	0.791633	0.542039	0.320442	0.123214	-0.0508	-0.202537	-0.330481	-0.432371	-0.512758	-0.571907	-0.610928	-0.630896	-0.628619	-0.596924	-0.522365	-0.385734	-0.169977	0.123979	0.472881	0.847797	1.22936	1.61325	1.98208	2.30342	2.56316	2.74911	2.8396	2.82821	2.71527	2.49321	2.1611	1.72793	1.23446	0.708309	0.156635	-0.386675	-0.866006	-1.21924	-1.42677	-1.49242	-1.44632	-1.31845	-1.14697	-0.976391	-0.841223	-0.769406	-0.745458	-0.733108	-0.714286	-0.687961	-0.675806	-0.682888	-0.681722	-0.676336	-0.69263	-0.718964	-0.735926	-0.748236	-0.778487	-0.863958	-1.00919	-1.18474	-1.35604	-1.48376	-1.54501	-1.52585	-1.42281	-1.24074	-0.989379	-0.683213	-0.337651	0.0278981	0.395525	0.745059	1.06184	1.33065	1.53809	1.68183	1.75199	1.75002	1.68611	1.55916	1.37964	1.1719	0.946666	0.707146	0.473853	0.279538	0.144687	0.0676483	0.0346818	0.0346818	
2.52493	2.52493	2.44794	2.27869	2.03181	1.75703	1.49788	1.26941	1.06596	0.876609	0.69492	0.521036	0.359436	0.212978	0.0829295	-0.027038	-0.115214	-0.182765	-0.228607	-0.251931	-0.250859	-0.216258	-0.136771	0.00796885	0.231772	0.533361	0.888514	1.26305	1.63699	2.00662	2.35068	2.63711	2.85264	2.98902	3.02569	2.95535	2.77523	2.47602	2.07573	1.60108	1.07803	0.516747	-0.0589287	-0.59032	-1.02389	-1.31926	-1.48006	-1.51565	-1.45492	-1.31996	-1.14672	-0.974836	-0.840139	-0.768089	-0.743351	-0.732589	-0.714956	-0.691714	-0.680384	-0.683625	-0.682888	-0.681147	-0.695914	-0.719235	-0.735078	-0.746234	-0.777466	-0.862573	-1.00748	-1.18329	-1.35437	-1.48287	-1.5443	-1.52618	-1.42364	-1.24247	-0.991174	-0.684949	-0.339579	0.0261924	0.393647	0.743388	1.06063	1.32967	1.53733	1.68138	1.75184	1.75013	1.68644	1.55969	1.38028	1.17259	0.947377	0.707854	0.474479	0.280007	0.144985	0.0678148	0.0347811	0.0347811	
2.18929	2.18929	2.11185	1.98175	1.83141	1.6847	1.54962	1.42155	1.29293	1.15943	1.02093	0.880216	0.742795	0.614582	0.498632	0.396958	0.312922	0.247631	0.202214	0.178738	0.180193	0.214033	0.293041	0.435108	0.654296	0.948878	1.2933	1.652	2.00616	2.34938	2.66016	2.9074	3.0777	3.16216	3.13825	2.99992	2.75058	2.39361	1.95692	1.45437	0.896109	0.310277	-0.258446	-0.749907	-1.12685	-1.3766	-1.50647	-1.53206	-1.46655	-1.33631	-1.16121	-0.991739	-0.851396	-0.779721	-0.757208	-0.740002	-0.714787	-0.673707	-0.659292	-0.680384	-0.675806	-0.657743	-0.682097	-0.721319	-0.743863	-0.760542	-0.787901	-0.875425	-1.02379	-1.19763	-1.36829	-1.48905	-1.5471	-1.52122	-1.41597	-1.23008	-0.976453	-0.668074	-0.321468	0.0425314	0.409893	0.757549	1.07178	1.33877	1.54407	1.68525	1.75296	1.74905	1.68347	1.55503	1.37456	1.16641	0.940937	0.701459	0.468847	0.275797	0.142324	0.0663328	0.033899	0.033899	
1.76217	1.76217	1.71296	1.64546	1.59063	1.55619	1.53014	1.496	1.44353	1.37093	1.2819	1.18191	1.07684	0.973227	0.876702	0.790495	0.717401	0.65991	0.619539	0.598377	0.600128	0.631438	0.705224	0.838265	1.04527	1.32458	1.65075	1.98817	2.31551	2.62438	2.8948	3.09524	3.21125	3.23563	3.15014	2.95529	2.66285	2.27598	1.8104	1.27576	0.696733	0.11835	-0.409887	-0.84545	-1.17551	-1.39465	-1.51678	-1.54232	-1.48765	-1.36402	-1.19664	-1.02414	-0.875603	-0.794135	-0.763906	-0.75519	-0.737436	-0.692802	-0.673707	-0.691714	-0.687961	-0.673581	-0.701875	-0.743137	-0.756492	-0.767465	-0.805129	-0.90091	-1.05806	-1.2315	-1.39414	-1.50551	-1.54932	-1.51356	-1.39604	-1.20374	-0.9445	-0.632586	-0.285628	0.0787293	0.442402	0.786506	1.09708	1.35792	1.5571	1.69296	1.75526	1.74663	1.677	1.54502	1.3624	1.15334	0.927333	0.687998	0.457056	0.267037	0.136824	0.0632904	0.0320996	0.0320996	
