2.81859	2.81859	2.81524	2.84511	2.92935	3.03759	3.11659	3.13187	3.07273	2.94482	2.76218	2.5434	2.30757	2.06919	1.83991	1.63065	1.45323	1.31119	1.21003	1.15217	1.13887	1.17044	1.2458	1.3641	1.52079	1.71113	1.93008	2.16437	2.40318	2.63394	2.84012	3.00243	3.10102	3.12049	3.04922	2.88272	2.63097	2.30807	1.91425	1.45743	0.988923	0.586555	0.301695	0.134567	0.0522783	0.0178053	0.00536197	0.00145506	0.000391049	0.000160069	0.000155582	0.000219182	0.000314111	0.000430431	0.000561039	0.000696659	0.000825715	0.00093567	0.00101489	0.00105453	0.00105003	0.00100192	0.000915696	0.000800903	0.000669512	0.000534004	0.000405518	0.000292449	0.000199706	0.000128708	7.80092e-05	4.42961e-05	2.34741e-05	1.15657e-05	5.27926e-06	2.22549e-06	8.64139e-07	3.08425e-07	1.0104e-07	3.03565e-08	8.3618e-09	2.11225e-09	4.89654e-10	1.04277e-10	2.04285e-11	3.68736e-12	6.14305e-13	9.46337e-14	1.35061e-14	1.78927e-15	2.20457e-16	2.53106e-17	2.71282e-18	2.71937e-19	2.55392e-20	2.25099e-21	1.86498e-22	1.45522e-23	1.14422e-24	1.14422e-24	
2.81859	2.81859	2.81524	2.84511	2.92935	3.03759	3.11659	3.13187	3.07273	2.94482	2.76218	2.5434	2.30757	2.06919	1.83991	1.63065	1.45323	1.31119	1.21003	1.15217	1.13887	1.17044	1.2458	1.3641	1.52079	1.71113	1.93008	2.16437	2.40318	2.63394	2.84012	3.00243	3.10102	3.12049	3.04922	2.88272	2.63097	2.30807	1.91425	1.45743	0.988923	0.586555	0.301695	0.134567	0.0522783	0.0178053	0.00536197	0.00145506	0.000391049	0.000160069	0.000155582	0.000219182	0.000314111	0.000430431	0.000561039	0.000696659	0.000825715	0.00093567	0.00101489	0.00105453	0.00105003	0.00100192	0.000915696	0.000800903	0.000669512	0.000534004	0.000405518	0.000292449	0.000199706	0.000128708	7.80092e-05	4.42961e-05	2.34741e-05	1.15657e-05	5.27926e-06	2.22549e-06	8.64139e-07	3.08425e-07	1.0104e-07	3.03565e-08	8.3618e-09	2.11225e-09	4.89654e-10	1.04277e-10	2.04285e-11	3.68736e-12	6.14305e-13	9.46337e-14	1.35061e-14	1.78927e-15	2.20457e-16	2.53106e-17	2.71282e-18	2.71937e-19	2.55392e-20	2.25099e-21	1.86498e-22	1.45522e-23	1.14422e-24	1.14422e-24	
2.81524	2.81524	2.82131	2.85174	2.89968	2.93969	2.95607	2.9338	2.86042	2.73483	2.56273	2.35742	2.13265	1.90516	1.68906	1.49637	1.33127	1.20017	1.10741	1.05444	1.04149	1.07109	1.13973	1.24808	1.3936	1.57072	1.77301	1.99558	2.22352	2.44256	2.63565	2.78868	2.88842	2.92336	2.8849	2.76237	2.53951	2.22176	1.84668	1.44827	1.04805	0.680039	0.38727	0.191661	0.0823503	0.0308567	0.0101806	0.00304628	0.000954648	0.000504132	0.000552219	0.00076978	0.00107074	0.0014264	0.00181437	0.00220753	0.00257428	0.00288195	0.00310121	0.00321022	0.00319788	0.00306545	0.00282638	0.0025043	0.00212957	0.00173496	0.00135123	0.00100339	0.000708254	0.000473576	0.000298829	0.000177224	9.83671e-05	5.08822e-05	2.4429e-05	1.08458e-05	4.43854e-06	1.67003e-06	5.76615e-07	1.82468e-07	5.28902e-08	1.40429e-08	3.41716e-09	7.62809e-10	1.56414e-10	2.95074e-11	5.13027e-12	8.23619e-13	1.22332e-13	1.68441e-14	2.15435e-15	2.56449e-16	2.84672e-17	2.9523e-18	2.86576e-19	2.60821e-20	2.22946e-21	1.79336e-22	1.45522e-23	1.45522e-23	
2.84511	2.84511	2.85174	2.83746	2.78899	2.73188	2.67714	2.60111	2.49067	2.34284	2.16554	1.97112	1.77002	1.57516	1.39437	1.23573	1.1004	0.996955	0.923049	0.881118	0.87143	0.893261	0.948914	1.03411	1.15048	1.29672	1.46412	1.65158	1.85008	2.04969	2.23782	2.40038	2.52199	2.58601	2.57708	2.49135	2.3264	2.07441	1.76598	1.45285	1.14576	0.833981	0.538078	0.300631	0.14449	0.0599701	0.0217887	0.00726282	0.00271143	0.00178993	0.0021012	0.00287701	0.00388834	0.00504395	0.00627004	0.00748373	0.00859425	0.00951202	0.0101591	0.0104789	0.0104427	0.010054	0.0093472	0.00838393	0.00724525	0.00602177	0.00480272	0.00366582	0.00266937	0.00184774	0.00121099	0.000748234	0.000433865	0.000235008	0.000118374	5.52128e-05	2.37584e-05	9.40256e-06	3.41424e-06	1.13568e-06	3.45737e-07	9.63076e-08	2.45562e-08	5.73612e-09	1.22907e-09	2.41942e-10	4.3832e-11	7.32239e-12	1.13023e-12	1.61521e-13	2.14155e-14	2.63969e-15	3.03088e-16	3.24802e-17	3.25477e-18	3.05533e-19	2.69145e-20	2.22946e-21	1.86498e-22	1.86498e-22	
2.92935	2.92935	2.89968	2.78899	2.61755	2.44905	2.2912	2.13758	1.98313	1.81472	1.64051	1.46326	1.29437	1.13697	0.998593	0.881257	0.789015	0.719513	0.671204	0.644083	0.638572	0.651021	0.687455	0.744057	0.823008	0.924888	1.05191	1.19765	1.36084	1.53285	1.70761	1.87191	2.01092	2.10723	2.14645	2.11258	2.02422	1.89317	1.70712	1.48762	1.25901	1.0057	0.722114	0.449772	0.23974	0.109648	0.0438673	0.016481	0.00746388	0.00592289	0.0072012	0.00962597	0.0126254	0.0159377	0.0193526	0.0226515	0.0256101	0.0280173	0.0296959	0.0305199	0.0304271	0.0294244	0.0275876	0.0250542	0.0220095	0.0186689	0.0152551	0.0119758	0.00900309	0.00645754	0.00440082	0.00283676	0.00172122	0.000978125	0.000517997	0.000254429	0.00011541	4.81685e-05	1.84447e-05	6.46644e-06	2.07297e-06	6.0735e-07	1.62658e-07	3.9849e-08	8.94102e-09	1.84014e-09	3.48004e-10	6.0596e-11	9.73478e-12	1.44595e-12	1.98997e-13	2.5429e-14	3.0234e-15	3.35137e-16	3.4702e-17	3.36283e-18	3.05533e-19	2.60821e-20	2.25099e-21	2.25099e-21	
3.03759	3.03759	2.93969	2.73188	2.44905	2.12998	1.82362	1.58013	1.37733	1.19935	1.03754	0.887343	0.757153	0.6462	0.56155	0.497648	0.452746	0.421215	0.402859	0.392887	0.391026	0.397141	0.407985	0.431838	0.468963	0.520441	0.593179	0.687323	0.806821	0.94346	1.09411	1.24523	1.3914	1.51562	1.62019	1.69403	1.71639	1.70869	1.65829	1.53905	1.37127	1.1657	0.908771	0.621899	0.365081	0.183778	0.0814869	0.0351915	0.0195084	0.0177835	0.0218451	0.0283649	0.0360411	0.0442203	0.052398	0.0600938	0.0668488	0.0722537	0.0759782	0.0777941	0.0775901	0.0753786	0.0712953	0.0655904	0.0586118	0.0507805	0.0425573	0.0344039	0.0267406	0.0199076	0.0141349	0.0095264	0.00606326	0.00362478	0.00202429	0.00105041	0.000503958	0.000222592	9.01958e-05	3.34419e-05	1.13264e-05	3.50128e-06	9.87812e-07	2.54503e-07	5.99476e-08	1.29293e-08	2.55793e-09	4.65148e-10	7.79138e-11	1.20479e-11	1.72365e-12	2.28655e-13	2.81866e-14	3.23552e-15	3.4655e-16	3.4702e-17	3.25477e-18	2.86576e-19	2.55392e-20	2.55392e-20	
3.11659	3.11659	2.95607	2.67714	2.2912	1.82362	1.38351	1.02281	0.738483	0.535729	0.380147	0.272611	0.196245	0.154349	0.133834	0.133047	0.140963	0.156722	0.170179	0.178713	0.182831	0.177622	0.16593	0.151023	0.135259	0.131692	0.139215	0.167327	0.221782	0.306475	0.423065	0.56752	0.734032	0.918018	1.09398	1.27698	1.43366	1.5392	1.59827	1.57681	1.46831	1.30191	1.07836	0.799197	0.513327	0.284593	0.1413	0.0714619	0.0478175	0.0476987	0.0581035	0.0729876	0.0896957	0.10684	0.123428	0.138606	0.151625	0.161858	0.168822	0.172192	0.171814	0.167707	0.160057	0.149223	0.135716	0.12019	0.103403	0.0861818	0.0693538	0.0536813	0.039789	0.0281027	0.0188119	0.0118662	0.00701113	0.00385718	0.00196476	0.000921976	0.000396896	0.000156236	5.61155e-05	1.83678e-05	5.4773e-06	1.48869e-06	3.69171e-07	8.36562e-08	1.73549e-08	3.303e-09	5.77995e-10	9.32117e-11	1.38853e-11	1.91505e-12	2.45089e-13	2.91702e-14	3.23552e-15	3.35137e-16	3.24802e-17	2.9523e-18	2.71937e-19	2.71937e-19	
3.13187	3.13187	2.9338	2.60111	2.13758	1.58013	1.02281	0.528943	0.167511	-0.0771053	-0.227737	-0.303467	-0.327811	-0.309163	-0.26285	-0.201213	-0.133466	-0.0783805	-0.0322762	-0.00536317	-0.000945488	-0.0158522	-0.0475196	-0.0985699	-0.161037	-0.227024	-0.285475	-0.320266	-0.327143	-0.286908	-0.203978	-0.0593228	0.127275	0.369571	0.636813	0.903775	1.16506	1.37204	1.51576	1.58	1.5376	1.41173	1.2237	0.96926	0.676865	0.414112	0.232756	0.13868	0.107894	0.112745	0.134361	0.162779	0.193245	0.223306	0.251404	0.276368	0.297274	0.313404	0.324239	0.329444	0.328864	0.322514	0.310588	0.293455	0.271673	0.245994	0.217365	0.18691	0.155889	0.125619	0.0973668	0.0722222	0.0509779	0.0340312	0.021347	0.0124993	0.00678796	0.00339893	0.0015614	0.000655451	0.000250727	8.72523e-05	2.76056e-05	7.94282e-06	2.08035e-06	4.96756e-07	1.08349e-07	2.16339e-08	3.96355e-09	6.67929e-10	1.03785e-10	1.49057e-11	1.98342e-12	2.45089e-13	2.81866e-14	3.0234e-15	3.03088e-16	2.84672e-17	2.71282e-18	2.71282e-18	
3.07273	3.07273	2.86042	2.49067	1.98313	1.37733	0.738483	0.167511	-0.261469	-0.551792	-0.701732	-0.759984	-0.735003	-0.666263	-0.559878	-0.452514	-0.346751	-0.259235	-0.194652	-0.155736	-0.150409	-0.168687	-0.216794	-0.292159	-0.385864	-0.495882	-0.60493	-0.698869	-0.75703	-0.759584	-0.696687	-0.559861	-0.347273	-0.081607	0.240363	0.574818	0.905494	1.19235	1.40657	1.54381	1.57265	1.4961	1.34707	1.1293	0.853277	0.577424	0.369184	0.255072	0.219574	0.232348	0.268443	0.313132	0.359064	0.402678	0.442072	0.476079	0.503907	0.525004	0.539004	0.545683	0.544942	0.536789	0.521351	0.498874	0.469759	0.434587	0.394164	0.34956	0.302146	0.253575	0.205709	0.160478	0.119687	0.0847874	0.0566535	0.0354449	0.0206132	0.0110668	0.00545226	0.00245297	0.00100422	0.000373266	0.000125842	3.84835e-05	1.06844e-05	2.69724e-06	6.20365e-07	1.30297e-07	2.5053e-08	4.42121e-09	7.17974e-10	1.07568e-10	1.49057e-11	1.91505e-12	2.28655e-13	2.5429e-14	2.63969e-15	2.56449e-16	2.53106e-17	2.53106e-17	
2.94482	2.94482	2.73483	2.34284	1.81472	1.19935	0.535729	-0.0771053	-0.551792	-0.850799	-0.993828	-1.01718	-0.9558	-0.843867	-0.709042	-0.571669	-0.453232	-0.355511	-0.293212	-0.256863	-0.244834	-0.266538	-0.316311	-0.390811	-0.496201	-0.627358	-0.763037	-0.896818	-0.993169	-1.04385	-1.01404	-0.907822	-0.706841	-0.430128	-0.0914418	0.276271	0.649537	0.996996	1.27378	1.47469	1.5756	1.55972	1.45801	1.2875	1.0489	0.783853	0.564624	0.43651	0.396553	0.415301	0.463022	0.520391	0.577557	0.630159	0.676357	0.715327	0.746644	0.770071	0.785477	0.792791	0.791982	0.783053	0.766041	0.741026	0.708151	0.667663	0.619952	0.565613	0.505557	0.44112	0.374127	0.306865	0.24197	0.182189	0.130008	0.0872187	0.0545554	0.0315623	0.016767	0.00812988	0.00358169	0.0014295	0.000516089	0.000168504	4.97951e-05	1.33391e-05	3.24596e-06	7.1928e-07	1.45529e-07	2.69586e-08	4.58513e-09	7.17974e-10	1.03785e-10	1.38853e-11	1.72365e-12	1.98997e-13	2.14155e-14	2.15435e-15	2.20457e-16	2.20457e-16	
2.76218	2.76218	2.56273	2.16554	1.64051	1.03754	0.380147	-0.227737	-0.701732	-0.993828	-1.1122	-1.09699	-0.996916	-0.850944	-0.698946	-0.563914	-0.460935	-0.386613	-0.334263	-0.30802	-0.302581	-0.315303	-0.35399	-0.412431	-0.498477	-0.61363	-0.759559	-0.915232	-1.05522	-1.14954	-1.17372	-1.10961	-0.949833	-0.702949	-0.374289	0.00630432	0.402196	0.791948	1.12527	1.38544	1.55784	1.61392	1.57248	1.46027	1.27534	1.04045	0.822899	0.68242	0.631693	0.646913	0.696469	0.757553	0.818164	0.873259	0.921041	0.960912	0.992677	1.01629	1.03176	1.03909	1.03828	1.02933	1.01224	0.986994	0.95359	0.912054	0.862479	0.805009	0.73989	0.667628	0.589193	0.506178	0.420905	0.33646	0.256525	0.184909	0.124835	0.0781913	0.045039	0.0236777	0.0112946	0.00486922	0.00189307	0.00066333	0.00020962	5.98358e-05	1.54626e-05	3.62696e-06	7.74457e-07	1.50989e-07	2.69586e-08	4.42121e-09	6.67929e-10	9.32117e-11	1.20479e-11	1.44595e-12	1.61521e-13	1.68441e-14	1.78927e-15	1.78927e-15	
2.5434	2.5434	2.35742	1.97112	1.46326	0.887343	0.272611	-0.303467	-0.759984	-1.01718	-1.09699	-1.03518	-0.901166	-0.741574	-0.604065	-0.500187	-0.433702	-0.389136	-0.36397	-0.350769	-0.345389	-0.353588	-0.372522	-0.404947	-0.456538	-0.537428	-0.656271	-0.810811	-0.976204	-1.12171	-1.20688	-1.21081	-1.1094	-0.902702	-0.607419	-0.236289	0.169927	0.589019	0.973526	1.2934	1.53899	1.6771	1.70888	1.66247	1.53697	1.33902	1.12598	0.968195	0.896128	0.896137	0.937718	0.995437	1.05483	1.10948	1.15694	1.1964	1.2277	1.25088	1.26601	1.27316	1.27236	1.26363	1.24689	1.22209	1.18914	1.14795	1.09852	1.04096	0.975372	0.901792	0.82037	0.731596	0.636478	0.536809	0.435514	0.336758	0.245598	0.167065	0.104849	0.060122	0.031255	0.0146505	0.00617248	0.00233471	0.000793152	0.000242393	6.67976e-05	1.66468e-05	3.76358e-06	7.74457e-07	1.45529e-07	2.5053e-08	3.96355e-09	5.77995e-10	7.79138e-11	9.73478e-12	1.13023e-12	1.22332e-13	1.35061e-14	1.35061e-14	
2.30757	2.30757	2.13265	1.77002	1.29437	0.757153	0.196245	-0.327811	-0.735003	-0.9558	-0.996916	-0.901166	-0.752481	-0.604276	-0.504979	-0.455477	-0.434354	-0.423064	-0.407193	-0.404575	-0.406969	-0.404214	-0.413912	-0.427698	-0.44252	-0.469427	-0.540364	-0.666231	-0.837802	-1.01497	-1.15969	-1.22551	-1.19472	-1.04838	-0.794777	-0.444321	-0.0369737	0.403071	0.835196	1.21899	1.54228	1.76797	1.87745	1.89335	1.81903	1.65221	1.44052	1.26162	1.16307	1.14301	1.17332	1.22595	1.28316	1.33635	1.38214	1.41966	1.44903	1.47053	1.48441	1.49093	1.4902	1.4822	1.46682	1.44376	1.41274	1.37341	1.32536	1.26849	1.20299	1.12913	1.04709	0.957112	0.859623	0.755155	0.64469	0.530309	0.4158	0.306856	0.210308	0.132165	0.0753483	0.0386668	0.0177757	0.00730512	0.00268375	0.000882751	0.000260631	6.92921e-05	1.66468e-05	3.62696e-06	7.1928e-07	1.30297e-07	2.16339e-08	3.303e-09	4.65148e-10	6.0596e-11	7.32239e-12	8.23619e-13	9.46337e-14	9.46337e-14	
2.06919	2.06919	1.90516	1.57516	1.13697	0.6462	0.154349	-0.309163	-0.666263	-0.843867	-0.850944	-0.741574	-0.604276	-0.50535	-0.466629	-0.46775	-0.461366	-0.448098	-0.441909	-0.438791	-0.438596	-0.440301	-0.441755	-0.453458	-0.465815	-0.465785	-0.478253	-0.547243	-0.688544	-0.87733	-1.06284	-1.19379	-1.2283	-1.13981	-0.934201	-0.613076	-0.209179	0.251681	0.732238	1.18299	1.58397	1.89188	2.06942	2.13311	2.09557	1.95328	1.74466	1.54908	1.42664	1.38623	1.4029	1.44667	1.49687	1.54321	1.58214	1.61336	1.63729	1.65441	1.66526	1.67034	1.66976	1.66352	1.65144	1.63301	1.60762	1.57467	1.53323	1.4822	1.42105	1.34976	1.26859	1.17792	1.0786	0.971733	0.858176	0.738624	0.614144	0.487286	0.363364	0.250523	0.157327	0.0889501	0.0449341	0.0202038	0.00807909	0.00287696	0.000914779	0.000260631	6.67976e-05	1.54626e-05	3.24596e-06	6.20365e-07	1.08349e-07	1.73549e-08	2.55793e-09	3.48004e-10	4.3832e-11	5.13027e-12	6.14305e-13	6.14305e-13	
1.83991	1.83991	1.68906	1.39437	0.998593	0.56155	0.133834	-0.26285	-0.559878	-0.709042	-0.698946	-0.604065	-0.504979	-0.466629	-0.473256	-0.488447	-0.466855	-0.439713	-0.432663	-0.425637	-0.422528	-0.428949	-0.433885	-0.448126	-0.481355	-0.485094	-0.472399	-0.486529	-0.580331	-0.749238	-0.954455	-1.1263	-1.21995	-1.19096	-1.033	-0.737014	-0.333757	0.151302	0.683683	1.19845	1.6637	2.03463	2.26327	2.36243	2.35482	2.23724	2.03662	1.82827	1.68086	1.61427	1.60906	1.63518	1.67034	1.70356	1.73135	1.75328	1.76936	1.78038	1.78728	1.79042	1.79006	1.78619	1.77848	1.76652	1.74927	1.72585	1.69561	1.65697	1.60818	1.54801	1.47588	1.39137	1.29451	1.18658	1.06962	0.945789	0.816789	0.683459	0.546809	0.410753	0.283991	0.177585	0.0991875	0.0491355	0.0215337	0.00835436	0.00287696	0.000882751	0.000242393	5.98358e-05	1.33391e-05	2.69724e-06	4.96756e-07	8.36562e-08	1.29293e-08	1.84014e-09	2.41942e-10	2.95074e-11	3.68736e-12	3.68736e-12	
1.63065	1.63065	1.49637	1.23573	0.881257	0.497648	0.133047	-0.201213	-0.452514	-0.571669	-0.563914	-0.500187	-0.455477	-0.46775	-0.488447	-0.466899	-0.416964	-0.386865	-0.400394	-0.385318	-0.371451	-0.397905	-0.392799	-0.393462	-0.437872	-0.480879	-0.489476	-0.47188	-0.516607	-0.646853	-0.849877	-1.04898	-1.19087	-1.20555	-1.08624	-0.810891	-0.399896	0.112865	0.693479	1.25969	1.76661	2.17912	2.44901	2.5817	2.60171	2.50431	2.3065	2.07963	1.90066	1.80129	1.76838	1.77232	1.78985	1.80877	1.82458	1.83559	1.84232	1.84632	1.84867	1.84943	1.84937	1.84839	1.84569	1.8412	1.83364	1.82125	1.80293	1.77801	1.74451	1.7005	1.64439	1.5753	1.49174	1.39294	1.27957	1.15377	1.01912	0.879542	0.737199	0.592077	0.446086	0.307835	0.190699	0.104684	0.0506151	0.0215337	0.00807909	0.00268375	0.000793152	0.00020962	4.97951e-05	1.06844e-05	2.08035e-06	3.69171e-07	5.99476e-08	8.94102e-09	1.22907e-09	1.56414e-10	2.04285e-11	2.04285e-11	
1.45323	1.45323	1.33127	1.1004	0.789015	0.452746	0.140963	-0.133466	-0.346751	-0.453232	-0.460935	-0.433702	-0.434354	-0.461366	-0.466855	-0.416964	-0.380085	-0.377561	-0.384151	-0.371011	-0.361854	-0.379424	-0.381059	-0.376657	-0.391156	-0.440213	-0.478888	-0.466321	-0.488243	-0.579574	-0.76971	-0.9752	-1.14469	-1.19406	-1.09788	-0.830058	-0.398954	0.140213	0.749718	1.34661	1.88056	2.32639	2.6338	2.79369	2.82826	2.73609	2.53084	2.28159	2.0712	1.93991	1.87885	1.85924	1.85707	1.8584	1.85783	1.85379	1.84891	1.84429	1.84042	1.8384	1.83864	1.84112	1.84526	1.84988	1.85456	1.85751	1.85543	1.84728	1.83117	1.80521	1.76695	1.71538	1.64963	1.56812	1.46989	1.35438	1.22251	1.07802	0.92734	0.775447	0.622294	0.467746	0.320197	0.195234	0.104684	0.0491355	0.0202038	0.00730512	0.00233471	0.00066333	0.000168504	3.84835e-05	7.94282e-06	1.48869e-06	2.54503e-07	3.9849e-08	5.73612e-09	7.62809e-10	1.04277e-10	1.04277e-10	
1.31119	1.31119	1.20017	0.996955	0.719513	0.421215	0.156722	-0.0783805	-0.259235	-0.355511	-0.386613	-0.389136	-0.423064	-0.448098	-0.439713	-0.386865	-0.377561	-0.399841	-0.384158	-0.376252	-0.380064	-0.376586	-0.391277	-0.395899	-0.371865	-0.412091	-0.455024	-0.463272	-0.46997	-0.539123	-0.704585	-0.911798	-1.09275	-1.1618	-1.06521	-0.789725	-0.341271	0.216635	0.838173	1.45144	2.00932	2.48347	2.81356	2.9819	3.01571	2.91991	2.70463	2.43408	2.19299	2.0276	1.9337	1.88535	1.8576	1.83619	1.81545	1.79576	1.77848	1.76407	1.75307	1.74845	1.74895	1.75477	1.76676	1.78172	1.79934	1.81868	1.83715	1.85122	1.85881	1.857	1.84314	1.81397	1.76857	1.70566	1.62491	1.52641	1.4096	1.27385	1.12126	0.959889	0.7984	0.637369	0.475028	0.320197	0.190699	0.0991875	0.0449341	0.0177757	0.00617248	0.00189307	0.000516089	0.000125842	2.76056e-05	5.4773e-06	9.87812e-07	1.62658e-07	2.45562e-08	3.41716e-09	4.89654e-10	4.89654e-10	
1.21003	1.21003	1.10741	0.923049	0.671204	0.402859	0.170179	-0.0322762	-0.194652	-0.293212	-0.334263	-0.36397	-0.407193	-0.441909	-0.432663	-0.400394	-0.384151	-0.384158	-0.359053	-0.356382	-0.364905	-0.354697	-0.369088	-0.386794	-0.386719	-0.416301	-0.44793	-0.455617	-0.455721	-0.512543	-0.660705	-0.861719	-1.03731	-1.10025	-0.993619	-0.700447	-0.238391	0.323211	0.950126	1.58035	2.15598	2.6389	2.97067	3.13659	3.16518	3.06023	2.82758	2.52876	2.25159	2.04838	1.91976	1.84143	1.78719	1.74352	1.70351	1.66832	1.63658	1.61121	1.59411	1.58589	1.58684	1.59682	1.6156	1.64254	1.67493	1.71026	1.74833	1.78469	1.81755	1.84264	1.85777	1.85863	1.84231	1.80612	1.74774	1.66736	1.56634	1.4466	1.30729	1.14759	0.976446	0.806063	0.637369	0.467746	0.307835	0.177585	0.0889501	0.0386668	0.0146505	0.00486922	0.0014295	0.000373266	8.72523e-05	1.83678e-05	3.50128e-06	6.0735e-07	9.63076e-08	1.40429e-08	2.11225e-09	2.11225e-09	
1.15217	1.15217	1.05444	0.881118	0.644083	0.392887	0.178713	-0.00536317	-0.155736	-0.256863	-0.30802	-0.350769	-0.404575	-0.438791	-0.425637	-0.385318	-0.371011	-0.376252	-0.356382	-0.354244	-0.358775	-0.350122	-0.365059	-0.376691	-0.371901	-0.40375	-0.444251	-0.455073	-0.452859	-0.497934	-0.633255	-0.818234	-0.975427	-1.01696	-0.885826	-0.575775	-0.108623	0.453756	1.08946	1.73112	2.30518	2.7795	3.10621	3.26408	3.27552	3.14658	2.88557	2.55427	2.24253	2.0046	1.84362	1.73501	1.65385	1.58548	1.52399	1.46924	1.42299	1.38698	1.36376	1.35122	1.35268	1.36756	1.39315	1.43153	1.47942	1.53492	1.59467	1.65586	1.71495	1.76867	1.8127	1.84412	1.85889	1.855	1.82838	1.77646	1.6975	1.59258	1.46777	1.32358	1.15641	0.976446	0.7984	0.622294	0.446086	0.283991	0.157327	0.0753483	0.031255	0.0112946	0.00358169	0.00100422	0.000250727	5.61155e-05	1.13264e-05	2.07297e-06	3.45737e-07	5.28902e-08	8.3618e-09	8.3618e-09	
1.13887	1.13887	1.04149	0.87143	0.638572	0.391026	0.182831	-0.000945488	-0.150409	-0.244834	-0.302581	-0.345389	-0.406969	-0.438596	-0.422528	-0.371451	-0.361854	-0.380064	-0.364905	-0.358775	-0.365559	-0.359911	-0.371508	-0.377805	-0.357218	-0.395061	-0.441498	-0.456797	-0.449921	-0.488158	-0.611367	-0.778489	-0.909452	-0.91677	-0.752608	-0.432178	0.0376408	0.610777	1.25448	1.88845	2.44753	2.91137	3.22248	3.35319	3.33356	3.17403	2.88195	2.51758	2.17115	1.8974	1.70258	1.56203	1.45301	1.35904	1.27716	1.20544	1.14683	1.10057	1.06923	1.05462	1.05619	1.07418	1.10877	1.15755	1.21867	1.29171	1.37289	1.46011	1.54758	1.63317	1.71078	1.77682	1.82554	1.85415	1.85967	1.83951	1.7928	1.71535	1.60584	1.47467	1.32358	1.14759	0.959889	0.775447	0.592077	0.410753	0.250523	0.132165	0.060122	0.0236777	0.00812988	0.00245297	0.000655451	0.000156236	3.34419e-05	6.46644e-06	1.13568e-06	1.82468e-07	3.03565e-08	3.03565e-08	
1.17044	1.17044	1.07109	0.893261	0.651021	0.397141	0.177622	-0.0158522	-0.168687	-0.266538	-0.315303	-0.353588	-0.404214	-0.440301	-0.428949	-0.397905	-0.379424	-0.376586	-0.354697	-0.350122	-0.359911	-0.347468	-0.362256	-0.380566	-0.382856	-0.413367	-0.444968	-0.454061	-0.446068	-0.484434	-0.598737	-0.740052	-0.83532	-0.800488	-0.611953	-0.275194	0.207272	0.789022	1.4288	2.04607	2.58985	3.03044	3.30414	3.39949	3.34612	3.14902	2.81683	2.41394	2.03144	1.72527	1.50021	1.33207	1.19723	1.08142	0.979843	0.892106	0.818484	0.762906	0.726036	0.708343	0.710329	0.731999	0.772572	0.831795	0.908317	0.997929	1.09963	1.20951	1.32419	1.43892	1.54946	1.65084	1.73795	1.80528	1.84821	1.86223	1.84491	1.79968	1.72118	1.60584	1.46777	1.30729	1.12126	0.92734	0.737199	0.546809	0.363364	0.210308	0.104849	0.045039	0.016767	0.00545226	0.0015614	0.000396896	9.01958e-05	1.84447e-05	3.41424e-06	5.76615e-07	1.0104e-07	1.0104e-07	
1.2458	1.2458	1.13973	0.948914	0.687455	0.407985	0.16593	-0.0475196	-0.216794	-0.316311	-0.35399	-0.372522	-0.413912	-0.441755	-0.433885	-0.392799	-0.381059	-0.391277	-0.369088	-0.365059	-0.371508	-0.362256	-0.379427	-0.391339	-0.379409	-0.411621	-0.448242	-0.4529	-0.448007	-0.484885	-0.590409	-0.704045	-0.752274	-0.681041	-0.465876	-0.108229	0.393374	0.98256	1.60902	2.20685	2.72516	3.12353	3.35592	3.41082	3.30896	3.0643	2.68807	2.24897	1.83521	1.5014	1.24827	1.05396	0.894389	0.756925	0.637138	0.534605	0.45166	0.388676	0.347063	0.326245	0.328611	0.353823	0.399575	0.46644	0.553146	0.658902	0.779524	0.91252	1.05358	1.19806	1.34125	1.47686	1.59977	1.70472	1.78695	1.84177	1.86387	1.84671	1.79968	1.71535	1.59258	1.4466	1.27385	1.07802	0.879542	0.683459	0.487286	0.306856	0.167065	0.0781913	0.0315623	0.0110668	0.00339893	0.000921976	0.000222592	4.81685e-05	9.40256e-06	1.67003e-06	3.08425e-07	3.08425e-07	
1.3641	1.3641	1.24808	1.03411	0.744057	0.431838	0.151023	-0.0985699	-0.292159	-0.390811	-0.412431	-0.404947	-0.427698	-0.453458	-0.448126	-0.393462	-0.376657	-0.395899	-0.386794	-0.376692	-0.377807	-0.38057	-0.391346	-0.391249	-0.374054	-0.418526	-0.46087	-0.456588	-0.45065	-0.48851	-0.583992	-0.665708	-0.67539	-0.561482	-0.314401	0.0747761	0.596936	1.18232	1.7935	2.36759	2.84452	3.19643	3.37972	3.37473	3.22208	2.92875	2.50645	2.02978	1.58659	1.22756	0.952208	0.735706	0.557308	0.402624	0.270102	0.157401	0.0653301	-0.00437375	-0.0507487	-0.0713533	-0.0691362	-0.0435586	0.00755164	0.0816378	0.178258	0.294453	0.428866	0.580371	0.743086	0.914188	1.08788	1.25824	1.41956	1.56288	1.68527	1.77609	1.83866	1.86387	1.84491	1.7928	1.6975	1.56634	1.4096	1.22251	1.01912	0.816789	0.614144	0.4158	0.245598	0.124835	0.0545554	0.0206132	0.00678796	0.00196476	0.000503958	0.00011541	2.37584e-05	4.43854e-06	8.64139e-07	8.64139e-07	
1.52079	1.52079	1.3936	1.15048	0.823008	0.468963	0.135259	-0.161037	-0.385864	-0.496201	-0.498477	-0.456538	-0.44252	-0.465815	-0.481355	-0.437872	-0.391156	-0.371865	-0.38672	-0.371904	-0.357226	-0.382879	-0.37946	-0.374135	-0.408847	-0.458563	-0.48385	-0.453125	-0.45559	-0.499685	-0.589413	-0.630418	-0.598367	-0.440055	-0.154265	0.273866	0.810599	1.3889	1.98384	2.52116	2.94874	3.24806	3.36418	3.30038	3.09469	2.74075	2.27233	1.76086	1.29734	0.920871	0.629213	0.395648	0.200844	0.0337406	-0.110914	-0.230812	-0.326833	-0.397793	-0.444315	-0.467772	-0.465194	-0.43707	-0.38589	-0.309508	-0.208514	-0.0844857	0.0627006	0.228515	0.410404	0.604677	0.804518	1.00539	1.19946	1.38133	1.54248	1.67947	1.77609	1.84177	1.86223	1.83951	1.77646	1.66736	1.52641	1.35438	1.15377	0.945789	0.738624	0.530309	0.336758	0.184909	0.0872187	0.0354449	0.0124993	0.00385718	0.00105041	0.000254429	5.52128e-05	1.08458e-05	2.22549e-06	2.22549e-06	
1.71113	1.71113	1.57072	1.29672	0.924888	0.520441	0.131692	-0.227024	-0.495882	-0.627358	-0.61363	-0.537428	-0.469427	-0.465785	-0.485094	-0.480879	-0.440213	-0.412093	-0.416306	-0.403765	-0.395106	-0.413483	-0.411886	-0.419034	-0.459252	-0.484265	-0.474572	-0.447471	-0.468457	-0.533228	-0.600901	-0.607421	-0.519213	-0.30891	0.0232852	0.489943	1.03234	1.60415	2.17582	2.66406	3.03764	3.27215	3.31614	3.19011	2.91745	2.5106	1.99685	1.45736	0.977198	0.589967	0.286388	0.0434857	-0.161386	-0.334886	-0.481817	-0.604524	-0.700355	-0.772025	-0.819495	-0.840355	-0.838316	-0.81245	-0.75944	-0.682771	-0.582257	-0.455293	-0.304172	-0.130374	0.0647458	0.276074	0.498491	0.728194	0.953119	1.17146	1.36793	1.54248	1.68527	1.78695	1.84821	1.85967	1.82838	1.74774	1.62491	1.46989	1.27957	1.06962	0.858176	0.64469	0.435514	0.256525	0.130008	0.0566535	0.021347	0.00701113	0.00202429	0.000517997	0.000118374	2.4429e-05	5.27926e-06	5.27926e-06	
1.93008	1.93008	1.77301	1.46412	1.05191	0.593179	0.139215	-0.285475	-0.60493	-0.763037	-0.759559	-0.656271	-0.540364	-0.478253	-0.472399	-0.489477	-0.47889	-0.455032	-0.447955	-0.444327	-0.441706	-0.445481	-0.449381	-0.463099	-0.487498	-0.478784	-0.458589	-0.465216	-0.519659	-0.590424	-0.624866	-0.574906	-0.430334	-0.164123	0.224039	0.720625	1.26694	1.82917	2.36325	2.79527	3.10917	3.26771	3.23498	3.04019	2.70647	2.24266	1.6833	1.12672	0.63819	0.251071	-0.0567194	-0.304017	-0.511174	-0.68698	-0.832153	-0.950649	-1.04348	-1.10817	-1.14966	-1.17079	-1.16848	-1.14294	-1.09687	-1.02719	-0.929704	-0.805448	-0.655386	-0.478692	-0.276209	-0.0551092	0.185981	0.433387	0.688229	0.93374	1.17146	1.38133	1.56288	1.70472	1.80528	1.85415	1.855	1.80612	1.70566	1.56812	1.39294	1.18658	0.971733	0.755155	0.536809	0.33646	0.182189	0.0847874	0.0340312	0.0118662	0.00362478	0.000978125	0.000235008	5.08822e-05	1.15657e-05	1.15657e-05	
2.16437	2.16437	1.99558	1.65158	1.19765	0.687323	0.167327	-0.320266	-0.698869	-0.896818	-0.915232	-0.810811	-0.666231	-0.547243	-0.48653	-0.471883	-0.466332	-0.46331	-0.455734	-0.455406	-0.457653	-0.456059	-0.457116	-0.46458	-0.466456	-0.466031	-0.483318	-0.535884	-0.612571	-0.664807	-0.646228	-0.533969	-0.316558	0.0130937	0.449532	0.970255	1.51515	2.05722	2.544	2.91503	3.1591	3.23344	3.12282	2.85811	2.45987	1.94022	1.35118	0.781127	0.297209	-0.0877146	-0.389799	-0.635831	-0.837356	-1.00591	-1.14218	-1.24889	-1.33004	-1.38898	-1.42571	-1.44065	-1.43901	-1.41991	-1.37881	-1.31615	-1.22971	-1.1171	-0.976583	-0.803748	-0.604667	-0.377009	-0.127691	0.138316	0.413551	0.688229	0.953119	1.19946	1.41956	1.59977	1.73795	1.82554	1.85889	1.84231	1.76857	1.64963	1.49174	1.29451	1.0786	0.859623	0.636478	0.420905	0.24197	0.119687	0.0509779	0.0188119	0.00606326	0.00172122	0.000433865	9.83671e-05	2.34741e-05	2.34741e-05	
2.40318	2.40318	2.22352	1.85008	1.36084	0.806821	0.221782	-0.327143	-0.75703	-0.993169	-1.05522	-0.976204	-0.837802	-0.688545	-0.580335	-0.516622	-0.488294	-0.470138	-0.456213	-0.454164	-0.45306	-0.452916	-0.461568	-0.474992	-0.494874	-0.524192	-0.58533	-0.66629	-0.732096	-0.734361	-0.644424	-0.454261	-0.171222	0.222568	0.705203	1.23914	1.77474	2.28784	2.71657	3.01891	3.18392	3.16976	2.97942	2.64453	2.18608	1.61575	1.0011	0.433199	-0.0375588	-0.40845	-0.699959	-0.935226	-1.12623	-1.2796	-1.40058	-1.4908	-1.55528	-1.59666	-1.6214	-1.63389	-1.63226	-1.61717	-1.59004	-1.54448	-1.47487	-1.37945	-1.25231	-1.09383	-0.902123	-0.678043	-0.426337	-0.151862	0.138316	0.433387	0.728194	1.00539	1.25824	1.47686	1.65084	1.77682	1.84412	1.85863	1.81397	1.71538	1.5753	1.39137	1.17792	0.957112	0.731596	0.506178	0.306865	0.160478	0.0722222	0.0281027	0.0095264	0.00283676	0.000748234	0.000177224	4.42961e-05	4.42961e-05	
2.63394	2.63394	2.44256	2.04969	1.53285	0.94346	0.306475	-0.286908	-0.759584	-1.04385	-1.14954	-1.12171	-1.01497	-0.877335	-0.749256	-0.646919	-0.579796	-0.539797	-0.514385	-0.502483	-0.498317	-0.505006	-0.522769	-0.552072	-0.596664	-0.666416	-0.750768	-0.823895	-0.842815	-0.774481	-0.599863	-0.335456	0.0275416	0.476722	0.989145	1.52783	2.04485	2.51471	2.87495	3.10228	3.18037	3.07608	2.80749	2.40515	1.88657	1.27493	0.652731	0.0955999	-0.353099	-0.704862	-0.978584	-1.19616	-1.36704	-1.49791	-1.59318	-1.65878	-1.70048	-1.72624	-1.73891	-1.74101	-1.74077	-1.73718	-1.72231	-1.6939	-1.64768	-1.57656	-1.47532	-1.33761	-1.16377	-0.950763	-0.704429	-0.426337	-0.127691	0.185981	0.498491	0.804518	1.08788	1.34125	1.54946	1.71078	1.8127	1.85777	1.84314	1.76695	1.64439	1.47588	1.26859	1.04709	0.82037	0.589193	0.374127	0.205709	0.0973668	0.039789	0.0141349	0.00440082	0.00121099	0.000298829	7.80092e-05	7.80092e-05	
2.84012	2.84012	2.63565	2.23782	1.70761	1.09411	0.423065	-0.203978	-0.696687	-1.01404	-1.17372	-1.20688	-1.1597	-1.06286	-0.954534	-0.850152	-0.770569	-0.707003	-0.666834	-0.647243	-0.640191	-0.652552	-0.681896	-0.726269	-0.792248	-0.864929	-0.9341	-0.961953	-0.907979	-0.750658	-0.490631	-0.14731	0.2747	0.768342	1.30542	1.83113	2.31672	2.73105	3.01432	3.16081	3.14683	2.95217	2.60762	2.14245	1.57015	0.929135	0.309336	-0.22058	-0.640313	-0.965072	-1.21629	-1.40915	-1.55395	-1.65445	-1.71914	-1.75294	-1.76466	-1.76288	-1.75747	-1.75559	-1.75564	-1.75834	-1.76409	-1.76334	-1.74795	-1.70945	-1.63733	-1.52994	-1.37917	-1.18554	-0.950763	-0.678043	-0.377009	-0.0551092	0.276074	0.604677	0.914188	1.19806	1.43892	1.63317	1.76867	1.84264	1.857	1.80521	1.7005	1.54801	1.34976	1.12913	0.901792	0.667628	0.44112	0.253575	0.125619	0.0536813	0.0199076	0.00645754	0.00184774	0.000473576	0.000128708	0.000128708	
3.00243	3.00243	2.78868	2.40038	1.87191	1.24523	0.56752	-0.0593228	-0.559861	-0.907822	-1.10961	-1.21082	-1.22554	-1.19388	-1.12662	-1.04999	-0.978158	-0.919499	-0.879699	-0.855922	-0.849658	-0.861798	-0.894074	-0.938388	-0.992055	-1.05063	-1.07235	-1.03506	-0.892619	-0.65078	-0.307687	0.097971	0.580521	1.10483	1.63984	2.14046	2.58534	2.92837	3.12849	3.1894	3.07848	2.7974	2.38444	1.85977	1.24129	0.588963	-0.0109765	-0.50769	-0.89278	-1.1874	-1.40968	-1.5721	-1.68201	-1.74612	-1.77062	-1.76856	-1.74794	-1.72122	-1.6968	-1.68077	-1.68276	-1.70127	-1.72643	-1.75282	-1.77091	-1.76823	-1.73685	-1.66444	-1.54671	-1.37917	-1.16377	-0.902123	-0.604667	-0.276209	0.0647458	0.410404	0.743086	1.05358	1.32419	1.54758	1.71495	1.81755	1.85881	1.83117	1.74451	1.60818	1.42105	1.20299	0.975372	0.73989	0.505557	0.302146	0.155889	0.0693538	0.0267406	0.00900309	0.00266937	0.000708254	0.000199706	0.000199706	
3.10102	3.10102	2.88842	2.52199	2.01092	1.3914	0.734032	0.127275	-0.347273	-0.706842	-0.949838	-1.10942	-1.19481	-1.22864	-1.22108	-1.19424	-1.15373	-1.11438	-1.0835	-1.06375	-1.06138	-1.07239	-1.09137	-1.12488	-1.15511	-1.165	-1.12726	-1.00584	-0.783621	-0.451686	-0.0463829	0.41992	0.930533	1.46335	1.98881	2.44919	2.83565	3.09602	3.21167	3.18189	2.97432	2.61506	2.13982	1.56264	0.911182	0.263621	-0.302633	-0.756003	-1.10492	-1.36626	-1.55744	-1.68398	-1.75553	-1.77613	-1.7582	-1.71209	-1.65319	-1.59753	-1.55607	-1.53672	-1.53892	-1.56282	-1.60782	-1.66474	-1.7231	-1.76482	-1.77502	-1.74633	-1.66444	-1.52994	-1.33761	-1.09383	-0.803748	-0.478692	-0.130374	0.228515	0.580371	0.91252	1.20951	1.46011	1.65586	1.78469	1.85122	1.84728	1.77801	1.65697	1.4822	1.26849	1.04096	0.805009	0.565613	0.34956	0.18691	0.0861818	0.0344039	0.0119758	0.00366582	0.00100339	0.000292449	0.000292449	
3.12049	3.12049	2.92336	2.58601	2.10723	1.51562	0.918018	0.369571	-0.0816079	-0.430132	-0.702969	-0.902789	-1.04872	-1.14097	-1.19455	-1.21547	-1.21845	-1.21504	-1.20359	-1.19607	-1.19638	-1.19848	-1.20541	-1.21026	-1.20137	-1.15787	-1.05733	-0.861379	-0.563005	-0.167142	0.286897	0.787805	1.31145	1.84988	2.33026	2.7377	3.05646	3.22746	3.25767	3.13194	2.83301	2.40808	1.87733	1.25431	0.589739	-0.0325006	-0.556125	-0.965949	-1.27671	-1.50468	-1.66006	-1.74871	-1.7758	-1.75215	-1.68726	-1.60152	-1.50823	-1.42535	-1.36879	-1.34315	-1.34611	-1.37764	-1.44	-1.5269	-1.61993	-1.70224	-1.76072	-1.77502	-1.73685	-1.63733	-1.47532	-1.25231	-0.976583	-0.655386	-0.304172	0.0627006	0.428866	0.779524	1.09963	1.37289	1.59467	1.74833	1.83715	1.85543	1.80293	1.69561	1.53323	1.32536	1.09852	0.862479	0.619952	0.394164	0.217365	0.103403	0.0425573	0.0152551	0.00480272	0.00135123	0.000405518	0.000405518	
3.04922	3.04922	2.8849	2.57708	2.14645	1.62019	1.09398	0.636812	0.240359	-0.0914592	-0.374366	-0.607728	-0.795886	-0.937765	-1.04319	-1.11205	-1.15567	-1.17955	-1.19411	-1.19997	-1.19857	-1.19628	-1.1865	-1.1639	-1.11832	-1.02749	-0.864759	-0.608056	-0.247622	0.192561	0.683288	1.19424	1.71958	2.21835	2.64663	3.00252	3.23195	3.31294	3.25721	3.03513	2.66041	2.18069	1.59914	0.946566	0.289041	-0.291433	-0.76548	-1.13335	-1.41051	-1.60465	-1.72578	-1.77222	-1.75635	-1.68409	-1.57443	-1.44996	-1.32999	-1.23855	-1.18397	-1.16138	-1.16399	-1.19239	-1.25382	-1.35211	-1.47553	-1.59822	-1.70224	-1.76482	-1.76823	-1.70945	-1.57656	-1.37945	-1.1171	-0.805448	-0.455293	-0.0844857	0.294453	0.658902	0.997929	1.29171	1.53492	1.71026	1.81868	1.85751	1.82125	1.72585	1.57467	1.37341	1.14795	0.912054	0.667663	0.434587	0.245994	0.12019	0.0507805	0.0186689	0.00602177	0.00173496	0.000534004	0.000534004	
2.88272	2.88272	2.76237	2.49135	2.11258	1.69403	1.27698	0.903772	0.574804	0.276207	0.00603925	-0.237279	-0.447624	-0.622866	-0.762662	-0.87005	-0.949951	-1.00355	-1.0385	-1.05656	-1.06086	-1.04962	-1.02444	-0.975969	-0.894052	-0.759866	-0.552846	-0.249983	0.147649	0.613184	1.10779	1.60933	2.1077	2.56059	2.93971	3.21035	3.34689	3.35032	3.20365	2.8937	2.46205	1.93496	1.31104	0.651403	0.0258396	-0.504977	-0.932304	-1.26148	-1.50884	-1.67164	-1.75846	-1.76655	-1.70649	-1.59379	-1.44408	-1.29026	-1.15986	-1.06645	-1.02702	-1.02528	-1.02491	-1.03088	-1.08102	-1.18375	-1.31964	-1.47553	-1.61993	-1.7231	-1.77091	-1.74795	-1.64768	-1.47487	-1.22971	-0.929704	-0.582257	-0.208514	0.178258	0.553146	0.908317	1.21867	1.47942	1.67493	1.79934	1.85456	1.83364	1.74927	1.60762	1.41274	1.18914	0.95359	0.708151	0.469759	0.271673	0.135716	0.0586118	0.0220095	0.00724525	0.00212957	0.000669512	0.000669512	
2.63097	2.63097	2.53951	2.3264	2.02422	1.71639	1.43366	1.16505	0.905445	0.649326	0.401373	0.16707	-0.0457744	-0.23311	-0.390879	-0.519162	-0.616714	-0.690986	-0.739752	-0.766142	-0.774218	-0.757807	-0.721423	-0.654439	-0.550151	-0.393287	-0.158818	0.168799	0.581656	1.04946	1.53126	2.01068	2.46712	2.86367	3.1617	3.34546	3.41037	3.32846	3.09024	2.71822	2.24497	1.67218	1.02643	0.386959	-0.190291	-0.667447	-1.05778	-1.3555	-1.5784	-1.71274	-1.76777	-1.74052	-1.64045	-1.4941	-1.31655	-1.15417	-1.03791	-0.970774	-0.951921	-0.956999	-0.955962	-0.952743	-0.979638	-1.05728	-1.18375	-1.35211	-1.5269	-1.66474	-1.75282	-1.76334	-1.6939	-1.54448	-1.31615	-1.02719	-0.682771	-0.309508	0.0816378	0.46644	0.831795	1.15755	1.43153	1.64254	1.78172	1.84988	1.8412	1.76652	1.63301	1.44376	1.22209	0.986994	0.741026	0.498874	0.293455	0.149223	0.0655904	0.0250542	0.00838393	0.0025043	0.000800903	0.000800903	
2.30807	2.30807	2.22176	2.07441	1.89317	1.70869	1.53919	1.372	1.19219	0.996359	0.789645	0.581622	0.382121	0.199679	0.038762	-0.0990262	-0.208204	-0.290636	-0.347894	-0.379889	-0.38651	-0.369868	-0.324626	-0.249236	-0.134131	0.036818	0.284963	0.61805	1.02877	1.47967	1.93157	2.36471	2.76054	3.08471	3.30678	3.42246	3.40547	3.23321	2.93172	2.51977	2.00621	1.40199	0.766013	0.170338	-0.351132	-0.784719	-1.14315	-1.42185	-1.62219	-1.73755	-1.76244	-1.70921	-1.57626	-1.40365	-1.21633	-1.05362	-0.969718	-0.949164	-0.949902	-0.954628	-0.953728	-0.949119	-0.950604	-0.979638	-1.08102	-1.25382	-1.44	-1.60782	-1.72643	-1.76409	-1.72231	-1.59004	-1.37881	-1.09687	-0.75944	-0.38589	0.00755164	0.399575	0.772572	1.10877	1.39315	1.6156	1.76676	1.84526	1.84569	1.77848	1.65144	1.46682	1.24689	1.01224	0.766041	0.521351	0.310588	0.160057	0.0712953	0.0275876	0.0093472	0.00282638	0.000915696	0.000915696	
1.91425	1.91425	1.84668	1.76598	1.70712	1.65828	1.59825	1.51565	1.40611	1.27205	1.11946	0.956334	0.790616	0.631629	0.486866	0.35924	0.251281	0.168563	0.110242	0.0767751	0.0703006	0.088254	0.135284	0.211705	0.327665	0.497352	0.73627	1.05488	1.44135	1.85506	2.25889	2.63542	2.97027	3.22786	3.37985	3.41547	3.31405	3.08252	2.74626	2.29851	1.75091	1.14729	0.554071	0.0133804	-0.456971	-0.860992	-1.19691	-1.46371	-1.64745	-1.74934	-1.75243	-1.68057	-1.5271	-1.34031	-1.15652	-1.00697	-0.948257	-0.950787	-0.950371	-0.942142	-0.943465	-0.951705	-0.949119	-0.952743	-1.03088	-1.19239	-1.37764	-1.56282	-1.70127	-1.75834	-1.73718	-1.61717	-1.41991	-1.14294	-0.81245	-0.43707	-0.0435586	0.353823	0.731999	1.07418	1.36756	1.59682	1.75477	1.84112	1.84839	1.78619	1.66352	1.4822	1.26363	1.02933	0.783053	0.536789	0.322514	0.167707	0.0753786	0.0294244	0.010054	0.00306545	0.00100192	0.00100192	
1.45743	1.45743	1.44827	1.45285	1.48761	1.53904	1.57675	1.5797	1.5426	1.47044	1.37224	1.25748	1.13397	1.00889	0.890379	0.784683	0.693576	0.620869	0.569346	0.539745	0.533023	0.550267	0.591665	0.660812	0.765164	0.917663	1.1347	1.42678	1.77721	2.14702	2.50002	2.81997	3.09052	3.27527	3.35039	3.31492	3.16383	2.90141	2.5317	2.0517	1.50342	0.939242	0.404746	-0.0804006	-0.516	-0.899323	-1.22526	-1.4836	-1.66051	-1.75174	-1.74691	-1.65975	-1.50226	-1.30704	-1.13234	-1.00446	-0.9523	-0.955091	-0.935758	-0.896529	-0.902971	-0.943465	-0.953728	-0.955962	-1.02491	-1.16399	-1.34611	-1.53892	-1.68276	-1.75564	-1.74077	-1.63226	-1.43901	-1.16848	-0.838316	-0.465194	-0.0691363	0.328611	0.710329	1.05619	1.35268	1.58684	1.74895	1.83864	1.84937	1.79006	1.66976	1.4902	1.27236	1.03828	0.791982	0.544942	0.328864	0.171814	0.0775901	0.0304271	0.0104427	0.00319788	0.00105003	0.00105003	
0.988923	0.988923	1.04805	1.14575	1.259	1.37123	1.46812	1.53682	1.56975	1.56613	1.5307	1.47127	1.39614	1.31219	1.22614	1.14534	1.07471	1.01691	0.975117	0.951106	0.945439	0.959607	0.993679	1.05132	1.13884	1.26911	1.45872	1.71507	2.02157	2.34046	2.63506	2.88998	3.09153	3.21028	3.23053	3.15595	2.97545	2.68211	2.28633	1.80839	1.30087	0.79927	0.32326	-0.120798	-0.534237	-0.907123	-1.2292	-1.4859	-1.66203	-1.75206	-1.74668	-1.65757	-1.50023	-1.30383	-1.1302	-1.0052	-0.953096	-0.9557	-0.93376	-0.889578	-0.896529	-0.942142	-0.954628	-0.956999	-1.02528	-1.16138	-1.34315	-1.53672	-1.68077	-1.75559	-1.74101	-1.63389	-1.44065	-1.17079	-0.840356	-0.467772	-0.0713535	0.326245	0.708343	1.05462	1.35122	1.58589	1.74845	1.8384	1.84943	1.79042	1.67034	1.49093	1.27316	1.03909	0.792791	0.545683	0.329444	0.172192	0.0777941	0.0305199	0.0104789	0.00321022	0.00105453	0.00105453	
0.586555	0.586555	0.680038	0.833977	1.00568	1.16559	1.30144	1.40989	1.48978	1.54056	1.56327	1.5612	1.53965	1.50432	1.46035	1.41326	1.36874	1.33069	1.3021	1.28533	1.28156	1.29155	1.31614	1.35769	1.42231	1.52226	1.67319	1.88278	2.13733	2.40038	2.63692	2.83493	2.98588	3.06378	3.05138	2.94786	2.73956	2.42791	2.04289	1.61214	1.16989	0.730706	0.301493	-0.118217	-0.51786	-0.888016	-1.20996	-1.4711	-1.65161	-1.75063	-1.75082	-1.67543	-1.51993	-1.33126	-1.14901	-1.00394	-0.947672	-0.951378	-0.948104	-0.93376	-0.935758	-0.950371	-0.949902	-0.951921	-1.02702	-1.18397	-1.36879	-1.55607	-1.6968	-1.75747	-1.73891	-1.6214	-1.42571	-1.14966	-0.819496	-0.444316	-0.0507495	0.347062	0.726034	1.06923	1.36376	1.59411	1.75307	1.84042	1.84867	1.78728	1.66526	1.48441	1.26601	1.03176	0.785477	0.539004	0.324239	0.168822	0.0759782	0.0296959	0.0101591	0.00310121	0.00101489	0.00101489	
0.301695	0.301695	0.387268	0.538066	0.722056	0.908507	1.07728	1.21977	1.33445	1.42256	1.48606	1.52733	1.54957	1.55676	1.55282	1.54134	1.52621	1.51105	1.49857	1.49084	1.48921	1.49426	1.50684	1.52895	1.56675	1.63242	1.74234	1.90687	2.11535	2.33346	2.52758	2.68658	2.80311	2.85057	2.80985	2.68403	2.47099	2.1833	1.8514	1.4887	1.11288	0.723254	0.323228	-0.0789888	-0.474007	-0.842047	-1.16979	-1.4363	-1.62943	-1.74105	-1.76022	-1.70325	-1.56485	-1.38864	-1.20123	-1.03959	-0.962563	-0.948903	-0.951378	-0.9557	-0.955091	-0.950787	-0.949164	-0.970774	-1.06645	-1.23855	-1.42535	-1.59753	-1.72122	-1.76288	-1.72624	-1.59666	-1.38898	-1.10818	-0.772028	-0.397797	-0.00437863	0.388671	0.762899	1.10057	1.38697	1.61121	1.76406	1.84428	1.84632	1.78038	1.65441	1.47053	1.25088	1.01629	0.770071	0.525004	0.313404	0.161858	0.0722537	0.0280173	0.00951202	0.00288195	0.00093567	0.00093567	
