0.000399087	0.000399087	0.00141915	0.00519385	0.0165518	0.0454262	0.107304	0.219142	0.391011	0.619452	0.888314	1.17527	1.45847	1.7207	1.95104	2.14444	2.29959	2.41688	2.49707	2.54172	2.55195	2.52795	2.46926	2.37448	2.24216	2.07172	1.86321	1.61923	1.34696	1.05987	0.777427	0.522241	0.315097	0.167682	0.0776156	0.0309938	0.0106482	0.00315182	0.000807069	0.000179779	3.50548e-05	6.02131e-06	9.16765e-07	1.24451e-07	1.51458e-08	1.66093e-09	1.64971e-10	1.51907e-11	2.30454e-12	3.46379e-12	9.37886e-12	2.31894e-11	5.11491e-11	1.00872e-10	1.78583e-10	2.85154e-10	4.12417e-10	5.41885e-10	6.47814e-10	7.04974e-10	6.98369e-10	6.29761e-10	5.16884e-10	3.8587e-10	2.61526e-10	1.60387e-10	8.8602e-11	4.3884e-11	1.94127e-11	7.65016e-12	2.68206e-12	8.3613e-13	2.31826e-13	5.72024e-14	1.25747e-14	2.46638e-15	4.32436e-16	6.79318e-17	9.58604e-18	1.21858e-18	1.39966e-19	1.45708e-20	1.37905e-21	1.19027e-22	9.39673e-24	6.80489e-25	4.5329e-26	2.78472e-27	1.58168e-28	8.32548e-30	4.0702e-31	1.85202e-32	7.85878e-34	3.11563e-35	1.15604e-36	4.02111e-38	1.31321e-39	4.03252e-41	1.1976e-42	1.1976e-42	
0.000399087	0.000399087	0.00141915	0.00519385	0.0165518	0.0454262	0.107304	0.219142	0.391011	0.619452	0.888314	1.17527	1.45847	1.7207	1.95104	2.14444	2.29959	2.41688	2.49707	2.54172	2.55195	2.52795	2.46926	2.37448	2.24216	2.07172	1.86321	1.61923	1.34696	1.05987	0.777427	0.522241	0.315097	0.167682	0.0776156	0.0309938	0.0106482	0.00315182	0.000807069	0.000179779	3.50548e-05	6.02131e-06	9.16765e-07	1.24451e-07	1.51458e-08	1.66093e-09	1.64971e-10	1.51907e-11	2.30454e-12	3.46379e-12	9.37886e-12	2.31894e-11	5.11491e-11	1.00872e-10	1.78583e-10	2.85154e-10	4.12417e-10	5.41885e-10	6.47814e-10	7.04974e-10	6.98369e-10	6.29761e-10	5.16884e-10	3.8587e-10	2.61526e-10	1.60387e-10	8.8602e-11	4.3884e-11	1.94127e-11	7.65016e-12	2.68206e-12	8.3613e-13	2.31826e-13	5.72024e-14	1.25747e-14	2.46638e-15	4.32436e-16	6.79318e-17	9.58604e-18	1.21858e-18	1.39966e-19	1.45708e-20	1.37905e-21	1.19027e-22	9.39673e-24	6.80489e-25	4.5329e-26	2.78472e-27	1.58168e-28	8.32548e-30	4.0702e-31	1.85202e-32	7.85878e-34	3.11563e-35	1.15604e-36	4.02111e-38	1.31321e-39	4.03252e-41	1.1976e-42	1.1976e-42	
0.00141915	0.00141915	0.00449785	0.0146969	0.0415036	0.10002	0.206043	0.366394	0.572998	0.807972	1.05334	1.29539	1.52435	1.73339	1.9181	2.07528	2.2026	2.29872	2.36445	2.40128	2.40983	2.38995	2.34159	2.26385	2.15531	2.01584	1.84735	1.6524	1.43478	1.19958	0.954844	0.711793	0.485837	0.295959	0.157305	0.0718549	0.0280171	0.00932305	0.00265819	0.000653429	0.000139474	2.60401e-05	4.28277e-06	6.24648e-07	8.12935e-08	9.49423e-09	1.00119e-09	9.94178e-11	2.15188e-11	4.02742e-11	1.05805e-10	2.51942e-10	5.36897e-10	1.02708e-09	1.7714e-09	2.76711e-09	3.9309e-09	5.09341e-09	6.03095e-09	6.5322e-09	6.47441e-09	5.87193e-09	4.87042e-09	3.6901e-09	2.54843e-09	1.59902e-09	9.0765e-10	4.63919e-10	2.12615e-10	8.70928e-11	3.1819e-11	1.03559e-11	3.00108e-12	7.74477e-13	1.78095e-13	3.65347e-14	6.69684e-15	1.09912e-15	1.61918e-16	2.14689e-17	2.56963e-18	2.78489e-19	2.74136e-20	2.45857e-21	2.01496e-22	1.5135e-23	1.04483e-24	6.64685e-26	3.90652e-27	2.12623e-28	1.07413e-29	5.04727e-31	2.21045e-32	9.03956e-34	3.45803e-35	1.23951e-36	4.16956e-38	1.31827e-39	4.03252e-41	4.03252e-41	
0.00519385	0.00519385	0.0146969	0.0428797	0.107231	0.22646	0.405674	0.626778	0.859633	1.0827	1.288	1.47381	1.63968	1.78516	1.90959	2.01122	2.08963	2.14589	2.18424	2.20535	2.21005	2.1991	2.17106	2.12558	2.06091	1.97322	1.86249	1.72939	1.57567	1.40181	1.20797	0.995236	0.766657	0.535005	0.32736	0.171466	0.0759697	0.0284141	0.00900821	0.00243821	0.000568145	0.000114946	2.03568e-05	3.17978e-06	4.41128e-07	5.46982e-08	6.1093e-09	6.62997e-10	2.14682e-10	4.60448e-10	1.16984e-09	2.68524e-09	5.53428e-09	1.02794e-08	1.72855e-08	2.64351e-08	3.69121e-08	4.72009e-08	5.53918e-08	5.97357e-08	5.92359e-08	5.40085e-08	4.52395e-08	3.47609e-08	2.4444e-08	1.56802e-08	9.13755e-09	4.81485e-09	2.28377e-09	9.71396e-10	3.69483e-10	1.25436e-10	3.79662e-11	1.02407e-11	2.46202e-12	5.27986e-13	1.01134e-13	1.73349e-14	2.66493e-15	3.68419e-16	4.59346e-17	5.18081e-18	5.30225e-19	4.93936e-20	4.20097e-21	3.27174e-22	2.33986e-23	1.54085e-24	9.36721e-26	5.26982e-27	2.74992e-28	1.3339e-29	6.02693e-31	2.5414e-32	1.00194e-33	3.6995e-35	1.28136e-36	4.16956e-38	1.31321e-39	1.31321e-39	
0.0165518	0.0165518	0.0415036	0.107231	0.235792	0.434493	0.678787	0.926328	1.15129	1.35022	1.5224	1.66501	1.77634	1.8579	1.91241	1.94426	1.9599	1.9668	1.96973	1.96962	1.96874	1.96985	1.96909	1.96471	1.95484	1.93374	1.89348	1.82889	1.73545	1.61191	1.45699	1.27364	1.06457	0.829019	0.577929	0.347258	0.175779	0.0744047	0.0264049	0.00791624	0.00202404	0.000445679	8.5305e-05	1.43154e-05	2.12271e-06	2.80116e-07	3.32523e-08	4.0828e-09	2.07244e-09	4.80006e-09	1.17487e-08	2.5958e-08	5.16767e-08	9.30934e-08	1.52481e-07	2.28118e-07	3.12918e-07	3.94783e-07	4.59134e-07	4.92998e-07	4.8911e-07	4.4831e-07	3.7927e-07	2.95642e-07	2.11813e-07	1.39024e-07	8.32549e-08	4.52771e-08	2.22545e-08	9.84356e-09	3.90441e-09	1.38512e-09	4.38699e-10	1.23922e-10	3.12097e-11	7.01047e-12	1.40592e-12	2.5213e-13	4.05193e-14	5.85017e-15	7.60972e-16	8.94474e-17	9.53039e-18	9.23314e-19	8.15867e-20	6.59507e-21	4.89105e-22	3.33707e-23	2.10015e-24	1.22218e-25	6.59242e-27	3.30323e-28	1.54073e-29	6.70286e-31	2.72486e-32	1.0369e-33	3.6995e-35	1.23951e-36	4.02111e-38	4.02111e-38	
0.0454262	0.0454262	0.10002	0.22646	0.434493	0.697706	0.963101	1.19964	1.4096	1.58908	1.7246	1.8118	1.85361	1.8595	1.83771	1.80089	1.75767	1.71868	1.68446	1.66388	1.65916	1.6697	1.69683	1.73396	1.77464	1.81697	1.84863	1.86122	1.84186	1.78271	1.67668	1.52193	1.32888	1.10912	0.859474	0.588635	0.341837	0.165061	0.0661207	0.0221228	0.00624645	0.00150499	0.000312724	5.65924e-05	8.99785e-06	1.26722e-06	1.60793e-07	2.37543e-08	1.90033e-08	4.53539e-08	1.06592e-07	2.26312e-07	4.34561e-07	7.58297e-07	1.20847e-06	1.76697e-06	2.37958e-06	2.96081e-06	3.41201e-06	3.6477e-06	3.62068e-06	3.33642e-06	2.85134e-06	2.25577e-06	1.64776e-06	1.10765e-06	6.8243e-07	3.83536e-07	1.95638e-07	9.01364e-08	3.73522e-08	1.3875e-08	4.60845e-09	1.36632e-09	3.61281e-10	8.51908e-11	1.79257e-11	3.37037e-12	5.67327e-13	8.57011e-14	1.16501e-14	1.42943e-15	1.5879e-16	1.60207e-17	1.4726e-18	1.23697e-19	9.52304e-21	6.73843e-22	4.39414e-23	2.64743e-24	1.47725e-25	7.65154e-27	3.68669e-28	1.65574e-29	6.94444e-31	2.72486e-32	1.00194e-33	3.45803e-35	1.15604e-36	1.15604e-36	
0.107304	0.107304	0.206043	0.405674	0.678787	0.963101	1.21592	1.44208	1.63535	1.7669	1.83475	1.84638	1.8131	1.74617	1.65692	1.55879	1.46164	1.37673	1.31084	1.27296	1.2658	1.28445	1.33418	1.40873	1.50004	1.59845	1.69475	1.77621	1.83167	1.84764	1.81507	1.72278	1.56381	1.35491	1.11956	0.851744	0.563321	0.311087	0.141497	0.0531696	0.0166739	0.00441733	0.00100058	0.000195936	3.35009e-05	5.04967e-06	6.91829e-07	1.3546e-07	1.62313e-07	3.861e-07	8.68714e-07	1.76915e-06	3.27138e-06	5.52161e-06	8.55118e-06	1.22075e-05	1.61279e-05	1.9782e-05	2.25833e-05	2.4036e-05	2.38698e-05	2.21159e-05	1.9098e-05	1.53421e-05	1.14351e-05	7.88099e-06	5.00176e-06	2.90923e-06	1.54257e-06	7.41669e-07	3.21766e-07	1.25438e-07	4.37966e-08	1.36628e-08	3.80257e-09	9.4361e-10	2.08831e-10	4.12604e-11	7.29044e-12	1.15462e-12	1.64344e-13	2.10852e-14	2.44604e-15	2.57388e-16	2.46448e-17	2.15387e-18	1.72335e-19	1.26602e-20	8.56274e-22	5.34589e-23	3.0884e-24	1.65487e-25	8.24256e-27	3.82405e-28	1.65574e-29	6.70286e-31	2.5414e-32	9.03956e-34	3.11563e-35	3.11563e-35	
0.219142	0.219142	0.366394	0.626778	0.926328	1.19964	1.44208	1.65121	1.7845	1.84066	1.83725	1.77299	1.66428	1.51916	1.35886	1.19483	1.04658	0.921855	0.833144	0.778448	0.765191	0.796266	0.864195	0.968112	1.10435	1.25927	1.42476	1.57994	1.71301	1.8053	1.84576	1.82629	1.74159	1.57374	1.34841	1.09517	0.805082	0.504427	0.260601	0.110336	0.0385786	0.011279	0.00279388	0.000593634	0.000109408	1.77026e-05	2.6733e-06	7.83375e-07	1.26873e-06	2.94239e-06	6.3197e-06	1.23197e-05	2.1898e-05	3.5694e-05	5.36437e-05	7.46858e-05	9.67165e-05	0.000116878	0.000132139	0.000139994	0.000139097	0.000129603	0.000113128	9.23386e-05	7.02885e-05	4.97244e-05	3.25548e-05	1.96282e-05	1.08384e-05	5.4494e-06	2.48087e-06	1.01758e-06	3.74498e-07	1.23274e-07	3.62148e-08	9.48395e-09	2.21356e-09	4.6078e-10	8.56722e-11	1.42577e-11	2.12937e-12	2.86232e-13	3.47381e-14	3.81867e-15	3.81447e-16	3.47336e-17	2.89197e-18	2.20826e-19	1.55075e-20	1.00423e-21	6.01204e-23	3.3354e-24	1.71865e-25	8.24256e-27	3.68669e-28	1.54073e-29	6.02693e-31	2.21045e-32	7.85878e-34	7.85878e-34	
0.391011	0.391011	0.572998	0.859633	1.15129	1.4096	1.63535	1.7845	1.841	1.83388	1.74438	1.59156	1.39405	1.17174	0.944544	0.729723	0.54076	0.386833	0.273937	0.210011	0.195143	0.229441	0.313808	0.445309	0.61235	0.813521	1.03461	1.26178	1.4771	1.65827	1.78963	1.84481	1.82741	1.73656	1.55016	1.30889	1.03354	0.719907	0.419123	0.199607	0.0778709	0.025162	0.0068269	0.00157629	0.000313613	5.46869e-05	9.51214e-06	4.61903e-06	8.94158e-06	1.99309e-05	4.07448e-05	7.58568e-05	0.000129349	0.000203252	0.000295973	0.000401366	0.000508977	0.000605588	0.000677744	0.000714606	0.000710405	0.000665804	0.000587736	0.000487786	0.000379594	0.000276006	0.000186704	0.000116902	6.73623e-05	3.55e-05	1.70035e-05	7.35911e-06	2.86357e-06	9.97782e-07	3.10407e-07	8.60606e-08	2.12493e-08	4.67396e-09	9.16969e-10	1.60769e-10	2.52534e-11	3.56428e-12	4.53447e-13	5.21679e-14	5.44546e-15	5.17405e-16	4.48916e-17	3.56746e-18	2.60421e-19	1.7511e-20	1.08742e-21	6.25184e-23	3.3354e-24	1.65487e-25	7.65154e-27	3.30323e-28	1.3339e-29	5.04727e-31	1.85202e-32	1.85202e-32	
0.619452	0.619452	0.807972	1.0827	1.35022	1.58908	1.7669	1.84066	1.83388	1.73327	1.54497	1.31142	1.03428	0.748957	0.465237	0.207813	-0.0122731	-0.187577	-0.30771	-0.375373	-0.390478	-0.353529	-0.264371	-0.124271	0.0696818	0.307051	0.575478	0.863273	1.1473	1.41037	1.62634	1.78624	1.84471	1.8228	1.70628	1.49448	1.235	0.93088	0.601067	0.319575	0.138646	0.049444	0.0146855	0.00368406	0.000791613	0.000149931	3.27682e-05	2.69131e-05	5.61027e-05	0.00011905	0.000230928	0.000409547	0.000668421	0.00101051	0.00142334	0.00187741	0.00232881	0.00272588	0.00301825	0.00316639	0.00314955	0.0029701	0.00265304	0.00224078	0.00178475	0.00133575	0.000935223	0.000609352	0.000367261	0.000203398	0.000102798	4.70977e-05	1.94444e-05	7.19788e-06	2.38e-06	7.01133e-07	1.83783e-07	4.28583e-08	8.8999e-09	1.64864e-09	2.73096e-10	4.05705e-11	5.42245e-12	6.54215e-13	7.14916e-14	7.09996e-15	6.42895e-16	5.32443e-17	4.04539e-18	2.82774e-19	1.82341e-20	1.08742e-21	6.01204e-23	3.0884e-24	1.47725e-25	6.59242e-27	2.74992e-28	1.07413e-29	4.0702e-31	4.0702e-31	
0.888314	0.888314	1.05334	1.288	1.5224	1.7246	1.83475	1.83725	1.74438	1.54497	1.28498	0.961199	0.617643	0.268754	-0.0494932	-0.334331	-0.559804	-0.734648	-0.856529	-0.923615	-0.939222	-0.901643	-0.815332	-0.673353	-0.475427	-0.226228	0.0727984	0.408389	0.75438	1.09821	1.39496	1.63566	1.79471	1.84619	1.80348	1.64519	1.40789	1.12135	0.786966	0.4613	0.220938	0.0865668	0.0280611	0.0076324	0.00177107	0.000371534	0.000116855	0.000147885	0.0003098	0.000621464	0.00114001	0.00192044	0.00299249	0.00434294	0.00590598	0.00756541	0.00916842	0.0105477	0.0115475	0.0120494	0.0119925	0.0113837	0.0102966	0.00885909	0.00723127	0.00557962	0.00405122	0.00275297	0.00173993	0.00101562	0.000543408	0.000264517	0.000116326	4.59379e-05	1.62126e-05	5.09612e-06	1.42384e-06	3.53377e-07	7.79505e-08	1.53068e-08	2.68195e-09	4.20509e-10	5.91925e-11	7.50609e-12	8.60468e-13	8.94824e-14	8.47021e-15	7.32187e-16	5.79798e-17	4.21837e-18	2.82774e-19	1.7511e-20	1.00423e-21	5.34589e-23	2.64743e-24	1.22218e-25	5.26982e-27	2.12623e-28	8.32548e-30	8.32548e-30	
1.17527	1.17527	1.29539	1.47381	1.66501	1.8118	1.84638	1.77299	1.59156	1.31142	0.961199	0.567956	0.173531	-0.208772	-0.546388	-0.828704	-1.0522	-1.2066	-1.30629	-1.35797	-1.36824	-1.34363	-1.2744	-1.15106	-0.968509	-0.724808	-0.415002	-0.0615482	0.332492	0.725859	1.11014	1.43184	1.67905	1.81416	1.84447	1.75341	1.55139	1.28567	0.961652	0.61211	0.320298	0.136882	0.048167	0.0141505	0.00355146	0.000866279	0.000446438	0.000735843	0.00148868	0.00280678	0.00485134	0.00773836	0.0114809	0.0159575	0.02091	0.0259705	0.0307086	0.0346873	0.0375214	0.0389294	0.0387703	0.0370599	0.0339695	0.0298049	0.0249662	0.0198937	0.0150099	0.0106636	0.00708726	0.00437415	0.00248675	0.00129138	0.000607648	0.000257212	9.73626e-05	3.2812e-05	9.81732e-06	2.60454e-06	6.12799e-07	1.28037e-07	2.38103e-08	3.9524e-09	5.87581e-10	7.85098e-11	9.46258e-12	1.03251e-12	1.02357e-13	9.25039e-15	7.64596e-16	5.79798e-17	4.04539e-18	2.60421e-19	1.55075e-20	8.56274e-22	4.39414e-23	2.10015e-24	9.36721e-26	3.90652e-27	1.58168e-28	1.58168e-28	
1.45847	1.45847	1.52435	1.63968	1.77634	1.85361	1.8131	1.66428	1.39405	1.03428	0.617643	0.173531	-0.263123	-0.656347	-0.990297	-1.24609	-1.42722	-1.54572	-1.60958	-1.64049	-1.64931	-1.63264	-1.58911	-1.50381	-1.36529	-1.1527	-0.865145	-0.506774	-0.0910494	0.35119	0.789927	1.18594	1.51536	1.73614	1.83867	1.8179	1.66354	1.42295	1.11659	0.760043	0.429318	0.19828	0.075199	0.0237539	0.00650983	0.0020388	0.00175648	0.00321981	0.0061524	0.0108445	0.0175926	0.0264832	0.0373051	0.0495417	0.0624318	0.075067	0.0864985	0.0958417	0.102368	0.105573	0.105212	0.101313	0.0941732	0.0843467	0.0725994	0.0598367	0.0470078	0.0349999	0.0245324	0.0160638	0.00974197	0.00542162	0.0027434	0.00125147	0.000510938	0.000185646	5.98041e-05	1.70468e-05	4.29822e-06	9.59695e-07	1.90158e-07	3.35355e-08	5.28189e-09	7.45716e-10	9.47354e-11	1.08707e-11	1.13089e-12	1.07044e-13	9.25039e-15	7.32187e-16	5.32443e-17	3.56746e-18	2.20826e-19	1.26602e-20	6.73843e-22	3.33707e-23	1.54085e-24	6.64685e-26	2.78472e-27	2.78472e-27	
1.7207	1.7207	1.73339	1.78516	1.8579	1.8595	1.74617	1.51916	1.17174	0.748957	0.268754	-0.208772	-0.656347	-1.03825	-1.3387	-1.54574	-1.66883	-1.72165	-1.73008	-1.72154	-1.7179	-1.72669	-1.73005	-1.7075	-1.62846	-1.47303	-1.22929	-0.894998	-0.482575	-0.021026	0.46499	0.925039	1.323	1.623	1.79656	1.84384	1.74418	1.53379	1.24834	0.896277	0.539851	0.266722	0.10815	0.0366375	0.0113153	0.00519933	0.0065849	0.0121288	0.0215978	0.0354095	0.053704	0.0760549	0.101462	0.128495	0.155508	0.180823	0.20289	0.2204	0.232377	0.238189	0.237538	0.230455	0.217308	0.198796	0.175966	0.150181	0.123029	0.0961939	0.0712948	0.0496915	0.032276	0.0193419	0.0105831	0.00523454	0.00231979	0.000914636	0.00031923	9.83486e-05	2.67209e-05	6.40744e-06	1.35882e-06	2.5561e-07	4.28036e-08	6.4056e-09	8.60135e-10	1.04052e-10	1.13847e-11	1.13089e-12	1.02357e-13	8.47021e-15	6.42895e-16	4.48916e-17	2.89197e-18	1.72335e-19	9.52304e-21	4.89105e-22	2.33986e-23	1.04483e-24	4.5329e-26	4.5329e-26	
1.95104	1.95104	1.9181	1.90959	1.91241	1.83771	1.65692	1.35886	0.944544	0.465237	-0.0494932	-0.546388	-0.990297	-1.3387	-1.5813	-1.71389	-1.74774	-1.72556	-1.67377	-1.62668	-1.61527	-1.64358	-1.69498	-1.73859	-1.74592	-1.67258	-1.4992	-1.21183	-0.822768	-0.35236	0.156649	0.663068	1.11935	1.49023	1.73072	1.83988	1.79574	1.61951	1.35644	1.01551	0.644727	0.337293	0.145152	0.0530323	0.0198355	0.0143376	0.0220452	0.0386659	0.0635847	0.0965245	0.136427	0.181367	0.228855	0.276258	0.321096	0.361211	0.394869	0.420813	0.43822	0.446584	0.445651	0.435448	0.416283	0.388719	0.353656	0.312445	0.266911	0.219287	0.172097	0.127975	0.0893282	0.0579034	0.0344526	0.018598	0.00901104	0.00388392	0.00147946	0.000496046	0.000146155	3.78566e-05	8.63683e-06	1.74091e-06	3.11203e-07	4.95402e-08	7.05327e-09	9.02013e-10	1.04052e-10	1.08707e-11	1.03251e-12	8.94824e-14	7.09996e-15	5.17405e-16	3.47336e-17	2.15387e-18	1.23697e-19	6.59507e-21	3.27174e-22	1.5135e-23	6.80489e-25	6.80489e-25	
2.14444	2.14444	2.07528	2.01122	1.94426	1.80089	1.55879	1.19483	0.729723	0.207813	-0.334331	-0.828704	-1.24609	-1.54574	-1.71389	-1.75742	-1.69686	-1.5765	-1.45488	-1.37643	-1.35725	-1.40103	-1.50001	-1.62988	-1.72991	-1.7529	-1.66264	-1.44023	-1.09103	-0.637958	-0.118981	0.42185	0.924827	1.35181	1.65175	1.81667	1.82392	1.68233	1.44179	1.11521	0.738623	0.405401	0.184507	0.074567	0.0373986	0.0393399	0.0632617	0.102825	0.155211	0.217578	0.286346	0.357588	0.427627	0.493436	0.55264	0.603501	0.644888	0.676174	0.696937	0.70685	0.705748	0.693649	0.670755	0.637416	0.594076	0.54144	0.480758	0.413893	0.34335	0.272291	0.20448	0.143789	0.0934772	0.0554255	0.0295843	0.0140552	0.00589215	0.00216737	0.000697685	0.000196514	4.85201e-05	1.05347e-05	2.01948e-06	3.43339e-07	5.20114e-08	7.05327e-09	8.60135e-10	9.47354e-11	9.46258e-12	8.60468e-13	7.14916e-14	5.44546e-15	3.81447e-16	2.46448e-17	1.4726e-18	8.15867e-20	4.20097e-21	2.01496e-22	9.39673e-24	9.39673e-24	
2.29959	2.29959	2.2026	2.08963	1.9599	1.75767	1.46164	1.04658	0.54076	-0.0122731	-0.559804	-1.0522	-1.42722	-1.66883	-1.74774	-1.69686	-1.54119	-1.34737	-1.19136	-1.09907	-1.07622	-1.12835	-1.24542	-1.4237	-1.61363	-1.72971	-1.7369	-1.58932	-1.29467	-0.865602	-0.346693	0.212342	0.747622	1.22209	1.57176	1.78397	1.83617	1.72609	1.5062	1.19467	0.818337	0.468136	0.226712	0.107035	0.076001	0.0981351	0.151885	0.22582	0.312376	0.40522	0.498931	0.589253	0.67326	0.749015	0.81513	0.870849	0.915794	0.949738	0.972209	0.982836	0.981656	0.968667	0.943873	0.907704	0.860591	0.802752	0.734627	0.657088	0.571637	0.480361	0.386431	0.294309	0.209351	0.136954	0.0810929	0.0428302	0.0199434	0.00812217	0.00288112	0.000889348	0.000239275	5.62958e-05	1.16333e-05	2.12182e-06	3.43339e-07	4.95402e-08	6.4056e-09	7.45716e-10	7.85098e-11	7.50609e-12	6.54215e-13	5.21679e-14	3.81867e-15	2.57388e-16	1.60207e-17	9.23314e-19	4.93936e-20	2.45857e-21	1.19027e-22	1.19027e-22	
2.41688	2.41688	2.29872	2.14589	1.9668	1.71868	1.37673	0.921855	0.386833	-0.187577	-0.734648	-1.2066	-1.54572	-1.72165	-1.72556	-1.5765	-1.34737	-1.10008	-0.941012	-0.912056	-0.917418	-0.912092	-0.988623	-1.19536	-1.44461	-1.64934	-1.74615	-1.66995	-1.43035	-1.02886	-0.523748	0.0448605	0.603796	1.11263	1.49813	1.74783	1.83898	1.75581	1.55256	1.25475	0.883219	0.526153	0.277434	0.163142	0.154205	0.210388	0.301795	0.409796	0.52317	0.63525	0.742122	0.841592	0.932456	1.01355	1.08403	1.14352	1.19171	1.22789	1.25151	1.26256	1.26135	1.24782	1.22168	1.18304	1.13254	1.07082	0.998156	0.91502	0.822329	0.721265	0.613113	0.500307	0.386871	0.278828	0.183774	0.108675	0.0567285	0.0258353	0.010197	0.00348032	0.00102839	0.000263989	5.91528e-05	1.16333e-05	2.01948e-06	3.11203e-07	4.28036e-08	5.28189e-09	5.87581e-10	5.91925e-11	5.42245e-12	4.53447e-13	3.47381e-14	2.44604e-15	1.5879e-16	9.53039e-18	5.30225e-19	2.74136e-20	1.37905e-21	1.37905e-21	
2.49707	2.49707	2.36445	2.18424	1.96973	1.68446	1.31084	0.833144	0.273937	-0.30771	-0.856529	-1.30629	-1.60958	-1.73008	-1.67377	-1.45488	-1.19136	-0.941012	-0.814102	-0.841564	-0.868154	-0.819515	-0.842574	-1.03585	-1.29688	-1.55367	-1.72114	-1.69939	-1.51342	-1.13628	-0.650293	-0.071336	0.498038	1.02987	1.44484	1.71707	1.83539	1.77438	1.58434	1.29841	0.936495	0.586006	0.349195	0.259792	0.286377	0.379194	0.500154	0.628538	0.755583	0.877827	0.993375	1.10077	1.19843	1.28453	1.35866	1.42028	1.46917	1.50457	1.52731	1.53836	1.53716	1.52375	1.49857	1.46048	1.40894	1.3448	1.26822	1.17974	1.07996	0.97082	0.853787	0.730284	0.602015	0.471488	0.343838	0.227991	0.134327	0.0690662	0.0306458	0.0116798	0.00382418	0.00107935	0.000263989	5.62958e-05	1.05347e-05	1.74091e-06	2.5561e-07	3.35355e-08	3.9524e-09	4.20509e-10	4.05705e-11	3.56428e-12	2.86232e-13	2.10852e-14	1.42943e-15	8.94474e-17	5.18081e-18	2.78489e-19	1.45708e-20	1.45708e-20	
2.54172	2.54172	2.40128	2.20535	1.96962	1.66388	1.27296	0.778448	0.210011	-0.375373	-0.923615	-1.35797	-1.64049	-1.72154	-1.62668	-1.37643	-1.09907	-0.912056	-0.841564	-0.889092	-0.920955	-0.862577	-0.852828	-0.975075	-1.20095	-1.48982	-1.68611	-1.71079	-1.55256	-1.19791	-0.717264	-0.140211	0.439035	0.980767	1.41231	1.69886	1.83182	1.78437	1.60455	1.33105	0.986739	0.660409	0.456288	0.404656	0.464885	0.581045	0.716967	0.857389	0.996295	1.1296	1.25379	1.36628	1.46486	1.54896	1.61931	1.67585	1.71909	1.75015	1.77045	1.78076	1.77963	1.7672	1.74483	1.71143	1.6656	1.60629	1.53323	1.44628	1.34485	1.22979	1.10356	0.968667	0.828457	0.685376	0.540715	0.397283	0.263868	0.15409	0.0775904	0.0333584	0.012219	0.00382418	0.00102839	0.000239275	4.85201e-05	8.63683e-06	1.35882e-06	1.90158e-07	2.38103e-08	2.68195e-09	2.73096e-10	2.52534e-11	2.12937e-12	1.64344e-13	1.16501e-14	7.60972e-16	4.59346e-17	2.56963e-18	1.39966e-19	1.39966e-19	
2.55195	2.55195	2.40983	2.21005	1.96874	1.65916	1.2658	0.765191	0.195143	-0.390478	-0.939222	-1.36824	-1.64931	-1.7179	-1.61527	-1.35725	-1.07622	-0.917418	-0.868154	-0.920955	-0.952284	-0.891082	-0.874522	-0.968306	-1.17723	-1.47639	-1.67496	-1.71451	-1.55989	-1.21202	-0.730145	-0.157694	0.426343	0.967495	1.40287	1.69573	1.83234	1.78928	1.61791	1.36141	1.04677	0.76163	0.600941	0.582641	0.662451	0.791942	0.942313	1.09758	1.24704	1.38436	1.50646	1.61258	1.70219	1.77744	1.83818	1.88645	1.92221	1.94888	1.96587	1.97278	1.97202	1.96327	1.94424	1.91581	1.87782	1.82705	1.7636	1.68546	1.59276	1.4833	1.35808	1.21787	1.06593	0.907718	0.748728	0.59101	0.434625	0.287066	0.164824	0.0806357	0.0333584	0.0116798	0.00348032	0.000889348	0.000196514	3.78566e-05	6.40744e-06	9.59695e-07	1.28037e-07	1.53068e-08	1.64864e-09	1.60769e-10	1.42577e-11	1.15462e-12	8.57011e-14	5.85017e-15	3.68419e-16	2.14689e-17	1.21858e-18	1.21858e-18	
2.52795	2.52795	2.38995	2.1991	1.96985	1.6697	1.28445	0.796266	0.229441	-0.353529	-0.901643	-1.34363	-1.63264	-1.72669	-1.64358	-1.40103	-1.12835	-0.912092	-0.819515	-0.862577	-0.891082	-0.835303	-0.837297	-0.989217	-1.23261	-1.5096	-1.70028	-1.70839	-1.54301	-1.17852	-0.695871	-0.117595	0.456564	0.995907	1.42301	1.70548	1.83649	1.79315	1.63198	1.40067	1.12696	0.889051	0.765288	0.768443	0.864969	1.01341	1.17909	1.33962	1.48578	1.61524	1.72762	1.82298	1.90123	1.96438	2.01234	2.04851	2.07384	2.09052	2.10068	2.10382	2.10343	2.09917	2.08771	2.06955	2.04217	2.00385	1.95301	1.88688	1.80529	1.70655	1.59062	1.45777	1.30766	1.14235	0.967109	0.791741	0.621307	0.453673	0.295065	0.164824	0.0775904	0.0306458	0.010197	0.00288112	0.000697685	0.000146155	2.67209e-05	4.29822e-06	6.12799e-07	7.79505e-08	8.8999e-09	9.16969e-10	8.56722e-11	7.29044e-12	5.67327e-13	4.05193e-14	2.66493e-15	1.61918e-16	9.58604e-18	9.58604e-18	
2.46926	2.46926	2.34159	2.17106	1.96909	1.69683	1.33418	0.864195	0.313808	-0.264371	-0.815332	-1.2744	-1.58911	-1.73005	-1.69498	-1.50001	-1.24542	-0.988623	-0.842574	-0.852828	-0.874522	-0.837297	-0.878038	-1.08749	-1.35059	-1.58998	-1.73343	-1.69131	-1.4869	-1.1015	-0.606485	-0.0295333	0.535773	1.05878	1.46425	1.73144	1.84749	1.79966	1.65467	1.45686	1.22562	1.02564	0.92856	0.956165	1.07787	1.2404	1.4056	1.55941	1.69795	1.81728	1.91658	1.99434	2.05328	2.09473	2.12331	2.13975	2.14989	2.154	2.15641	2.15835	2.15804	2.15589	2.15343	2.14838	2.13711	2.11868	2.08751	2.04304	1.98026	1.89851	1.79488	1.6716	1.52905	1.36989	1.19408	1.00417	0.81366	0.631416	0.453673	0.287066	0.15409	0.0690662	0.0258353	0.00812217	0.00216737	0.000496046	9.83486e-05	1.70468e-05	2.60454e-06	3.53377e-07	4.28583e-08	4.67396e-09	4.6078e-10	4.12604e-11	3.37037e-12	2.5213e-13	1.73349e-14	1.09912e-15	6.79318e-17	6.79318e-17	
2.37448	2.37448	2.26385	2.12558	1.96471	1.73396	1.40873	0.968112	0.445309	-0.124271	-0.673353	-1.15106	-1.50381	-1.7075	-1.73859	-1.62988	-1.4237	-1.19536	-1.03585	-0.975075	-0.968306	-0.989217	-1.08749	-1.28533	-1.51289	-1.68768	-1.74611	-1.64503	-1.38026	-0.971239	-0.460821	0.106305	0.658292	1.15465	1.52731	1.7694	1.86378	1.81382	1.69186	1.52768	1.32769	1.15461	1.08915	1.15065	1.28853	1.44946	1.61043	1.75804	1.88263	1.98105	2.05558	2.10661	2.13954	2.15583	2.1607	2.15672	2.14829	2.13983	2.1314	2.12608	2.12666	2.13291	2.14152	2.15004	2.15808	2.16046	2.15369	2.13429	2.09808	2.04257	1.9635	1.8596	1.72989	1.57614	1.40592	1.21975	1.01677	0.81366	0.621307	0.434625	0.263868	0.134327	0.0567285	0.0199434	0.00589215	0.00147946	0.00031923	5.98041e-05	9.81732e-06	1.42384e-06	1.83783e-07	2.12493e-08	2.21356e-09	2.08831e-10	1.79257e-11	1.40592e-12	1.01134e-13	6.69684e-15	4.32436e-16	4.32436e-16	
2.24216	2.24216	2.15531	2.06091	1.95484	1.77464	1.50004	1.10435	0.61235	0.0696818	-0.475427	-0.968509	-1.36529	-1.62846	-1.74592	-1.72991	-1.61363	-1.44461	-1.29688	-1.20095	-1.17723	-1.23261	-1.35059	-1.51289	-1.67118	-1.74896	-1.7186	-1.53877	-1.22313	-0.779228	-0.262135	0.290435	0.81594	1.27347	1.60849	1.8157	1.88517	1.8385	1.74118	1.60011	1.41825	1.27484	1.25121	1.33805	1.47955	1.64194	1.79541	1.92264	2.02135	2.09355	2.13902	2.16078	2.16172	2.1473	2.12179	2.09135	2.06046	2.03264	2.01366	2.00487	2.00583	2.01664	2.0376	2.06656	2.09756	2.12749	2.15124	2.16296	2.15837	2.13196	2.08139	2.00373	1.89901	1.76479	1.60038	1.41771	1.21975	1.00417	0.791741	0.59101	0.397283	0.227991	0.108675	0.0428302	0.0140552	0.00388392	0.000914636	0.000185646	3.2812e-05	5.09612e-06	7.01133e-07	8.60606e-08	9.48395e-09	9.4361e-10	8.51908e-11	7.01047e-12	5.27986e-13	3.65347e-14	2.46638e-15	2.46638e-15	
2.07172	2.07172	2.01584	1.97322	1.93374	1.81697	1.59845	1.25927	0.813521	0.307051	-0.226228	-0.724808	-1.1527	-1.47303	-1.67258	-1.7529	-1.72971	-1.64934	-1.55367	-1.48982	-1.47639	-1.5096	-1.58998	-1.68768	-1.74896	-1.7334	-1.60843	-1.35813	-0.992304	-0.532464	-0.0126421	0.514974	1.00182	1.4109	1.69548	1.86402	1.9121	1.87127	1.79153	1.65962	1.49383	1.39061	1.40519	1.50677	1.65652	1.81198	1.94163	2.04585	2.11725	2.15595	2.16415	2.14652	2.10988	2.05873	2.00117	1.94083	1.88634	1.84152	1.80836	1.7922	1.79402	1.81376	1.84963	1.89649	1.95269	2.01307	2.06973	2.11875	2.15177	2.1648	2.15058	2.10565	2.02695	1.91613	1.77619	1.60038	1.40592	1.19408	0.967109	0.748728	0.540715	0.343838	0.183774	0.0810929	0.0295843	0.00901104	0.00231979	0.000510938	9.73626e-05	1.62126e-05	2.38e-06	3.10407e-07	3.62148e-08	3.80257e-09	3.61281e-10	3.12097e-11	2.46202e-12	1.78095e-13	1.25747e-14	1.25747e-14	
1.86321	1.86321	1.84735	1.86249	1.89348	1.84863	1.69475	1.42476	1.03461	0.575478	0.0727984	-0.415002	-0.865145	-1.22929	-1.4992	-1.66264	-1.7369	-1.74615	-1.72114	-1.68611	-1.67496	-1.70028	-1.73343	-1.74611	-1.7186	-1.60843	-1.40457	-1.0951	-0.693044	-0.223253	0.274993	0.766093	1.20259	1.55178	1.78289	1.912	1.9387	1.90221	1.82949	1.69922	1.55767	1.49842	1.54256	1.6608	1.81151	1.94537	2.05591	2.12818	2.16081	2.15897	2.12677	2.06733	1.98913	1.89859	1.80285	1.71079	1.62753	1.56017	1.51446	1.49232	1.49484	1.5218	1.57198	1.64315	1.72867	1.822	1.91762	2.00594	2.08092	2.13517	2.16211	2.15653	2.11728	2.03502	1.91613	1.76479	1.57614	1.36989	1.14235	0.907718	0.685376	0.471488	0.278828	0.136954	0.0554255	0.018598	0.00523454	0.00125147	0.000257212	4.59379e-05	7.19788e-06	9.97782e-07	1.23274e-07	1.36628e-08	1.36632e-09	1.23922e-10	1.02407e-11	7.74477e-13	5.72024e-14	5.72024e-14	
1.61923	1.61923	1.6524	1.72939	1.82889	1.86122	1.77621	1.57994	1.26178	0.863273	0.408389	-0.0615482	-0.506774	-0.894998	-1.21183	-1.44023	-1.58932	-1.66995	-1.69939	-1.71079	-1.71451	-1.70839	-1.69131	-1.64503	-1.53877	-1.35814	-1.0951	-0.747774	-0.332876	0.123937	0.596784	1.03025	1.40549	1.68621	1.85985	1.94889	1.95592	1.92066	1.84546	1.71858	1.61072	1.59289	1.66491	1.79761	1.93597	2.05061	2.1291	2.16152	2.15712	2.11014	2.03027	1.92406	1.79867	1.66482	1.53125	1.40389	1.2941	1.20623	1.14388	1.11387	1.11725	1.15395	1.22189	1.31437	1.42834	1.55793	1.69179	1.82449	1.94657	2.04903	2.12187	2.16203	2.15741	2.11728	2.02695	1.89901	1.72989	1.52905	1.30766	1.06593	0.828457	0.602015	0.386871	0.209351	0.0934772	0.0344526	0.0105831	0.0027434	0.000607648	0.000116326	1.94444e-05	2.86357e-06	3.74498e-07	4.37966e-08	4.60845e-09	4.38699e-10	3.79662e-11	3.00108e-12	2.31826e-13	2.31826e-13	
1.34696	1.34696	1.43478	1.57567	1.73545	1.84186	1.83167	1.71301	1.4771	1.1473	0.75438	0.332492	-0.0910494	-0.482575	-0.822768	-1.09103	-1.29467	-1.43035	-1.51342	-1.55256	-1.55989	-1.54301	-1.4869	-1.38026	-1.22313	-0.992304	-0.693045	-0.332878	0.0782256	0.502074	0.918428	1.28936	1.59271	1.79662	1.91649	1.96581	1.95462	1.91677	1.83465	1.71966	1.65248	1.6749	1.77507	1.91188	2.03225	2.12127	2.16108	2.15708	2.10037	2.00788	1.87775	1.72314	1.55154	1.3714	1.19559	1.03388	0.892641	0.7812	0.706923	0.671372	0.675405	0.718775	0.800615	0.918889	1.06494	1.22989	1.40713	1.58621	1.75654	1.90586	2.02969	2.11514	2.16203	2.15653	2.10565	2.00373	1.8596	1.6716	1.45777	1.21787	0.968667	0.730284	0.500307	0.294309	0.143789	0.0579034	0.0193419	0.00542162	0.00129138	0.000264517	4.70977e-05	7.35911e-06	1.01758e-06	1.25438e-07	1.3875e-08	1.38512e-09	1.25436e-10	1.03559e-11	8.3613e-13	8.3613e-13	
1.05987	1.05987	1.19958	1.40181	1.61191	1.78271	1.84764	1.8053	1.65827	1.41037	1.09821	0.725859	0.35119	-0.021026	-0.35236	-0.637958	-0.865602	-1.02886	-1.13628	-1.19791	-1.21202	-1.17852	-1.1015	-0.97124	-0.779229	-0.532467	-0.223263	0.123913	0.502032	0.877016	1.2333	1.52119	1.74372	1.87424	1.94178	1.95126	1.92703	1.88398	1.79655	1.70611	1.68585	1.74883	1.87158	2.00197	2.10206	2.15816	2.15813	2.10735	2.00608	1.85984	1.67899	1.47059	1.2506	1.02664	0.810603	0.611951	0.443706	0.311128	0.217777	0.171801	0.177004	0.232942	0.334688	0.474673	0.64966	0.852403	1.0706	1.29619	1.51367	1.71722	1.89278	2.02969	2.12187	2.16211	2.15058	2.08139	1.9635	1.79488	1.59062	1.35808	1.10356	0.853787	0.613113	0.386431	0.20448	0.0893282	0.032276	0.00974197	0.00248675	0.000543408	0.000102798	1.70035e-05	2.48087e-06	3.21766e-07	3.73522e-08	3.90441e-09	3.69483e-10	3.1819e-11	2.68206e-12	2.68206e-12	
0.777427	0.777427	0.954844	1.20797	1.45699	1.67668	1.81507	1.84576	1.78963	1.62634	1.39496	1.11014	0.789927	0.46499	0.156649	-0.118981	-0.346693	-0.523748	-0.650293	-0.717264	-0.730145	-0.695871	-0.606486	-0.460823	-0.262143	-0.0126655	0.274929	0.596628	0.918111	1.23284	1.49398	1.70954	1.84466	1.90482	1.92275	1.89931	1.86928	1.81873	1.73501	1.68478	1.71623	1.81744	1.95373	2.07037	2.14496	2.16348	2.12305	2.02414	1.87189	1.67442	1.4424	1.18401	0.913089	0.644264	0.387581	0.156179	-0.0413491	-0.196016	-0.297465	-0.344725	-0.339434	-0.281429	-0.169128	-0.00488395	0.199728	0.436967	0.698062	0.967498	1.23679	1.49141	1.71722	1.90586	2.04903	2.13517	2.1648	2.13196	2.04257	1.89851	1.70655	1.4833	1.22979	0.97082	0.721265	0.480361	0.272291	0.127975	0.0496915	0.0160638	0.00437415	0.00101562	0.000203398	3.55e-05	5.4494e-06	7.41669e-07	9.01364e-08	9.84356e-09	9.71396e-10	8.70928e-11	7.65016e-12	7.65016e-12	
0.522241	0.522241	0.711793	0.995236	1.27364	1.52193	1.72278	1.82629	1.84481	1.78624	1.63566	1.43184	1.18594	0.925039	0.663068	0.42185	0.212342	0.0448605	-0.071336	-0.140211	-0.157694	-0.117596	-0.0295371	0.10629	0.290388	0.514837	0.765737	1.02943	1.28771	1.51839	1.70612	1.83037	1.87488	1.88327	1.85186	1.80939	1.77861	1.7215	1.65956	1.66514	1.74941	1.88218	2.02001	2.1171	2.16348	2.14258	2.05921	1.91275	1.71194	1.46069	1.17725	0.869643	0.553589	0.241074	-0.0514138	-0.316488	-0.539875	-0.712756	-0.831799	-0.891911	-0.885051	-0.812356	-0.682394	-0.499177	-0.266417	0.00511307	0.302407	0.617367	0.931912	1.23679	1.51367	1.75654	1.94657	2.08092	2.15177	2.15837	2.09808	1.98026	1.80529	1.59276	1.34485	1.07996	0.822329	0.571637	0.34335	0.172097	0.0712948	0.0245324	0.00708726	0.00173993	0.000367261	6.73623e-05	1.08384e-05	1.54257e-06	1.95638e-07	2.22545e-08	2.28377e-09	2.12615e-10	1.94127e-11	1.94127e-11	
0.315097	0.315097	0.485837	0.766657	1.06457	1.32888	1.56381	1.74159	1.82741	1.84471	1.79471	1.67905	1.51536	1.323	1.11935	0.924827	0.747622	0.603796	0.498038	0.439035	0.426342	0.456557	0.535748	0.658208	0.815681	1.00112	1.20091	1.40187	1.58578	1.73199	1.82788	1.85778	1.84682	1.79682	1.72628	1.68619	1.6532	1.60031	1.58555	1.65709	1.78845	1.94115	2.07127	2.14663	2.16028	2.10158	1.97528	1.78097	1.53219	1.23332	0.898676	0.545377	0.183198	-0.16652	-0.494896	-0.785699	-1.02921	-1.22073	-1.34971	-1.41051	-1.40375	-1.32921	-1.18711	-0.984611	-0.731407	-0.431512	-0.0972314	0.25449	0.617367	0.967498	1.29619	1.58621	1.82449	2.00594	2.11875	2.16296	2.13429	2.04304	1.88688	1.68546	1.44628	1.17974	0.91502	0.657088	0.413893	0.219287	0.0961939	0.0349999	0.0106636	0.00275297	0.000609352	0.000116902	1.96282e-05	2.90923e-06	3.83536e-07	4.52771e-08	4.81485e-09	4.63919e-10	4.3884e-11	4.3884e-11	
0.167682	0.167682	0.295959	0.535005	0.829019	1.10912	1.35491	1.57374	1.73656	1.8228	1.84619	1.81416	1.73614	1.623	1.49023	1.35181	1.22209	1.11263	1.02987	0.980765	0.967486	0.995869	1.05864	1.15421	1.27224	1.40782	1.54494	1.67266	1.77244	1.83535	1.84919	1.81604	1.73948	1.63631	1.56408	1.53103	1.49566	1.47455	1.53042	1.66648	1.83272	1.99308	2.10802	2.15926	2.1411	2.04499	1.87775	1.63963	1.34294	0.999083	0.619756	0.222535	-0.17654	-0.563539	-0.920053	-1.23404	-1.49907	-1.70017	-1.83077	-1.89228	-1.88544	-1.81014	-1.66557	-1.45096	-1.17464	-0.851928	-0.488051	-0.0972314	0.302407	0.698062	1.0706	1.40713	1.69179	1.91762	2.06973	2.15124	2.15369	2.08751	1.95301	1.7636	1.53323	1.26822	0.998156	0.734627	0.480758	0.266911	0.123029	0.0470078	0.0150099	0.00405122	0.000935223	0.000186704	3.25548e-05	5.00176e-06	6.8243e-07	8.32549e-08	9.13755e-09	9.0765e-10	8.8602e-11	8.8602e-11	
0.0776156	0.0776156	0.157305	0.32736	0.577929	0.859474	1.11956	1.34841	1.55016	1.70628	1.80348	1.84447	1.83867	1.79656	1.73072	1.65175	1.57176	1.49813	1.44484	1.4123	1.40282	1.42281	1.46358	1.52534	1.6034	1.68389	1.75942	1.81722	1.84635	1.83651	1.77886	1.67638	1.54659	1.43602	1.37355	1.33978	1.32628	1.37143	1.50549	1.69201	1.8775	2.03524	2.13312	2.16073	2.11059	1.98125	1.77441	1.49736	1.15756	0.772015	0.351255	-0.0825244	-0.517219	-0.93201	-1.31128	-1.64571	-1.92031	-2.1307	-2.27745	-2.35155	-2.34322	-2.25355	-2.09354	-1.87084	-1.58324	-1.23793	-0.851928	-0.431512	0.00511307	0.436967	0.852403	1.22989	1.55793	1.822	2.01307	2.12749	2.16046	2.11868	2.00385	1.82705	1.60629	1.3448	1.07082	0.802752	0.54144	0.312445	0.150181	0.0598367	0.0198937	0.00557962	0.00133575	0.000276006	4.97244e-05	7.88099e-06	1.10765e-06	1.39024e-07	1.56802e-08	1.59902e-09	1.60387e-10	1.60387e-10	
0.0309938	0.0309938	0.0718549	0.171466	0.347258	0.588635	0.851744	1.09517	1.30889	1.49448	1.64519	1.75341	1.8179	1.84384	1.83988	1.81667	1.78397	1.74783	1.71705	1.69879	1.69546	1.70454	1.72858	1.76177	1.79788	1.82728	1.84458	1.83745	1.79781	1.71783	1.59918	1.45534	1.31443	1.20691	1.14514	1.13312	1.18222	1.31005	1.50929	1.72656	1.91901	2.06843	2.14728	2.15292	2.0752	1.91427	1.67424	1.36051	0.985445	0.561733	0.107539	-0.360847	-0.822014	-1.25986	-1.65896	-1.99951	-2.27817	-2.4965	-2.64517	-2.71602	-2.70823	-2.62164	-2.458	-2.22713	-1.93669	-1.58324	-1.17464	-0.731407	-0.266417	0.199728	0.64966	1.06494	1.42834	1.72867	1.95269	2.09756	2.15808	2.13711	2.04217	1.87782	1.6656	1.40894	1.13254	0.860591	0.594076	0.353656	0.175966	0.0725994	0.0249662	0.00723127	0.00178475	0.000379594	7.02885e-05	1.14351e-05	1.64776e-06	2.11813e-07	2.4444e-08	2.54843e-09	2.61526e-10	2.61526e-10	
0.0106482	0.0106482	0.0280171	0.0759697	0.175779	0.341837	0.563321	0.805082	1.03354	1.235	1.40789	1.55139	1.66354	1.74418	1.79574	1.82392	1.83617	1.83896	1.83531	1.8315	1.83116	1.83274	1.83712	1.83884	1.83279	1.81512	1.77841	1.71576	1.62332	1.50062	1.35369	1.19505	1.04677	0.939356	0.904927	0.958336	1.09065	1.28991	1.53114	1.76161	1.95243	2.09201	2.15513	2.14062	2.039	1.85284	1.5826	1.24071	0.832973	0.381401	-0.103382	-0.597588	-1.07987	-1.5395	-1.94732	-2.29115	-2.57162	-2.77894	-2.90769	-2.96507	-2.95881	-2.88801	-2.74392	-2.52094	-2.22713	-1.87084	-1.45096	-0.984611	-0.499177	-0.00488395	0.474673	0.918889	1.31437	1.64315	1.89649	2.06656	2.15004	2.14838	2.06955	1.91581	1.71143	1.46048	1.18304	0.907704	0.637416	0.388719	0.198796	0.0843467	0.0298049	0.00885909	0.00224078	0.000487786	9.23386e-05	1.53421e-05	2.25577e-06	2.95642e-07	3.47609e-08	3.6901e-09	3.8587e-10	3.8587e-10	
0.00315182	0.00315182	0.00932305	0.0284141	0.0744047	0.165061	0.311087	0.504427	0.719907	0.93088	1.12135	1.28567	1.42295	1.53379	1.61951	1.68233	1.72608	1.75573	1.77403	1.78302	1.7848	1.78027	1.76775	1.74539	1.71052	1.65982	1.58813	1.49277	1.37208	1.22674	1.06147	0.890682	0.745988	0.673838	0.709922	0.8474	1.05043	1.2956	1.55733	1.79044	1.97803	2.10782	2.1567	2.12843	2.00622	1.80109	1.50724	1.14283	0.710303	0.23634	-0.271861	-0.784452	-1.28563	-1.75574	-2.17233	-2.52204	-2.79086	-2.98058	-3.10534	-3.16764	-3.16049	-3.08516	-2.94832	-2.74392	-2.458	-2.09354	-1.66557	-1.18711	-0.682394	-0.169128	0.334688	0.800615	1.22189	1.57198	1.84963	2.0376	2.14152	2.15343	2.08771	1.94424	1.74483	1.49857	1.22168	0.943873	0.670755	0.416283	0.217308	0.0941732	0.0339695	0.0102966	0.00265304	0.000587736	0.000113128	1.9098e-05	2.85134e-06	3.7927e-07	4.52395e-08	4.87042e-09	5.16884e-10	5.16884e-10	
0.000807069	0.000807069	0.00265819	0.00900821	0.0264049	0.0661207	0.141497	0.260601	0.419123	0.601067	0.786966	0.961652	1.11659	1.24834	1.35643	1.44178	1.50612	1.55222	1.58294	1.59968	1.60332	1.59455	1.57235	1.53577	1.48273	1.41028	1.31602	1.19871	1.05822	0.897804	0.727942	0.572769	0.472908	0.473033	0.590407	0.795029	1.04131	1.30936	1.57832	1.81012	1.99523	2.11808	2.15721	2.11787	1.98255	1.76284	1.45356	1.07246	0.624703	0.131956	-0.386697	-0.918609	-1.42816	-1.90232	-2.33498	-2.68276	-2.93138	-3.1199	-3.27031	-3.35656	-3.34633	-3.24399	-3.08516	-2.88801	-2.62164	-2.25355	-1.81014	-1.32921	-0.812356	-0.281429	0.232942	0.718775	1.15395	1.5218	1.81376	2.01664	2.13291	2.15589	2.09917	1.96327	1.7672	1.52375	1.24782	0.968667	0.693649	0.435448	0.230455	0.101313	0.0370599	0.0113837	0.0029701	0.000665804	0.000129603	2.21159e-05	3.33642e-06	4.4831e-07	5.40085e-08	5.87193e-09	6.29761e-10	6.29761e-10	
0.000179779	0.000179779	0.000653429	0.00243821	0.00791624	0.0221228	0.0531696	0.110336	0.199607	0.319575	0.4613	0.61211	0.760043	0.896275	1.0155	1.11514	1.19435	1.25343	1.29358	1.31593	1.32106	1.30912	1.27978	1.23219	1.16517	1.07775	0.970134	0.843825	0.702862	0.555725	0.418174	0.3163	0.285425	0.356971	0.532994	0.775646	1.04203	1.3189	1.58997	1.82158	2.00428	2.12114	2.15802	2.11121	1.96919	1.7427	1.42357	1.03532	0.578214	0.0754866	-0.446555	-0.99311	-1.50152	-1.97997	-2.42604	-2.76612	-3.00084	-3.19946	-3.37861	-3.48637	-3.4735	-3.34633	-3.16049	-2.95881	-2.70823	-2.34322	-1.88544	-1.40375	-0.885051	-0.339434	0.177004	0.675405	1.11725	1.49484	1.79402	2.00583	2.12666	2.15804	2.10343	1.97202	1.77963	1.53716	1.26135	0.981656	0.705748	0.445651	0.237538	0.105212	0.0387703	0.0119925	0.00314955	0.000710405	0.000139097	2.38698e-05	3.62068e-06	4.8911e-07	5.92359e-08	6.47441e-09	6.98369e-10	6.98369e-10	
3.50548e-05	3.50548e-05	0.000139474	0.000568145	0.00202404	0.00624645	0.0166739	0.0385786	0.0778709	0.138646	0.220938	0.320298	0.429317	0.539843	0.644677	0.738368	0.817204	0.878864	0.922167	0.946724	0.95242	0.939194	0.907132	0.856399	0.787668	0.702536	0.603872	0.496148	0.386051	0.28312	0.201048	0.159776	0.185647	0.30197	0.507358	0.76591	1.03943	1.31895	1.5908	1.82274	2.00523	2.12124	2.15804	2.11048	1.96781	1.74081	1.42064	1.03186	0.573754	0.0701864	-0.452198	-1.00016	-1.50808	-1.98714	-2.43455	-2.7735	-3.00691	-3.20706	-3.38948	-3.49953	-3.48637	-3.35656	-3.16764	-2.96507	-2.71602	-2.35155	-1.89228	-1.41051	-0.891911	-0.344725	0.171801	0.671372	1.11387	1.49232	1.7922	2.00487	2.12608	2.15835	2.10382	1.97278	1.78076	1.53836	1.26256	0.982836	0.70685	0.446584	0.238189	0.105573	0.0389294	0.0120494	0.00316639	0.000714606	0.000139994	2.4036e-05	3.6477e-06	4.92998e-07	5.97357e-08	6.5322e-09	7.04974e-10	7.04974e-10	
6.02131e-06	6.02131e-06	2.60401e-05	0.000114946	0.000445679	0.00150499	0.00441733	0.011279	0.025162	0.049444	0.0865667	0.136882	0.198275	0.266687	0.337105	0.404519	0.464558	0.513738	0.549506	0.570233	0.575071	0.563821	0.536935	0.495554	0.441668	0.378206	0.309038	0.238947	0.173508	0.119226	0.0848904	0.0847596	0.140823	0.275453	0.490051	0.752726	1.02768	1.30752	1.58024	1.81291	1.99778	2.11918	2.15739	2.11619	1.97899	1.75733	1.4455	1.06229	0.612119	0.116603	-0.403105	-0.938767	-1.4485	-1.92348	-2.35941	-2.70554	-2.9504	-3.14077	-3.29795	-3.38948	-3.37861	-3.27031	-3.10534	-2.90769	-2.64517	-2.27745	-1.83077	-1.34971	-0.831799	-0.297465	0.217777	0.706923	1.14388	1.51446	1.80836	2.01366	2.1314	2.15641	2.10068	1.96587	1.77045	1.52731	1.25151	0.972209	0.696937	0.43822	0.232377	0.102368	0.0375214	0.0115475	0.00301825	0.000677744	0.000132139	2.25833e-05	3.41201e-06	4.59134e-07	5.53918e-08	6.03095e-09	6.47814e-10	6.47814e-10	
