5.78398	5.78398	5.50518	5.02461	4.36848	3.54094	2.61216	1.69837	0.901975	0.259394	-0.242452	-0.633118	-0.941099	-1.18496	-1.37683	-1.52063	-1.62892	-1.70419	-1.75328	-1.77946	-1.78541	-1.77156	-1.73642	-1.67835	-1.59023	-1.46829	-1.30799	-1.09847	-0.841136	-0.532453	-0.172263	0.23302	0.671889	1.12707	1.57724	1.9975	2.36018	2.64363	2.83741	2.911	2.83789	2.64384	2.36102	1.98238	1.51409	1.02505	0.609435	0.32151	0.157438	0.0810231	0.0541351	0.0506994	0.0568528	0.0663434	0.076538	0.086225	0.0946947	0.101435	0.106061	0.108311	0.108058	0.105317	0.100241	0.0931151	0.0843331	0.0743745	0.0637676	0.0530498	0.0427255	0.0332257	0.0248748	0.0178695	0.0122734	0.00802852	0.00498138	0.00291938	0.00160934	0.000831148	0.00040067	0.000179709	7.47949e-05	2.88271e-05	1.02741e-05	3.38339e-06	1.02923e-06	2.89288e-07	7.51766e-08	1.80798e-08	4.02895e-09	8.33095e-10	1.60093e-10	2.86376e-11	4.77656e-12	7.44127e-13	1.0846e-13	1.48151e-14	1.89966e-15	2.29293e-16	2.87813e-17	2.87813e-17	
5.78398	5.78398	5.50518	5.02461	4.36848	3.54094	2.61216	1.69837	0.901975	0.259394	-0.242452	-0.633118	-0.941099	-1.18496	-1.37683	-1.52063	-1.62892	-1.70419	-1.75328	-1.77946	-1.78541	-1.77156	-1.73642	-1.67835	-1.59023	-1.46829	-1.30799	-1.09847	-0.841136	-0.532453	-0.172263	0.23302	0.671889	1.12707	1.57724	1.9975	2.36018	2.64363	2.83741	2.911	2.83789	2.64384	2.36102	1.98238	1.51409	1.02505	0.609435	0.32151	0.157438	0.0810231	0.0541351	0.0506994	0.0568528	0.0663434	0.076538	0.086225	0.0946947	0.101435	0.106061	0.108311	0.108058	0.105317	0.100241	0.0931151	0.0843331	0.0743745	0.0637676	0.0530498	0.0427255	0.0332257	0.0248748	0.0178695	0.0122734	0.00802852	0.00498138	0.00291938	0.00160934	0.000831148	0.00040067	0.000179709	7.47949e-05	2.88271e-05	1.02741e-05	3.38339e-06	1.02923e-06	2.89288e-07	7.51766e-08	1.80798e-08	4.02895e-09	8.33095e-10	1.60093e-10	2.86376e-11	4.77656e-12	7.44127e-13	1.0846e-13	1.48151e-14	1.89966e-15	2.29293e-16	2.87813e-17	2.87813e-17	
5.50518	5.50518	5.29075	4.8367	4.17881	3.39563	2.5465	1.70872	0.961362	0.344022	-0.138966	-0.513443	-0.800054	-1.02078	-1.18847	-1.31767	-1.41084	-1.47644	-1.51872	-1.54141	-1.54596	-1.53478	-1.50358	-1.45297	-1.37773	-1.27195	-1.12878	-0.947549	-0.717338	-0.438047	-0.110911	0.255623	0.653213	1.06887	1.48755	1.8857	2.24452	2.52774	2.69863	2.76476	2.72832	2.56738	2.28725	1.92025	1.49864	1.06536	0.680643	0.393756	0.216623	0.12807	0.0956637	0.0925208	0.102177	0.116328	0.131205	0.145067	0.156977	0.16632	0.172667	0.175736	0.175392	0.171651	0.164675	0.154769	0.142367	0.128016	0.112349	0.0960473	0.0798057	0.0642792	0.0500367	0.037516	0.0269911	0.0185574	0.0121394	0.00752095	0.00439252	0.00240734	0.00123276	0.000587577	0.00025983	0.000106325	4.01891e-05	1.40156e-05	4.50748e-06	1.33695e-06	3.65932e-07	9.25128e-08	2.16302e-08	4.68396e-09	9.40942e-10	1.75653e-10	3.05252e-11	4.94711e-12	7.49051e-13	1.06146e-13	1.4102e-14	1.76174e-15	2.29293e-16	2.29293e-16	
5.02461	5.02461	4.8367	4.4177	3.83136	3.16183	2.44599	1.72848	1.05255	0.478629	0.0316823	-0.2978	-0.535351	-0.709304	-0.83583	-0.929448	-0.995196	-1.04175	-1.07117	-1.08749	-1.09162	-1.08248	-1.06219	-1.02438	-0.971259	-0.897318	-0.794357	-0.661058	-0.489199	-0.277711	-0.0219029	0.27596	0.612443	0.972491	1.34047	1.69242	2.00179	2.26235	2.44024	2.52096	2.51574	2.39543	2.14742	1.8267	1.48786	1.14578	0.816132	0.536938	0.341247	0.232544	0.189932	0.186588	0.201937	0.223974	0.246776	0.267619	0.285187	0.298751	0.307858	0.312231	0.311743	0.306408	0.296379	0.281948	0.26355	0.241763	0.217298	0.190994	0.163783	0.136656	0.110597	0.0865139	0.0651536	0.0470343	0.032395	0.0211824	0.0130824	0.0075929	0.00412122	0.00208268	0.000976215	0.000423126	0.000169207	6.2339e-05	2.11441e-05	6.60216e-06	1.89874e-06	5.03423e-07	1.2321e-07	2.78781e-08	5.84146e-09	1.13555e-09	2.05175e-10	3.45222e-11	5.41928e-12	7.95168e-13	1.09256e-13	1.4102e-14	1.89966e-15	1.89966e-15	
4.36848	4.36848	4.17881	3.83136	3.37053	2.83789	2.29175	1.73379	1.17399	0.676833	0.279366	0.00249352	-0.184095	-0.301985	-0.380218	-0.430693	-0.468053	-0.492228	-0.509064	-0.519404	-0.520533	-0.515852	-0.50501	-0.484027	-0.455176	-0.413613	-0.361353	-0.286237	-0.185471	-0.0528989	0.113663	0.319771	0.559544	0.83051	1.11135	1.40165	1.66643	1.89329	2.08448	2.19502	2.21006	2.13602	1.96875	1.74292	1.50819	1.26803	1.00795	0.74948	0.539671	0.408097	0.350692	0.343971	0.363675	0.393305	0.42404	0.451818	0.474883	0.492446	0.504115	0.509685	0.509066	0.502267	0.489389	0.470634	0.44632	0.416897	0.382977	0.345348	0.304994	0.26309	0.220972	0.180067	0.141789	0.107399	0.07787	0.0537587	0.0351425	0.0216313	0.0124686	0.00669625	0.00333571	0.00153567	0.000651566	0.000254313	9.12218e-05	3.00639e-05	9.10718e-06	2.53812e-06	6.51621e-07	1.54355e-07	3.3796e-08	6.85255e-09	1.28925e-09	2.2552e-10	3.67501e-11	5.5899e-12	7.95168e-13	1.06146e-13	1.48151e-14	1.48151e-14	
3.54094	3.54094	3.39563	3.16183	2.83789	2.46435	2.09471	1.69885	1.28887	0.891411	0.568246	0.348726	0.222138	0.158759	0.127906	0.109366	0.0997749	0.0885448	0.0813119	0.0774036	0.0766334	0.0788626	0.0855605	0.0917906	0.101217	0.112377	0.123288	0.137821	0.158021	0.199587	0.26112	0.358409	0.481698	0.642565	0.828655	1.03473	1.26466	1.47304	1.65342	1.78454	1.83911	1.84013	1.79546	1.70096	1.57897	1.43596	1.25042	1.02673	0.812747	0.658324	0.579646	0.561692	0.579101	0.611217	0.645899	0.677393	0.703366	0.722962	0.735881	0.742018	0.741338	0.73384	0.719553	0.698538	0.670908	0.636854	0.596682	0.550853	0.500043	0.445195	0.38757	0.328757	0.270622	0.215185	0.164434	0.120077	0.0832932	0.054544	0.0335106	0.0192028	0.0102095	0.00501401	0.00226689	0.000941268	0.000358466	0.000125151	4.00682e-05	1.17741e-05	3.1798e-06	7.90569e-07	1.81287e-07	3.84203e-08	7.54101e-09	1.37371e-09	2.3274e-10	3.67501e-11	5.41928e-12	7.49051e-13	1.0846e-13	1.0846e-13	
2.61216	2.61216	2.5465	2.44599	2.29175	2.09471	1.86695	1.62423	1.36322	1.08397	0.853147	0.693175	0.619644	0.592576	0.59646	0.60114	0.60545	0.602143	0.599172	0.59934	0.594272	0.598419	0.602167	0.602747	0.6023	0.589964	0.569363	0.533212	0.486287	0.433918	0.389357	0.363628	0.375846	0.422655	0.526174	0.657068	0.821046	0.999795	1.16855	1.32932	1.46199	1.57336	1.66887	1.71634	1.70611	1.64941	1.53414	1.35269	1.14282	0.965272	0.856914	0.816436	0.821342	0.84808	0.880944	0.911932	0.937726	0.95718	0.969971	0.976033	0.97536	0.967945	0.953764	0.93278	0.904952	0.87025	0.828676	0.780305	0.725324	0.664106	0.59731	0.526003	0.451758	0.376676	0.303315	0.234487	0.172917	0.120799	0.0793873	0.0487445	0.0277882	0.0146292	0.0070821	0.00314321	0.00127662	0.000474136	0.000161049	5.00728e-05	1.42703e-05	3.73439e-06	8.99168e-07	1.99636e-07	4.09629e-08	7.78544e-09	1.37371e-09	2.2552e-10	3.45222e-11	4.94711e-12	7.44127e-13	7.44127e-13	
1.69837	1.69837	1.70872	1.72848	1.73379	1.69885	1.62423	1.53911	1.41546	1.25914	1.0984	0.982573	0.92554	0.915617	0.922908	0.933918	0.934827	0.93929	0.934923	0.932009	0.932813	0.932875	0.935146	0.937527	0.931415	0.914468	0.881726	0.816461	0.72773	0.6089	0.486037	0.361625	0.269857	0.212539	0.206942	0.258476	0.357314	0.504208	0.683243	0.90286	1.14447	1.38299	1.61072	1.7872	1.8787	1.89436	1.83708	1.69595	1.49443	1.29458	1.15082	1.07881	1.0628	1.07803	1.10513	1.13316	1.15724	1.17559	1.18767	1.1934	1.19276	1.18573	1.17228	1.15231	1.12571	1.09238	1.0522	1.00504	0.950846	0.889588	0.821308	0.74624	0.664995	0.578762	0.489457	0.399818	0.313309	0.233762	0.164741	0.108784	0.066798	0.0378879	0.0197438	0.00941561	0.004099	0.00162711	0.000588898	0.000194491	5.86978e-05	1.62192e-05	4.11218e-06	9.58898e-07	2.06153e-07	4.09629e-08	7.54101e-09	1.28925e-09	2.05175e-10	3.05252e-11	4.77656e-12	4.77656e-12	
0.901975	0.901975	0.961362	1.05255	1.17399	1.28887	1.36322	1.41546	1.42932	1.38537	1.28952	1.19373	1.12109	1.08598	1.06876	1.06803	1.06874	1.06799	1.06759	1.06485	1.06653	1.06715	1.06568	1.06786	1.06091	1.04589	1.01474	0.959236	0.859826	0.715525	0.532345	0.33531	0.144971	-0.00805485	-0.108839	-0.139651	-0.0913889	0.0526694	0.275839	0.573528	0.925981	1.28216	1.61686	1.8943	2.06929	2.1424	2.12913	2.02306	1.83443	1.61858	1.44124	1.3351	1.29414	1.29446	1.31352	1.3372	1.35866	1.37527	1.38624	1.39143	1.39084	1.38443	1.37212	1.35373	1.32905	1.29781	1.25979	1.21476	1.1626	1.10326	1.03674	0.962991	0.881985	0.793898	0.699321	0.599542	0.496895	0.394968	0.298429	0.212329	0.140936	0.0865352	0.0488046	0.0251496	0.0118008	0.00503299	0.00195038	0.000687232	0.00022051	6.4563e-05	1.72904e-05	4.24635e-06	9.58898e-07	1.99636e-07	3.84203e-08	6.85255e-09	1.13555e-09	1.75653e-10	2.86376e-11	2.86376e-11	
0.259394	0.259394	0.344022	0.478629	0.676833	0.891411	1.08397	1.25914	1.38537	1.4322	1.37869	1.27065	1.15717	1.07978	1.04153	1.03292	1.03532	1.04235	1.04849	1.05162	1.05218	1.0497	1.04482	1.03588	1.02293	1.00286	0.970126	0.922315	0.837434	0.699232	0.4995	0.255053	-0.00198722	-0.234709	-0.407601	-0.479898	-0.444955	-0.282056	-0.00130808	0.370796	0.808912	1.25232	1.66125	2.00823	2.24765	2.3686	2.39216	2.31951	2.15069	1.92882	1.72375	1.58323	1.51331	1.49387	1.50066	1.5166	1.53284	1.5458	1.55441	1.55847	1.55799	1.55293	1.5431	1.5282	1.50778	1.48131	1.44822	1.40793	1.35993	1.30393	1.23994	1.16816	1.08877	1.00197	0.907959	0.807011	0.699701	0.587477	0.473314	0.362062	0.260004	0.173376	0.106337	0.0595464	0.0302924	0.013961	0.00582385	0.00220008	0.000753823	0.000234782	6.66443e-05	1.72904e-05	4.11218e-06	8.99168e-07	1.81287e-07	3.3796e-08	5.84146e-09	9.40942e-10	1.60093e-10	1.60093e-10	
-0.242452	-0.242452	-0.138966	0.0316823	0.279366	0.568246	0.853147	1.0984	1.28952	1.37869	1.33021	1.19001	1.02768	0.917394	0.871212	0.874181	0.895748	0.915926	0.936346	0.946298	0.94945	0.944865	0.926985	0.90319	0.871399	0.826152	0.773216	0.718942	0.648208	0.535848	0.354717	0.114668	-0.162327	-0.41745	-0.614539	-0.702301	-0.655247	-0.463182	-0.13751	0.282187	0.766706	1.25968	1.71423	2.10892	2.40176	2.56861	2.62747	2.58642	2.4395	2.21626	1.98533	1.80723	1.70198	1.65594	1.64467	1.6485	1.6564	1.66362	1.66856	1.6709	1.67061	1.66762	1.66169	1.65239	1.63916	1.62121	1.59764	1.56751	1.52976	1.48324	1.42718	1.36133	1.28587	1.20122	1.10813	1.00751	0.900088	0.786311	0.666801	0.543354	0.420143	0.304092	0.20337	0.124339	0.0689723	0.0345558	0.0156072	0.00635508	0.00233643	0.000777403	0.000234782	6.4563e-05	1.62192e-05	3.73439e-06	7.90569e-07	1.54355e-07	2.78781e-08	4.68396e-09	8.33095e-10	8.33095e-10	
-0.633118	-0.633118	-0.513443	-0.2978	0.00249352	0.348726	0.693175	0.982573	1.19373	1.27065	1.19001	0.992601	0.792771	0.669607	0.640322	0.650875	0.679022	0.709874	0.738409	0.753961	0.753525	0.747945	0.727341	0.68899	0.644551	0.586853	0.50373	0.41938	0.345915	0.270515	0.147257	-0.0402018	-0.278029	-0.517607	-0.700328	-0.772736	-0.709009	-0.502726	-0.162737	0.269464	0.766133	1.28148	1.76554	2.19727	2.53658	2.74534	2.83299	2.81413	2.68245	2.45601	2.19909	1.98201	1.83845	1.76237	1.73003	1.71966	1.71796	1.71864	1.71945	1.71989	1.71981	1.71911	1.71754	1.71455	1.7095	1.70155	1.68956	1.67239	1.64901	1.61793	1.57742	1.52602	1.46292	1.38769	1.30039	1.20205	1.09447	0.97959	0.858807	0.73272	0.601931	0.469214	0.341398	0.228336	0.13873	0.0759859	0.0373779	0.0164986	0.00654241	0.00233643	0.000753823	0.00022051	5.86978e-05	1.42703e-05	3.1798e-06	6.51621e-07	1.2321e-07	2.16302e-08	4.02895e-09	4.02895e-09	
-0.941099	-0.941099	-0.800054	-0.535351	-0.184095	0.222138	0.619644	0.92554	1.12109	1.15717	1.02768	0.792771	0.578621	0.453539	0.408555	0.397234	0.413618	0.446394	0.466176	0.47972	0.483767	0.473966	0.457284	0.423264	0.376055	0.32544	0.250193	0.150854	0.06251	0.00311167	-0.0601869	-0.166557	-0.330232	-0.508465	-0.653951	-0.708847	-0.639576	-0.442093	-0.11866	0.298158	0.788917	1.31607	1.82102	2.27713	2.64784	2.88573	2.99088	2.98363	2.86099	2.63182	2.35342	2.10145	1.92092	1.8137	1.75845	1.73235	1.71976	1.71292	1.70905	1.70726	1.70741	1.70934	1.71269	1.71693	1.72104	1.72412	1.72493	1.72171	1.71314	1.69822	1.67534	1.64254	1.59813	1.54093	1.46966	1.38344	1.28274	1.16947	1.04678	0.917985	0.784919	0.647605	0.507093	0.369528	0.246179	0.148015	0.079728	0.0383656	0.0164986	0.00635508	0.00220008	0.000687232	0.000194491	5.00728e-05	1.17741e-05	2.53812e-06	5.03423e-07	9.25128e-08	1.80798e-08	1.80798e-08	
-1.18496	-1.18496	-1.02078	-0.709304	-0.301985	0.158759	0.592576	0.915617	1.08598	1.07978	0.917394	0.669607	0.453539	0.306104	0.209999	0.153504	0.147286	0.171734	0.174994	0.187495	0.19534	0.178463	0.173865	0.149283	0.106945	0.0805822	0.0394623	-0.0343886	-0.13021	-0.183173	-0.206814	-0.234082	-0.309554	-0.416517	-0.514067	-0.550564	-0.491088	-0.326628	-0.0361232	0.357891	0.834627	1.36228	1.874	2.33618	2.72013	2.97596	3.09329	3.09361	2.97727	2.74625	2.44953	2.16433	1.94546	1.80404	1.72313	1.67878	1.65328	1.63758	1.62827	1.6238	1.62421	1.62924	1.63829	1.65109	1.66634	1.68275	1.69919	1.71384	1.72393	1.72784	1.72408	1.71092	1.68623	1.64875	1.59757	1.53119	1.44822	1.34802	1.23143	1.10181	0.964504	0.823794	0.680045	0.532672	0.386945	0.255461	0.151222	0.079728	0.0373779	0.0156072	0.00582385	0.00195038	0.000588898	0.000161049	4.00682e-05	9.10718e-06	1.89874e-06	3.65932e-07	7.51766e-08	7.51766e-08	
-1.37683	-1.37683	-1.18847	-0.83583	-0.380218	0.127906	0.59646	0.922908	1.06876	1.04153	0.871212	0.640322	0.408555	0.209999	0.0425758	-0.0328476	-0.0400587	-0.0331386	-0.0350354	-0.0223503	-0.0143974	-0.0319153	-0.0388457	-0.0519802	-0.0833444	-0.122971	-0.13091	-0.154051	-0.218608	-0.269444	-0.273399	-0.243444	-0.236032	-0.265026	-0.313654	-0.349648	-0.312549	-0.183324	0.0742946	0.445458	0.896682	1.40432	1.90702	2.36512	2.75378	3.02167	3.14676	3.14801	3.03021	2.79221	2.47501	2.15588	1.89854	1.72345	1.61699	1.55375	1.51507	1.49072	1.47577	1.46881	1.46944	1.47743	1.49234	1.5134	1.54006	1.57042	1.60278	1.63649	1.66876	1.69653	1.71735	1.7291	1.72914	1.71478	1.68497	1.63898	1.57616	1.49587	1.39708	1.27906	1.1439	0.998328	0.849682	0.699384	0.545518	0.392833	0.255461	0.148015	0.0759859	0.0345558	0.013961	0.00503299	0.00162711	0.000474136	0.000125151	3.00639e-05	6.60216e-06	1.33695e-06	2.89288e-07	2.89288e-07	
-1.52063	-1.52063	-1.31767	-0.929448	-0.430693	0.109366	0.60114	0.933918	1.06803	1.03292	0.874181	0.650875	0.397234	0.153504	-0.0328476	-0.110559	-0.129581	-0.150782	-0.14425	-0.136666	-0.14057	-0.139497	-0.153861	-0.164503	-0.172515	-0.216521	-0.228932	-0.23437	-0.259287	-0.290668	-0.269004	-0.197411	-0.115873	-0.0868646	-0.100403	-0.138026	-0.122293	-0.019129	0.20326	0.539366	0.954471	1.43295	1.92095	2.3705	2.75503	3.0231	3.14471	3.13719	3.01073	2.76248	2.42577	2.07718	1.7864	1.58105	1.4493	1.36749	1.3161	1.28325	1.26244	1.25329	1.25412	1.26485	1.28585	1.31494	1.35248	1.39685	1.44549	1.49646	1.54905	1.59995	1.64649	1.68554	1.71485	1.73058	1.72961	1.70986	1.6698	1.60945	1.52978	1.43117	1.31207	1.17223	1.01896	0.862652	0.705806	0.545518	0.386945	0.246179	0.13873	0.0689723	0.0302924	0.0118008	0.004099	0.00127662	0.000358466	9.12218e-05	2.11441e-05	4.50748e-06	1.02923e-06	1.02923e-06	
-1.62892	-1.62892	-1.41084	-0.995196	-0.468053	0.0997749	0.60545	0.934827	1.06874	1.03532	0.895748	0.679022	0.413618	0.147286	-0.0400587	-0.129581	-0.170552	-0.208396	-0.197895	-0.198396	-0.211052	-0.194081	-0.213675	-0.21832	-0.21144	-0.242498	-0.258741	-0.263412	-0.260789	-0.268097	-0.217631	-0.108656	0.0227183	0.0961309	0.104974	0.0701474	0.070571	0.149684	0.332218	0.623785	1.00183	1.45232	1.91916	2.34816	2.71508	2.97213	3.084	3.06488	2.92766	2.66755	2.31235	1.93686	1.61444	1.37877	1.22201	1.12315	1.0595	1.01766	0.991957	0.980156	0.98131	0.995013	1.02115	1.05898	1.10685	1.16443	1.23064	1.30124	1.37507	1.44908	1.52076	1.58652	1.64359	1.68923	1.71975	1.73246	1.72392	1.69136	1.6338	1.55299	1.45248	1.3312	1.18643	1.0259	0.862652	0.699384	0.532672	0.369528	0.228336	0.124339	0.0595464	0.0251496	0.00941561	0.00314321	0.000941268	0.000254313	6.2339e-05	1.40156e-05	3.38339e-06	3.38339e-06	
-1.70419	-1.70419	-1.47644	-1.04175	-0.492228	0.0885448	0.602143	0.93929	1.06799	1.04235	0.915926	0.709874	0.446394	0.171734	-0.0331386	-0.150782	-0.208396	-0.234607	-0.236039	-0.236918	-0.242225	-0.238078	-0.244998	-0.25166	-0.252874	-0.261353	-0.260536	-0.249475	-0.233876	-0.215271	-0.135438	0.00878303	0.173549	0.272048	0.292867	0.265026	0.25875	0.304751	0.442665	0.69862	1.04262	1.45548	1.88939	2.29099	2.63627	2.8782	2.97607	2.94011	2.7859	2.50866	2.13344	1.73184	1.38149	1.11995	0.944151	0.830419	0.75605	0.706636	0.677476	0.662958	0.664426	0.680995	0.71074	0.755904	0.813165	0.882086	0.961505	1.05019	1.14472	1.24308	1.34107	1.43612	1.5234	1.59993	1.66136	1.70505	1.72876	1.72942	1.70431	1.64984	1.56687	1.46273	1.33743	1.18643	1.01896	0.849682	0.680045	0.507093	0.341398	0.20337	0.106337	0.0488046	0.0197438	0.0070821	0.00226689	0.000651566	0.000169207	4.01891e-05	1.02741e-05	1.02741e-05	
-1.75328	-1.75328	-1.51872	-1.07117	-0.509064	0.0813119	0.599172	0.934923	1.06759	1.04849	0.936346	0.738409	0.466176	0.174994	-0.0350354	-0.14425	-0.197895	-0.236039	-0.233498	-0.235657	-0.244275	-0.232621	-0.246615	-0.250441	-0.243612	-0.263945	-0.266623	-0.239777	-0.186896	-0.134066	-0.0240007	0.140842	0.321419	0.432265	0.469517	0.44623	0.419602	0.434202	0.539518	0.760158	1.06145	1.43327	1.83507	2.20852	2.52687	2.74472	2.81974	2.76126	2.58708	2.29231	1.89919	1.47681	1.1054	0.823817	0.631694	0.504633	0.421941	0.367608	0.334158	0.318786	0.320173	0.338077	0.372237	0.421922	0.487083	0.566866	0.658406	0.761322	0.872397	0.990846	1.11205	1.23349	1.35082	1.46017	1.5567	1.63507	1.69205	1.72434	1.73052	1.7105	1.65774	1.57153	1.46273	1.3312	1.17223	0.998328	0.823794	0.647605	0.469214	0.304092	0.173376	0.0865352	0.0378879	0.0146292	0.00501401	0.00153567	0.000423126	0.000106325	2.88271e-05	2.88271e-05	
-1.77946	-1.77946	-1.54141	-1.08749	-0.519404	0.0774036	0.59934	0.932009	1.06485	1.05162	0.946298	0.753961	0.47972	0.187495	-0.0223503	-0.136666	-0.198396	-0.236919	-0.235658	-0.237259	-0.249149	-0.236159	-0.247879	-0.251573	-0.242993	-0.253346	-0.246702	-0.206334	-0.124405	-0.0380706	0.0972416	0.274164	0.459776	0.583468	0.63104	0.598921	0.547615	0.540626	0.617361	0.794569	1.05579	1.3946	1.76128	2.09871	2.38329	2.57274	2.62292	2.54221	2.34713	2.03409	1.6228	1.18282	0.793062	0.496139	0.291715	0.158092	0.0699994	0.0123818	-0.0235043	-0.0394354	-0.0380992	-0.0194736	0.0172581	0.0704228	0.140242	0.225581	0.327409	0.442676	0.569726	0.705729	0.848495	0.993495	1.13734	1.27533	1.40382	1.51761	1.61179	1.68198	1.72177	1.73048	1.71223	1.65774	1.56687	1.45248	1.31207	1.1439	0.964504	0.784919	0.601931	0.420143	0.260004	0.140936	0.066798	0.0277882	0.0102095	0.00333571	0.000976215	0.00025983	7.47949e-05	7.47949e-05	
-1.78541	-1.78541	-1.54596	-1.09162	-0.520533	0.0766334	0.594272	0.932813	1.06653	1.05218	0.94945	0.753525	0.483767	0.19534	-0.0143975	-0.14057	-0.211053	-0.242227	-0.24428	-0.249157	-0.254699	-0.246924	-0.254534	-0.25807	-0.251435	-0.238948	-0.216788	-0.152799	-0.0492367	0.0698359	0.223212	0.40749	0.596769	0.723008	0.765055	0.717896	0.649552	0.619013	0.660806	0.804962	1.0363	1.33482	1.66152	1.96459	2.21658	2.37591	2.39712	2.28998	2.07102	1.73896	1.31159	0.85912	0.459445	0.156115	-0.0522301	-0.189556	-0.279956	-0.338509	-0.373631	-0.390858	-0.389301	-0.36958	-0.333488	-0.279141	-0.207145	-0.118299	-0.0132208	0.108451	0.245258	0.394639	0.554651	0.720991	0.890327	1.05694	1.21604	1.36167	1.48976	1.59498	1.67594	1.72102	1.73048	1.7105	1.64984	1.55299	1.43117	1.27906	1.10181	0.917985	0.73272	0.543354	0.362062	0.212329	0.108784	0.0487445	0.0192028	0.00669625	0.00208268	0.000587577	0.000179709	0.000179709	
-1.77156	-1.77156	-1.53478	-1.08248	-0.515852	0.0788626	0.598419	0.932875	1.06715	1.0497	0.944865	0.747945	0.473966	0.178463	-0.0319156	-0.139498	-0.194085	-0.238089	-0.232649	-0.236218	-0.247014	-0.232816	-0.246272	-0.246095	-0.228197	-0.229845	-0.194957	-0.101331	0.0439173	0.182648	0.348633	0.530937	0.724534	0.846027	0.871808	0.804777	0.717877	0.664814	0.678798	0.796426	0.991659	1.25343	1.54982	1.81569	2.03158	2.1554	2.14577	2.0126	1.77327	1.42401	0.985157	0.525207	0.123228	-0.18147	-0.389337	-0.525083	-0.612361	-0.668197	-0.702793	-0.717781	-0.716407	-0.69855	-0.663099	-0.612072	-0.542376	-0.45387	-0.347358	-0.222239	-0.0809277	0.0766296	0.247666	0.428929	0.617179	0.807081	0.995152	1.17289	1.33628	1.47649	1.58881	1.67594	1.72177	1.73052	1.70431	1.6338	1.52978	1.39708	1.23143	1.04678	0.858807	0.666801	0.473314	0.298429	0.164741	0.0793873	0.0335106	0.0124686	0.00412122	0.00123276	0.00040067	0.00040067	
-1.73642	-1.73642	-1.50358	-1.06219	-0.50501	0.0855605	0.602167	0.935146	1.06568	1.04482	0.926985	0.727341	0.457284	0.173864	-0.0388475	-0.153867	-0.213693	-0.245049	-0.246745	-0.248166	-0.255067	-0.246975	-0.253806	-0.251747	-0.233802	-0.209109	-0.142484	-0.0186835	0.140816	0.293825	0.461756	0.652709	0.840139	0.948586	0.950431	0.859023	0.754712	0.676499	0.671095	0.765522	0.929417	1.16573	1.42411	1.65114	1.83421	1.92308	1.88413	1.72437	1.46449	1.09852	0.650902	0.190117	-0.207037	-0.501807	-0.700366	-0.826199	-0.90781	-0.959458	-0.989576	-1.0029	-1.00133	-0.98566	-0.955315	-0.907854	-0.843126	-0.762511	-0.661552	-0.541047	-0.400329	-0.240326	-0.0632799	0.129344	0.332131	0.541933	0.751034	0.957139	1.14851	1.32778	1.47649	1.59498	1.68198	1.72434	1.72942	1.69136	1.60945	1.49587	1.34802	1.16947	0.97959	0.786311	0.587477	0.394968	0.233762	0.120799	0.054544	0.0216313	0.0075929	0.00240734	0.000831148	0.000831148	
-1.67835	-1.67835	-1.45297	-1.02438	-0.484027	0.0917906	0.602747	0.937527	1.06786	1.03588	0.90319	0.68899	0.423263	0.14928	-0.0519891	-0.164531	-0.218402	-0.251879	-0.250969	-0.252723	-0.26028	-0.249644	-0.255758	-0.250007	-0.219357	-0.177628	-0.0854937	0.0608234	0.235082	0.394651	0.57238	0.766527	0.94692	1.02437	0.991901	0.881633	0.757832	0.661999	0.644353	0.716259	0.858576	1.06693	1.28927	1.48783	1.63287	1.68716	1.61477	1.43159	1.15338	0.776938	0.325445	-0.12673	-0.509869	-0.787452	-0.970325	-1.0847	-1.15306	-1.19525	-1.22018	-1.23078	-1.22964	-1.21744	-1.19239	-1.15397	-1.10085	-1.02874	-0.937806	-0.827369	-0.694239	-0.539943	-0.364275	-0.168887	0.0413549	0.26551	0.493883	0.723917	0.944701	1.14851	1.33628	1.48976	1.61179	1.69205	1.72876	1.72392	1.6698	1.57616	1.44822	1.28274	1.09447	0.900088	0.699701	0.496895	0.313309	0.172917	0.0832932	0.0351425	0.0130824	0.00439252	0.00160934	0.00160934	
-1.59023	-1.59023	-1.37773	-0.971259	-0.455176	0.101217	0.6023	0.931415	1.06091	1.02293	0.871399	0.64455	0.376051	0.106932	-0.0833845	-0.172636	-0.211771	-0.253706	-0.245525	-0.246991	-0.258953	-0.240629	-0.250913	-0.235809	-0.185589	-0.14402	-0.0318707	0.13705	0.329402	0.492204	0.676782	0.87027	1.02826	1.07081	1.00716	0.872429	0.731291	0.626022	0.599731	0.656877	0.782883	0.966252	1.16064	1.32206	1.43223	1.45439	1.35066	1.14841	0.853328	0.468849	0.0193141	-0.418269	-0.777049	-1.02998	-1.1871	-1.28012	-1.33406	-1.36374	-1.38101	-1.38805	-1.38779	-1.37984	-1.36207	-1.33576	-1.29667	-1.24177	-1.16892	-1.07403	-0.954506	-0.812526	-0.642756	-0.452481	-0.237841	-0.0104724	0.232942	0.476549	0.723917	0.957139	1.17289	1.36167	1.51761	1.63507	1.70505	1.73246	1.70986	1.63898	1.53119	1.38344	1.20205	1.00751	0.807011	0.599542	0.399818	0.234487	0.120077	0.0537587	0.0211824	0.00752095	0.00291938	0.00291938	
-1.46829	-1.46829	-1.27195	-0.897318	-0.413613	0.112377	0.589964	0.914468	1.04589	1.00286	0.826151	0.586849	0.325424	0.0805291	-0.123135	-0.216986	-0.243701	-0.264204	-0.27012	-0.265551	-0.260865	-0.265206	-0.259115	-0.236132	-0.191411	-0.123711	0.0352487	0.23696	0.41656	0.582149	0.769688	0.962369	1.0864	1.08347	0.990181	0.834031	0.682801	0.574873	0.545989	0.596294	0.709905	0.870837	1.03486	1.1647	1.24559	1.22866	1.09854	0.874983	0.570929	0.181447	-0.255754	-0.66967	-0.993503	-1.21176	-1.3402	-1.40851	-1.44323	-1.45836	-1.46415	-1.46775	-1.46784	-1.46424	-1.45861	-1.44743	-1.42519	-1.38963	-1.33871	-1.26516	-1.16933	-1.04498	-0.892852	-0.712661	-0.505265	-0.275245	-0.0269517	0.232942	0.493883	0.751034	0.995152	1.21604	1.40382	1.5567	1.66136	1.71975	1.72961	1.68497	1.59757	1.46966	1.30039	1.10813	0.907959	0.699321	0.489457	0.303315	0.164434	0.07787	0.032395	0.0121394	0.00498138	0.00498138	
-1.30799	-1.30799	-1.12878	-0.794357	-0.361353	0.123288	0.569363	0.881726	1.01474	0.970125	0.773211	0.503711	0.250127	0.0392525	-0.13152	-0.230555	-0.262681	-0.269272	-0.284325	-0.279488	-0.272228	-0.280113	-0.259783	-0.22644	-0.170869	-0.0587589	0.123659	0.317059	0.482065	0.657316	0.856124	1.03574	1.1117	1.07137	0.941061	0.770074	0.61946	0.517046	0.49418	0.541821	0.643868	0.786296	0.923761	1.02155	1.06779	1.01833	0.863139	0.625196	0.31361	-0.0750789	-0.494892	-0.874448	-1.1572	-1.33245	-1.42419	-1.46152	-1.47215	-1.47201	-1.46909	-1.4656	-1.46627	-1.4704	-1.4747	-1.47878	-1.47839	-1.47057	-1.44601	-1.40135	-1.33208	-1.23254	-1.10329	-0.939278	-0.745751	-0.522089	-0.275245	-0.0104724	0.26551	0.541933	0.807081	1.05694	1.27533	1.46017	1.59993	1.68923	1.73058	1.71478	1.64875	1.54093	1.38769	1.20122	1.00197	0.793898	0.578762	0.376676	0.215185	0.107399	0.0470343	0.0185574	0.00802852	0.00802852	
-1.09847	-1.09847	-0.947549	-0.661058	-0.286237	0.137821	0.533212	0.816461	0.959235	0.92231	0.71892	0.419303	0.150603	-0.0351415	-0.156105	-0.239475	-0.274965	-0.273304	-0.284648	-0.283626	-0.274752	-0.277331	-0.24943	-0.209645	-0.137734	0.00951803	0.188182	0.365494	0.535281	0.737468	0.939089	1.08305	1.10256	1.01654	0.866657	0.694919	0.55176	0.465115	0.451526	0.498921	0.594526	0.7197	0.826234	0.895049	0.910598	0.82529	0.647158	0.398006	0.0820968	-0.297447	-0.691105	-1.02545	-1.25717	-1.38413	-1.43612	-1.44386	-1.43089	-1.41229	-1.39689	-1.39019	-1.39087	-1.3997	-1.41766	-1.43988	-1.46221	-1.47887	-1.48445	-1.47289	-1.43619	-1.36983	-1.26875	-1.13106	-0.956388	-0.745751	-0.505265	-0.237841	0.0413549	0.332131	0.617179	0.890327	1.13734	1.35082	1.5234	1.64359	1.71485	1.72914	1.68623	1.59813	1.46292	1.28587	1.08877	0.881985	0.664995	0.451758	0.270622	0.141789	0.0651536	0.0269911	0.0122734	0.0122734	
-0.841136	-0.841136	-0.717338	-0.489199	-0.185471	0.158021	0.486287	0.727729	0.85982	0.837412	0.648124	0.345632	0.0616376	-0.132656	-0.224831	-0.273665	-0.290944	-0.291389	-0.286942	-0.283748	-0.282449	-0.270237	-0.247489	-0.200822	-0.106535	0.0397978	0.214888	0.401455	0.607243	0.820564	1.0008	1.08609	1.05256	0.938251	0.775572	0.614086	0.493901	0.427211	0.426436	0.477935	0.566679	0.671709	0.749182	0.788935	0.767041	0.651573	0.454581	0.198188	-0.118116	-0.48435	-0.842243	-1.12445	-1.29884	-1.37396	-1.38268	-1.35683	-1.3208	-1.28885	-1.26647	-1.25323	-1.25452	-1.27027	-1.2961	-1.33255	-1.37658	-1.42321	-1.46166	-1.48539	-1.48547	-1.45439	-1.38816	-1.27924	-1.13106	-0.939278	-0.712661	-0.452481	-0.168887	0.129344	0.428929	0.720991	0.993495	1.23349	1.43612	1.58652	1.68554	1.7291	1.71092	1.64254	1.52602	1.36133	1.16816	0.962991	0.74624	0.526003	0.328757	0.180067	0.0865139	0.037516	0.0178695	0.0178695	
-0.532453	-0.532453	-0.438047	-0.277711	-0.0528989	0.199587	0.433917	0.608895	0.715503	0.699146	0.535549	0.269565	0.000372153	-0.190325	-0.286333	-0.326726	-0.33777	-0.337448	-0.329443	-0.324782	-0.318793	-0.306095	-0.276268	-0.217804	-0.105713	0.0603864	0.256735	0.473859	0.690895	0.888471	1.01412	1.03945	0.963063	0.833781	0.685464	0.549677	0.455944	0.41414	0.429628	0.483267	0.563258	0.645151	0.69191	0.701459	0.643492	0.49599	0.282552	0.0223787	-0.291456	-0.634124	-0.947924	-1.16843	-1.28174	-1.30496	-1.27536	-1.22438	-1.17068	-1.12651	-1.09739	-1.08427	-1.08545	-1.10221	-1.13544	-1.18362	-1.24529	-1.31287	-1.38095	-1.44068	-1.47835	-1.48891	-1.45909	-1.38816	-1.26875	-1.10329	-0.892852	-0.642756	-0.364275	-0.0632799	0.247666	0.554651	0.848495	1.11205	1.34107	1.52076	1.64649	1.71735	1.72408	1.67534	1.57742	1.42718	1.23994	1.03674	0.821308	0.59731	0.38757	0.220972	0.110597	0.0500367	0.0248748	0.0248748	
-0.172263	-0.172263	-0.110911	-0.021903	0.113663	0.261119	0.389352	0.486016	0.532262	0.499202	0.353743	0.144366	-0.0679408	-0.225569	-0.31425	-0.349128	-0.359457	-0.363095	-0.357945	-0.354838	-0.347293	-0.327266	-0.290766	-0.210097	-0.0748051	0.10912	0.325557	0.549017	0.748046	0.895377	0.964922	0.944964	0.853032	0.738854	0.610066	0.509931	0.451976	0.436142	0.464674	0.517399	0.585292	0.640214	0.654818	0.628624	0.530617	0.357031	0.131722	-0.131839	-0.437958	-0.752442	-1.01164	-1.16819	-1.21898	-1.19434	-1.13071	-1.06018	-1.00115	-0.958346	-0.931237	-0.916384	-0.918022	-0.935823	-0.966248	-1.01385	-1.08066	-1.16583	-1.26011	-1.35158	-1.42809	-1.47717	-1.48891	-1.45439	-1.36983	-1.23254	-1.04498	-0.812526	-0.539943	-0.240326	0.0766296	0.394639	0.705729	0.990846	1.24308	1.44908	1.59995	1.69653	1.72784	1.69822	1.61793	1.48324	1.30393	1.10326	0.889588	0.664106	0.445195	0.26309	0.136656	0.0642792	0.0332257	0.0332257	
0.23302	0.23302	0.255623	0.27596	0.31977	0.358405	0.36361	0.361551	0.335032	0.254114	0.111794	-0.0481363	-0.186263	-0.277993	-0.331143	-0.354577	-0.362499	-0.363805	-0.362287	-0.360036	-0.348582	-0.327799	-0.275416	-0.179822	-0.0298308	0.168995	0.385186	0.583793	0.736152	0.835033	0.864774	0.825577	0.745802	0.656119	0.571947	0.516223	0.487984	0.497568	0.535111	0.582747	0.632453	0.652735	0.631846	0.567865	0.429819	0.229495	-0.00537028	-0.269823	-0.563668	-0.83879	-1.03817	-1.12715	-1.12251	-1.06034	-0.979902	-0.90772	-0.852776	-0.817001	-0.795984	-0.785409	-0.786588	-0.799584	-0.823064	-0.86318	-0.925991	-1.01005	-1.11584	-1.23114	-1.33912	-1.42809	-1.47835	-1.48547	-1.43619	-1.33208	-1.16933	-0.954506	-0.694239	-0.400329	-0.0809277	0.245258	0.569726	0.872397	1.14472	1.37507	1.54905	1.66876	1.72393	1.71314	1.64901	1.52976	1.35993	1.1626	0.950846	0.725324	0.500043	0.304994	0.163783	0.0798057	0.0427255	0.0427255	
0.671889	0.671889	0.653213	0.612443	0.559541	0.481683	0.375783	0.269613	0.14412	-0.00467788	-0.169992	-0.297627	-0.375057	-0.401057	-0.402744	-0.387901	-0.378172	-0.367577	-0.359945	-0.355174	-0.340212	-0.313251	-0.259716	-0.155564	-0.0054992	0.183319	0.372013	0.531618	0.647609	0.717177	0.737863	0.71262	0.667839	0.626639	0.585099	0.566977	0.574846	0.604372	0.640431	0.676426	0.698021	0.679077	0.619101	0.510024	0.331945	0.111441	-0.132419	-0.397676	-0.672781	-0.901914	-1.03559	-1.06235	-1.01076	-0.92617	-0.844263	-0.787429	-0.755725	-0.735872	-0.722392	-0.71438	-0.715314	-0.724541	-0.739243	-0.761798	-0.799379	-0.868146	-0.971502	-1.09747	-1.23114	-1.35158	-1.44068	-1.48539	-1.47289	-1.40135	-1.26516	-1.07403	-0.827369	-0.541047	-0.222239	0.108451	0.442676	0.761322	1.05019	1.30124	1.49646	1.63649	1.71384	1.72171	1.67239	1.56751	1.40793	1.21476	1.00504	0.780305	0.550853	0.345348	0.190994	0.0960473	0.0530498	0.0530498	
1.12707	1.12707	1.06887	0.972489	0.830498	0.642515	0.422455	0.211813	-0.0104276	-0.241697	-0.435898	-0.561069	-0.599539	-0.586041	-0.545955	-0.504618	-0.469803	-0.441539	-0.424086	-0.409501	-0.393622	-0.365598	-0.308187	-0.208478	-0.0628297	0.108028	0.280789	0.41289	0.518417	0.588004	0.633088	0.638798	0.647467	0.647601	0.657152	0.682793	0.713712	0.748142	0.777162	0.793286	0.775516	0.711394	0.608674	0.450912	0.232483	-0.0061627	-0.257809	-0.52043	-0.768925	-0.943165	-1.01251	-0.985269	-0.904744	-0.819658	-0.756078	-0.726202	-0.712152	-0.700871	-0.693213	-0.688783	-0.689452	-0.694681	-0.702657	-0.714758	-0.732128	-0.77142	-0.853617	-0.971502	-1.11584	-1.26011	-1.38095	-1.46166	-1.48445	-1.44601	-1.33871	-1.16892	-0.937806	-0.661552	-0.347358	-0.0132208	0.327409	0.658406	0.961505	1.23064	1.44549	1.60278	1.69919	1.72493	1.68956	1.59764	1.44822	1.25979	1.0522	0.828676	0.596682	0.382977	0.217298	0.112349	0.0637676	0.0637676	
1.57724	1.57724	1.48755	1.34046	1.11132	0.828499	0.525593	0.204972	-0.11485	-0.424031	-0.654554	-0.786797	-0.819281	-0.79401	-0.73628	-0.678057	-0.627041	-0.589801	-0.561105	-0.538963	-0.521398	-0.49087	-0.430787	-0.335378	-0.191401	-0.0241044	0.134676	0.270255	0.386695	0.491074	0.57044	0.632713	0.693145	0.747479	0.803748	0.848583	0.896859	0.929606	0.94072	0.921392	0.85561	0.744004	0.590312	0.378901	0.128094	-0.127041	-0.388436	-0.64459	-0.856212	-0.971242	-0.978788	-0.912555	-0.818954	-0.74994	-0.717134	-0.712394	-0.711995	-0.692743	-0.678492	-0.682638	-0.681703	-0.679444	-0.697234	-0.71393	-0.712836	-0.724354	-0.77142	-0.868146	-1.01005	-1.16583	-1.31287	-1.42321	-1.47887	-1.47057	-1.38963	-1.24177	-1.02874	-0.762511	-0.45387	-0.118299	0.225581	0.566866	0.882086	1.16443	1.39685	1.57042	1.68275	1.72412	1.70155	1.62121	1.48131	1.29781	1.09238	0.87025	0.636854	0.416897	0.241763	0.128016	0.0743745	0.0743745	
1.9975	1.9975	1.88569	1.69239	1.40154	1.03429	0.65553	0.253601	-0.153483	-0.514852	-0.780547	-0.927288	-0.977995	-0.965947	-0.92605	-0.875307	-0.82488	-0.787053	-0.756216	-0.733069	-0.710594	-0.676359	-0.615012	-0.509313	-0.357944	-0.180226	-0.00592866	0.157865	0.311435	0.463117	0.594035	0.713761	0.821118	0.922732	1.00028	1.07231	1.12504	1.13314	1.11597	1.05063	0.930699	0.766102	0.555689	0.289943	0.0125329	-0.259153	-0.527509	-0.770423	-0.933516	-0.9898	-0.943927	-0.855813	-0.76558	-0.720897	-0.71083	-0.708178	-0.69558	-0.667996	-0.653637	-0.661053	-0.659763	-0.654396	-0.673347	-0.699907	-0.709526	-0.712836	-0.732128	-0.799379	-0.925991	-1.08066	-1.24529	-1.37658	-1.46221	-1.47839	-1.42519	-1.29667	-1.10085	-0.843126	-0.542376	-0.207145	0.140242	0.487083	0.813165	1.10685	1.35248	1.54006	1.66634	1.72104	1.7095	1.63916	1.50778	1.32905	1.12571	0.904952	0.670908	0.44632	0.26355	0.142367	0.0843331	0.0843331	
2.36018	2.36018	2.2445	2.00171	1.66612	1.26353	0.817323	0.346317	-0.120321	-0.512344	-0.793515	-0.958328	-1.03587	-1.05332	-1.04218	-1.01617	-0.987813	-0.958581	-0.936159	-0.917585	-0.892403	-0.854773	-0.781128	-0.658263	-0.485929	-0.283012	-0.077323	0.121912	0.324516	0.524658	0.709391	0.874323	1.02957	1.16185	1.26319	1.34226	1.36576	1.35082	1.29505	1.16705	0.990488	0.767455	0.49244	0.183549	-0.11652	-0.409372	-0.679521	-0.896666	-1.00249	-1.0014	-0.915436	-0.814638	-0.739281	-0.710025	-0.713143	-0.693418	-0.65743	-0.628143	-0.617443	-0.62719	-0.625213	-0.617201	-0.633037	-0.664583	-0.699907	-0.71393	-0.714758	-0.761798	-0.86318	-1.01385	-1.18362	-1.33255	-1.43988	-1.47878	-1.44743	-1.33576	-1.15397	-0.907855	-0.612072	-0.279141	0.0704224	0.421922	0.755904	1.05898	1.31494	1.5134	1.65109	1.71693	1.71455	1.65239	1.5282	1.35373	1.15231	0.93278	0.698538	0.470634	0.281948	0.154769	0.0931151	0.0931151	
2.64362	2.64362	2.52769	2.26214	1.89251	1.47036	0.991552	0.481556	-0.00245409	-0.400165	-0.685134	-0.868838	-0.977299	-1.03568	-1.06282	-1.06926	-1.06704	-1.05841	-1.04759	-1.03363	-1.01118	-0.964371	-0.877972	-0.73454	-0.535784	-0.302485	-0.060264	0.185623	0.437314	0.687401	0.918312	1.12568	1.31342	1.45938	1.56421	1.62102	1.62147	1.57364	1.45102	1.26011	1.02742	0.736353	0.40003	0.0581182	-0.264637	-0.577017	-0.840871	-1.0158	-1.06306	-1.00913	-0.896372	-0.788538	-0.724505	-0.69899	-0.695102	-0.664601	-0.626832	-0.615392	-0.613186	-0.609487	-0.61042	-0.613678	-0.615454	-0.633037	-0.673347	-0.697234	-0.702657	-0.739243	-0.823064	-0.966248	-1.13544	-1.2961	-1.41766	-1.4747	-1.45861	-1.36207	-1.19239	-0.955317	-0.663101	-0.33349	0.0172556	0.372234	0.710738	1.02115	1.28584	1.49234	1.63829	1.71269	1.71754	1.66169	1.5431	1.37212	1.17228	0.953764	0.719553	0.489389	0.296379	0.164675	0.100241	0.100241	
2.83737	2.83737	2.6985	2.43974	2.08268	1.6476	1.1518	0.64052	0.179796	-0.190546	-0.463853	-0.658371	-0.794036	-0.888247	-0.953581	-0.99827	-1.0247	-1.04111	-1.04692	-1.04061	-1.01949	-0.964679	-0.863768	-0.697044	-0.46972	-0.20218	0.0807466	0.367654	0.659552	0.948823	1.21095	1.44294	1.64034	1.78733	1.87955	1.91232	1.87677	1.76374	1.57348	1.32819	1.02764	0.663978	0.28345	-0.0864932	-0.438774	-0.76013	-1.00187	-1.12088	-1.11314	-1.01477	-0.885158	-0.772677	-0.714709	-0.690193	-0.676453	-0.646421	-0.613032	-0.616937	-0.62171	-0.603839	-0.607513	-0.623683	-0.613678	-0.617201	-0.654396	-0.679444	-0.694681	-0.724541	-0.799585	-0.935824	-1.10221	-1.27027	-1.3997	-1.47041	-1.46425	-1.37985	-1.21745	-0.985672	-0.698563	-0.369592	-0.0194861	0.338066	0.680985	0.995004	1.26484	1.47743	1.62923	1.70934	1.71911	1.66762	1.55293	1.38443	1.18573	0.967945	0.73384	0.502267	0.306408	0.171651	0.105317	0.105317	
2.91091	2.91091	2.76445	2.51982	2.19116	1.77288	1.29803	0.82876	0.419628	0.091422	-0.162287	-0.35891	-0.513679	-0.634414	-0.726548	-0.798162	-0.850019	-0.885455	-0.906177	-0.909337	-0.887934	-0.829655	-0.714669	-0.530263	-0.279018	0.0163266	0.327623	0.642063	0.963902	1.27732	1.55751	1.79935	1.9969	2.13225	2.19589	2.18538	2.08823	1.91169	1.66815	1.35556	0.975811	0.558955	0.147456	-0.255265	-0.632706	-0.948767	-1.14634	-1.2098	-1.15075	-1.02335	-0.877724	-0.764699	-0.706611	-0.687029	-0.67911	-0.652683	-0.620328	-0.609771	-0.606299	-0.597715	-0.598954	-0.607513	-0.61042	-0.625213	-0.659763	-0.681704	-0.689452	-0.715315	-0.78659	-0.918026	-1.08546	-1.25453	-1.39088	-1.46629	-1.46787	-1.38783	-1.22969	-1.00138	-0.716464	-0.389361	-0.0381582	0.320118	0.664377	0.981268	1.25408	1.46941	1.62419	1.7074	1.7198	1.67061	1.55799	1.39084	1.19276	0.97536	0.741338	0.509066	0.311743	0.175392	0.108058	0.108058	
2.83767	2.83767	2.72763	2.51333	2.20243	1.81751	1.40793	1.02561	0.697488	0.425112	0.198497	0.00779555	-0.155162	-0.293874	-0.407492	-0.49795	-0.568641	-0.619077	-0.650513	-0.660821	-0.640932	-0.579489	-0.455741	-0.258659	0.0100363	0.324801	0.65578	0.99176	1.33151	1.65553	1.93971	2.17472	2.35316	2.45434	2.47239	2.40903	2.25662	2.02459	1.71202	1.32146	0.883837	0.432956	-0.0125048	-0.448984	-0.833611	-1.12028	-1.26541	-1.27881	-1.18364	-1.03677	-0.881352	-0.765523	-0.706134	-0.686922	-0.680449	-0.654	-0.621951	-0.6081	-0.602659	-0.596887	-0.597715	-0.603839	-0.609487	-0.627191	-0.661053	-0.682639	-0.688786	-0.714386	-0.78542	-0.916404	-1.08431	-1.25329	-1.39027	-1.46571	-1.46789	-1.38822	-1.23099	-1.00313	-0.718032	-0.391117	-0.0396904	0.318546	0.662741	0.979971	1.25313	1.46869	1.62372	1.7072	1.71985	1.67088	1.55846	1.39143	1.1934	0.976031	0.742017	0.509684	0.312231	0.175736	0.108311	0.108311	
2.64338	2.64338	2.56596	2.39074	2.12202	1.80299	1.48657	1.20543	0.965096	0.756205	0.568568	0.398102	0.244211	0.106341	-0.0140736	-0.114165	-0.194562	-0.254771	-0.293438	-0.307859	-0.290056	-0.226217	-0.0987376	0.105622	0.38282	0.706651	1.04624	1.3875	1.72518	2.0418	2.31083	2.52084	2.66552	2.72631	2.69932	2.58483	2.37341	2.07209	1.68673	1.24083	0.770252	0.284151	-0.199454	-0.651869	-1.0176	-1.25671	-1.35514	-1.33037	-1.21728	-1.05733	-0.898931	-0.775377	-0.714544	-0.689315	-0.675594	-0.645883	-0.613175	-0.616321	-0.619717	-0.602659	-0.606299	-0.62171	-0.613186	-0.617445	-0.65364	-0.678499	-0.693228	-0.722423	-0.796039	-0.931332	-1.09754	-1.2667	-1.39722	-1.46953	-1.46472	-1.38171	-1.221	-0.990494	-0.703781	-0.374648	-0.0245082	0.333208	0.676614	0.991209	1.26182	1.47528	1.6279	1.70879	1.71927	1.66845	1.55434	1.3862	1.18765	0.969961	0.735876	0.504113	0.307857	0.172667	0.106061	0.106061	
2.36007	2.36007	2.28452	2.13891	1.94479	1.7358	1.53848	1.36178	1.20177	1.05103	0.904671	0.762507	0.628068	0.504561	0.393664	0.297949	0.219534	0.159358	0.119693	0.104459	0.121119	0.183772	0.309168	0.511002	0.784703	1.10459	1.43841	1.76923	2.09242	2.39103	2.63584	2.81506	2.92312	2.94086	2.86179	2.68666	2.40895	2.04451	1.61372	1.13621	0.630542	0.107637	-0.396001	-0.834567	-1.15825	-1.35265	-1.41406	-1.37332	-1.25135	-1.09128	-0.925918	-0.796135	-0.725878	-0.69817	-0.690465	-0.659576	-0.622382	-0.616309	-0.616321	-0.6081	-0.609772	-0.616938	-0.615394	-0.62815	-0.668013	-0.692779	-0.700944	-0.736011	-0.817244	-0.958748	-1.12713	-1.28977	-1.41356	-1.4737	-1.46049	-1.36631	-1.19822	-0.96276	-0.671724	-0.342133	0.00879959	0.364202	0.703521	1.01493	1.28095	1.48886	1.63615	1.71187	1.71791	1.66314	1.5455	1.37509	1.17549	0.957132	0.722938	0.492436	0.298747	0.166319	0.101434	0.101434	
