2.45574e-38	2.45574e-38	1.0504e-35	3.36896e-33	8.24941e-31	1.55901e-28	2.2839e-26	2.59136e-24	2.26443e-22	1.50848e-20	7.5488e-19	2.78488e-17	7.41592e-16	1.39907e-14	1.8511e-13	1.69528e-12	9.89981e-12	3.0277e-11	5.58299e-11	8.42815e-11	9.74248e-11	7.07849e-11	4.51052e-11	2.10538e-11	4.81291e-12	7.34557e-13	7.0375e-14	4.28639e-15	1.74643e-16	4.99107e-18	1.03748e-19	1.6103e-21	1.90066e-23	1.72632e-25	1.21429e-27	6.62237e-30	2.78816e-32	8.9643e-35	2.15786e-37	3.76088e-40	4.47798e-43	3.2563e-46	1.09014e-49	0	0	0	0	0	0	7.92787e-66	3.31316e-56	1.13033e-53	1.05994e-51	2.76212e-50	1.3051e-48	7.94136e-48	1.95337e-47	1.29475e-46	1.00468e-45	1.75562e-45	1.66119e-45	8.03587e-46	5.35179e-47	1.59281e-47	6.2648e-48	6.13234e-49	1.48012e-50	3.95247e-52	4.26687e-54	1.33454e-56	0	0	0	0	0	0	0	0	0	0	0	0	0	0	0	0	0	0	0	0	0	0	0	0	0	0	0	0	0	0	
2.45574e-38	2.45574e-38	1.0504e-35	3.36896e-33	8.24941e-31	1.55901e-28	2.2839e-26	2.59136e-24	2.26443e-22	1.50848e-20	7.5488e-19	2.78488e-17	7.41592e-16	1.39907e-14	1.8511e-13	1.69528e-12	9.89981e-12	3.0277e-11	5.58299e-11	8.42815e-11	9.74248e-11	7.07849e-11	4.51052e-11	2.10538e-11	4.81291e-12	7.34557e-13	7.0375e-14	4.28639e-15	1.74643e-16	4.99107e-18	1.03748e-19	1.6103e-21	1.90066e-23	1.72632e-25	1.21429e-27	6.62237e-30	2.78816e-32	8.9643e-35	2.15786e-37	3.76088e-40	4.47798e-43	3.2563e-46	1.09014e-49	0	0	0	0	0	0	7.92787e-66	3.31316e-56	1.13033e-53	1.05994e-51	2.76212e-50	1.3051e-48	7.94136e-48	1.95337e-47	1.29475e-46	1.00468e-45	1.75562e-45	1.66119e-45	8.03587e-46	5.35179e-47	1.59281e-47	6.2648e-48	6.13234e-49	1.48012e-50	3.95247e-52	4.26687e-54	1.33454e-56	0	0	0	0	0	0	0	0	0	0	0	0	0	0	0	0	0	0	0	0	0	0	0	0	0	0	0	0	0	0	
1.0504e-35	1.0504e-35	3.64008e-33	9.71493e-31	2.01645e-28	3.27376e-26	4.16072e-24	4.12494e-22	3.16567e-20	1.85861e-18	8.21597e-17	2.68141e-15	6.32427e-14	1.0581e-12	1.24238e-11	1.00822e-10	5.25279e-10	1.53462e-09	2.78291e-09	4.0458e-09	4.56691e-09	3.48616e-09	2.2649e-09	1.07856e-09	2.68799e-10	4.55936e-11	4.95167e-12	3.44247e-13	1.60237e-14	5.22941e-16	1.24134e-17	2.20271e-19	2.98014e-21	3.11635e-23	2.54034e-25	1.62059e-27	8.08539e-30	3.13684e-32	9.35087e-35	2.09807e-37	3.42409e-40	3.83308e-43	2.62995e-46	8.33381e-50	0	0	0	0	2.2198e-64	3.39908e-55	1.71164e-52	2.89579e-50	1.85592e-48	4.37562e-47	1.53537e-45	9.10885e-45	2.22785e-44	1.22745e-43	8.69879e-43	1.51041e-42	1.42983e-42	6.98493e-43	5.68809e-44	1.82424e-44	7.19304e-45	7.42188e-46	2.37628e-47	7.29519e-49	1.12532e-50	7.02609e-53	1.47919e-55	0	0	0	0	0	0	0	0	0	0	0	0	0	0	0	0	0	0	0	0	0	0	0	0	0	0	0	0	0	
3.36896e-33	3.36896e-33	9.71493e-31	2.19892e-28	3.92291e-26	5.52801e-24	6.14151e-22	5.34909e-20	3.6184e-18	1.87606e-16	7.3292e-15	2.11392e-13	4.40472e-12	6.50892e-11	6.74586e-10	4.8238e-09	2.23505e-08	6.19554e-08	1.10205e-07	1.54956e-07	1.71352e-07	1.3647e-07	9.041e-08	4.41054e-08	1.20664e-08	2.28452e-09	2.82464e-10	2.25093e-11	1.20087e-12	4.48368e-14	1.21583e-15	2.46349e-17	3.80926e-19	4.56411e-21	4.28151e-23	3.16384e-25	1.84553e-27	8.48052e-30	3.04905e-32	8.46797e-35	1.7783e-37	2.72736e-40	2.87947e-43	1.86923e-46	5.62015e-50	0	0	2.99673e-63	2.52681e-54	1.68589e-51	4.17066e-49	4.65651e-47	2.28091e-45	4.88988e-44	1.35748e-42	7.84744e-42	1.90795e-41	9.07159e-41	5.88143e-40	1.01417e-39	9.60556e-40	4.74243e-40	4.61351e-41	1.56883e-41	6.20383e-42	6.74475e-43	2.69165e-44	9.38449e-46	1.86052e-47	1.74442e-49	7.44446e-52	1.1719e-54	0	0	0	0	0	0	0	0	0	0	0	0	0	0	0	0	0	0	0	0	0	0	0	0	0	0	0	0	
8.24941e-31	8.24941e-31	2.01645e-28	3.92291e-26	6.07422e-24	7.4815e-22	7.30061e-20	5.60258e-18	3.3446e-16	1.53077e-14	5.27445e-13	1.33941e-11	2.45196e-10	3.17669e-09	2.88014e-08	1.79793e-07	7.36097e-07	1.91772e-06	3.33265e-06	4.54601e-06	4.93952e-06	4.07907e-06	2.75891e-06	1.38717e-06	4.20731e-07	8.96061e-08	1.2714e-08	1.17063e-09	7.20633e-11	3.09371e-12	9.61419e-14	2.22755e-15	3.93549e-17	5.39139e-19	5.79636e-21	4.92986e-23	3.33131e-25	1.78983e-27	7.62196e-30	2.55303e-32	6.63606e-35	1.30957e-37	1.89412e-40	1.89191e-43	1.16523e-46	3.33254e-50	2.59717e-62	1.45096e-53	1.20615e-50	3.93984e-48	6.37403e-46	5.27222e-44	2.09377e-42	4.09802e-41	9.36103e-40	5.26937e-39	1.27316e-38	5.35633e-38	3.18061e-37	5.44316e-37	5.15834e-37	2.57617e-37	2.94394e-38	1.05124e-38	4.17085e-39	4.77719e-40	2.28681e-41	8.97023e-43	2.16367e-44	2.71625e-46	1.76556e-48	5.66466e-51	7.0957e-54	0	0	0	0	0	0	0	0	0	0	0	0	0	0	0	0	0	0	0	0	0	0	0	0	0	0	0	
1.55901e-28	1.55901e-28	3.27376e-26	5.52801e-24	7.4815e-22	8.09326e-20	6.95736e-18	4.71026e-16	2.48061e-14	1.00017e-12	3.02783e-11	6.73059e-10	1.07394e-08	1.20757e-07	9.46354e-07	5.0945e-06	1.82733e-05	4.41919e-05	7.45833e-05	9.89198e-05	0.000105947	9.01648e-05	6.24085e-05	3.26219e-05	1.11031e-05	2.68812e-06	4.42433e-07	4.75887e-08	3.41281e-09	1.69728e-10	6.07732e-12	1.61561e-13	3.26626e-15	5.11464e-17	6.28873e-19	6.13076e-21	4.76848e-23	2.96793e-25	1.47771e-27	5.86227e-30	1.83766e-32	4.48824e-35	8.35212e-38	1.14277e-40	1.08286e-43	6.34339e-47	1.73626e-50	6.66847e-50	2.70952e-47	5.76841e-45	6.85406e-43	4.47006e-41	1.49172e-39	2.6741e-38	5.16124e-37	2.82661e-36	6.78476e-36	2.571e-35	1.3993e-34	2.3749e-34	2.25205e-34	1.13886e-34	1.5096e-35	5.62549e-36	2.24039e-36	2.70368e-37	1.51306e-38	6.62897e-40	1.88273e-41	2.9758e-43	2.6238e-45	1.28888e-47	3.29834e-50	3.42496e-53	0	0	0	0	0	0	0	0	0	0	0	0	0	0	0	0	0	0	0	0	0	0	0	0	0	0	
2.2839e-26	2.2839e-26	4.16072e-24	6.14151e-22	7.30061e-20	6.95736e-18	5.27583e-16	3.1501e-14	1.46057e-12	5.16794e-11	1.36646e-09	2.63692e-08	3.62721e-07	3.49122e-06	2.32714e-05	0.000106311	0.000330355	0.000729712	0.00118512	0.00152949	0.00161975	0.00141259	0.00100501	0.000553103	0.000214377	5.98426e-05	1.15916e-05	1.47856e-06	1.25175e-07	7.28841e-09	3.03089e-10	9.29651e-12	2.15813e-13	3.86874e-15	5.43846e-17	6.06398e-19	5.40627e-21	3.87288e-23	2.23362e-25	1.03591e-27	3.84553e-30	1.13255e-32	2.60805e-35	4.59053e-38	5.95786e-41	5.3689e-44	3.02762e-47	1.44052e-46	3.80846e-44	5.93496e-42	5.51412e-40	2.94676e-38	8.46007e-37	1.39246e-35	2.31402e-34	1.23177e-33	2.93616e-33	1.01542e-32	5.06736e-32	8.52209e-32	8.08692e-32	4.14574e-32	6.31265e-33	2.44465e-33	9.77781e-34	1.24368e-34	7.99079e-36	3.88809e-37	1.273e-38	2.43922e-40	2.74066e-42	1.83534e-44	7.20755e-47	1.53084e-49	1.35637e-52	0	0	0	0	0	0	0	0	0	0	0	0	0	0	0	0	0	0	0	0	0	0	0	0	0	
2.59136e-24	2.59136e-24	4.12494e-22	5.34909e-20	5.60258e-18	4.71026e-16	3.1501e-14	1.65563e-12	6.73305e-11	2.07835e-09	4.75932e-08	7.88152e-07	9.20573e-06	7.44252e-05	0.000412839	0.00156704	0.00415788	0.00821614	0.0126561	0.0158636	0.0166553	0.0148195	0.010925	0.00645006	0.00289589	0.000950141	0.000220839	3.40967e-05	3.47046e-06	2.40072e-07	1.17248e-08	4.18334e-10	1.12139e-11	2.3092e-13	3.7167e-15	4.73802e-17	4.83092e-19	3.96625e-21	2.63237e-23	1.4139e-25	6.1349e-28	2.13925e-30	5.9392e-33	1.2934e-35	2.15907e-38	2.6644e-41	2.34985e-44	1.94422e-43	3.75646e-41	4.56221e-39	3.44539e-37	1.54803e-35	3.88598e-34	5.88344e-33	8.53535e-32	4.41098e-31	1.04373e-30	3.32745e-30	1.52265e-29	2.53495e-29	2.40741e-29	1.25276e-29	2.1747e-30	8.72644e-31	3.50731e-31	4.70479e-32	3.42521e-33	1.84289e-34	6.85618e-36	1.55305e-37	2.13936e-39	1.83446e-41	9.84328e-44	3.21208e-46	5.8253e-49	4.49951e-52	0	0	0	0	0	0	0	0	0	0	0	0	0	0	0	0	0	0	0	0	0	0	0	0	
2.26443e-22	2.26443e-22	3.16567e-20	3.6184e-18	3.3446e-16	2.48061e-14	1.46057e-12	6.73305e-11	2.38791e-09	6.37676e-08	1.24995e-06	1.74835e-05	0.000169809	0.00112327	0.0050324	0.015447	0.0343623	0.059294	0.0847026	0.10239	0.10671	0.096741	0.0749715	0.048762	0.0258019	0.0102095	0.00292204	0.000561609	7.04795e-05	5.91058e-06	3.4426e-07	1.44508e-08	4.50948e-10	1.07255e-11	1.98299e-13	2.89387e-15	3.3726e-17	3.16582e-19	2.40735e-21	1.48756e-23	7.47304e-26	3.04496e-28	1.00065e-30	2.62653e-33	5.42332e-36	8.606e-39	1.09163e-41	1.83855e-40	2.76399e-38	2.71961e-36	1.7133e-34	6.58967e-33	1.46308e-31	2.04017e-30	2.61062e-29	1.30804e-28	3.07091e-28	9.09635e-28	3.81595e-27	6.28189e-27	5.97113e-27	3.15884e-27	6.21402e-28	2.57835e-28	1.042e-28	1.47547e-29	1.20534e-30	7.14784e-32	2.99132e-33	7.87115e-35	1.29543e-36	1.36822e-38	9.42138e-41	4.20568e-43	1.17267e-45	1.85483e-48	1.26976e-51	0	0	0	0	0	0	0	0	0	0	0	0	0	0	0	0	0	0	0	0	0	0	0	
1.50848e-20	1.50848e-20	1.85861e-18	1.87606e-16	1.53077e-14	1.00017e-12	5.16794e-11	2.07835e-09	6.37676e-08	1.45647e-06	2.40525e-05	0.000278025	0.00218078	0.0113767	0.0395367	0.0950956	0.173824	0.257279	0.331455	0.380788	0.393209	0.364976	0.303849	0.223979	0.140966	0.0693976	0.0252785	0.00628126	0.00100656	0.000105225	7.4636e-06	3.74289e-07	1.37484e-08	3.80641e-10	8.12568e-12	1.36153e-13	1.81558e-15	1.94702e-17	1.69193e-19	1.19729e-21	6.91653e-24	3.26155e-26	1.25194e-28	3.88826e-31	9.67339e-34	1.8981e-36	3.59102e-39	1.29484e-37	1.57449e-35	1.28806e-33	6.893e-32	2.29903e-30	4.55197e-29	5.85023e-28	6.65442e-27	3.22748e-26	7.5138e-26	2.08095e-25	7.99892e-25	1.30038e-24	1.2373e-24	6.66573e-25	1.47882e-25	6.33535e-26	2.5764e-26	3.85565e-27	3.50891e-28	2.28815e-29	1.06952e-30	3.22841e-32	6.23437e-34	7.9029e-36	6.71772e-38	3.8529e-40	1.47066e-42	3.57808e-45	5.01754e-48	3.0843e-51	0	0	0	0	0	0	0	0	0	0	0	0	0	0	0	0	0	0	0	0	0	0	
7.5488e-19	7.5488e-19	8.21597e-17	7.3292e-15	5.27445e-13	3.02783e-11	1.36646e-09	4.75932e-08	1.24995e-06	2.40525e-05	0.000327575	0.00303673	0.0184663	0.0722273	0.185541	0.342687	0.511508	0.662556	0.772559	0.838346	0.854596	0.817422	0.733595	0.606656	0.444922	0.277433	0.132868	0.0447128	0.00959537	0.00129912	0.000115425	7.05759e-06	3.09639e-07	1.00831e-08	2.50317e-10	4.83806e-12	7.40037e-14	9.07247e-16	8.99938e-18	7.27207e-20	4.8076e-22	2.60527e-24	1.15666e-26	4.19367e-29	1.23386e-31	2.91568e-34	1.031e-36	7.04733e-35	7.11281e-33	4.92641e-31	2.26883e-29	6.62386e-28	1.17638e-26	1.39369e-25	1.41733e-24	6.64184e-24	1.53234e-23	3.98813e-23	1.40368e-22	2.2501e-22	2.14341e-22	1.17826e-22	2.93654e-23	1.29754e-23	5.31435e-24	8.41876e-25	8.49e-26	6.07907e-27	3.15802e-28	1.08371e-29	2.42387e-31	3.62139e-33	3.70273e-35	2.62473e-37	1.28815e-39	4.29239e-42	9.26186e-45	1.16654e-47	6.50745e-51	0	0	0	0	0	0	0	0	0	0	0	0	0	0	0	0	0	0	0	0	0	
2.78488e-17	2.78488e-17	2.68141e-15	2.11392e-13	1.33941e-11	6.73059e-10	2.63692e-08	7.88152e-07	1.74835e-05	0.000278025	0.00303673	0.0216886	0.0968291	0.267882	0.498439	0.742423	0.963185	1.16505	1.32062	1.41247	1.43431	1.38381	1.26547	1.08884	0.876577	0.646545	0.401865	0.188814	0.0573832	0.0105765	0.00122133	9.34614e-05	4.98882e-06	1.93582e-07	5.63986e-09	1.26512e-10	2.2282e-12	3.12851e-14	3.54271e-16	3.26375e-18	2.4611e-20	1.52473e-22	7.77195e-25	3.25642e-27	1.11759e-29	3.12101e-32	3.2282e-34	3.03588e-32	2.5896e-30	1.53829e-28	6.15428e-27	1.58332e-25	2.53228e-24	2.76441e-23	2.52404e-22	1.14031e-21	2.60512e-21	6.39826e-21	2.06023e-20	3.25074e-20	3.1007e-20	1.74317e-20	4.86476e-21	2.2155e-21	9.14794e-22	1.5371e-22	1.71122e-23	1.34454e-24	7.7378e-26	2.99928e-27	7.6973e-29	1.33791e-30	1.61588e-32	1.37948e-34	8.37374e-37	3.58944e-39	1.06114e-41	2.05706e-44	2.35172e-47	1.20098e-50	0	0	0	0	0	0	0	0	0	0	0	0	0	0	0	0	0	0	0	0	
7.41592e-16	7.41592e-16	6.32427e-14	4.40472e-12	2.45196e-10	1.07394e-08	3.62721e-07	9.20573e-06	0.000169809	0.00218078	0.0184663	0.0968291	0.300399	0.584332	0.888581	1.20619	1.49885	1.72989	1.88744	1.97688	1.99764	1.94923	1.8326	1.6468	1.3878	1.07933	0.766045	0.465183	0.204449	0.0539738	0.00845339	0.000834741	5.53797e-05	2.59905e-06	8.97883e-08	2.35409e-09	4.79572e-11	7.73087e-13	1.00014e-14	1.04957e-16	9.00594e-19	6.35313e-21	3.69644e-23	1.77564e-25	7.0329e-28	2.28871e-30	1.09752e-31	1.05173e-29	7.68011e-28	3.94923e-26	1.38166e-24	3.14678e-23	4.54339e-22	4.56584e-21	3.75355e-20	1.63057e-19	3.68537e-19	8.57109e-19	2.52253e-18	3.90975e-18	3.73496e-18	2.15294e-18	6.70948e-19	3.14803e-19	1.312e-19	2.34404e-20	2.87368e-21	2.47805e-22	1.57695e-23	6.87398e-25	2.01078e-26	4.0282e-28	5.67282e-30	5.72781e-32	4.19059e-34	2.22296e-36	8.45702e-39	2.24678e-41	3.95427e-44	4.13918e-47	1.94927e-50	0	0	0	0	0	0	0	0	0	0	0	0	0	0	0	0	0	0	0	
1.39907e-14	1.39907e-14	1.0581e-12	6.50892e-11	3.17669e-09	1.20757e-07	3.49122e-06	7.44252e-05	0.00112327	0.0113767	0.0722273	0.267882	0.584332	0.944811	1.33549	1.70312	2.00568	2.24434	2.42415	2.53379	2.56003	2.49934	2.35971	2.15585	1.89369	1.56129	1.17853	0.794548	0.44913	0.169791	0.0371346	0.00485608	0.00040806	2.34697e-05	9.70112e-07	2.99053e-08	7.07226e-10	1.31127e-11	1.93844e-13	2.31451e-15	2.25413e-17	1.8036e-19	1.1914e-21	6.51493e-24	2.95087e-26	1.10816e-28	3.44785e-29	2.96101e-27	1.8681e-25	8.36948e-24	2.57192e-22	5.20032e-21	6.78582e-20	6.26747e-19	4.64695e-18	1.93503e-17	4.32188e-17	9.54533e-17	2.56523e-16	3.8964e-16	3.72875e-16	2.2103e-16	7.67314e-17	3.7084e-17	1.56228e-17	2.97684e-18	4.01345e-19	3.80195e-20	2.67375e-21	1.30716e-22	4.33874e-24	9.95191e-26	1.61907e-27	1.90866e-29	1.65293e-31	1.05739e-33	4.98014e-36	1.70315e-38	4.1089e-41	6.62243e-44	6.3934e-47	2.79369e-50	0	0	0	0	0	0	0	0	0	0	0	0	0	0	0	0	0	0	
1.8511e-13	1.8511e-13	1.24238e-11	6.74586e-10	2.88014e-08	9.46354e-07	2.32714e-05	0.000412839	0.0050324	0.0395367	0.185541	0.498439	0.888581	1.33549	1.77353	2.14882	2.48413	2.78664	3.03007	3.18115	3.21748	3.13358	2.94203	2.67085	2.35387	2.00598	1.60251	1.15367	0.729029	0.356961	0.106455	0.0184068	0.00196313	0.000138594	6.85746e-06	2.48378e-07	6.80705e-09	1.44781e-10	2.43711e-12	3.2964e-14	3.62479e-16	3.26919e-18	2.43386e-20	1.50205e-22	7.70118e-25	3.37147e-27	9.12323e-27	6.81937e-25	3.74071e-23	1.46636e-21	3.96808e-20	7.13196e-19	8.41009e-18	7.12247e-17	4.76554e-16	1.89511e-15	4.1769e-15	8.7814e-15	2.15317e-14	3.19644e-14	3.06515e-14	1.8746e-14	7.23228e-15	3.60068e-15	1.53606e-15	3.13308e-16	4.64415e-17	4.84172e-18	3.76493e-19	2.06189e-20	7.74494e-22	2.02515e-23	3.7815e-25	5.15705e-27	5.21891e-29	3.95416e-31	2.24681e-33	9.51563e-36	2.95584e-38	6.53159e-41	9.71038e-44	8.69928e-47	3.54577e-50	0	0	0	0	0	0	0	0	0	0	0	0	0	0	0	0	0	
1.69528e-12	1.69528e-12	1.00822e-10	4.8238e-09	1.79793e-07	5.0945e-06	0.000106311	0.00156704	0.015447	0.0950956	0.342687	0.742423	1.20619	1.70312	2.14882	2.57114	2.99684	3.39431	3.7129	3.90907	3.95605	3.84744	3.59803	3.24195	2.82744	2.40241	1.97795	1.50748	1.00675	0.573096	0.219932	0.0486652	0.00642772	0.000545603	3.17309e-05	1.32823e-06	4.15401e-08	9.98759e-10	1.88717e-11	2.85064e-13	3.48841e-15	3.49386e-17	2.88608e-19	1.97702e-21	1.127e-23	7.64534e-26	1.98414e-24	1.28919e-22	6.17354e-21	2.12226e-19	5.06168e-18	8.08518e-17	8.60478e-16	6.66104e-15	4.01996e-14	1.51982e-13	3.2997e-13	6.61628e-13	1.47936e-12	2.13985e-12	2.05683e-12	1.30259e-12	5.57126e-13	2.85826e-13	1.23751e-13	2.71407e-14	4.42656e-15	5.09293e-16	4.38644e-17	2.69163e-18	1.14297e-19	3.39854e-21	7.25288e-23	1.13695e-24	1.33228e-26	1.18032e-28	7.94703e-31	4.06186e-33	1.56291e-35	4.44759e-38	9.06665e-41	1.25095e-43	1.04543e-46	3.9928e-50	0	0	0	0	0	0	0	0	0	0	0	0	0	0	0	0	
9.89981e-12	9.89981e-12	5.25279e-10	2.23505e-08	7.36097e-07	1.82733e-05	0.000330355	0.00415788	0.0343623	0.173824	0.511508	0.963185	1.49885	2.00568	2.48413	2.99684	3.52836	4.01942	4.40823	4.64584	4.70255	4.57132	4.26849	3.832	3.31698	2.78715	2.29105	1.80982	1.28078	0.778416	0.354165	0.0969351	0.015529	0.00155482	0.00010423	4.94196e-06	1.72778e-07	4.59734e-09	9.53892e-11	1.57261e-12	2.09022e-14	2.26508e-16	2.01822e-18	1.48765e-20	9.11256e-23	5.17129e-24	3.53508e-22	2.00227e-20	8.38764e-19	2.52986e-17	5.31389e-16	7.53084e-15	7.21519e-14	5.08425e-13	2.76329e-12	9.878e-12	2.10775e-11	4.03684e-11	8.23075e-11	1.15609e-10	1.11432e-10	7.33615e-11	3.46886e-11	1.83507e-11	8.0865e-12	1.91736e-12	3.44724e-13	4.39395e-14	4.20403e-15	2.89514e-16	1.39056e-17	4.69832e-19	1.14335e-20	2.0517e-22	2.76633e-24	2.83977e-26	2.23681e-28	1.35518e-30	6.2946e-33	2.21924e-35	5.82688e-38	1.10249e-40	1.41907e-43	1.11129e-46	3.9928e-50	0	0	0	0	0	0	0	0	0	0	0	0	0	0	0	
3.0277e-11	3.0277e-11	1.53462e-09	6.19554e-08	1.91772e-06	4.41919e-05	0.000729712	0.00821614	0.059294	0.257279	0.662556	1.16505	1.72989	2.24434	2.78664	3.39431	4.01942	4.58972	5.0374	5.30962	5.37447	5.22435	4.87685	4.37277	3.77184	3.1454	2.56122	2.04045	1.51046	0.950166	0.483683	0.1538	0.0287432	0.0033444	0.000259011	1.40981e-05	5.62429e-07	1.69858e-08	3.98226e-10	7.39197e-12	1.10335e-13	1.34052e-15	1.33828e-17	1.10568e-19	7.69091e-22	7.93178e-22	5.15737e-20	2.55093e-18	9.34981e-17	2.47118e-15	4.56004e-14	5.71513e-13	4.90997e-12	3.13267e-11	1.52916e-10	5.13405e-10	1.07339e-09	1.96574e-09	3.65757e-09	4.97068e-09	4.80645e-09	3.30279e-09	1.72074e-09	9.3961e-10	4.22999e-10	1.09147e-10	2.1699e-11	3.07996e-12	3.28779e-13	2.54897e-14	1.38776e-15	5.333e-17	1.47915e-18	3.03202e-20	4.68504e-22	5.538e-24	5.05713e-26	3.58569e-28	1.97472e-30	8.40594e-33	2.73477e-35	6.66504e-38	1.17651e-40	1.41907e-43	1.04543e-46	3.54577e-50	0	0	0	0	0	0	0	0	0	0	0	0	0	0	
5.58299e-11	5.58299e-11	2.78291e-09	1.10205e-07	3.33265e-06	7.45833e-05	0.00118512	0.0126561	0.0847026	0.331455	0.772559	1.32062	1.88744	2.42415	3.03007	3.7129	4.40823	5.0374	5.52871	5.82656	5.89742	5.73333	5.35273	4.79855	4.13365	3.4339	2.77609	2.20556	1.67173	1.08839	0.584146	0.203683	0.0428443	0.00559306	0.000478775	2.83385e-05	1.21202e-06	3.87911e-08	9.54977e-10	1.84793e-11	2.8589e-13	3.58362e-15	3.67742e-17	3.11369e-19	3.64313e-21	1.07852e-19	6.14875e-18	2.65575e-16	8.50286e-15	1.96319e-13	3.16885e-12	3.4947e-11	2.67734e-10	1.53608e-09	6.70725e-09	2.09762e-08	4.27943e-08	7.49765e-08	1.27555e-07	1.67114e-07	1.62189e-07	1.16771e-07	6.67504e-08	3.76829e-08	1.74175e-08	4.93027e-09	1.08867e-09	1.73241e-10	2.07564e-11	1.82037e-12	1.12778e-13	4.94267e-15	1.56448e-16	3.66227e-18	6.47222e-20	8.7749e-22	9.23206e-24	7.59176e-26	4.89435e-28	2.47066e-30	9.70599e-33	2.93125e-35	6.66504e-38	1.10249e-40	1.25095e-43	8.69928e-47	2.79369e-50	0	0	0	0	0	0	0	0	0	0	0	0	0	
8.42815e-11	8.42815e-11	4.0458e-09	1.54956e-07	4.54601e-06	9.89198e-05	0.00152949	0.0158636	0.10239	0.380788	0.838346	1.41247	1.97688	2.53379	3.18115	3.90907	4.64584	5.30962	5.82656	6.13946	6.21385	6.04155	5.64152	5.05789	4.35536	3.61225	2.90952	2.30344	1.76033	1.17194	0.641222	0.236726	0.0534144	0.00738687	0.000659682	4.02602e-05	1.76104e-06	5.73223e-08	1.42966e-09	2.79499e-11	4.35993e-13	5.50231e-15	5.67833e-17	4.85319e-19	1.89363e-19	1.19991e-17	5.96518e-16	2.24548e-14	6.2574e-13	1.25556e-11	1.76138e-10	1.69721e-09	1.15081e-08	5.88507e-08	2.28589e-07	6.59105e-07	1.30462e-06	2.18629e-06	3.41272e-06	4.29655e-06	4.1873e-06	3.16841e-06	1.97661e-06	1.15644e-06	5.52563e-07	1.73261e-07	4.27583e-08	7.6951e-09	1.04314e-09	1.04195e-10	7.38899e-12	3.71046e-13	1.34455e-14	3.59993e-16	7.27553e-18	1.1292e-19	1.36345e-21	1.2923e-23	9.66508e-26	5.71234e-28	2.66145e-30	9.70599e-33	2.73477e-35	5.82688e-38	9.06665e-41	9.71038e-44	6.3934e-47	1.94927e-50	0	0	0	0	0	0	0	0	0	0	0	0	
9.74248e-11	9.74248e-11	4.56691e-09	1.71352e-07	4.93952e-06	0.000105947	0.00161975	0.0166553	0.10671	0.393209	0.854596	1.43431	1.99764	2.56003	3.21748	3.95605	4.70255	5.37447	5.89742	6.21385	6.28908	6.11485	5.71026	5.11971	4.40834	3.65503	2.94164	2.32672	1.78054	1.19145	0.654391	0.245	0.056173	0.00786229	0.000707923	4.34475e-05	1.90797e-06	6.22833e-08	1.55674e-09	3.04847e-11	4.76155e-13	6.0155e-15	6.21361e-17	7.96327e-19	1.92502e-17	1.08153e-15	4.67776e-14	1.52855e-12	3.68584e-11	6.3785e-10	7.70693e-09	6.42602e-08	3.81781e-07	1.72045e-06	5.90015e-06	1.5486e-05	2.94962e-05	4.72165e-05	6.79989e-05	8.20986e-05	8.03756e-05	6.40152e-05	4.32911e-05	2.63483e-05	1.31401e-05	4.61799e-06	1.28446e-06	2.64403e-07	4.09867e-08	4.70638e-09	3.8522e-10	2.2319e-11	9.308e-13	2.86045e-14	6.62257e-16	1.17661e-17	1.62741e-19	1.77097e-21	1.52701e-23	1.04712e-25	5.71234e-28	2.47066e-30	8.40594e-33	2.21924e-35	4.44759e-38	6.53159e-41	6.62243e-44	4.13918e-47	1.20098e-50	0	0	0	0	0	0	0	0	0	0	0	
7.07849e-11	7.07849e-11	3.48616e-09	1.3647e-07	4.07907e-06	9.01648e-05	0.00141259	0.0148195	0.096741	0.364976	0.817422	1.38381	1.94923	2.49934	3.13358	3.84744	4.57132	5.22435	5.73333	6.04155	6.11485	5.9451	5.5511	4.97662	4.28579	3.55616	2.86746	2.27278	1.73314	1.14599	0.623561	0.226041	0.0499192	0.00678873	0.000599159	3.62663e-05	1.57702e-06	5.111e-08	1.27054e-09	2.47757e-11	3.85693e-13	4.85949e-15	5.04038e-17	2.60608e-17	1.60571e-15	7.83982e-14	2.93757e-12	8.2802e-11	1.71311e-09	2.52976e-08	2.60029e-07	1.85197e-06	9.51203e-06	3.72154e-05	0.000111563	0.000262391	0.000475112	0.000724165	0.00096973	0.00112297	0.00110459	0.000924932	0.000672578	0.000428409	0.000226094	9.03071e-05	2.86359e-05	6.84175e-06	1.23014e-06	1.64428e-07	1.57121e-08	1.06066e-09	5.1306e-11	1.82006e-12	4.84527e-14	9.8724e-16	1.56415e-17	1.95054e-19	1.93136e-21	1.52701e-23	9.66508e-26	4.89435e-28	1.97472e-30	6.2946e-33	1.56291e-35	2.95584e-38	4.1089e-41	3.95427e-44	2.35172e-47	6.50745e-51	0	0	0	0	0	0	0	0	0	0	
4.51052e-11	4.51052e-11	2.2649e-09	9.041e-08	2.75891e-06	6.24085e-05	0.00100501	0.010925	0.0749715	0.303849	0.733595	1.26547	1.8326	2.35971	2.94203	3.59803	4.26849	4.87685	5.35273	5.64152	5.71026	5.5511	5.1822	4.64573	4.00347	3.3297	2.69838	2.14706	1.61619	1.03876	0.549038	0.185155	0.0373056	0.00468263	0.000388361	2.24276e-05	9.40994e-07	2.96651e-08	7.21522e-10	1.38248e-11	2.12142e-13	2.64131e-15	5.54686e-17	1.97052e-15	1.07137e-13	4.52526e-12	1.45928e-10	3.51604e-09	6.16801e-08	7.65973e-07	6.58678e-06	3.93829e-05	0.000171737	0.00057212	0.00147936	0.00306035	0.00517306	0.00745879	0.0093794	0.0104551	0.0103296	0.0090488	0.0070124	0.00472119	0.00268987	0.00124036	0.000455456	0.000128726	2.73609e-05	4.32979e-06	4.90555e-07	3.91065e-08	2.21813e-09	9.15934e-11	2.82047e-12	6.61571e-14	1.20286e-15	1.71881e-17	1.95054e-19	1.77097e-21	1.2923e-23	7.59176e-26	3.58569e-28	1.35518e-30	4.06186e-33	9.51563e-36	1.70315e-38	2.24678e-41	2.05706e-44	1.16654e-47	3.0843e-51	0	0	0	0	0	0	0	0	0	
2.10538e-11	2.10538e-11	1.07856e-09	4.41054e-08	1.38717e-06	3.26219e-05	0.000553103	0.00645006	0.048762	0.223979	0.606656	1.08884	1.6468	2.15585	2.67085	3.24195	3.832	4.37277	4.79855	5.05789	5.11971	4.97662	4.64573	4.16682	3.59792	3.00783	2.45825	1.95607	1.42588	0.883943	0.43393	0.131241	0.0231179	0.00252671	0.000183932	9.43604e-06	3.56083e-07	1.02108e-08	2.28122e-10	4.04852e-12	5.79472e-14	7.03446e-16	2.01416e-15	1.20341e-13	5.65646e-12	2.05313e-10	5.64473e-09	1.14803e-07	1.6802e-06	1.72012e-05	0.000120977	0.0005933	0.00214348	0.00592974	0.0129943	0.0231915	0.0356515	0.0480387	0.0573113	0.0619603	0.061437	0.0557958	0.0457245	0.0330721	0.0209064	0.011299	0.00490766	0.00168103	0.000433426	8.30859e-05	1.13985e-05	1.09296e-06	7.37884e-08	3.58804e-09	1.28905e-10	3.5017e-12	7.33369e-14	1.20286e-15	1.56415e-17	1.62741e-19	1.36345e-21	9.23206e-24	5.05713e-26	2.23681e-28	7.94703e-31	2.24681e-33	4.98014e-36	8.45702e-39	1.06114e-41	9.26186e-45	5.01754e-48	1.26976e-51	0	0	0	0	0	0	0	0	
4.81291e-12	4.81291e-12	2.68799e-10	1.20664e-08	4.20731e-07	1.11031e-05	0.000214377	0.00289589	0.0258019	0.140966	0.444922	0.876577	1.3878	1.89369	2.35387	2.82744	3.31698	3.77184	4.13365	4.35536	4.40834	4.28579	4.00347	3.59792	3.12192	2.63417	2.1708	1.69758	1.17485	0.70089	0.299484	0.075475	0.0112276	0.00105633	6.71873e-05	3.04468e-06	1.02304e-07	2.62758e-09	5.28065e-11	8.45597e-13	1.09627e-14	1.81519e-15	1.11434e-13	5.7733e-12	2.3306e-10	7.20193e-09	1.66661e-07	2.8127e-06	3.35941e-05	0.000275915	0.00153916	0.0060031	0.0173907	0.0387922	0.0705297	0.107406	0.145926	0.18052	0.205539	0.217551	0.216221	0.201509	0.174211	0.138324	0.0997407	0.0636177	0.0335623	0.0143339	0.00464038	0.00111177	0.000190065	2.24779e-05	1.8435e-06	1.07239e-07	4.54826e-09	1.44313e-10	3.5017e-12	6.61571e-14	9.8724e-16	1.17661e-17	1.1292e-19	8.7749e-22	5.538e-24	2.83977e-26	1.18032e-28	3.95416e-31	1.05739e-33	2.22296e-36	3.58944e-39	4.29239e-42	3.57808e-45	1.85483e-48	4.49951e-52	0	0	0	0	0	0	0	
7.34557e-13	7.34557e-13	4.55936e-11	2.28452e-09	8.96061e-08	2.68812e-06	5.98426e-05	0.000950141	0.0102095	0.0693976	0.277433	0.646545	1.07933	1.56129	2.00598	2.40241	2.78715	3.1454	3.4339	3.61225	3.65503	3.55616	3.3297	3.00783	2.63417	2.24572	1.83717	1.37023	0.894555	0.485834	0.170374	0.0341595	0.00412488	0.000323754	1.75847e-05	6.93054e-07	2.05412e-08	4.70473e-10	8.50348e-12	1.23289e-13	2.64225e-15	8.49117e-14	4.81444e-12	2.14305e-10	7.36411e-09	1.91323e-07	3.66319e-06	5.01346e-05	0.000474193	0.00301061	0.0127892	0.0381601	0.0852964	0.150273	0.224093	0.297152	0.35986	0.409752	0.445754	0.463827	0.461785	0.439861	0.40081	0.348261	0.283197	0.209091	0.136283	0.0741421	0.0314032	0.00979958	0.00217012	0.000327584	3.35545e-05	2.38517e-06	1.21323e-07	4.54826e-09	1.28905e-10	2.82047e-12	4.84527e-14	6.62257e-16	7.27553e-18	6.47222e-20	4.68504e-22	2.76633e-24	1.33228e-26	5.21891e-29	1.65293e-31	4.19059e-34	8.37374e-37	1.28815e-39	1.47066e-42	1.17267e-45	5.8253e-49	1.35637e-52	0	0	0	0	0	0	
7.0375e-14	7.0375e-14	4.95167e-12	2.82464e-10	1.2714e-08	4.42433e-07	1.15916e-05	0.000220839	0.00292204	0.0252785	0.132868	0.401865	0.766045	1.17853	1.60251	1.97795	2.29105	2.56122	2.77609	2.90952	2.94164	2.86746	2.69838	2.45825	2.1708	1.83717	1.43537	1.00744	0.616416	0.277074	0.0727802	0.0111677	0.00107683	6.98946e-05	3.22181e-06	1.09822e-07	2.85475e-09	5.79425e-11	9.35244e-13	1.28606e-14	5.29756e-14	3.26352e-12	1.59217e-10	6.03983e-09	1.74618e-07	3.75239e-06	5.81183e-05	0.000625512	0.00449899	0.0210228	0.0648228	0.142833	0.242532	0.350551	0.452886	0.553979	0.644817	0.716956	0.76601	0.789317	0.786734	0.758203	0.704253	0.627936	0.534292	0.432404	0.329233	0.221493	0.125226	0.0531883	0.0160097	0.00322826	0.000428659	3.82985e-05	2.38517e-06	1.07239e-07	3.58804e-09	9.15934e-11	1.82006e-12	2.86045e-14	3.59993e-16	3.66227e-18	3.03202e-20	2.0517e-22	1.13695e-24	5.15705e-27	1.90866e-29	5.72781e-32	1.37948e-34	2.62473e-37	3.8529e-40	4.20568e-43	3.21208e-46	1.53084e-49	3.42496e-53	0	0	0	0	0	
4.28639e-15	4.28639e-15	3.44247e-13	2.25093e-11	1.17063e-09	4.75887e-08	1.47856e-06	3.40967e-05	0.000561609	0.00628126	0.0447128	0.188814	0.465183	0.794548	1.15367	1.50748	1.80982	2.04045	2.20556	2.30344	2.32672	2.27278	2.14706	1.95607	1.69758	1.37023	1.00744	0.660021	0.343958	0.11248	0.0214962	0.00252254	0.000194452	1.04255e-05	4.06407e-07	1.19171e-08	2.69833e-10	4.81434e-12	6.90782e-14	2.73369e-14	1.77828e-12	9.4687e-11	3.94638e-09	1.26273e-07	3.02676e-06	5.26979e-05	0.000641403	0.00521608	0.0270889	0.0882473	0.192469	0.321182	0.457505	0.605372	0.750707	0.879739	0.98555	1.06769	1.12347	1.15046	1.14745	1.11456	1.05325	0.966217	0.855707	0.722602	0.575486	0.429478	0.294508	0.169302	0.0718866	0.0203993	0.00368137	0.000428659	3.35545e-05	1.8435e-06	7.37884e-08	2.21813e-09	5.1306e-11	9.308e-13	1.34455e-14	1.56448e-16	1.47915e-18	1.14335e-20	7.25288e-23	3.7815e-25	1.61907e-27	5.67282e-30	1.61588e-32	3.70273e-35	6.71772e-38	9.42138e-41	9.84328e-44	7.20755e-47	3.29834e-50	7.0957e-54	0	0	0	0	
1.74643e-16	1.74643e-16	1.60237e-14	1.20087e-12	7.20633e-11	3.41281e-09	1.25175e-07	3.47046e-06	7.04795e-05	0.00100656	0.00959537	0.0573832	0.204449	0.44913	0.729029	1.00675	1.28078	1.51046	1.67173	1.76033	1.78054	1.73314	1.61619	1.42588	1.17485	0.894555	0.616416	0.343958	0.129609	0.0297716	0.00419584	0.00038232	2.37994e-05	1.05994e-06	3.50276e-08	8.83696e-10	1.74013e-11	2.72228e-13	1.39775e-14	7.65156e-13	4.43399e-11	2.02436e-09	7.14724e-08	1.90552e-06	3.7213e-05	0.00051204	0.00472851	0.0277138	0.0987091	0.221467	0.372754	0.544002	0.730574	0.913484	1.08069	1.2311	1.36302	1.47041	1.54563	1.5827	1.57854	1.53349	1.45127	1.33834	1.20233	1.04854	0.877954	0.693177	0.508002	0.341053	0.193775	0.079273	0.0203993	0.00322826	0.000327584	2.24779e-05	1.09296e-06	3.91065e-08	1.06066e-09	2.2319e-11	3.71046e-13	4.94267e-15	5.333e-17	4.69832e-19	3.39854e-21	2.02515e-23	9.95191e-26	4.0282e-28	1.33791e-30	3.62139e-33	7.9029e-36	1.36822e-38	1.83446e-41	1.83534e-44	1.28888e-47	5.66466e-51	1.1719e-54	0	0	0	
4.99107e-18	4.99107e-18	5.22941e-16	4.48368e-14	3.09371e-12	1.69728e-10	7.28841e-09	2.40072e-07	5.91058e-06	0.000105225	0.00129912	0.0105765	0.0539738	0.169791	0.356961	0.573096	0.778416	0.950166	1.08839	1.17194	1.19145	1.14599	1.03876	0.883943	0.70089	0.485834	0.277074	0.11248	0.0297716	0.00497003	0.000534987	3.88174e-05	1.98477e-06	7.42614e-08	2.0958e-09	4.56963e-11	7.84431e-13	1.39906e-14	2.53482e-13	1.59577e-11	7.97022e-10	3.10176e-08	9.19485e-07	2.01637e-05	0.000314919	0.0033354	0.0225487	0.0916322	0.224236	0.393117	0.59271	0.812146	1.03182	1.24178	1.44837	1.64756	1.82752	1.97475	2.07774	2.12837	2.12269	2.06113	1.94852	1.79372	1.60881	1.40731	1.20004	0.98892	0.767608	0.550296	0.357149	0.193775	0.0718866	0.0160097	0.00217012	0.000190065	1.13985e-05	4.90555e-07	1.57121e-08	3.8522e-10	7.38899e-12	1.12778e-13	1.38776e-15	1.39056e-17	1.14297e-19	7.74494e-22	4.33874e-24	2.01078e-26	7.6973e-29	2.42387e-31	6.23437e-34	1.29543e-36	2.13936e-39	2.74066e-42	2.6238e-45	1.76556e-48	7.44446e-52	1.47919e-55	0	0	
1.03748e-19	1.03748e-19	1.24134e-17	1.21583e-15	9.61419e-14	6.07732e-12	3.03089e-10	1.17248e-08	3.4426e-07	7.4636e-06	0.000115425	0.00122133	0.00845339	0.0371346	0.106455	0.219932	0.354165	0.483683	0.584146	0.641222	0.654391	0.623561	0.549038	0.43393	0.299484	0.170374	0.0727802	0.0214962	0.00419584	0.000534987	4.5644e-05	2.70607e-06	1.15694e-07	3.6819e-09	8.94977e-11	1.69607e-12	2.62027e-14	6.26866e-14	4.27287e-12	2.33684e-10	1.00387e-08	3.31681e-07	8.20176e-06	0.000146489	0.00180401	0.014433	0.0701303	0.200175	0.37948	0.597291	0.844098	1.09631	1.3506	1.61779	1.89217	2.15702	2.39363	2.58512	2.71801	2.78305	2.77575	2.69663	2.55114	2.34942	2.10572	1.83745	1.56331	1.2988	1.04641	0.793253	0.550296	0.341053	0.169302	0.0531883	0.00979958	0.00111177	8.30859e-05	4.32979e-06	1.64428e-07	4.70638e-09	1.04195e-10	1.82037e-12	2.54897e-14	2.89514e-16	2.69163e-18	2.06189e-20	1.30716e-22	6.87398e-25	2.99928e-27	1.08371e-29	3.22841e-32	7.87115e-35	1.55305e-37	2.43922e-40	2.9758e-43	2.71625e-46	1.74442e-49	7.02609e-53	1.33454e-56	1.33454e-56	
1.6103e-21	1.6103e-21	2.20271e-19	2.46349e-17	2.22755e-15	1.61561e-13	9.29651e-12	4.18334e-10	1.44508e-08	3.74289e-07	7.05759e-06	9.34614e-05	0.000834741	0.00485608	0.0184068	0.0486652	0.0969351	0.1538	0.203683	0.236726	0.245	0.226041	0.185155	0.131241	0.075475	0.0341595	0.0111677	0.00252254	0.00038232	3.88174e-05	2.70607e-06	1.33953e-07	4.86268e-09	1.33063e-10	2.80693e-12	4.65855e-14	1.15706e-14	8.2002e-13	4.93452e-11	2.35284e-09	8.72127e-08	2.45196e-06	5.06407e-05	0.0007368	0.00715092	0.043288	0.153899	0.333818	0.557072	0.822714	1.10229	1.39373	1.71489	2.06116	2.41275	2.74663	3.04105	3.27714	3.44	3.51944	3.51054	3.41385	3.23537	2.98628	2.68235	2.34311	1.99075	1.64813	1.33335	1.04641	0.767608	0.508002	0.294508	0.125226	0.0314032	0.00464038	0.000433426	2.73609e-05	1.23014e-06	4.09867e-08	1.04314e-09	2.07564e-11	3.28779e-13	4.20403e-15	4.38644e-17	3.76493e-19	2.67375e-21	1.57695e-23	7.7378e-26	3.15802e-28	1.06952e-30	2.99132e-33	6.85618e-36	1.273e-38	1.88273e-41	2.16367e-44	1.86052e-47	1.12532e-50	4.26687e-54	4.26687e-54	
1.90066e-23	1.90066e-23	2.98014e-21	3.80926e-19	3.93549e-17	3.26626e-15	2.15813e-13	1.12139e-11	4.50948e-10	1.37484e-08	3.09639e-07	4.98882e-06	5.53797e-05	0.00040806	0.00196313	0.00642772	0.015529	0.0287432	0.0428443	0.0534144	0.056173	0.0499192	0.0373056	0.0231179	0.0112276	0.00412488	0.00107683	0.000194452	2.37994e-05	1.98477e-06	1.15694e-07	4.86268e-09	1.51704e-10	3.60024e-12	6.63102e-14	2.29826e-15	1.10355e-13	7.38141e-12	3.94732e-10	1.65922e-08	5.36426e-07	1.29684e-05	0.000225964	0.00270337	0.0208549	0.0965535	0.260007	0.477045	0.75059	1.04923	1.36484	1.72402	2.12837	2.55777	2.98622	3.38777	3.73857	4.01805	4.21003	4.30347	4.29301	4.17924	3.9687	3.67351	3.3108	2.90187	2.47112	2.0447	1.64813	1.2988	0.98892	0.693177	0.429478	0.221493	0.0741421	0.0143339	0.00168103	0.000128726	6.84175e-06	2.64403e-07	7.6951e-09	1.73241e-10	3.07996e-12	4.39395e-14	5.09293e-16	4.84172e-18	3.80195e-20	2.47805e-22	1.34454e-24	6.07907e-27	2.28815e-29	7.14784e-32	1.84289e-34	3.88809e-37	6.62897e-40	8.97023e-43	9.38449e-46	7.29519e-49	3.95247e-52	3.95247e-52	
1.72632e-25	1.72632e-25	3.11635e-23	4.56411e-21	5.39139e-19	5.11464e-17	3.86874e-15	2.3092e-13	1.07255e-11	3.80641e-10	1.00831e-08	1.93582e-07	2.59905e-06	2.34697e-05	0.000138594	0.000545603	0.00155482	0.0033444	0.00559306	0.00738687	0.00786229	0.00678873	0.00468263	0.00252671	0.00105633	0.000323754	6.98946e-05	1.04255e-05	1.05994e-06	7.42614e-08	3.6819e-09	1.33063e-10	3.60024e-12	7.45713e-14	1.32276e-15	1.09589e-14	8.19074e-13	4.93861e-11	2.36385e-09	8.81344e-08	2.49775e-06	5.2119e-05	0.000767938	0.00756466	0.0465619	0.168567	0.373491	0.633463	0.941051	1.26821	1.64368	2.08333	2.57134	3.0806	3.58214	4.04783	4.45198	4.7725	4.99201	5.09867	5.08673	4.95685	4.716	4.3772	3.95884	3.48382	2.97844	2.47112	1.99075	1.56331	1.20004	0.877954	0.575486	0.329233	0.136283	0.0335623	0.00490766	0.000455456	2.86359e-05	1.28446e-06	4.27583e-08	1.08867e-09	2.1699e-11	3.44724e-13	4.42656e-15	4.64415e-17	4.01345e-19	2.87368e-21	1.71122e-23	8.49e-26	3.50891e-28	1.20534e-30	3.42521e-33	7.99079e-36	1.51306e-38	2.28681e-41	2.69165e-44	2.37628e-47	1.48012e-50	1.48012e-50	
1.21429e-27	1.21429e-27	2.54034e-25	4.28151e-23	5.79636e-21	6.28873e-19	5.43846e-17	3.7167e-15	1.98299e-13	8.12568e-12	2.50317e-10	5.63986e-09	8.97883e-08	9.70112e-07	6.85746e-06	3.17309e-05	0.00010423	0.000259011	0.000478775	0.000659682	0.000707923	0.000599159	0.000388361	0.000183932	6.71873e-05	1.75847e-05	3.22181e-06	4.06407e-07	3.50276e-08	2.0958e-09	8.94977e-11	2.80693e-12	6.6297e-14	1.21204e-15	8.62631e-16	6.975e-14	4.67869e-12	2.52009e-10	1.07254e-08	3.53311e-07	8.77277e-06	0.000158645	0.00199777	0.0165311	0.0839279	0.249718	0.483628	0.786399	1.11654	1.48695	1.93305	2.45153	3.0174	3.60025	4.16894	4.69351	5.14659	5.50471	5.74943	5.86819	5.85491	5.71026	5.44165	5.06289	4.59349	4.05781	3.48382	2.90187	2.34311	1.83745	1.40731	1.04854	0.722602	0.432404	0.209091	0.0636177	0.011299	0.00124036	9.03071e-05	4.61799e-06	1.73261e-07	4.93027e-09	1.09147e-10	1.91736e-12	2.71407e-14	3.13308e-16	2.97684e-18	2.34404e-20	1.5371e-22	8.41876e-25	3.85565e-27	1.47547e-29	4.70479e-32	1.24368e-34	2.70368e-37	4.77719e-40	6.74475e-43	7.42188e-46	6.13234e-49	6.13234e-49	
6.62237e-30	6.62237e-30	1.62059e-27	3.16384e-25	4.92986e-23	6.13076e-21	6.06398e-19	4.73802e-17	2.89387e-15	1.36153e-13	4.83806e-12	1.26512e-10	2.35409e-09	2.99053e-08	2.48378e-07	1.32823e-06	4.94196e-06	1.40981e-05	2.83385e-05	4.02602e-05	4.34475e-05	3.62663e-05	2.24276e-05	9.43604e-06	3.04468e-06	6.93054e-07	1.09822e-07	1.19171e-08	8.83696e-10	4.56963e-11	1.69606e-12	4.64664e-14	9.62491e-16	4.53966e-17	2.93237e-15	2.3401e-13	1.51113e-11	7.78741e-10	3.14618e-08	9.73947e-07	2.24278e-05	0.000369641	0.00414695	0.0297466	0.128031	0.329184	0.594377	0.922406	1.27724	1.70089	2.21545	2.8049	3.4399	4.08789	4.71597	5.29253	5.78879	6.18009	6.44704	6.57647	6.562	6.40433	6.11124	5.69722	5.18277	4.59349	3.95884	3.3108	2.68235	2.10572	1.60881	1.20233	0.855707	0.534292	0.283197	0.0997407	0.0209064	0.00268987	0.000226094	1.31401e-05	5.52563e-07	1.74175e-08	4.22999e-10	8.0865e-12	1.23751e-13	1.53606e-15	1.56228e-17	1.312e-19	9.14794e-22	5.31435e-24	2.5764e-26	1.042e-28	3.50731e-31	9.77781e-34	2.24039e-36	4.17085e-39	6.20383e-42	7.19304e-45	6.2648e-48	6.2648e-48	
2.78816e-32	2.78816e-32	8.08539e-30	1.84553e-27	3.33131e-25	4.76848e-23	5.40627e-21	4.83092e-19	3.3726e-17	1.81558e-15	7.40037e-14	2.2282e-12	4.79572e-11	7.07226e-10	6.80705e-09	4.15401e-08	1.72778e-07	5.62429e-07	1.21202e-06	1.76104e-06	1.90797e-06	1.57702e-06	9.40994e-07	3.56083e-07	1.02304e-07	2.05412e-08	2.85475e-09	2.69833e-10	1.74013e-11	7.84397e-13	2.54664e-14	6.12102e-16	1.19072e-17	8.7296e-17	8.15523e-15	6.23061e-13	3.84317e-11	1.88649e-09	7.23339e-08	2.11483e-06	4.5684e-05	0.000699398	0.0071822	0.0461546	0.173845	0.3975	0.693811	1.03626	1.42138	1.89714	2.47121	3.12076	3.81404	4.51687	5.19489	5.81516	6.34769	6.76684	7.05246	7.19084	7.17537	7.00677	6.69314	6.24951	5.69722	5.06289	4.3772	3.67351	2.98628	2.34942	1.79372	1.33834	0.966217	0.627936	0.348261	0.138324	0.0330721	0.00472119	0.000428409	2.63483e-05	1.15644e-06	3.76829e-08	9.3961e-10	1.83507e-11	2.85826e-13	3.60068e-15	3.7084e-17	3.14803e-19	2.2155e-21	1.29754e-23	6.33535e-26	2.57835e-28	8.72644e-31	2.44465e-33	5.62549e-36	1.05124e-38	1.56883e-41	1.82424e-44	1.59281e-47	1.59281e-47	
8.9643e-35	8.9643e-35	3.13684e-32	8.48052e-30	1.78983e-27	2.96793e-25	3.87288e-23	3.96625e-21	3.16582e-19	1.94702e-17	9.07247e-16	3.12851e-14	7.73087e-13	1.31127e-11	1.44781e-10	9.98759e-10	4.59734e-09	1.69858e-08	3.87911e-08	5.73223e-08	6.22833e-08	5.111e-08	2.96651e-08	1.02108e-08	2.62758e-09	4.70473e-10	5.79425e-11	4.81433e-12	2.72111e-13	1.07569e-14	3.06766e-16	6.51361e-18	3.67368e-18	3.6079e-16	3.00344e-14	2.04141e-12	1.12012e-10	4.8905e-09	1.66822e-07	4.34322e-06	8.37337e-05	0.00114885	0.0106409	0.062169	0.214404	0.454788	0.773239	1.12688	1.54175	2.06112	2.68243	3.37921	4.11819	4.86399	5.58111	6.23558	6.79649	7.23741	7.53762	7.683	7.66675	7.48961	7.15991	6.69314	6.11124	5.44165	4.716	3.9687	3.23537	2.55114	1.94852	1.45127	1.05325	0.704253	0.40081	0.174211	0.0457245	0.0070124	0.000672578	4.32911e-05	1.97661e-06	6.67504e-08	1.72074e-09	3.46886e-11	5.57126e-13	7.23228e-15	7.67314e-17	6.70948e-19	4.86476e-21	2.93654e-23	1.47882e-25	6.21402e-28	2.1747e-30	6.31265e-33	1.5096e-35	2.94394e-38	4.61351e-41	5.68809e-44	5.35179e-47	5.35179e-47	
2.15786e-37	2.15786e-37	9.35087e-35	3.04905e-32	7.62196e-30	1.47771e-27	2.23362e-25	2.63237e-23	2.40735e-21	1.69193e-19	8.99938e-18	3.54271e-16	1.00014e-14	1.93844e-13	2.43711e-12	1.88717e-11	9.53892e-11	3.98226e-10	9.54977e-10	1.42966e-09	1.55674e-09	1.27054e-09	7.21522e-10	2.28122e-10	5.28065e-11	8.50348e-12	9.35237e-13	6.87597e-14	3.42457e-15	1.19188e-16	2.99301e-18	1.23444e-19	8.06272e-18	7.92527e-16	6.392e-14	4.18926e-12	2.20382e-10	9.16256e-09	2.95264e-07	7.19747e-06	0.000128727	0.00162576	0.013823	0.0747142	0.243438	0.497528	0.828049	1.19113	1.62959	2.18022	2.83455	3.5642	4.33496	5.11062	5.8549	6.53311	7.11371	7.56975	7.88007	8.03031	8.01352	7.83046	7.48961	7.00677	6.40433	5.71026	4.95685	4.17924	3.41385	2.69663	2.06113	1.53349	1.11456	0.758203	0.439861	0.201509	0.0557958	0.0090488	0.000924932	6.40152e-05	3.16841e-06	1.16771e-07	3.30279e-09	7.33615e-11	1.30259e-12	1.8746e-14	2.2103e-16	2.15294e-18	1.74317e-20	1.17826e-22	6.66573e-25	3.15884e-27	1.25276e-29	4.14574e-32	1.13886e-34	2.57617e-37	4.74243e-40	6.98493e-43	8.03587e-46	8.03587e-46	
3.76088e-40	3.76088e-40	2.09807e-37	8.46797e-35	2.55303e-32	5.86227e-30	1.03591e-27	1.4139e-25	1.48756e-23	1.19729e-21	7.27207e-20	3.26375e-18	1.04957e-16	2.31451e-15	3.2964e-14	2.85064e-13	1.57261e-12	7.39197e-12	1.84793e-11	2.79499e-11	3.04847e-11	2.47757e-11	1.38248e-11	4.04852e-12	8.45597e-13	1.23276e-13	1.21761e-14	7.95738e-16	3.50429e-17	1.07602e-18	2.44737e-20	9.64434e-20	1.13623e-17	1.10964e-15	8.87907e-14	5.76354e-12	2.99627e-10	1.22744e-08	3.88227e-07	9.24147e-06	0.000160366	0.00195046	0.0158655	0.0819939	0.258673	0.520755	0.856688	1.22595	1.6778	2.24527	2.91721	3.66437	4.45203	5.24358	6.00231	6.69315	7.28421	7.74828	8.06399	8.21681	8.19972	8.01352	7.66675	7.17537	6.562	5.85491	5.08673	4.29301	3.51054	2.77575	2.12269	1.57854	1.14745	0.786734	0.461785	0.216221	0.061437	0.0103296	0.00110459	8.03756e-05	4.1873e-06	1.62189e-07	4.80645e-09	1.11432e-10	2.05683e-12	3.06515e-14	3.72875e-16	3.73496e-18	3.1007e-20	2.14341e-22	1.2373e-24	5.97113e-27	2.40741e-29	8.08692e-32	2.25205e-34	5.15834e-37	9.60556e-40	1.42983e-42	1.66119e-45	1.66119e-45	
