2.31931e-14	2.31931e-14	3.95084e-13	6.17504e-12	8.38313e-11	9.8082e-10	9.80824e-09	8.3103e-08	5.91273e-07	3.5023e-06	1.71405e-05	6.89441e-05	0.000227592	0.000619201	0.00140344	0.00269274	0.00445255	0.00645036	0.00828974	0.00952978	0.00983874	0.00912862	0.00759716	0.00563956	0.00369708	0.00211047	0.00103086	0.000423743	0.000144614	4.05865e-05	9.32926e-06	1.75918e-06	2.73759e-07	3.54585e-08	3.85948e-09	3.56455e-10	2.81954e-11	1.92659e-12	1.1462e-13	5.97974e-15	2.75326e-16	1.12529e-17	4.10385e-19	1.34172e-20	3.94919e-22	1.05046e-23	2.53432e-25	6.22979e-27	7.2777e-27	6.376e-26	4.69387e-25	2.84983e-24	1.42093e-23	5.74891e-23	1.84368e-22	4.59967e-22	9.22382e-22	1.65387e-21	2.64261e-21	3.35498e-21	3.26687e-21	2.44673e-21	1.4791e-21	8.08049e-22	3.8954e-22	1.47236e-22	4.34031e-23	1.01958e-23	1.94579e-24	3.05908e-25	3.99698e-26	4.36582e-27	4.00774e-28	3.11057e-29	2.05516e-30	1.16434e-31	5.6979e-33	2.42556e-34	9.04117e-36	2.96876e-37	8.6345e-39	2.23534e-40	5.17376e-42	1.0748e-43	2.01103e-45	3.39958e-47	5.20634e-49	7.24078e-51	9.1643e-53	1.05747e-54	1.11424e-56	1.07351e-58	9.46748e-61	7.6498e-63	5.66693e-65	3.85065e-67	2.40062e-69	1.37323e-71	7.24124e-74	7.24124e-74	
2.31931e-14	2.31931e-14	3.95084e-13	6.17504e-12	8.38313e-11	9.8082e-10	9.80824e-09	8.3103e-08	5.91273e-07	3.5023e-06	1.71405e-05	6.89441e-05	0.000227592	0.000619201	0.00140344	0.00269274	0.00445255	0.00645036	0.00828974	0.00952978	0.00983874	0.00912862	0.00759716	0.00563956	0.00369708	0.00211047	0.00103086	0.000423743	0.000144614	4.05865e-05	9.32926e-06	1.75918e-06	2.73759e-07	3.54585e-08	3.85948e-09	3.56455e-10	2.81954e-11	1.92659e-12	1.1462e-13	5.97974e-15	2.75326e-16	1.12529e-17	4.10385e-19	1.34172e-20	3.94919e-22	1.05046e-23	2.53432e-25	6.22979e-27	7.2777e-27	6.376e-26	4.69387e-25	2.84983e-24	1.42093e-23	5.74891e-23	1.84368e-22	4.59967e-22	9.22382e-22	1.65387e-21	2.64261e-21	3.35498e-21	3.26687e-21	2.44673e-21	1.4791e-21	8.08049e-22	3.8954e-22	1.47236e-22	4.34031e-23	1.01958e-23	1.94579e-24	3.05908e-25	3.99698e-26	4.36582e-27	4.00774e-28	3.11057e-29	2.05516e-30	1.16434e-31	5.6979e-33	2.42556e-34	9.04117e-36	2.96876e-37	8.6345e-39	2.23534e-40	5.17376e-42	1.0748e-43	2.01103e-45	3.39958e-47	5.20634e-49	7.24078e-51	9.1643e-53	1.05747e-54	1.11424e-56	1.07351e-58	9.46748e-61	7.6498e-63	5.66693e-65	3.85065e-67	2.40062e-69	1.37323e-71	7.24124e-74	7.24124e-74	
3.95084e-13	3.95084e-13	6.28189e-12	9.1607e-11	1.15586e-09	1.25135e-08	1.15214e-07	8.93823e-07	5.78814e-06	3.10125e-05	0.0001365	0.000491635	0.00145124	0.00354205	0.00726459	0.0127797	0.019683	0.0270043	0.0334149	0.0376011	0.0386294	0.0362588	0.0310372	0.0240945	0.0167945	0.0103628	0.00555354	0.00253212	0.000964554	0.000302721	7.76683e-05	1.62759e-05	2.79896e-06	3.9825e-07	4.73445e-08	4.75052e-09	4.06285e-10	2.98889e-11	1.90728e-12	1.06373e-13	5.22066e-15	2.26858e-16	8.77628e-18	3.03768e-19	9.44898e-21	2.65204e-22	6.74364e-24	1.91986e-25	3.73317e-25	3.13931e-24	2.20662e-23	1.28142e-22	6.12457e-22	2.38292e-21	7.39222e-21	1.80087e-20	3.55285e-20	6.23363e-20	9.71152e-20	1.21778e-19	1.18738e-19	9.0289e-20	5.60462e-20	3.12493e-20	1.53124e-20	5.94531e-21	1.81517e-21	4.43886e-22	8.84542e-23	1.45478e-23	1.99098e-24	2.27989e-25	2.19531e-26	1.78767e-27	1.2392e-28	7.36453e-30	3.77951e-31	1.68674e-32	6.58928e-34	2.2669e-35	6.90588e-37	1.87222e-38	4.53708e-40	9.86752e-42	1.93283e-43	3.42061e-45	5.48474e-47	7.98776e-49	1.05891e-50	1.28021e-52	1.41389e-54	1.42849e-56	1.32185e-58	1.1214e-60	8.72865e-63	6.23729e-65	4.09328e-67	2.46749e-69	1.37323e-71	1.37323e-71	
6.17504e-12	6.17504e-12	9.1607e-11	1.24582e-09	1.45992e-08	1.46096e-07	1.23669e-06	8.76776e-06	5.15492e-05	0.000249092	0.000982748	0.00315939	0.00831974	0.0182013	0.0338048	0.0546098	0.0784575	0.102012	0.121546	0.133812	0.136763	0.129924	0.114427	0.0928564	0.0687417	0.0457644	0.026872	0.0135907	0.00578721	0.00203635	0.000584963	0.000136642	2.60366e-05	4.07844e-06	5.30451e-07	5.78975e-08	5.35866e-09	4.24687e-10	2.90784e-11	1.73406e-12	9.07188e-14	4.1908e-15	1.71947e-16	6.2989e-18	2.06989e-19	6.12751e-21	1.64191e-22	5.82205e-24	1.79156e-23	1.44166e-22	9.67212e-22	5.37063e-21	2.46002e-20	9.20318e-20	2.76145e-19	6.56721e-19	1.27409e-18	2.18837e-18	3.32736e-18	4.12155e-18	4.02399e-18	3.10597e-18	1.9776e-18	1.12511e-18	5.6069e-19	2.23659e-19	7.07307e-20	1.80089e-20	3.74819e-21	6.45098e-22	9.25092e-23	1.11096e-23	1.12247e-24	9.59283e-26	6.97846e-27	4.35137e-28	2.34226e-29	1.09598e-30	4.48722e-32	1.61733e-33	5.16024e-35	1.46476e-36	3.71578e-38	8.4581e-40	1.73382e-41	3.21103e-43	5.38816e-45	8.2129e-47	1.1397e-48	1.44273e-50	1.66889e-52	1.76674e-54	1.71384e-56	1.52507e-58	1.24596e-60	9.35218e-63	6.45245e-65	4.09328e-67	2.40062e-69	2.40062e-69	
8.38313e-11	8.38313e-11	1.15586e-09	1.45992e-08	1.5812e-07	1.45419e-06	1.12396e-05	7.22261e-05	0.000381814	0.00164521	0.00574496	0.0162679	0.0377417	0.073253	0.122271	0.180412	0.240835	0.29586	0.338715	0.364347	0.37035	0.35636	0.323433	0.275004	0.216946	0.156503	0.1013	0.0573352	0.0276025	0.011029	0.00359335	0.000946977	0.000202072	3.51657e-05	5.0425e-06	6.02575e-07	6.0685e-08	5.20508e-09	3.83909e-10	2.45613e-11	1.37365e-12	6.7628e-14	2.94917e-15	1.14556e-16	3.98331e-18	1.24547e-19	3.52359e-21	1.75041e-22	7.87575e-22	6.04701e-21	3.86723e-20	2.05068e-19	8.99141e-19	3.23112e-18	9.3695e-18	2.17328e-17	4.14285e-17	6.96517e-17	1.03402e-16	1.26507e-16	1.2368e-16	9.69094e-17	6.32595e-17	3.67327e-17	1.86349e-17	7.64306e-18	2.50587e-18	6.65008e-19	1.44737e-19	2.61018e-20	3.92724e-21	4.9526e-22	5.25708e-23	4.72074e-24	3.60793e-25	2.36278e-26	1.33519e-27	6.55567e-29	2.81507e-30	1.06367e-31	3.55622e-33	1.05739e-34	2.80888e-36	6.6936e-38	1.4362e-39	2.78375e-41	4.88852e-43	7.79821e-45	1.13264e-46	1.50092e-48	1.81794e-50	2.01576e-52	2.04893e-54	1.91136e-56	1.63795e-58	1.29045e-60	9.35218e-63	6.23729e-65	3.85065e-67	3.85065e-67	
9.8082e-10	9.8082e-10	1.25135e-08	1.46096e-07	1.45419e-06	1.22075e-05	8.54444e-05	0.00049274	0.0023142	0.00876774	0.0266747	0.0654709	0.13194	0.224878	0.33527	0.450465	0.558084	0.647832	0.713285	0.750828	0.759513	0.739358	0.690464	0.614694	0.516849	0.404768	0.289933	0.185106	0.101974	0.0469637	0.017631	0.00532093	0.00128832	0.00025186	4.01856e-05	5.29794e-06	5.84265e-07	5.4525e-08	4.35145e-09	2.99799e-10	1.79823e-11	9.4611e-13	4.39564e-14	1.81416e-15	6.68683e-17	2.21173e-18	6.62714e-20	5.37747e-21	3.16019e-20	2.30947e-19	1.40585e-18	7.10913e-18	2.97982e-17	1.02741e-16	2.87644e-16	6.50107e-16	1.21656e-15	2.00183e-15	2.90294e-15	3.50772e-15	3.43406e-15	2.73151e-15	1.82708e-15	1.08316e-15	5.59969e-16	2.36356e-16	8.04209e-17	2.22715e-17	5.07584e-18	9.60551e-19	1.51858e-19	2.01394e-20	2.2491e-21	2.12496e-22	1.70835e-23	1.17636e-24	6.98598e-26	3.60258e-27	1.62384e-28	6.4368e-30	2.25651e-31	7.0318e-33	1.9569e-34	4.88373e-36	1.0971e-37	2.22594e-39	4.09126e-41	6.83038e-43	1.03829e-44	1.44012e-46	1.826e-48	2.12005e-50	2.25711e-52	2.20628e-54	1.98207e-56	1.63795e-58	1.24596e-60	8.72865e-63	5.66693e-65	5.66693e-65	
9.80824e-09	9.80824e-09	1.15214e-07	1.23669e-06	1.12396e-05	8.54444e-05	0.000536356	0.00274281	0.0112799	0.0369401	0.0961108	0.200938	0.347497	0.517754	0.690845	0.850584	0.985944	1.09146	1.16504	1.20795	1.21841	1.19484	1.13952	1.05317	0.935221	0.789304	0.622455	0.448425	0.284948	0.153463	0.0675761	0.0237743	0.0066358	0.00147685	0.000265082	3.89011e-05	4.73226e-06	4.834e-07	4.19523e-08	3.12568e-09	2.01785e-10	1.138e-11	5.6474e-13	2.48201e-14	9.71615e-16	3.4053e-17	1.08732e-18	1.69153e-19	1.15319e-18	8.00348e-18	4.62974e-17	2.22907e-16	8.91866e-16	2.94664e-15	7.95627e-15	1.75027e-14	3.212e-14	5.17203e-14	7.33005e-14	8.74766e-14	8.57585e-14	6.92427e-14	4.74342e-14	2.87199e-14	1.5148e-14	6.58645e-15	2.32843e-15	6.73815e-16	1.61052e-16	3.20337e-17	5.33027e-18	7.44632e-19	8.76288e-20	8.72419e-21	7.38839e-22	5.35647e-23	3.34697e-24	1.81476e-25	8.59452e-27	3.57708e-28	1.31583e-29	4.30018e-31	1.25437e-32	3.2799e-34	7.71701e-36	1.63939e-37	3.15429e-39	5.51191e-41	8.76917e-43	1.27299e-44	1.68947e-46	2.05344e-48	2.28917e-50	2.34373e-52	2.20628e-54	1.91136e-56	1.52507e-58	1.1214e-60	7.6498e-63	7.6498e-63	
8.3103e-08	8.3103e-08	8.93823e-07	8.76776e-06	7.22261e-05	0.00049274	0.00274281	0.0122646	0.0434164	0.120507	0.262961	0.462202	0.686006	0.905681	1.1049	1.2765	1.415	1.52224	1.59616	1.63993	1.65094	1.62626	1.57022	1.48331	1.36324	1.21174	1.02802	0.819496	0.595809	0.377394	0.198032	0.0828072	0.0271378	0.00698391	0.0014282	0.000235698	3.18895e-05	3.58964e-06	3.40644e-07	2.75719e-08	1.92309e-09	1.1663e-10	6.19915e-12	2.90807e-13	1.21147e-14	4.50705e-16	1.55598e-17	5.29448e-18	3.8122e-17	2.50711e-16	1.37561e-15	6.29464e-15	2.40009e-14	7.58753e-14	1.97343e-13	4.22045e-13	7.5869e-13	1.19523e-12	1.65642e-12	1.95247e-12	1.91679e-12	1.57076e-12	1.10141e-12	6.81359e-13	3.67113e-13	1.64617e-13	6.05413e-14	1.83351e-14	4.60387e-15	9.64251e-16	1.69189e-16	2.49436e-17	3.09882e-18	3.25658e-19	2.90995e-20	2.22449e-21	1.46447e-22	8.35913e-24	4.16405e-25	1.82149e-26	7.03683e-28	2.41349e-29	7.38416e-31	2.02404e-32	4.98994e-34	1.11033e-35	2.23696e-37	4.09216e-39	6.81452e-41	1.03537e-42	1.43818e-44	1.82967e-46	2.1353e-48	2.28917e-50	2.25711e-52	2.04893e-54	1.71384e-56	1.32185e-58	9.46748e-61	9.46748e-61	
5.91273e-07	5.91273e-07	5.78814e-06	5.15492e-05	0.000381814	0.0023142	0.0112799	0.0434164	0.129851	0.299661	0.541789	0.806751	1.06112	1.29486	1.50161	1.67454	1.80965	1.90871	1.97504	2.00678	2.01286	1.99728	1.9526	1.87314	1.76042	1.60943	1.42297	1.20351	0.961618	0.700647	0.438599	0.22132	0.0867679	0.0262635	0.00620572	0.00116474	0.000176849	2.20953e-05	2.30617e-06	2.03758e-07	1.54157e-08	1.00873e-09	5.75879e-11	2.89038e-12	1.284e-13	5.08024e-15	1.97068e-16	1.58609e-16	1.13689e-15	7.06858e-15	3.67102e-14	1.59328e-13	5.77848e-13	1.74512e-12	4.36598e-12	9.06518e-12	1.5943e-11	2.45668e-11	3.33111e-11	3.87883e-11	3.8132e-11	3.17077e-11	2.27449e-11	1.43831e-11	7.92743e-12	3.67064e-12	1.4064e-12	4.46513e-13	1.18011e-13	2.60807e-14	4.8358e-15	7.53995e-16	9.90903e-17	1.10137e-17	1.04029e-18	8.39948e-20	5.83515e-21	3.51121e-22	1.84209e-23	8.47836e-25	3.44327e-26	1.2405e-27	3.9838e-29	1.14547e-30	2.96059e-32	6.90319e-34	1.45681e-35	2.79063e-37	4.86507e-39	7.73721e-41	1.12487e-42	1.49781e-44	1.82967e-46	2.05344e-48	2.12005e-50	2.01576e-52	1.76674e-54	1.42849e-56	1.07351e-58	1.07351e-58	
3.5023e-06	3.5023e-06	3.10125e-05	0.000249092	0.00164521	0.00876774	0.0369401	0.120507	0.299661	0.569935	0.867349	1.15212	1.42536	1.66823	1.86881	2.01658	2.12181	2.18466	2.22456	2.24393	2.24694	2.23817	2.21136	2.16338	2.08509	1.9626	1.795	1.5755	1.31794	1.04016	0.748363	0.453588	0.215266	0.0778163	0.02154	0.00465012	0.000799538	0.000111676	1.28946e-05	1.2495e-06	1.02939e-07	7.29099e-09	4.48277e-10	2.4127e-11	1.14511e-12	4.82892e-14	2.33444e-15	4.40604e-15	3.04458e-14	1.78514e-13	8.75429e-13	3.59547e-12	1.23773e-11	3.56433e-11	8.56404e-11	1.72376e-10	2.96177e-10	4.46246e-10	5.92376e-10	6.81574e-10	6.70954e-10	5.65937e-10	4.15071e-10	2.68458e-10	1.51596e-10	7.25864e-11	2.90218e-11	9.67775e-12	2.69812e-12	6.30673e-13	1.23871e-13	2.04753e-14	2.85323e-15	3.36161e-16	3.36337e-17	2.87385e-18	2.11048e-19	1.34092e-20	7.41958e-22	3.59772e-23	1.53776e-24	5.82516e-26	1.96531e-27	5.9321e-29	1.60845e-30	3.93214e-32	8.69595e-34	1.74492e-35	3.18553e-37	5.30382e-39	8.07135e-41	1.12487e-42	1.43818e-44	1.68947e-46	1.826e-48	1.81794e-50	1.66889e-52	1.41389e-54	1.11424e-56	1.11424e-56	
1.71405e-05	1.71405e-05	0.0001365	0.000982748	0.00574496	0.0266747	0.0961108	0.262961	0.541789	0.867349	1.1821	1.49499	1.76963	1.98278	2.13579	2.23176	2.28277	2.30219	2.30061	2.29557	2.29361	2.29719	2.30246	2.29749	2.26601	2.20027	2.08102	1.90521	1.66648	1.37158	1.0579	0.736316	0.418957	0.181999	0.0595974	0.014935	0.00293028	0.000460405	5.91032e-05	6.30665e-06	5.67636e-07	4.36364e-08	2.89591e-09	1.67451e-10	8.50454e-12	3.83544e-13	2.93748e-14	1.11157e-13	7.28429e-13	4.01644e-12	1.85483e-11	7.1901e-11	2.34372e-10	6.42232e-10	1.4793e-09	2.88147e-09	4.82931e-09	7.11162e-09	9.24791e-09	1.05173e-08	1.03672e-08	8.86662e-09	6.64523e-09	4.3989e-09	2.5494e-09	1.26438e-09	5.28508e-10	1.85512e-10	5.46926e-11	1.35575e-11	2.82853e-12	4.9702e-13	7.3635e-14	9.21958e-15	9.79449e-16	8.87607e-17	6.90441e-18	4.64042e-19	2.71247e-20	1.38769e-21	6.25057e-23	2.49247e-24	8.84328e-26	2.80455e-27	7.9835e-29	2.0476e-30	4.74792e-32	9.98419e-34	1.90935e-35	3.32902e-37	5.30382e-39	7.73721e-41	1.03537e-42	1.27299e-44	1.44012e-46	1.50092e-48	1.44273e-50	1.28021e-52	1.05747e-54	1.05747e-54	
6.89441e-05	6.89441e-05	0.000491635	0.00315939	0.0162679	0.0654709	0.200938	0.462202	0.806751	1.15212	1.49499	1.80235	2.03038	2.19807	2.28716	2.3102	2.28412	2.22994	2.17773	2.13846	2.12714	2.1513	2.19774	2.25235	2.30024	2.30766	2.25995	2.13997	1.94692	1.68845	1.3582	1.0164	0.665037	0.342857	0.132823	0.0387769	0.00871666	0.00154615	0.000221333	2.60709e-05	2.56872e-06	2.14669e-07	1.53976e-08	9.57558e-10	5.20879e-11	2.5359e-12	4.47511e-13	2.51317e-12	1.54812e-11	8.00179e-11	3.46903e-10	1.26543e-09	3.89511e-09	1.01322e-08	2.23274e-08	4.20062e-08	6.85503e-08	9.86089e-08	1.25691e-07	1.4135e-07	1.39511e-07	1.20923e-07	9.25637e-08	6.27634e-08	3.74046e-08	1.9251e-08	8.43038e-09	3.12256e-09	9.76247e-10	2.57421e-10	5.72283e-11	1.07238e-11	1.69433e-12	2.26105e-13	2.55747e-14	2.4643e-15	2.03511e-16	1.44986e-17	8.9696e-19	4.84956e-20	2.30534e-21	9.68954e-23	3.61947e-24	1.20727e-25	3.61115e-27	9.72421e-29	2.36571e-30	5.21619e-32	1.0454e-33	1.90935e-35	3.18553e-37	4.86507e-39	6.81452e-41	8.76917e-43	1.03829e-44	1.13264e-46	1.1397e-48	1.05891e-50	9.1643e-53	9.1643e-53	
0.000227592	0.000227592	0.00145124	0.00831974	0.0377417	0.13194	0.347497	0.686006	1.06112	1.42536	1.76963	2.03038	2.22058	2.30016	2.29988	2.22007	2.09854	1.96179	1.83658	1.75677	1.73703	1.78167	1.88273	2.01694	2.14956	2.25807	2.30975	2.28239	2.15412	1.93791	1.63874	1.27988	0.912859	0.540681	0.24449	0.0827388	0.0212696	0.00425618	0.000679201	8.82958e-05	9.52163e-06	8.64866e-07	6.70307e-08	4.48204e-09	2.61108e-10	1.42483e-11	7.94648e-12	5.04384e-11	2.90377e-10	1.4018e-09	5.68468e-09	1.94466e-08	5.63473e-08	1.38764e-07	2.91841e-07	5.29149e-07	8.3912e-07	1.17828e-06	1.47295e-06	1.63878e-06	1.61945e-06	1.42176e-06	1.11111e-06	7.72473e-07	4.74429e-07	2.53942e-07	1.16787e-07	4.57748e-08	1.52253e-08	4.28553e-09	1.01891e-09	2.04352e-10	3.45544e-11	4.93135e-12	5.95751e-13	6.12134e-14	5.38106e-15	4.07326e-16	2.67269e-17	1.53003e-18	7.68896e-20	3.41144e-21	1.34341e-22	4.71822e-24	1.48445e-25	4.20056e-27	1.07297e-28	2.4822e-30	5.21619e-32	9.98419e-34	1.74492e-35	2.79063e-37	4.09216e-39	5.51191e-41	6.83038e-43	7.79821e-45	8.2129e-47	7.98776e-49	7.24078e-51	7.24078e-51	
0.000619201	0.000619201	0.00354205	0.0182013	0.073253	0.224878	0.517754	0.905681	1.29486	1.66823	1.98278	2.19807	2.30016	2.29149	2.174	1.98313	1.74307	1.49861	1.30324	1.1804	1.14931	1.21919	1.37386	1.59237	1.84209	2.06783	2.23697	2.30492	2.27668	2.12196	1.8705	1.52131	1.1415	0.74657	0.384604	0.148844	0.0433962	0.0097405	0.00172524	0.000246658	2.90259e-05	2.85816e-06	2.38813e-07	1.71338e-08	1.0683e-09	7.64363e-11	1.42311e-10	8.91215e-10	4.77146e-09	2.14229e-08	8.09266e-08	2.5859e-07	7.02783e-07	1.63335e-06	3.26967e-06	5.69876e-06	8.76163e-06	1.19987e-05	1.4717e-05	1.62079e-05	1.60353e-05	1.42507e-05	1.1367e-05	8.11249e-06	5.14728e-06	2.87255e-06	1.39122e-06	5.78905e-07	2.05609e-07	6.2029e-08	1.58389e-08	3.41433e-09	6.20426e-10	9.50599e-11	1.23104e-11	1.35332e-12	1.27017e-13	1.02435e-14	7.14602e-16	4.34082e-17	2.31047e-18	1.08394e-19	4.50658e-21	1.66876e-22	5.5287e-24	1.64563e-25	4.41732e-27	1.07297e-28	2.36571e-30	4.74792e-32	8.69595e-34	1.45681e-35	2.23696e-37	3.15429e-39	4.09126e-41	4.88852e-43	5.38816e-45	5.48474e-47	5.20634e-49	5.20634e-49	
0.00140344	0.00140344	0.00726459	0.0338048	0.122271	0.33527	0.690845	1.1049	1.50161	1.86881	2.13579	2.28716	2.29988	2.174	1.93563	1.6066	1.2428	0.889574	0.58952	0.39465	0.347001	0.455864	0.699893	1.02634	1.39033	1.74891	2.03905	2.23931	2.31132	2.24072	2.0422	1.72824	1.34495	0.93923	0.535463	0.232356	0.0757879	0.0188869	0.00368302	0.000575236	7.34483e-05	7.80183e-06	6.99704e-07	5.36565e-08	3.59491e-09	5.35613e-10	2.33549e-09	1.37494e-08	6.81071e-08	2.82994e-07	9.91002e-07	2.94426e-06	7.47394e-06	1.63339e-05	3.10238e-05	5.18247e-05	7.70497e-05	0.000102787	0.000123733	0.000134957	0.000133665	0.00012018	9.78335e-05	7.17837e-05	4.71832e-05	2.75346e-05	1.40885e-05	6.24707e-06	2.3794e-06	7.72992e-07	2.13028e-07	4.96021e-08	9.73268e-09	1.60829e-09	2.24208e-10	2.64731e-11	2.66203e-12	2.29436e-13	1.70644e-14	1.1026e-15	6.22942e-17	3.09611e-18	1.36133e-19	5.32266e-21	1.85936e-22	5.82817e-24	1.64563e-25	4.20056e-27	9.72421e-29	2.0476e-30	3.93214e-32	6.90319e-34	1.11033e-35	1.63939e-37	2.22594e-39	2.78375e-41	3.21103e-43	3.42061e-45	3.39958e-47	3.39958e-47	
0.00269274	0.00269274	0.0127797	0.0546098	0.180412	0.450465	0.850584	1.2765	1.67454	2.01658	2.23176	2.3102	2.22007	1.98313	1.6066	1.14521	0.647133	0.162392	-0.227538	-0.461555	-0.516411	-0.38935	-0.0880879	0.350533	0.848077	1.33666	1.77042	2.09617	2.27612	2.29732	2.16294	1.89205	1.51778	1.1079	0.680496	0.323698	0.116049	0.0316631	0.00672082	0.00113587	0.000156098	1.77616e-05	1.69933e-06	1.38577e-07	1.03968e-08	5.78033e-09	3.37375e-08	1.8353e-07	8.36244e-07	3.19708e-06	1.03195e-05	2.8353e-05	6.69008e-05	0.00013691	0.000245826	0.000392242	0.000562263	0.000729579	0.000861921	0.000931476	0.000923511	0.000839698	0.000697798	0.000527335	0.000360197	0.000220556	0.000119665	5.67876e-05	2.33107e-05	8.1998e-06	2.45306e-06	6.20555e-07	1.32226e-07	2.36918e-08	3.57315e-09	4.55177e-10	4.92368e-11	4.55156e-12	3.62057e-13	2.49539e-14	1.50017e-15	7.91615e-17	3.688e-18	1.52511e-19	5.62573e-21	1.85936e-22	5.5287e-24	1.48445e-25	3.61115e-27	7.9835e-29	1.60845e-30	2.96059e-32	4.98994e-34	7.71701e-36	1.0971e-37	1.4362e-39	1.73382e-41	1.93283e-43	2.01103e-45	2.01103e-45	
0.00445255	0.00445255	0.019683	0.0784575	0.240835	0.558084	0.985944	1.415	1.80965	2.12181	2.28277	2.28412	2.09854	1.74307	1.2428	0.647133	0.00213438	-0.600312	-1.08525	-1.39364	-1.46945	-1.29568	-0.909884	-0.369222	0.262682	0.893418	1.45405	1.90715	2.19144	2.30685	2.2345	2.01229	1.65762	1.24754	0.807832	0.41216	0.159324	0.0468141	0.0106638	0.00192653	0.000281938	3.4046e-05	3.4465e-06	2.97586e-07	3.18516e-08	7.20589e-08	4.2121e-07	2.09775e-06	8.73227e-06	3.05065e-05	9.01539e-05	0.000227625	0.000496437	0.000946739	0.00160021	0.00242931	0.00334653	0.00421571	0.00488562	0.00523253	0.00519295	0.00477404	0.0040527	0.00316136	0.00225176	0.00145246	0.0008392	0.000428339	0.000190592	7.30612e-05	2.38891e-05	6.6112e-06	1.54007e-06	3.01112e-07	4.94179e-08	6.82786e-09	7.9825e-10	7.94759e-11	6.7862e-12	5.00511e-13	3.21075e-14	1.80323e-15	8.92057e-17	3.90902e-18	1.52511e-19	5.32266e-21	1.66876e-22	4.71822e-24	1.20727e-25	2.80455e-27	5.9321e-29	1.14547e-30	2.02404e-32	3.2799e-34	4.88373e-36	6.6936e-38	8.4581e-40	9.86752e-42	1.0748e-43	1.0748e-43	
0.00645036	0.00645036	0.0270043	0.102012	0.29586	0.647832	1.09146	1.52224	1.90871	2.18466	2.30219	2.22994	1.96179	1.49861	0.889574	0.162392	-0.600312	-1.33734	-1.98907	-2.43158	-2.54272	-2.28869	-1.74581	-1.04849	-0.295396	0.462218	1.14937	1.70643	2.09218	2.2842	2.27526	2.09567	1.76111	1.35541	0.910434	0.488484	0.199734	0.0621097	0.0149473	0.00284597	0.000437846	5.54512e-05	5.87591e-06	5.44118e-07	1.67906e-07	8.29342e-07	4.48667e-06	2.02861e-05	7.65214e-05	0.000242286	0.000650351	0.00149785	0.00299995	0.00530217	0.00839615	0.0120745	0.0159287	0.0194361	0.0220735	0.0234249	0.023271	0.0216371	0.0187867	0.0151655	0.0113059	0.00771657	0.00477074	0.00263389	0.00127883	0.00053827	0.000193928	5.91986e-05	1.51982e-05	3.26724e-06	5.87573e-07	8.86021e-08	1.12575e-08	1.21301e-09	1.11651e-10	8.84447e-12	6.07357e-13	3.64058e-14	1.91705e-15	8.92057e-17	3.688e-18	1.36133e-19	4.50658e-21	1.34341e-22	3.61947e-24	8.84328e-26	1.96531e-27	3.9838e-29	7.38416e-31	1.25437e-32	1.9569e-34	2.80888e-36	3.71578e-38	4.53708e-40	5.17376e-42	5.17376e-42	
0.00828974	0.00828974	0.0334149	0.121546	0.338715	0.713285	1.16504	1.59616	1.97504	2.22456	2.30061	2.17773	1.83658	1.30324	0.58952	-0.227538	-1.08525	-1.98907	-2.82778	-3.39524	-3.53621	-3.21295	-2.51289	-1.62538	-0.736255	0.103427	0.893907	1.5396	1.99586	2.25394	2.29109	2.14444	1.83124	1.43145	0.984359	0.545812	0.231775	0.0749501	0.0187484	0.00370563	0.000590852	7.74203e-05	8.49388e-06	9.82225e-07	1.45617e-06	8.21921e-06	4.02503e-05	0.000163659	0.000553977	0.00157423	0.00380227	0.00792067	0.0144634	0.0235504	0.0347625	0.0471453	0.0593586	0.069987	0.0777679	0.081716	0.0812674	0.0764888	0.0680466	0.0569919	0.0446283	0.0323791	0.0215302	0.0129363	0.00690482	0.00321895	0.00129013	0.000438721	0.000125344	2.98995e-05	5.94148e-06	9.85122e-07	1.36919e-07	1.60573e-08	1.60106e-09	1.36796e-10	1.00928e-11	6.47733e-13	3.64058e-14	1.80323e-15	7.91615e-17	3.09611e-18	1.08394e-19	3.41144e-21	9.68954e-23	2.49247e-24	5.82516e-26	1.2405e-27	2.41349e-29	4.30018e-31	7.0318e-33	1.05739e-34	1.46476e-36	1.87222e-38	2.23534e-40	2.23534e-40	
0.00952978	0.00952978	0.0376011	0.133812	0.364347	0.750828	1.20795	1.63993	2.00678	2.24393	2.29557	2.13846	1.75677	1.1804	0.39465	-0.461555	-1.39364	-2.43158	-3.39524	-4.03435	-4.19121	-3.83055	-3.03554	-2.01048	-1.00534	-0.116585	0.725238	1.43997	1.9276	2.2345	2.2918	2.17396	1.86861	1.47231	1.02727	0.580034	0.25134	0.0830472	0.0212356	0.00428909	0.000698231	9.33234e-05	1.06608e-05	3.00602e-06	1.3006e-05	6.84762e-05	0.000299709	0.00108354	0.0032529	0.00820096	0.0176331	0.032918	0.0544034	0.0811568	0.111183	0.141716	0.169931	0.193294	0.20981	0.218036	0.217107	0.207124	0.189103	0.164593	0.135695	0.105031	0.075452	0.0496234	0.029341	0.0152948	0.00689494	0.00264284	0.000850157	0.000227534	5.04673e-05	9.28316e-06	1.42237e-06	1.8277e-07	1.98542e-08	1.83864e-09	1.46358e-10	1.00928e-11	6.07357e-13	3.21075e-14	1.50017e-15	6.22942e-17	2.31047e-18	7.68896e-20	2.30534e-21	6.25057e-23	1.53776e-24	3.44327e-26	7.03683e-28	1.31583e-29	2.25651e-31	3.55622e-33	5.16024e-35	6.90588e-37	8.6345e-39	8.6345e-39	
0.00983874	0.00983874	0.0386294	0.136763	0.37035	0.759513	1.21841	1.65094	2.01286	2.24694	2.29361	2.12714	1.73703	1.14931	0.347001	-0.516411	-1.46945	-2.54272	-3.53621	-4.19121	-4.35151	-3.98286	-3.16636	-2.1071	-1.06983	-0.168414	0.682928	1.41698	1.91087	2.23014	2.29152	2.18199	1.87605	1.48098	1.03742	0.5882	0.256003	0.0849967	0.0218447	0.00443453	0.000725453	9.76787e-05	1.34429e-05	1.85689e-05	0.000100291	0.000471718	0.00182147	0.00577609	0.0151682	0.0334868	0.0633784	0.105141	0.156443	0.213261	0.270935	0.324822	0.371576	0.408428	0.433285	0.445127	0.443808	0.429327	0.401959	0.362929	0.31451	0.259565	0.201676	0.145604	0.0959225	0.0564127	0.0289421	0.0126739	0.00465484	0.00141664	0.000355032	7.32354e-05	1.24855e-05	1.77174e-06	2.11082e-07	2.13068e-08	1.83864e-09	1.36796e-10	8.84447e-12	5.00511e-13	2.49539e-14	1.1026e-15	4.34082e-17	1.53003e-18	4.84956e-20	1.38769e-21	3.59772e-23	8.47836e-25	1.82149e-26	3.57708e-28	6.4368e-30	1.06367e-31	1.61733e-33	2.2669e-35	2.96876e-37	2.96876e-37	
0.00912862	0.00912862	0.0362588	0.129924	0.35636	0.739358	1.19484	1.62626	1.99728	2.23817	2.29719	2.1513	1.78167	1.21919	0.455864	-0.38935	-1.29568	-2.28869	-3.21295	-3.83055	-3.98286	-3.63343	-2.86749	-1.88629	-0.920253	-0.047761	0.779584	1.4712	1.94943	2.24084	2.29205	2.16484	1.8581	1.46001	1.01382	0.56931	0.245195	0.0804804	0.020438	0.00409997	0.000663417	9.08398e-05	3.03225e-05	0.000127431	0.000640163	0.00264201	0.00886456	0.024267	0.0548981	0.104777	0.173075	0.254418	0.341681	0.428435	0.50918	0.580355	0.639498	0.684903	0.714646	0.728148	0.726668	0.710013	0.677036	0.628696	0.567018	0.493715	0.411449	0.324109	0.237507	0.158195	0.0932478	0.0472961	0.020148	0.00708413	0.00203585	0.000477094	9.15095e-05	1.44746e-05	1.90607e-06	2.11082e-07	1.98542e-08	1.60106e-09	1.11651e-10	6.7862e-12	3.62057e-13	1.70644e-14	7.14602e-16	2.67269e-17	8.9696e-19	2.71247e-20	7.41958e-22	1.84209e-23	4.16405e-25	8.59452e-27	1.62384e-28	2.81507e-30	4.48722e-32	6.58928e-34	9.04117e-36	9.04117e-36	
0.00759716	0.00759716	0.0310372	0.114427	0.323433	0.690464	1.13952	1.57022	1.9526	2.21136	2.30246	2.19774	1.88273	1.37386	0.699893	-0.0880879	-0.909884	-1.74581	-2.51289	-3.03554	-3.16636	-2.86749	-2.22463	-1.41108	-0.578083	0.232781	0.987814	1.59919	2.03268	2.26512	2.28729	2.12721	1.80711	1.40547	0.958477	0.52541	0.220215	0.0702476	0.0173344	0.00338125	0.000534885	8.97692e-05	0.000145504	0.000751275	0.00331686	0.0118137	0.0338451	0.0786302	0.151173	0.247787	0.358395	0.473122	0.58527	0.690965	0.786178	0.870153	0.938998	0.991715	1.02764	1.04507	1.04311	1.02191	0.982469	0.926478	0.854492	0.768014	0.670636	0.563256	0.450264	0.33572	0.227044	0.134531	0.0674761	0.0278942	0.00935191	0.00252854	0.000552875	9.85522e-05	1.44746e-05	1.77174e-06	1.8277e-07	1.60573e-08	1.21301e-09	7.94759e-11	4.55156e-12	2.29436e-13	1.02435e-14	4.07326e-16	1.44986e-17	4.64042e-19	1.34092e-20	3.51121e-22	8.35913e-24	1.81476e-25	3.60258e-27	6.55567e-29	1.09598e-30	1.68674e-32	2.42556e-34	2.42556e-34	
0.00563956	0.00563956	0.0240945	0.0928564	0.275004	0.614694	1.05317	1.48331	1.87314	2.16338	2.29749	2.25235	2.01694	1.59237	1.02634	0.350533	-0.369222	-1.04849	-1.62538	-2.01048	-2.1071	-1.88629	-1.41108	-0.78504	-0.0823879	0.630461	1.26693	1.78551	2.13287	2.29611	2.26238	2.0672	1.72377	1.31595	0.872725	0.459905	0.18424	0.0561093	0.0132316	0.00247272	0.000391391	0.000176697	0.000766448	0.00361178	0.0137183	0.0414119	0.0995034	0.193605	0.315664	0.450695	0.588436	0.724893	0.857165	0.981441	1.09337	1.19037	1.26978	1.32827	1.36763	1.38778	1.38549	1.36123	1.31811	1.25557	1.17233	1.07217	0.957442	0.831247	0.697739	0.560892	0.423176	0.2898	0.172083	0.0849097	0.0338224	0.0107377	0.00271759	0.000552875	9.15095e-05	1.24855e-05	1.42237e-06	1.36919e-07	1.12575e-08	7.9825e-10	4.92368e-11	2.66203e-12	1.27017e-13	5.38106e-15	2.03511e-16	6.90441e-18	2.11048e-19	5.83515e-21	1.46447e-22	3.34697e-24	6.98598e-26	1.33519e-27	2.34226e-29	3.77951e-31	5.6979e-33	5.6979e-33	
0.00369708	0.00369708	0.0167945	0.0687417	0.216946	0.516849	0.935221	1.36324	1.76042	2.08509	2.26601	2.30024	2.14956	1.84209	1.39033	0.848077	0.262682	-0.295396	-0.736255	-1.00534	-1.06983	-0.920253	-0.578083	-0.0823879	0.500795	1.07292	1.58216	1.98516	2.22833	2.30783	2.21091	1.96839	1.60584	1.19565	0.759654	0.377718	0.141963	0.0405622	0.00899583	0.00159772	0.000332507	0.000695491	0.00341561	0.0139069	0.0446415	0.112252	0.223582	0.365906	0.520709	0.680252	0.843912	1.00562	1.15953	1.29776	1.42015	1.52083	1.60341	1.66483	1.7035	1.72158	1.71958	1.69744	1.65439	1.58858	1.50225	1.39733	1.27123	1.12988	0.973557	0.811123	0.647809	0.489188	0.336026	0.19803	0.0950259	0.0360508	0.0107377	0.00252854	0.000477094	7.32354e-05	9.28316e-06	9.85122e-07	8.86021e-08	6.82786e-09	4.55177e-10	2.64731e-11	1.35332e-12	6.12134e-14	2.4643e-15	8.87607e-17	2.87385e-18	8.39948e-20	2.22449e-21	5.35647e-23	1.17636e-24	2.36278e-26	4.35137e-28	7.36453e-30	1.16434e-31	1.16434e-31	
0.00211047	0.00211047	0.0103628	0.0457644	0.156503	0.404768	0.789304	1.21174	1.60943	1.9626	2.20027	2.30766	2.25807	2.06783	1.74891	1.33666	0.893418	0.462218	0.103427	-0.116585	-0.168414	-0.047761	0.232781	0.630461	1.07292	1.50747	1.89019	2.16018	2.29715	2.28084	2.12118	1.83278	1.45235	1.04351	0.62409	0.286909	0.0992174	0.026137	0.00537541	0.00095398	0.000625063	0.00281122	0.0123105	0.0424677	0.113481	0.235564	0.393061	0.564583	0.746513	0.937504	1.12642	1.30291	1.46565	1.60926	1.73429	1.83869	1.91947	1.97989	2.02031	2.04029	2.03804	2.01382	1.96943	1.90509	1.81969	1.71073	1.58209	1.43436	1.26874	1.0893	0.899345	0.708964	0.529691	0.360083	0.207244	0.0950259	0.0338224	0.00935191	0.00203585	0.000355032	5.04673e-05	5.94148e-06	5.87573e-07	4.94179e-08	3.57315e-09	2.24208e-10	1.23104e-11	5.95751e-13	2.55747e-14	9.79449e-16	3.36337e-17	1.04029e-18	2.90995e-20	7.38839e-22	1.70835e-23	3.60793e-25	6.97846e-27	1.2392e-28	2.05516e-30	2.05516e-30	
0.00103086	0.00103086	0.00555354	0.026872	0.1013	0.289933	0.622455	1.02802	1.42297	1.795	2.08102	2.25995	2.30975	2.23697	2.03905	1.77042	1.45405	1.14937	0.893907	0.725238	0.682928	0.779584	0.987814	1.26693	1.58216	1.89019	2.12649	2.28112	2.30581	2.20064	1.98013	1.64998	1.26677	0.864744	0.475073	0.197365	0.0616197	0.0147379	0.0028098	0.00074915	0.00203825	0.00950413	0.0356134	0.102858	0.227533	0.395543	0.581168	0.783468	0.998027	1.20854	1.40718	1.59434	1.7621	1.90825	2.02952	2.12641	2.20279	2.25636	2.28863	2.30338	2.30176	2.28365	2.2475	2.18939	2.10866	2.00731	1.88088	1.73022	1.55837	1.36818	1.16742	0.955136	0.741329	0.543341	0.360083	0.19803	0.0849097	0.0278942	0.00708413	0.00141664	0.000227534	2.98995e-05	3.26724e-06	3.01112e-07	2.36918e-08	1.60829e-09	9.50599e-11	4.93135e-12	2.26105e-13	9.21958e-15	3.36161e-16	1.10137e-17	3.25658e-19	8.72419e-21	2.12496e-22	4.72074e-24	9.59283e-26	1.78767e-27	3.11057e-29	3.11057e-29	
0.000423743	0.000423743	0.00253212	0.0135907	0.0573352	0.185106	0.448425	0.819496	1.20351	1.5755	1.90521	2.13997	2.28239	2.30492	2.23931	2.09617	1.90715	1.70643	1.5396	1.43997	1.41698	1.4712	1.59919	1.78551	1.98516	2.16018	2.28112	2.30487	2.24238	2.05479	1.78461	1.4289	1.05289	0.66487	0.326204	0.119827	0.0332312	0.00714395	0.00139596	0.00138426	0.00638938	0.02623	0.0832277	0.200825	0.373261	0.570096	0.786919	1.02114	1.25063	1.47435	1.68473	1.8714	2.03428	2.16891	2.28027	2.36591	2.42674	2.47013	2.4983	2.51215	2.51059	2.49382	2.46276	2.41619	2.35085	2.2599	2.14398	2.00396	1.83581	1.6446	1.43002	1.20539	0.974057	0.741329	0.529691	0.336026	0.172083	0.0674761	0.020148	0.00465484	0.000850157	0.000125344	1.51982e-05	1.54007e-06	1.32226e-07	9.73268e-09	6.20426e-10	3.45544e-11	1.69433e-12	7.3635e-14	2.85323e-15	9.90903e-17	3.09882e-18	8.76288e-20	2.2491e-21	5.25708e-23	1.12247e-24	2.19531e-26	4.00774e-28	4.00774e-28	
0.000144614	0.000144614	0.000964554	0.00578721	0.0276025	0.101974	0.284948	0.595809	0.961618	1.31794	1.66648	1.94692	2.15412	2.27668	2.31132	2.27612	2.19144	2.09218	1.99586	1.9276	1.91087	1.94943	2.03268	2.13287	2.22833	2.29715	2.30581	2.24238	2.07851	1.84709	1.53176	1.17612	0.815233	0.459108	0.195527	0.0623741	0.0151944	0.00298265	0.00108378	0.00375152	0.016869	0.0596203	0.160271	0.32734	0.531604	0.75638	1.00569	1.25443	1.50033	1.73069	1.93634	2.11737	2.26746	2.38702	2.47538	2.53812	2.58316	2.61054	2.62362	2.6288	2.62824	2.62179	2.60645	2.57567	2.52701	2.46003	2.36565	2.23981	2.08379	1.89664	1.68701	1.45128	1.20539	0.955136	0.708964	0.489188	0.2898	0.134531	0.0472961	0.0126739	0.00264284	0.000438721	5.91986e-05	6.6112e-06	6.20555e-07	4.96021e-08	3.41433e-09	2.04352e-10	1.07238e-11	4.9702e-13	2.04753e-14	7.53995e-16	2.49436e-17	7.44632e-19	2.01394e-20	4.9526e-22	1.11096e-23	2.27989e-25	4.36582e-27	4.36582e-27	
4.05865e-05	4.05865e-05	0.000302721	0.00203635	0.011029	0.0469637	0.153463	0.377394	0.700647	1.04016	1.37158	1.68845	1.93791	2.12196	2.24072	2.29732	2.30685	2.2842	2.25394	2.2345	2.23014	2.24084	2.26512	2.29611	2.30783	2.28084	2.20064	2.05479	1.84709	1.56739	1.23761	0.906541	0.564867	0.27248	0.0986417	0.0270644	0.00579233	0.00126187	0.00197819	0.00940773	0.0373998	0.113909	0.262261	0.466602	0.695582	0.952352	1.22001	1.48285	1.73453	1.96222	2.16104	2.32219	2.45083	2.5409	2.6027	2.63778	2.65011	2.64921	2.64547	2.64311	2.6434	2.64621	2.64989	2.64911	2.63273	2.59243	2.5255	2.42827	2.29223	2.12476	1.91792	1.68701	1.43002	1.16742	0.899345	0.647809	0.423176	0.227044	0.0932478	0.0289421	0.00689494	0.00129013	0.000193928	2.38891e-05	2.45306e-06	2.13028e-07	1.58389e-08	1.01891e-09	5.72283e-11	2.82853e-12	1.23871e-13	4.8358e-15	1.69189e-16	5.33027e-18	1.51858e-19	3.92724e-21	9.25092e-23	1.99098e-24	3.99698e-26	3.99698e-26	
9.32926e-06	9.32926e-06	7.76683e-05	0.000584963	0.00359335	0.017631	0.0675761	0.198032	0.438599	0.748363	1.0579	1.3582	1.63874	1.8705	2.0422	2.16294	2.2345	2.27526	2.29109	2.2918	2.29152	2.29205	2.28729	2.26238	2.21091	2.12118	1.98013	1.78461	1.53176	1.23761	0.936571	0.62206	0.329727	0.132897	0.0406293	0.00959854	0.00189587	0.00105462	0.00452565	0.0202991	0.0708865	0.187832	0.378153	0.608735	0.864887	1.14605	1.42365	1.69747	1.94455	2.16441	2.34417	2.48224	2.57491	2.63132	2.65144	2.64227	2.62111	2.59865	2.58004	2.56954	2.57077	2.58328	2.60303	2.62574	2.64548	2.65011	2.62299	2.55936	2.4588	2.31052	2.12476	1.89664	1.6446	1.36818	1.0893	0.811123	0.560892	0.33572	0.158195	0.0564127	0.0152948	0.00321895	0.00053827	7.30612e-05	8.1998e-06	7.72992e-07	6.2029e-08	4.28553e-09	2.57421e-10	1.35575e-11	6.30673e-13	2.60807e-14	9.64251e-16	3.20337e-17	9.60551e-19	2.61018e-20	6.45098e-22	1.45478e-23	3.05908e-25	3.05908e-25	
1.75918e-06	1.75918e-06	1.62759e-05	0.000136642	0.000946977	0.00532093	0.0237743	0.0828072	0.22132	0.453588	0.736316	1.0164	1.27988	1.52131	1.72824	1.89205	2.01229	2.09567	2.14444	2.17396	2.18199	2.16484	2.12721	2.0672	1.96839	1.83278	1.64998	1.4289	1.17612	0.906541	0.62206	0.350816	0.153876	0.0517085	0.0134346	0.00278137	0.00073474	0.00188846	0.00942106	0.0379939	0.117538	0.275314	0.497958	0.750619	1.03261	1.32702	1.61588	1.88795	2.12962	2.32901	2.48453	2.5876	2.64188	2.6483	2.6156	2.56351	2.501	2.43589	2.38173	2.35242	2.35579	2.39094	2.44854	2.51417	2.57498	2.624	2.65096	2.63473	2.57056	2.4588	2.29223	2.08379	1.83581	1.55837	1.26874	0.973557	0.697739	0.450264	0.237507	0.0959225	0.029341	0.00690482	0.00127883	0.000190592	2.33107e-05	2.3794e-06	2.05609e-07	1.52253e-08	9.76247e-10	5.46926e-11	2.69812e-12	1.18011e-13	4.60387e-15	1.61052e-16	5.07584e-18	1.44737e-19	3.74819e-21	8.84542e-23	1.94579e-24	1.94579e-24	
2.73759e-07	2.73759e-07	2.79896e-06	2.60366e-05	0.000202072	0.00128832	0.0066358	0.0271378	0.0867679	0.215266	0.418957	0.665037	0.912859	1.1415	1.34495	1.51778	1.65762	1.76111	1.83124	1.86861	1.87605	1.8581	1.80711	1.72377	1.60584	1.45235	1.26677	1.05289	0.815233	0.564867	0.329727	0.153876	0.0560107	0.0158856	0.00356005	0.000721876	0.000719287	0.00370051	0.0172767	0.0629085	0.174691	0.36868	0.615018	0.888532	1.19144	1.49437	1.78777	2.05404	2.28205	2.45995	2.57885	2.64243	2.64447	2.59365	2.50754	2.39188	2.2577	2.12934	2.03186	1.98217	1.98779	2.0479	2.15322	2.28498	2.41719	2.52715	2.60682	2.64944	2.63473	2.55936	2.42827	2.23981	2.00396	1.73022	1.43436	1.12988	0.831247	0.563256	0.324109	0.145604	0.0496234	0.0129363	0.00263389	0.000428339	5.67876e-05	6.24707e-06	5.78905e-07	4.57748e-08	3.12256e-09	1.85512e-10	9.67775e-12	4.46513e-13	1.83351e-14	6.73815e-16	2.22715e-17	6.65008e-19	1.80089e-20	4.43886e-22	1.01958e-23	1.01958e-23	
3.54585e-08	3.54585e-08	3.9825e-07	4.07844e-06	3.51657e-05	0.00025186	0.00147685	0.00698391	0.0262635	0.0778163	0.181999	0.342857	0.540681	0.74657	0.93923	1.1079	1.24754	1.35541	1.43145	1.47231	1.48098	1.46001	1.40547	1.31595	1.19565	1.04351	0.864744	0.66487	0.459108	0.27248	0.132897	0.0517082	0.0158848	0.00386935	0.000776316	0.000298781	0.00122348	0.00657527	0.0282704	0.0939814	0.237687	0.460766	0.725327	1.01882	1.33454	1.64263	1.93732	2.19172	2.40259	2.55034	2.6347	2.64703	2.59121	2.48167	2.31847	2.11426	1.90349	1.72177	1.59294	1.52958	1.53668	1.61372	1.75442	1.94429	2.15693	2.35527	2.50769	2.60682	2.65096	2.62299	2.5255	2.36565	2.14398	1.88088	1.58209	1.27123	0.957442	0.670636	0.411449	0.201676	0.075452	0.0215302	0.00477074	0.0008392	0.000119665	1.40885e-05	1.39122e-06	1.16787e-07	8.43038e-09	5.28508e-10	2.90218e-11	1.4064e-12	6.05413e-14	2.32843e-15	8.04209e-17	2.50587e-18	7.07307e-20	1.81517e-21	4.34031e-23	4.34031e-23	
3.85948e-09	3.85948e-09	4.73445e-08	5.30451e-07	5.0425e-06	4.01856e-05	0.000265082	0.0014282	0.00620572	0.02154	0.0595974	0.132823	0.24449	0.384604	0.535463	0.680496	0.807832	0.910434	0.984359	1.02727	1.03742	1.01382	0.958477	0.872725	0.759654	0.62409	0.475073	0.326204	0.195527	0.0986413	0.0406281	0.0134308	0.0035506	0.000759009	0.000172541	0.000345287	0.00206935	0.0105005	0.0419166	0.12879	0.301167	0.546311	0.825998	1.13658	1.46108	1.77262	2.06112	2.30558	2.49119	2.61082	2.65184	2.61017	2.49913	2.31117	2.05384	1.76903	1.50362	1.28901	1.14198	1.07077	1.07873	1.16549	1.32689	1.55336	1.82574	2.10918	2.35527	2.52715	2.624	2.65011	2.59243	2.46003	2.2599	2.00731	1.71073	1.39733	1.07217	0.768014	0.493715	0.259565	0.105031	0.0323791	0.00771657	0.00145246	0.000220556	2.75346e-05	2.87255e-06	2.53942e-07	1.9251e-08	1.26438e-09	7.25864e-11	3.67064e-12	1.64617e-13	6.58645e-15	2.36356e-16	7.64306e-18	2.23659e-19	5.94531e-21	1.47236e-22	1.47236e-22	
3.56455e-10	3.56455e-10	4.75052e-09	5.78975e-08	6.02575e-07	5.29794e-06	3.89011e-05	0.000235698	0.00116474	0.00465012	0.014935	0.0387769	0.0827388	0.148844	0.232356	0.323698	0.41216	0.488484	0.545812	0.580034	0.5882	0.56931	0.52541	0.459905	0.377718	0.286909	0.197365	0.119827	0.0623731	0.0270605	0.00958554	0.00274522	0.000636198	0.000127791	9.08494e-05	0.000533517	0.00318017	0.0152237	0.0570475	0.16414	0.360414	0.622202	0.915394	1.23877	1.56632	1.88073	2.16094	2.39199	2.55401	2.64293	2.63798	2.55122	2.37292	2.09447	1.75628	1.41719	1.11937	0.885529	0.727372	0.651169	0.659676	0.75259	0.926513	1.17432	1.48269	1.82574	2.15693	2.41719	2.57498	2.64548	2.63273	2.52701	2.35085	2.10866	1.81969	1.50225	1.17233	0.854492	0.567018	0.31451	0.135695	0.0446283	0.0113059	0.00225176	0.000360197	4.71832e-05	5.14728e-06	4.74429e-07	3.74046e-08	2.5494e-09	1.51596e-10	7.92743e-12	3.67113e-13	1.5148e-14	5.59969e-16	1.86349e-17	5.6069e-19	1.53124e-20	3.8954e-22	3.8954e-22	
2.81954e-11	2.81954e-11	4.06285e-10	5.35866e-09	6.0685e-08	5.84265e-07	4.73226e-06	3.18895e-05	0.000176849	0.000799538	0.00293028	0.00871666	0.0212696	0.0433962	0.0757879	0.116049	0.159324	0.199734	0.231775	0.25134	0.256003	0.245195	0.220215	0.18424	0.141963	0.0992173	0.0616192	0.0332287	0.0151839	0.00575512	0.00178443	0.00045033	9.3896e-05	2.86472e-05	0.000112639	0.000776447	0.00443798	0.0202378	0.0720679	0.196895	0.412007	0.685931	0.98967	1.32311	1.65358	1.96541	2.2397	2.45395	2.59804	2.65103	2.61125	2.47861	2.22423	1.86783	1.47506	1.10363	0.786296	0.539852	0.373843	0.29397	0.302884	0.40029	0.582944	0.844483	1.17432	1.55336	1.94429	2.28498	2.51417	2.62574	2.64911	2.57567	2.41619	2.18939	1.90509	1.58858	1.25557	0.926478	0.628696	0.362929	0.164593	0.0569919	0.0151655	0.00316136	0.000527335	7.17837e-05	8.11249e-06	7.72473e-07	6.27634e-08	4.3989e-09	2.68458e-10	1.43831e-11	6.81359e-13	2.87199e-14	1.08316e-15	3.67327e-17	1.12511e-18	3.12493e-20	8.08049e-22	8.08049e-22	
1.92659e-12	1.92659e-12	2.98889e-11	4.24687e-10	5.20508e-09	5.4525e-08	4.834e-07	3.58964e-06	2.20953e-05	0.000111676	0.000460405	0.00154615	0.00425618	0.0097405	0.0188869	0.0316631	0.0468141	0.0621097	0.0749501	0.0830472	0.0849967	0.0804804	0.0702476	0.0561093	0.0405621	0.0261361	0.0147327	0.00712034	0.00289227	0.000971898	0.000267757	6.05073e-05	1.30541e-05	2.01633e-05	0.000151565	0.00102693	0.00566363	0.0248845	0.0852921	0.224287	0.453288	0.736047	1.0479	1.38635	1.71907	2.02965	2.29515	2.4985	2.62342	2.64682	2.58244	2.40081	2.07941	1.66897	1.24338	0.852625	0.522555	0.267185	0.0953721	0.0127402	0.0219613	0.122738	0.311807	0.582944	0.926513	1.32689	1.75442	2.15322	2.44854	2.60303	2.64989	2.60645	2.46276	2.2475	1.96943	1.65439	1.31811	0.982469	0.677036	0.401959	0.189103	0.0680466	0.0187867	0.0040527	0.000697798	9.78335e-05	1.1367e-05	1.11111e-06	9.25637e-08	6.64523e-09	4.15071e-10	2.27449e-11	1.10141e-12	4.74342e-14	1.82708e-15	6.32595e-17	1.9776e-18	5.60462e-20	1.4791e-21	1.4791e-21	
