7.41687e-11	7.41687e-11	8.04899e-10	8.21556e-09	7.29126e-08	5.58254e-07	3.65941e-06	2.03836e-05	9.58285e-05	0.000378279	0.00125104	0.00347417	0.00816578	0.0164657	0.0289732	0.0452732	0.0638022	0.082088	0.0972951	0.106876	0.109186	0.103836	0.0917428	0.0749679	0.0562533	0.0383632	0.0234602	0.0126536	0.00591584	0.00236063	0.000794639	0.000224164	5.29218e-05	1.04873e-05	1.75467e-06	2.49706e-07	3.0467e-08	3.21258e-09	2.94992e-10	2.37574e-11	1.68916e-12	1.0667e-13	6.01574e-15	3.04498e-16	1.38962e-17	5.74142e-19	2.15623e-20	7.83449e-22	3.5823e-22	2.10561e-21	1.12087e-20	5.04349e-20	1.90794e-19	6.01745e-19	1.56831e-18	3.38143e-18	6.18172e-18	9.95522e-18	1.4066e-17	1.67458e-17	1.64216e-17	1.32959e-17	9.13208e-18	5.52762e-18	2.93299e-18	1.30672e-18	4.80022e-19	1.45848e-19	3.69819e-20	7.89458e-21	1.42881e-21	2.20429e-22	2.91184e-23	3.3083e-24	3.2484e-25	2.77099e-26	2.06491e-27	1.35176e-28	7.81656e-30	4.01365e-31	1.83918e-32	7.5557e-34	2.79475e-35	9.34393e-37	2.83393e-38	7.82246e-40	1.97101e-41	4.54574e-43	9.61983e-45	1.87221e-46	3.35783e-48	5.56015e-50	8.51471e-52	1.20774e-53	1.58889e-55	1.94121e-57	2.20489e-59	2.3306e-61	2.31556e-63	2.31556e-63	
7.41687e-11	7.41687e-11	8.04899e-10	8.21556e-09	7.29126e-08	5.58254e-07	3.65941e-06	2.03836e-05	9.58285e-05	0.000378279	0.00125104	0.00347417	0.00816578	0.0164657	0.0289732	0.0452732	0.0638022	0.082088	0.0972951	0.106876	0.109186	0.103836	0.0917428	0.0749679	0.0562533	0.0383632	0.0234602	0.0126536	0.00591584	0.00236063	0.000794639	0.000224164	5.29218e-05	1.04873e-05	1.75467e-06	2.49706e-07	3.0467e-08	3.21258e-09	2.94992e-10	2.37574e-11	1.68916e-12	1.0667e-13	6.01574e-15	3.04498e-16	1.38962e-17	5.74142e-19	2.15623e-20	7.83449e-22	3.5823e-22	2.10561e-21	1.12087e-20	5.04349e-20	1.90794e-19	6.01745e-19	1.56831e-18	3.38143e-18	6.18172e-18	9.95522e-18	1.4066e-17	1.67458e-17	1.64216e-17	1.32959e-17	9.13208e-18	5.52762e-18	2.93299e-18	1.30672e-18	4.80022e-19	1.45848e-19	3.69819e-20	7.89458e-21	1.42881e-21	2.20429e-22	2.91184e-23	3.3083e-24	3.2484e-25	2.77099e-26	2.06491e-27	1.35176e-28	7.81656e-30	4.01365e-31	1.83918e-32	7.5557e-34	2.79475e-35	9.34393e-37	2.83393e-38	7.82246e-40	1.97101e-41	4.54574e-43	9.61983e-45	1.87221e-46	3.35783e-48	5.56015e-50	8.51471e-52	1.20774e-53	1.58889e-55	1.94121e-57	2.20489e-59	2.3306e-61	2.31556e-63	2.31556e-63	
8.04899e-10	8.04899e-10	8.10533e-09	7.67737e-08	6.29127e-07	4.42198e-06	2.64394e-05	0.000133399	0.000564007	0.00198893	0.00584661	0.0144054	0.0301285	0.0544945	0.0870522	0.125261	0.165011	0.201493	0.230182	0.247574	0.251699	0.242132	0.219901	0.18761	0.149249	0.109554	0.0731831	0.0437075	0.0228621	0.0102665	0.00389381	0.00123424	0.000325672	7.16547e-05	1.3219e-05	2.06045e-06	2.73669e-07	3.12407e-08	3.09048e-09	2.66985e-10	2.02853e-11	1.36432e-12	8.17037e-14	4.38e-15	2.11209e-16	9.20157e-18	3.63814e-19	1.46552e-20	1.15327e-20	6.67016e-20	3.39984e-19	1.46716e-18	5.33603e-18	1.62403e-17	4.10766e-17	8.65545e-17	1.55398e-16	2.45546e-16	3.40599e-16	4.01421e-16	3.94096e-16	3.22965e-16	2.26152e-16	1.39494e-16	7.53977e-17	3.44329e-17	1.30561e-17	4.1158e-18	1.08653e-18	2.42013e-19	4.5766e-20	7.38345e-21	1.02041e-21	1.21305e-22	1.24609e-23	1.11167e-24	8.65973e-26	5.92279e-27	3.57613e-28	1.91624e-29	9.15786e-31	3.9216e-32	1.51121e-33	5.2613e-35	1.66091e-36	4.77006e-38	1.25009e-39	2.9978e-41	6.59477e-43	1.33393e-44	2.48606e-46	4.27723e-48	6.80516e-50	1.00282e-51	1.37067e-53	1.7399e-55	2.05353e-57	2.25584e-59	2.3306e-61	2.3306e-61	
8.21556e-09	8.21556e-09	7.67737e-08	6.74915e-07	5.10596e-06	3.29305e-05	0.000179431	0.000818897	0.00310804	0.00977107	0.0254854	0.0556779	0.103748	0.168843	0.245878	0.32719	0.404429	0.470209	0.519039	0.547641	0.55437	0.538823	0.501873	0.44576	0.374624	0.294789	0.214165	0.141086	0.0823791	0.0416129	0.0178003	0.0063508	0.00187627	0.000459025	9.34685e-05	1.59668e-05	2.30914e-06	2.85359e-07	3.04035e-08	2.81621e-09	2.28525e-10	1.63587e-11	1.03954e-12	5.89768e-14	3.00262e-15	1.37823e-16	5.73413e-18	2.6781e-19	3.54444e-19	1.99282e-18	9.72396e-18	4.02404e-17	1.40705e-16	4.13287e-16	1.01454e-15	2.08902e-15	3.68278e-15	5.7126e-15	7.78682e-15	9.08936e-15	8.9332e-15	7.40576e-15	5.28168e-15	3.31853e-15	1.82761e-15	8.55564e-16	3.34817e-16	1.09502e-16	3.00966e-17	6.99558e-18	1.38252e-18	2.33298e-19	3.37406e-20	4.19793e-21	4.51253e-22	4.21123e-23	3.42989e-24	2.45129e-25	1.54563e-26	8.64348e-28	4.30835e-29	1.92309e-30	7.72033e-32	2.7987e-33	9.19508e-35	2.74723e-36	7.48703e-38	1.86647e-39	4.26726e-41	8.96825e-43	1.73631e-44	3.10283e-46	5.12704e-48	7.84619e-50	1.1137e-51	1.46817e-53	1.79969e-55	2.05353e-57	2.20489e-59	2.20489e-59	
7.29126e-08	7.29126e-08	6.29127e-07	5.10596e-06	3.54401e-05	0.000208169	0.00102449	0.00418495	0.0140858	0.0389541	0.0889553	0.170371	0.280701	0.409669	0.543902	0.670941	0.781083	0.86857	0.930463	0.966188	0.974688	0.95527	0.908985	0.836698	0.739616	0.621852	0.490545	0.356825	0.233768	0.134072	0.0654763	0.0266455	0.00892743	0.00245643	0.000557529	0.000105245	1.66881e-05	2.24553e-06	2.58943e-07	2.58244e-08	2.24604e-09	1.71648e-10	1.1605e-11	6.98371e-13	3.76147e-14	1.8223e-15	7.99685e-17	4.71169e-18	1.00447e-17	5.44391e-17	2.5392e-16	1.00628e-15	3.37859e-15	9.56712e-15	2.27725e-14	4.57802e-14	7.91867e-14	1.20566e-13	1.61557e-13	1.868e-13	1.83788e-13	1.54101e-13	1.11896e-13	7.16343e-14	4.0232e-14	1.93228e-14	7.81174e-15	2.65347e-15	7.60289e-16	1.84674e-16	3.81977e-17	6.75243e-18	1.02347e-18	1.33466e-19	1.50341e-20	1.4696e-21	1.253e-22	9.36823e-24	6.17515e-25	3.60742e-26	1.87706e-27	8.74038e-29	3.65808e-30	1.38167e-31	4.72713e-33	1.47e-34	4.16792e-36	1.08056e-37	2.56831e-39	5.60982e-41	1.12851e-42	2.09501e-44	3.59567e-46	5.71491e-48	8.42424e-50	1.15329e-51	1.46817e-53	1.7399e-55	1.94121e-57	1.94121e-57	
5.58254e-07	5.58254e-07	4.42198e-06	3.29305e-05	0.000208169	0.00110374	0.00485352	0.0175172	0.0515084	0.123308	0.242918	0.403782	0.586463	0.770246	0.939817	1.08582	1.204	1.29416	1.35714	1.39327	1.4018	1.38217	1.33524	1.26147	1.16014	1.03064	0.874483	0.697711	0.512321	0.335655	0.18944	0.0892874	0.0344555	0.0108132	0.00276845	0.000583256	0.000102233	1.50803e-05	1.89273e-06	2.04194e-07	1.91105e-08	1.56447e-09	1.12861e-10	7.22235e-12	4.12427e-13	2.11289e-14	9.81602e-16	8.31477e-17	2.60899e-16	1.35495e-15	6.03122e-15	2.28543e-14	7.35788e-14	2.00626e-13	4.62576e-13	9.07011e-13	1.53801e-12	2.29811e-12	3.02836e-12	3.46914e-12	3.41681e-12	2.8969e-12	2.14089e-12	1.39691e-12	8.0084e-13	3.94993e-13	1.65138e-13	5.83317e-14	1.74483e-14	4.43591e-15	9.61876e-16	1.78424e-16	2.83905e-17	3.88677e-18	4.59507e-19	4.71183e-20	4.21137e-21	3.29818e-22	2.27539e-23	1.39008e-24	7.55797e-26	3.67458e-27	1.6046e-28	6.31919e-30	2.25283e-31	7.29586e-33	2.15322e-34	5.80804e-36	1.43569e-37	3.26022e-39	6.81643e-41	1.31486e-42	2.34439e-44	3.87033e-46	5.92529e-48	8.42424e-50	1.1137e-51	1.37067e-53	1.58889e-55	1.58889e-55	
3.65941e-06	3.65941e-06	2.64394e-05	0.000179431	0.00102449	0.00485352	0.018833	0.0591648	0.149462	0.304791	0.512712	0.740664	0.961469	1.16087	1.33292	1.47446	1.58694	1.67099	1.72952	1.75992	1.76591	1.75062	1.7093	1.64043	1.54551	1.42117	1.26771	1.08388	0.875011	0.649137	0.424994	0.234994	0.106161	0.0386051	0.0113031	0.00268808	0.000525687	8.56507e-05	1.17732e-05	1.38104e-06	1.39681e-07	1.22936e-08	9.49213e-10	6.47642e-11	3.92998e-12	2.13336e-13	1.05662e-14	1.51717e-15	6.17704e-15	3.06061e-14	1.29775e-13	4.69408e-13	1.4469e-12	3.79393e-12	8.46348e-12	1.61684e-11	2.68521e-11	3.93676e-11	5.1036e-11	5.79363e-11	5.71212e-11	4.89569e-11	3.68117e-11	2.44895e-11	1.4346e-11	7.2743e-12	3.14873e-12	1.15819e-12	3.62243e-13	9.65588e-14	2.19905e-14	4.28845e-15	7.1769e-16	1.03339e-16	1.28448e-17	1.38394e-18	1.29868e-19	1.06689e-20	7.71371e-22	4.93405e-23	2.80627e-24	1.42598e-25	6.50279e-27	2.67232e-28	9.93448e-30	3.35277e-31	1.03056e-32	2.89363e-34	7.44221e-36	1.75766e-37	3.82066e-39	7.65989e-41	1.41913e-42	2.43387e-44	3.87033e-46	5.71491e-48	7.84619e-50	1.00282e-51	1.20774e-53	1.20774e-53	
2.03836e-05	2.03836e-05	0.000133399	0.000818897	0.00418495	0.0175172	0.0591648	0.159259	0.340314	0.58593	0.848312	1.09619	1.32175	1.51973	1.68503	1.81394	1.91027	1.97474	2.01456	2.03337	2.03633	2.02771	2.00135	1.95236	1.87572	1.76647	1.62305	1.4443	1.23395	0.999526	0.743788	0.482298	0.258126	0.110463	0.0375302	0.0102002	0.00224809	0.000407885	6.18096e-05	7.92633e-06	8.70269e-07	8.26541e-08	6.85218e-09	4.9981e-10	3.23033e-11	1.862e-12	9.98972e-14	2.84688e-14	1.32619e-13	6.24706e-13	2.5181e-12	8.67767e-12	2.55653e-11	6.43686e-11	1.38751e-10	2.57936e-10	4.19127e-10	6.02754e-10	7.69016e-10	8.65336e-10	8.54018e-10	7.39694e-10	5.65717e-10	3.83879e-10	2.30045e-10	1.20064e-10	5.38779e-11	2.06683e-11	6.77121e-12	1.89613e-12	4.54482e-13	9.33754e-14	1.64703e-14	2.49937e-15	3.27269e-16	3.71186e-17	3.66337e-18	3.16198e-19	2.39941e-20	1.60911e-21	9.58523e-23	5.09626e-24	2.42939e-25	1.04273e-26	4.0455e-28	1.42382e-29	4.56103e-31	1.33387e-32	3.57123e-34	8.77587e-36	1.98404e-37	4.13554e-39	7.96333e-41	1.41913e-42	2.34439e-44	3.59567e-46	5.12704e-48	6.80516e-50	8.51471e-52	8.51471e-52	
9.58285e-05	9.58285e-05	0.000564007	0.00310804	0.0140858	0.0515084	0.149462	0.340314	0.611473	0.901846	1.17405	1.43005	1.65597	1.83865	1.97071	2.05863	2.10882	2.1351	2.14261	2.14831	2.15063	2.14632	2.14046	2.1272	2.09171	2.02891	1.92294	1.77198	1.57006	1.32989	1.06782	0.786518	0.496158	0.252145	0.100677	0.0316453	0.00793938	0.00161722	0.000271958	3.8331e-05	4.58872e-06	4.72016e-07	4.21434e-08	3.29482e-09	2.2731e-10	1.39441e-11	8.4387e-13	5.2902e-13	2.56847e-12	1.14663e-11	4.3837e-11	1.43618e-10	4.03627e-10	9.7422e-10	2.02624e-09	3.66042e-09	5.81295e-09	8.19743e-09	1.02963e-08	1.14877e-08	1.13485e-08	9.92984e-09	7.72229e-09	5.34761e-09	3.28233e-09	1.76567e-09	8.22626e-10	3.2968e-10	1.13358e-10	3.3421e-11	8.4505e-12	1.83351e-12	3.41676e-13	5.47714e-14	7.57181e-15	9.05921e-16	9.42163e-17	8.55947e-18	6.82822e-19	4.80818e-20	3.00388e-21	1.67314e-22	8.34691e-24	3.74564e-25	1.51796e-26	5.576e-28	1.86287e-29	5.67796e-31	1.5834e-32	4.05061e-34	9.52855e-36	2.06571e-37	4.13554e-39	7.65989e-41	1.31486e-42	2.09501e-44	3.10283e-46	4.27723e-48	5.56015e-50	5.56015e-50	
0.000378279	0.000378279	0.00198893	0.00977107	0.0389541	0.123308	0.304791	0.58593	0.901846	1.19949	1.4869	1.73917	1.92737	2.05577	2.12558	2.15282	2.14498	2.12256	2.09389	2.0699	2.06417	2.07786	2.10508	2.13204	2.1513	2.14645	2.10364	2.01141	1.86014	1.64481	1.37405	1.08333	0.775805	0.464072	0.218811	0.0802112	0.0230956	0.00531867	0.000998278	0.000155373	2.03586e-05	2.27537e-06	2.19373e-07	1.84238e-08	1.35936e-09	8.90003e-11	6.73628e-12	9.32116e-12	4.46277e-11	1.88232e-10	6.80772e-10	2.11524e-09	5.65869e-09	1.30688e-08	2.61832e-08	4.58951e-08	7.11407e-08	9.83336e-08	1.2163e-07	1.34596e-07	1.33089e-07	1.17602e-07	9.29782e-08	6.57463e-08	4.13897e-08	2.29834e-08	1.11358e-08	4.67139e-09	1.68955e-09	5.25742e-10	1.40603e-10	3.2304e-11	6.37702e-12	1.08269e-12	1.5842e-13	2.00414e-14	2.20122e-15	2.10912e-16	1.77207e-17	1.31243e-18	8.6124e-20	5.03239e-21	2.63061e-22	1.23558e-23	5.23575e-25	2.00916e-26	7.00617e-28	2.22722e-29	6.47344e-31	1.72491e-32	4.22411e-34	9.52855e-36	1.98404e-37	3.82066e-39	6.81643e-41	1.12851e-42	1.73631e-44	2.48606e-46	3.35783e-48	3.35783e-48	
0.00125104	0.00125104	0.00584661	0.0254854	0.0889553	0.242918	0.512712	0.848312	1.17405	1.4869	1.76657	1.96244	2.09603	2.15506	2.15219	2.0973	2.01437	1.92199	1.84355	1.79606	1.78513	1.8109	1.8715	1.95885	2.04983	2.12317	2.16086	2.14011	2.05074	1.89353	1.66289	1.36322	1.04733	0.711921	0.392113	0.16767	0.0556046	0.0145357	0.00305628	0.000526925	7.57679e-05	9.22069e-06	9.61684e-07	8.68906e-08	6.86534e-09	4.82442e-10	5.70944e-11	1.50753e-10	6.91517e-10	2.74675e-09	9.37007e-09	2.75359e-08	6.99488e-08	1.54249e-07	2.97136e-07	5.04486e-07	7.62223e-07	1.03213e-06	1.25749e-06	1.38062e-06	1.36637e-06	1.21889e-06	9.79574e-07	7.07807e-07	4.57711e-07	2.62823e-07	1.3268e-07	5.83858e-08	2.22683e-08	7.33401e-09	2.08076e-09	5.0778e-10	1.06512e-10	1.921e-11	2.98354e-12	4.00166e-13	4.65319e-14	4.713e-15	4.17924e-16	3.26163e-17	2.25202e-18	1.38259e-19	7.58344e-21	3.73281e-22	1.6558e-23	6.64436e-25	2.42057e-26	8.03202e-28	2.4349e-29	6.76228e-31	1.72491e-32	4.05061e-34	8.77587e-36	1.75766e-37	3.26022e-39	5.60982e-41	8.96825e-43	1.33393e-44	1.87221e-46	1.87221e-46	
0.00347417	0.00347417	0.0144054	0.0556779	0.170371	0.403782	0.740664	1.09619	1.43005	1.73917	1.96244	2.10946	2.16483	2.12916	2.02261	1.87465	1.70218	1.54116	1.40705	1.3219	1.30239	1.34867	1.45582	1.60269	1.77037	1.93859	2.07354	2.15207	2.15691	2.05862	1.88589	1.6219	1.29827	0.957062	0.598674	0.295233	0.112352	0.0333132	0.0078483	0.0014996	0.000236755	3.13871e-05	3.54261e-06	3.4446e-07	2.91575e-08	2.23781e-09	5.72461e-10	2.19215e-09	9.49285e-09	3.5382e-08	1.13465e-07	3.14386e-07	7.56245e-07	1.58848e-06	2.93586e-06	4.81872e-06	7.08543e-06	9.39268e-06	1.12731e-05	1.22832e-05	1.21668e-05	1.09537e-05	8.9483e-06	6.61273e-06	4.39993e-06	2.61775e-06	1.37987e-06	6.38543e-07	2.57551e-07	9.00641e-08	2.72003e-08	7.07536e-09	1.58256e-09	3.0424e-10	5.03191e-11	7.1772e-12	8.86069e-13	9.51135e-14	8.9224e-15	7.35331e-16	5.3523e-17	3.45844e-18	1.99351e-19	1.02979e-20	4.7877e-22	2.01127e-23	7.66251e-25	2.65639e-26	8.40583e-28	2.4349e-29	6.47344e-31	1.5834e-32	3.57123e-34	7.44221e-36	1.43569e-37	2.56831e-39	4.26726e-41	6.59477e-43	9.61983e-45	9.61983e-45	
0.00816578	0.00816578	0.0301285	0.103748	0.280701	0.586463	0.961469	1.32175	1.65597	1.92737	2.09603	2.16483	2.11386	1.98218	1.76626	1.50919	1.2447	0.998126	0.807639	0.695082	0.668813	0.730211	0.874615	1.09151	1.35118	1.61776	1.85859	2.04583	2.14539	2.15143	2.03886	1.83201	1.5254	1.1811	0.810112	0.450992	0.194717	0.0650653	0.0171053	0.00361176	0.000624694	9.00557e-05	1.09831e-05	1.14773e-06	1.04058e-07	9.29911e-09	6.53078e-09	2.82713e-08	1.1459e-07	3.99149e-07	1.19866e-06	3.12026e-06	7.08491e-06	1.41364e-05	2.50065e-05	3.959e-05	5.65535e-05	7.33294e-05	8.66947e-05	9.37682e-05	9.29562e-05	8.4442e-05	7.01323e-05	5.30612e-05	3.63955e-05	2.24866e-05	1.2407e-05	6.0547e-06	2.591e-06	9.65548e-07	3.1163e-07	8.67555e-08	2.07758e-08	4.27418e-09	7.55629e-10	1.15018e-10	1.51244e-11	1.72567e-12	1.71708e-13	1.49795e-14	1.15188e-15	7.84885e-17	4.7628e-18	2.586e-19	1.26187e-20	5.55645e-22	2.21623e-23	8.03493e-25	2.65639e-26	8.03202e-28	2.22722e-29	5.67796e-31	1.33387e-32	2.89363e-34	5.80804e-36	1.08056e-37	1.86647e-39	2.9978e-41	4.54574e-43	4.54574e-43	
0.0164657	0.0164657	0.0544945	0.168843	0.409669	0.770246	1.16087	1.51973	1.83865	2.05577	2.15506	2.12916	1.98218	1.72305	1.39852	1.03126	0.666636	0.349526	0.0976265	-0.060091	-0.0971315	-0.0106646	0.188362	0.470202	0.811179	1.17799	1.53235	1.83912	2.052	2.15638	2.12754	1.98317	1.71859	1.37933	1.00675	0.6166	0.296905	0.110537	0.0321618	0.00745708	0.0014058	0.000219435	2.88121e-05	3.22585e-06	3.13811e-07	4.02956e-08	7.45347e-08	3.19928e-07	1.20601e-06	3.90766e-06	1.09401e-05	2.66459e-05	5.69041e-05	0.000107515	0.000181521	0.000276504	0.000382963	0.000485174	0.00056488	0.000606528	0.000601762	0.000551537	0.000465894	0.000361341	0.000256041	0.000164701	9.53901e-05	4.92489e-05	2.24433e-05	8.95008e-06	3.10101e-06	9.28294e-07	2.39133e-07	5.28882e-08	1.00378e-08	1.63714e-09	2.30148e-10	2.80059e-11	2.96478e-12	2.74524e-13	2.23564e-14	1.60989e-15	1.03041e-16	5.89064e-18	3.02155e-19	1.39653e-20	5.83879e-22	2.21623e-23	7.66251e-25	2.42057e-26	7.00617e-28	1.86287e-29	4.56103e-31	1.03056e-32	2.15322e-34	4.16792e-36	7.48703e-38	1.25009e-39	1.97101e-41	1.97101e-41	
0.0289732	0.0289732	0.0870522	0.245878	0.543902	0.939817	1.33292	1.68503	1.97071	2.12558	2.15219	2.02261	1.76626	1.39852	0.955544	0.485409	0.0322642	-0.364253	-0.66219	-0.831634	-0.870397	-0.779467	-0.557519	-0.213702	0.207558	0.672606	1.14108	1.55645	1.88376	2.09233	2.15876	2.0809	1.86904	1.54833	1.17957	0.775811	0.408463	0.166908	0.0531268	0.0134004	0.00273217	0.000458744	6.44805e-05	7.69934e-06	8.18194e-07	2.32259e-07	7.77762e-07	3.14494e-06	1.09589e-05	3.28507e-05	8.52997e-05	0.000193473	0.000386993	0.000689899	0.00110816	0.0016195	0.00217001	0.00268248	0.00307392	0.00327623	0.00325314	0.0030088	0.0025868	0.00205981	0.00151133	0.00101514	0.000619152	0.000339431	0.000165426	7.09362e-05	2.65239e-05	8.58472e-06	2.39201e-06	5.71785e-07	1.17095e-07	2.05596e-08	3.10317e-09	4.04286e-10	4.56921e-11	4.50453e-12	3.89557e-13	2.97183e-14	2.01066e-15	1.21259e-16	6.54947e-18	3.18222e-19	1.39653e-20	5.55645e-22	2.01127e-23	6.64436e-25	2.00916e-26	5.576e-28	1.42382e-29	3.35277e-31	7.29586e-33	1.47e-34	2.74723e-36	4.77006e-38	7.82246e-40	7.82246e-40	
0.0452732	0.0452732	0.125261	0.32719	0.670941	1.08582	1.47446	1.81394	2.05863	2.15282	2.0973	1.87465	1.50919	1.03126	0.485409	-0.0757152	-0.61212	-1.06496	-1.40683	-1.6193	-1.67203	-1.55163	-1.28424	-0.895933	-0.403877	0.145581	0.709612	1.232	1.6707	1.98215	2.13931	2.1318	1.97785	1.68573	1.32479	0.917738	0.518254	0.228627	0.0785124	0.021292	0.00464803	0.000832194	0.000124273	1.57541e-05	2.01479e-06	1.77905e-06	7.11692e-06	2.65676e-05	8.50095e-05	0.00023426	0.000560781	0.00117808	0.00219674	0.00368006	0.00560362	0.00783225	0.0101285	0.0121968	0.0137435	0.0145347	0.0144446	0.0134877	0.0118148	0.00967594	0.00737015	0.00518595	0.00334308	0.00195417	0.00102346	0.000474534	0.000192655	6.78529e-05	2.05828e-05	5.35135e-06	1.18955e-06	2.26086e-07	3.68216e-08	5.15903e-09	6.24965e-10	6.58286e-11	6.06437e-12	4.91462e-13	3.52338e-14	2.24643e-15	1.2801e-16	6.54947e-18	3.02155e-19	1.26187e-20	4.7877e-22	1.6558e-23	5.23575e-25	1.51796e-26	4.0455e-28	9.93448e-30	2.25283e-31	4.72713e-33	9.19508e-35	1.66091e-36	2.83393e-38	2.83393e-38	
0.0638022	0.0638022	0.165011	0.404429	0.781083	1.204	1.58694	1.91027	2.10882	2.14498	2.01437	1.70218	1.2447	0.666636	0.0322642	-0.61212	-1.1966	-1.68896	-2.06624	-2.29109	-2.34404	-2.2214	-1.93051	-1.50481	-0.97508	-0.35656	0.291932	0.906947	1.44615	1.84626	2.08978	2.1508	2.04903	1.79034	1.44129	1.03637	0.616964	0.28904	0.105516	0.0303635	0.00701414	0.00132516	0.00020832	2.81576e-05	6.09278e-06	1.42605e-05	5.59216e-05	0.000190546	0.00055556	0.00139696	0.00306172	0.00592092	0.0102386	0.0160464	0.0230731	0.030743	0.038274	0.0448175	0.0495962	0.0520107	0.0517367	0.0488115	0.0436234	0.0368152	0.0291875	0.0215875	0.0147668	0.00924554	0.00523159	0.00263929	0.00117168	0.000452452	0.00015057	4.2898e-05	1.0424e-05	2.15856e-06	3.81565e-07	5.77931e-08	7.53866e-09	8.51832e-10	8.38904e-11	7.24465e-12	5.51859e-13	3.72876e-14	2.24643e-15	1.21259e-16	5.89064e-18	2.586e-19	1.02979e-20	3.73281e-22	1.23558e-23	3.74564e-25	1.04273e-26	2.67232e-28	6.31919e-30	1.38167e-31	2.7987e-33	5.2613e-35	9.34393e-37	9.34393e-37	
0.082088	0.082088	0.201493	0.470209	0.86857	1.29416	1.67099	1.97474	2.1351	2.12256	1.92199	1.54116	0.998126	0.349526	-0.364253	-1.06496	-1.68896	-2.20194	-2.56054	-2.75594	-2.80033	-2.69716	-2.43639	-2.01229	-1.45195	-0.791456	-0.0743259	0.616125	1.23367	1.71121	2.02696	2.14501	2.09228	1.86521	1.52889	1.12875	0.697976	0.34186	0.130696	0.039361	0.0095011	0.0018723	0.000307084	4.6954e-05	2.88737e-05	0.000102926	0.000371563	0.00114414	0.00301242	0.0068526	0.0136438	0.0241271	0.0384804	0.0561709	0.0759901	0.0962471	0.115117	0.130868	0.142038	0.147577	0.146951	0.140222	0.128035	0.111532	0.092238	0.071922	0.0524034	0.0353032	0.0217045	0.0119961	0.00587006	0.0025072	0.000923683	0.000290958	7.79414e-05	1.77207e-05	3.42345e-06	5.63976e-07	7.96386e-08	9.69842e-09	1.02518e-09	9.46749e-11	7.68635e-12	5.51859e-13	3.52338e-14	2.01066e-15	1.03041e-16	4.7628e-18	1.99351e-19	7.58344e-21	2.63061e-22	8.34691e-24	2.42939e-25	6.50279e-27	1.6046e-28	3.65808e-30	7.72033e-32	1.51121e-33	2.79475e-35	2.79475e-35	
0.0972951	0.0972951	0.230182	0.519039	0.930463	1.35714	1.72952	2.01456	2.14261	2.09389	1.84355	1.40705	0.807639	0.0976265	-0.66219	-1.40683	-2.06624	-2.56054	-2.90117	-3.11497	-3.16941	-3.04628	-2.7805	-2.38383	-1.81976	-1.1135	-0.356658	0.390354	1.06539	1.60149	1.96914	2.13407	2.11652	1.9118	1.58743	1.19362	0.757106	0.382052	0.15073	0.046848	0.0116627	0.0023687	0.000405233	9.23021e-05	0.000170767	0.000633126	0.00205612	0.00565993	0.0133178	0.0271449	0.0486972	0.0782435	0.114566	0.155263	0.197202	0.23719	0.272423	0.300569	0.319814	0.329081	0.328044	0.316734	0.295596	0.265865	0.22948	0.188863	0.146913	0.106855	0.0717271	0.0437239	0.0237842	0.0113477	0.00467739	0.00164635	0.000491102	0.00012373	2.6339e-05	4.75337e-06	7.31155e-07	9.64788e-08	1.09971e-08	1.09037e-09	9.46749e-11	7.24465e-12	4.91462e-13	2.97183e-14	1.60989e-15	7.84885e-17	3.45844e-18	1.38259e-19	5.03239e-21	1.67314e-22	5.09626e-24	1.42598e-25	3.67458e-27	8.74038e-29	1.92309e-30	3.9216e-32	7.5557e-34	7.5557e-34	
0.106876	0.106876	0.247574	0.547641	0.966188	1.39327	1.75992	2.03337	2.14831	2.0699	1.79606	1.3219	0.695082	-0.060091	-0.831634	-1.6193	-2.29109	-2.75594	-3.11497	-3.38614	-3.46058	-3.29435	-2.9785	-2.59036	-2.04914	-1.30599	-0.520755	0.247121	0.968704	1.52775	1.9356	2.12114	2.12682	1.93918	1.6193	1.22959	0.791409	0.406082	0.163016	0.0515632	0.013063	0.0027055	0.000508723	0.000296278	0.000950888	0.00323823	0.00932002	0.0226551	0.0470999	0.0851976	0.136769	0.198908	0.267106	0.336423	0.40224	0.461182	0.510539	0.548425	0.573508	0.585279	0.583973	0.569554	0.541839	0.501526	0.450085	0.389538	0.322725	0.253239	0.185863	0.125504	0.0764568	0.0411614	0.0192072	0.00764808	0.00257108	0.000725758	0.00017191	3.42764e-05	5.78503e-06	8.32277e-07	1.0284e-07	1.09971e-08	1.02518e-09	8.38904e-11	6.06437e-12	3.89557e-13	2.23564e-14	1.15188e-15	5.3523e-17	2.25202e-18	8.6124e-20	3.00388e-21	9.58523e-23	2.80627e-24	7.55797e-26	1.87706e-27	4.30835e-29	9.15786e-31	1.83918e-32	1.83918e-32	
0.109186	0.109186	0.251699	0.55437	0.974688	1.4018	1.76591	2.03633	2.15063	2.06417	1.78513	1.30239	0.668813	-0.0971315	-0.870397	-1.67203	-2.34404	-2.80033	-3.16941	-3.46058	-3.54152	-3.36102	-3.0257	-2.63636	-2.10469	-1.35228	-0.558113	0.210909	0.946621	1.50807	1.92815	2.11587	2.12957	1.94691	1.62645	1.23756	0.799382	0.411776	0.165953	0.0527018	0.013412	0.00283304	0.000760119	0.00130267	0.00449	0.0135201	0.0339909	0.0720171	0.130904	0.208815	0.29968	0.396194	0.492015	0.582188	0.663386	0.733744	0.791205	0.83453	0.863457	0.877534	0.875958	0.858849	0.827006	0.780822	0.720662	0.647987	0.564827	0.47321	0.376804	0.280881	0.192007	0.117496	0.0627791	0.0286632	0.0110106	0.00352789	0.0009407	0.000209307	3.9092e-05	6.17595e-06	8.32277e-07	9.64788e-08	9.69842e-09	8.51832e-10	6.58286e-11	4.50453e-12	2.74524e-13	1.49795e-14	7.35331e-16	3.26163e-17	1.31243e-18	4.80818e-20	1.60911e-21	4.93405e-23	1.39008e-24	3.60742e-26	8.64348e-28	1.91624e-29	4.01365e-31	4.01365e-31	
0.103836	0.103836	0.242132	0.538823	0.95527	1.38217	1.75062	2.02771	2.14632	2.07786	1.8109	1.34867	0.730211	-0.0106646	-0.779467	-1.55163	-2.2214	-2.69716	-3.04628	-3.29435	-3.36102	-3.21083	-2.91557	-2.52745	-1.97715	-1.24574	-0.470931	0.292543	0.998293	1.55157	1.94565	2.1258	2.12312	1.93051	1.60996	1.21871	0.780757	0.398554	0.159145	0.0500748	0.012669	0.00289647	0.00186088	0.00553146	0.0173554	0.0452924	0.0980518	0.179142	0.283535	0.400872	0.521694	0.640012	0.752291	0.85552	0.948392	1.0282	1.09369	1.143	1.17646	1.19356	1.19163	1.17101	1.1344	1.08189	1.01337	0.930836	0.83566	0.730516	0.616712	0.497593	0.376883	0.261302	0.160803	0.0851981	0.0379499	0.0140078	0.00426187	0.00107067	0.000223481	3.9092e-05	5.78503e-06	7.31155e-07	7.96386e-08	7.53866e-09	6.24965e-10	4.56921e-11	2.96478e-12	1.71708e-13	8.9224e-15	4.17924e-16	1.77207e-17	6.82822e-19	2.39941e-20	7.71371e-22	2.27539e-23	6.17515e-25	1.54563e-26	3.57613e-28	7.81656e-30	7.81656e-30	
0.0917428	0.0917428	0.219901	0.501873	0.908985	1.33524	1.7093	2.00135	2.14046	2.10508	1.8715	1.45582	0.874615	0.188362	-0.557519	-1.28424	-1.93051	-2.43639	-2.7805	-2.9785	-3.0257	-2.91557	-2.66041	-2.25425	-1.68624	-0.998782	-0.256041	0.471796	1.12496	1.64217	1.99036	2.13927	2.10908	1.89568	1.56731	1.17119	0.736323	0.36772	0.143498	0.0441574	0.011152	0.00362001	0.00625454	0.0198024	0.0539048	0.120025	0.22151	0.349024	0.488055	0.629177	0.769043	0.905159	1.03419	1.15197	1.25676	1.34427	1.41508	1.46828	1.50222	1.51786	1.51614	1.49689	1.45919	1.40235	1.32817	1.23711	1.12935	1.00915	0.87833	0.741186	0.600924	0.459807	0.322184	0.198641	0.103802	0.0448075	0.0157891	0.0045384	0.00107067	0.000209307	3.42764e-05	4.75337e-06	5.63976e-07	5.77931e-08	5.15903e-09	4.04286e-10	2.80059e-11	1.72567e-12	9.51135e-14	4.713e-15	2.10912e-16	8.55947e-18	3.16198e-19	1.06689e-20	3.29818e-22	9.36823e-24	2.45129e-25	5.92279e-27	1.35176e-28	1.35176e-28	
0.0749679	0.0749679	0.18761	0.44576	0.836698	1.26147	1.64043	1.95236	2.1272	2.13204	1.95885	1.60269	1.09151	0.470202	-0.213702	-0.895933	-1.50481	-2.01229	-2.38383	-2.59036	-2.63636	-2.52745	-2.25425	-1.82245	-1.27243	-0.628879	0.0654756	0.725784	1.31464	1.76253	2.05274	2.1489	2.0775	1.83893	1.49747	1.0951	0.668012	0.321968	0.121068	0.0360864	0.00979493	0.007258	0.0202525	0.0575388	0.13312	0.250727	0.396649	0.553302	0.713683	0.877257	1.03946	1.19387	1.33449	1.45906	1.56514	1.65357	1.72203	1.77419	1.80809	1.82284	1.82123	1.80289	1.76525	1.70974	1.63748	1.54525	1.4356	1.30745	1.16401	1.00733	0.8445	0.681193	0.521556	0.366212	0.224184	0.114347	0.0473395	0.0157891	0.00426187	0.0009407	0.00017191	2.6339e-05	3.42345e-06	3.81565e-07	3.68216e-08	3.10317e-09	2.30148e-10	1.51244e-11	8.86069e-13	4.65319e-14	2.20122e-15	9.42163e-17	3.66337e-18	1.29868e-19	4.21137e-21	1.253e-22	3.42989e-24	8.65973e-26	2.06491e-27	2.06491e-27	
0.0562533	0.0562533	0.149249	0.374624	0.739616	1.16014	1.54551	1.87572	2.09171	2.1513	2.04983	1.77037	1.35118	0.811179	0.207558	-0.403877	-0.97508	-1.45195	-1.81976	-2.04914	-2.10469	-1.97715	-1.68624	-1.27243	-0.758853	-0.160372	0.454507	1.03816	1.53593	1.90189	2.11146	2.14734	2.02503	1.75191	1.398	0.992054	0.579337	0.265442	0.0948701	0.0276503	0.0107362	0.0190922	0.0552519	0.134388	0.262275	0.422239	0.593947	0.773858	0.961545	1.14756	1.32153	1.48125	1.62244	1.74709	1.85077	1.93643	2.00229	2.04927	2.08078	2.09585	2.09418	2.0758	2.04122	1.99069	1.92077	1.83153	1.72372	1.59552	1.45073	1.28784	1.11112	0.92398	0.736954	0.559198	0.388983	0.233162	0.114347	0.0448075	0.0140078	0.00352789	0.000725758	0.00012373	1.77207e-05	2.15856e-06	2.26086e-07	2.05596e-08	1.63714e-09	1.15018e-10	7.1772e-12	4.00166e-13	2.00414e-14	9.05921e-16	3.71186e-17	1.38394e-18	4.71183e-20	1.4696e-21	4.21123e-23	1.11167e-24	2.77099e-26	2.77099e-26	
0.0383632	0.0383632	0.109554	0.294789	0.621852	1.03064	1.42117	1.76647	2.02891	2.14645	2.12317	1.93859	1.61776	1.17799	0.672606	0.145581	-0.35656	-0.791456	-1.1135	-1.30599	-1.35228	-1.24574	-0.998782	-0.628879	-0.160372	0.354381	0.880551	1.36373	1.76211	2.03027	2.15153	2.11543	1.93911	1.63492	1.27019	0.86355	0.475215	0.203786	0.0686351	0.0214092	0.0181627	0.0479875	0.123586	0.254551	0.424574	0.609274	0.807023	1.01616	1.22106	1.41282	1.59142	1.75271	1.89255	2.00975	2.105	2.178	2.23327	2.27252	2.29581	2.30521	2.30422	2.29242	2.26604	2.22347	2.16493	2.08779	1.98801	1.86654	1.72195	1.55716	1.37523	1.18122	0.97418	0.766047	0.571838	0.388983	0.224184	0.103802	0.0379499	0.0110106	0.00257108	0.000491102	7.79414e-05	1.0424e-05	1.18955e-06	1.17095e-07	1.00378e-08	7.55629e-10	5.03191e-11	2.98354e-12	1.5842e-13	7.57181e-15	3.27269e-16	1.28448e-17	4.59507e-19	1.50341e-20	4.51253e-22	1.24609e-23	3.2484e-25	3.2484e-25	
0.0234602	0.0234602	0.0731831	0.214165	0.490545	0.874483	1.26771	1.62305	1.92294	2.10364	2.16086	2.07354	1.85859	1.53235	1.14108	0.709612	0.291932	-0.0743259	-0.356658	-0.520755	-0.558113	-0.470931	-0.256041	0.0654756	0.454507	0.880551	1.30655	1.67271	1.95821	2.12705	2.15232	2.0481	1.81463	1.48429	1.11347	0.713758	0.363524	0.143733	0.0463263	0.0208942	0.0384697	0.103296	0.228635	0.403584	0.599036	0.8101	1.03709	1.2584	1.4699	1.66859	1.84644	1.99766	2.1235	2.22454	2.30163	2.36004	2.39899	2.42409	2.44081	2.44862	2.44778	2.43824	2.41984	2.39244	2.34994	2.28776	2.20643	2.10024	1.96959	1.81276	1.63046	1.42804	1.2153	0.99125	0.766047	0.559198	0.366212	0.198641	0.0851981	0.0286632	0.00764808	0.00164635	0.000290958	4.2898e-05	5.35135e-06	5.71785e-07	5.28882e-08	4.27418e-09	3.0424e-10	1.921e-11	1.08269e-12	5.47714e-14	2.49937e-15	1.03339e-16	3.88677e-18	1.33466e-19	4.19793e-21	1.21305e-22	3.3083e-24	3.3083e-24	
0.0126536	0.0126536	0.0437075	0.141086	0.356825	0.697711	1.08388	1.4443	1.77198	2.01141	2.14011	2.15207	2.04583	1.83912	1.55645	1.232	0.906947	0.616125	0.390354	0.247121	0.210909	0.292543	0.471796	0.725784	1.03816	1.36373	1.67271	1.93581	2.098	2.16369	2.10033	1.92891	1.64589	1.30336	0.930697	0.550412	0.254453	0.0920446	0.0316859	0.0304855	0.0783294	0.188491	0.360149	0.563396	0.782727	1.02307	1.26171	1.4918	1.70967	1.90032	2.06447	2.20156	2.3068	2.38484	2.43706	2.46784	2.48572	2.49395	2.49513	2.49373	2.49396	2.49531	2.49301	2.48292	2.46294	2.42861	2.37126	2.2882	2.17652	2.03381	1.86417	1.6684	1.44602	1.2153	0.97418	0.736954	0.521556	0.322184	0.160803	0.0627791	0.0192072	0.00467739	0.000923683	0.00015057	2.05828e-05	2.39201e-06	2.39133e-07	2.07758e-08	1.58256e-09	1.06512e-10	6.37702e-12	3.41676e-13	1.64703e-14	7.1769e-16	2.83905e-17	1.02347e-18	3.37406e-20	1.02041e-21	2.91184e-23	2.91184e-23	
0.00591584	0.00591584	0.0228621	0.0823791	0.233768	0.512321	0.875011	1.23395	1.57006	1.86014	2.05074	2.15691	2.14539	2.052	1.88376	1.6707	1.44615	1.23367	1.06539	0.968704	0.946621	0.998293	1.12496	1.31464	1.53593	1.76211	1.95821	2.098	2.16236	2.12694	1.9842	1.75501	1.43848	1.09443	0.726505	0.386551	0.159504	0.0540757	0.0277037	0.0543629	0.141019	0.297708	0.502939	0.727682	0.974946	1.2313	1.47709	1.71329	1.9199	2.10114	2.24682	2.35507	2.43071	2.47502	2.4937	2.49542	2.48272	2.46475	2.45127	2.4442	2.44505	2.45355	2.46817	2.48593	2.4964	2.49148	2.46856	2.41805	2.33618	2.22072	2.06768	1.88067	1.6684	1.42804	1.18122	0.92398	0.681193	0.459807	0.261302	0.117496	0.0411614	0.0113477	0.0025072	0.000452452	6.78529e-05	8.58472e-06	9.28294e-07	8.67555e-08	7.07536e-09	5.0778e-10	3.2304e-11	1.83351e-12	9.33754e-14	4.28845e-15	1.78424e-16	6.75243e-18	2.33298e-19	7.38345e-21	2.20429e-22	2.20429e-22	
0.00236063	0.00236063	0.0102665	0.0416129	0.134072	0.335655	0.649137	0.999526	1.32989	1.64481	1.89353	2.05862	2.15143	2.15638	2.09233	1.98215	1.84626	1.71121	1.60149	1.52775	1.50807	1.55157	1.64217	1.76253	1.90189	2.03027	2.12705	2.16369	2.12694	2.00008	1.80723	1.52306	1.19992	0.86099	0.514117	0.24014	0.0880467	0.0322595	0.0361049	0.0947469	0.224033	0.419743	0.647988	0.896241	1.16521	1.42705	1.67985	1.90696	2.10478	2.26051	2.37858	2.45581	2.49078	2.49416	2.47082	2.42884	2.38135	2.33927	2.3067	2.28914	2.29118	2.31225	2.34711	2.39055	2.43813	2.47738	2.49565	2.48679	2.44373	2.35839	2.23298	2.06768	1.86417	1.63046	1.37523	1.11112	0.8445	0.600924	0.376883	0.192007	0.0764568	0.0237842	0.00587006	0.00117168	0.000192655	2.65239e-05	3.10101e-06	3.1163e-07	2.72003e-08	2.08076e-09	1.40603e-10	8.4505e-12	4.54482e-13	2.19905e-14	9.61876e-16	3.81977e-17	1.38252e-18	4.5766e-20	1.42881e-21	1.42881e-21	
0.000794639	0.000794639	0.00389381	0.0178003	0.0654763	0.18944	0.424994	0.743788	1.06782	1.37405	1.66289	1.88589	2.03886	2.12754	2.15876	2.13931	2.08978	2.02696	1.96914	1.9356	1.92815	1.94565	1.99036	2.05274	2.11146	2.15153	2.15232	2.10033	1.9842	1.80723	1.55233	1.25173	0.941436	0.611692	0.317271	0.128151	0.0435504	0.0257399	0.0570366	0.150678	0.320456	0.545023	0.792583	1.06365	1.34283	1.60972	1.86045	2.07435	2.25213	2.38149	2.46056	2.49469	2.48508	2.43807	2.36239	2.2756	2.18503	2.1007	2.03674	2.00466	2.00829	2.04727	2.1164	2.20297	2.29346	2.37893	2.45029	2.48995	2.49197	2.44901	2.35839	2.22072	2.03381	1.81276	1.55716	1.28784	1.00733	0.741186	0.497593	0.280881	0.125504	0.0437239	0.0119961	0.00263929	0.000474534	7.09362e-05	8.95008e-06	9.65548e-07	9.00641e-08	7.33401e-09	5.25742e-10	3.3421e-11	1.89613e-12	9.65588e-14	4.43591e-15	1.84674e-16	6.99558e-18	2.42013e-19	7.89458e-21	7.89458e-21	
0.000224164	0.000224164	0.00123424	0.0063508	0.0266455	0.0892874	0.234994	0.482298	0.786518	1.08333	1.36322	1.6219	1.83201	1.98317	2.0809	2.1318	2.1508	2.14501	2.13407	2.12114	2.11587	2.1258	2.13927	2.1489	2.14734	2.11543	2.0481	1.92891	1.75501	1.52306	1.25173	0.967767	0.663475	0.372494	0.164379	0.0579396	0.0224597	0.031463	0.0891141	0.218356	0.422364	0.667649	0.933685	1.22224	1.50596	1.77455	2.01372	2.21325	2.36131	2.45854	2.49574	2.47814	2.41347	2.30707	2.17674	2.03006	1.88396	1.76114	1.67586	1.63442	1.63909	1.68962	1.78306	1.91185	2.06	2.20451	2.33049	2.43092	2.48544	2.49197	2.44373	2.33618	2.17652	1.96959	1.72195	1.45073	1.16401	0.87833	0.616712	0.376804	0.185863	0.0717271	0.0217045	0.00523159	0.00102346	0.000165426	2.24433e-05	2.591e-06	2.57551e-07	2.22683e-08	1.68955e-09	1.13358e-10	6.77121e-12	3.62243e-13	1.74483e-14	7.60289e-16	3.00966e-17	1.08653e-18	3.69819e-20	3.69819e-20	
5.29218e-05	5.29218e-05	0.000325672	0.00187627	0.00892743	0.0344555	0.106161	0.258126	0.496158	0.775805	1.04733	1.29827	1.5254	1.71859	1.86904	1.97785	2.04903	2.09228	2.11652	2.12682	2.12957	2.12312	2.10908	2.0775	2.02503	1.93911	1.81463	1.64589	1.43848	1.19992	0.941434	0.663472	0.392467	0.185934	0.0699193	0.0232818	0.0172102	0.0458872	0.129745	0.292386	0.522887	0.784096	1.06788	1.36689	1.65092	1.91692	2.14154	2.31907	2.43696	2.49184	2.48369	2.41146	2.28371	2.11486	1.913	1.69947	1.50212	1.33743	1.21795	1.15715	1.16406	1.23761	1.36728	1.53938	1.74146	1.95544	2.15183	2.31241	2.43092	2.48995	2.48679	2.41805	2.2882	2.10024	1.86654	1.59552	1.30745	1.00915	0.730516	0.47321	0.253239	0.106855	0.0353032	0.00924554	0.00195417	0.000339431	4.92489e-05	6.0547e-06	6.38543e-07	5.83858e-08	4.67139e-09	3.2968e-10	2.06683e-11	1.15819e-12	5.83317e-14	2.65347e-15	1.09502e-16	4.1158e-18	1.45848e-19	1.45848e-19	
1.04873e-05	1.04873e-05	7.16547e-05	0.000459025	0.00245643	0.0108132	0.0386051	0.110463	0.252145	0.464072	0.711921	0.957062	1.1811	1.37933	1.54833	1.68573	1.79034	1.86521	1.9118	1.93918	1.94691	1.93051	1.89568	1.83893	1.75191	1.63492	1.48429	1.30336	1.09443	0.860986	0.611679	0.372462	0.18588	0.0744787	0.0246521	0.0107084	0.0206868	0.0659576	0.175482	0.367132	0.617286	0.892212	1.19085	1.4947	1.77913	2.03595	2.24373	2.39646	2.47983	2.49222	2.43196	2.29984	2.10909	1.8646	1.58836	1.30794	1.03939	0.80225	0.625305	0.534924	0.545167	0.65446	0.845877	1.09147	1.36345	1.64456	1.91747	2.15183	2.33049	2.45029	2.49565	2.46856	2.37126	2.20643	1.98801	1.72372	1.4356	1.12935	0.83566	0.564827	0.322725	0.146913	0.0524034	0.0147668	0.00334308	0.000619152	9.53901e-05	1.2407e-05	1.37987e-06	1.3268e-07	1.11358e-08	8.22626e-10	5.38779e-11	3.14873e-12	1.65138e-13	7.81174e-15	3.34817e-16	1.30561e-17	4.80022e-19	4.80022e-19	
1.75467e-06	1.75467e-06	1.3219e-05	9.34685e-05	0.000557529	0.00276845	0.0113031	0.0375302	0.100677	0.218811	0.392113	0.598674	0.810112	1.00675	1.17957	1.32479	1.44129	1.52889	1.58743	1.6193	1.62645	1.60996	1.56731	1.49747	1.398	1.27019	1.11347	0.930693	0.726492	0.514076	0.317165	0.164141	0.0694644	0.0240118	0.00803346	0.00853309	0.0283069	0.0890898	0.22254	0.437919	0.702765	0.990073	1.29987	1.60435	1.88589	2.1323	2.32144	2.44688	2.49544	2.46401	2.34947	2.16087	1.89731	1.57771	1.22708	0.856582	0.489116	0.167262	-0.0662382	-0.18278	-0.169662	-0.0282501	0.225755	0.560512	0.93161	1.29908	1.64456	1.95544	2.20451	2.37893	2.47738	2.49148	2.42861	2.28776	2.08779	1.83153	1.54525	1.23711	0.930836	0.647987	0.389538	0.188863	0.071922	0.0215875	0.00518595	0.00101514	0.000164701	2.24866e-05	2.61775e-06	2.62823e-07	2.29834e-08	1.76567e-09	1.20064e-10	7.2743e-12	3.94993e-13	1.93228e-14	8.55564e-16	3.44329e-17	1.30672e-18	1.30672e-18	
2.49706e-07	2.49706e-07	2.06045e-06	1.59668e-05	0.000105245	0.000583256	0.00268808	0.0102002	0.0316453	0.0802112	0.16767	0.295233	0.450992	0.6166	0.775811	0.917738	1.03637	1.12875	1.19362	1.22959	1.23756	1.21871	1.17119	1.0951	0.992053	0.863548	0.71375	0.550381	0.386449	0.239858	0.127471	0.0565042	0.0206258	0.00650149	0.00361913	0.0102144	0.0375534	0.11292	0.267404	0.501405	0.777376	1.07486	1.39158	1.69618	1.97432	2.20652	2.37949	2.47567	2.49281	2.41557	2.25379	2.00257	1.6704	1.2815	0.838958	0.360125	-0.10321	-0.492391	-0.765361	-0.899035	-0.884058	-0.721422	-0.422837	-0.014771	0.456707	0.93161	1.36345	1.74146	2.06	2.29346	2.43813	2.4964	2.46294	2.34994	2.16493	1.92077	1.63748	1.32817	1.01337	0.720662	0.450085	0.22948	0.092238	0.0291875	0.00737015	0.00151133	0.000256041	3.63955e-05	4.39993e-06	4.57711e-07	4.13897e-08	3.28233e-09	2.30045e-10	1.4346e-11	8.0084e-13	4.0232e-14	1.82761e-15	7.53977e-17	2.93299e-18	2.93299e-18	
3.0467e-08	3.0467e-08	2.73669e-07	2.30914e-06	1.66881e-05	0.000102233	0.000525687	0.00224809	0.00793938	0.0230956	0.0556046	0.112352	0.194717	0.296905	0.408463	0.518254	0.616964	0.697976	0.757106	0.791409	0.799382	0.780757	0.736323	0.668011	0.579333	0.4752	0.36346	0.254232	0.158854	0.0863984	0.0399133	0.0153924	0.00498195	0.00181615	0.00315667	0.0129681	0.0468935	0.13525	0.307099	0.555045	0.839291	1.14523	1.46625	1.76802	2.04214	2.26273	2.41743	2.49099	2.47466	2.36124	2.15248	1.84313	1.45648	0.991442	0.446778	-0.128807	-0.661993	-1.09436	-1.3914	-1.53545	-1.51935	-1.34385	-1.01792	-0.56194	-0.014771	0.560512	1.09147	1.53938	1.91185	2.20297	2.39055	2.48593	2.48292	2.39244	2.22347	1.99069	1.70974	1.40235	1.08189	0.780822	0.501526	0.265865	0.111532	0.0368152	0.00967594	0.00205981	0.000361341	5.30612e-05	6.61273e-06	7.07807e-07	6.57463e-08	5.34761e-09	3.83879e-10	2.44895e-11	1.39691e-12	7.16343e-14	3.31853e-15	1.39494e-16	5.52762e-18	5.52762e-18	
3.21258e-09	3.21258e-09	3.12407e-08	2.85359e-07	2.24553e-06	1.50803e-05	8.56507e-05	0.000407885	0.00161722	0.00531867	0.0145357	0.0333132	0.0650653	0.110537	0.166908	0.228627	0.28904	0.34186	0.382052	0.406082	0.411776	0.398554	0.367719	0.321963	0.265416	0.203672	0.143315	0.0907429	0.0506187	0.0243448	0.00991084	0.00338628	0.00106105	0.000902603	0.00364111	0.0156845	0.055156	0.154124	0.339306	0.597145	0.887007	1.1987	1.52273	1.82335	2.09111	2.30251	2.4418	2.49588	2.45175	2.31075	2.05651	1.70672	1.2723	0.72819	0.0954733	-0.548385	-1.12501	-1.58328	-1.8951	-2.04575	-2.02892	-1.8453	-1.50269	-1.01792	-0.422837	0.225755	0.845877	1.36728	1.78306	2.1164	2.34711	2.46817	2.49301	2.41984	2.26604	2.04122	1.76525	1.45919	1.1344	0.827006	0.541839	0.295596	0.128035	0.0436234	0.0118148	0.0025868	0.000465894	7.01323e-05	8.9483e-06	9.79574e-07	9.29782e-08	7.72229e-09	5.65717e-10	3.68117e-11	2.14089e-12	1.11896e-13	5.28168e-15	2.26152e-16	9.13208e-18	9.13208e-18	
2.94992e-10	2.94992e-10	3.09048e-09	3.04035e-08	2.58943e-07	1.89273e-06	1.17732e-05	6.18096e-05	0.000271958	0.000998278	0.00305628	0.0078483	0.0171053	0.0321618	0.0531268	0.0785124	0.105516	0.130696	0.15073	0.163016	0.165953	0.159144	0.143491	0.12103	0.0946927	0.0679423	0.0440492	0.0253626	0.0127325	0.00547622	0.00199195	0.000623476	0.000282987	0.000835108	0.00417793	0.017816	0.0613862	0.167962	0.362216	0.626171	0.919599	1.23571	1.56027	1.85981	2.1251	2.32644	2.45823	2.49381	2.43399	2.26904	1.98175	1.60816	1.13193	0.523465	-0.169065	-0.853619	-1.45495	-1.92838	-2.24928	-2.40411	-2.38682	-2.19807	-1.8453	-1.34385	-0.721422	-0.0282501	0.65446	1.23761	1.68962	2.04727	2.31225	2.45355	2.49531	2.43824	2.29242	2.0758	1.80289	1.49689	1.17101	0.858849	0.569554	0.316734	0.140222	0.0488115	0.0134877	0.0030088	0.000551537	8.4442e-05	1.09537e-05	1.21889e-06	1.17602e-07	9.92984e-09	7.39694e-10	4.89569e-11	2.8969e-12	1.54101e-13	7.40576e-15	3.22965e-16	1.32959e-17	1.32959e-17	
