2.31838	2.31838	2.39012	2.52444	2.70443	2.89521	3.04983	3.13568	3.14228	3.07392	2.94328	2.76729	2.56576	2.35515	2.14832	1.9552	1.78834	1.65421	1.55749	1.50183	1.48938	1.51922	1.59192	1.70427	1.85189	2.02999	2.23046	2.43993	2.64861	2.84174	3.00182	3.10924	3.14709	3.10351	2.97116	2.75224	2.45893	2.09764	1.66881	1.20074	0.761947	0.420537	0.201064	0.0834538	0.0302309	0.00962268	0.00271402	0.000691138	0.000175966	7.27192e-05	7.54716e-05	0.000110277	0.000161447	0.000224928	0.000297239	0.000373274	0.000446372	0.000509143	0.000554617	0.000577445	0.000574854	0.000547159	0.000497708	0.000432266	0.000357983	0.000282189	0.000211266	0.000149829	0.000100353	6.3269e-05	3.7411e-05	2.06686e-05	1.06284e-05	5.06826e-06	2.23367e-06	9.0713e-07	3.3866e-07	1.16016e-07	3.64259e-08	1.04757e-08	2.75939e-09	6.66033e-10	1.47437e-10	2.99691e-11	5.60195e-12	9.64577e-13	1.53271e-13	2.25183e-14	3.06493e-15	3.87231e-16	4.55023e-17	4.98251e-18	5.09366e-19	4.87048e-20	4.36351e-21	3.66909e-22	2.90032e-23	2.15922e-24	1.61528e-25	1.61528e-25	
2.31838	2.31838	2.39012	2.52444	2.70443	2.89521	3.04983	3.13568	3.14228	3.07392	2.94328	2.76729	2.56576	2.35515	2.14832	1.9552	1.78834	1.65421	1.55749	1.50183	1.48938	1.51922	1.59192	1.70427	1.85189	2.02999	2.23046	2.43993	2.64861	2.84174	3.00182	3.10924	3.14709	3.10351	2.97116	2.75224	2.45893	2.09764	1.66881	1.20074	0.761947	0.420537	0.201064	0.0834538	0.0302309	0.00962268	0.00271402	0.000691138	0.000175966	7.27192e-05	7.54716e-05	0.000110277	0.000161447	0.000224928	0.000297239	0.000373274	0.000446372	0.000509143	0.000554617	0.000577445	0.000574854	0.000547159	0.000497708	0.000432266	0.000357983	0.000282189	0.000211266	0.000149829	0.000100353	6.3269e-05	3.7411e-05	2.06686e-05	1.06284e-05	5.06826e-06	2.23367e-06	9.0713e-07	3.3866e-07	1.16016e-07	3.64259e-08	1.04757e-08	2.75939e-09	6.66033e-10	1.47437e-10	2.99691e-11	5.60195e-12	9.64577e-13	1.53271e-13	2.25183e-14	3.06493e-15	3.87231e-16	4.55023e-17	4.98251e-18	5.09366e-19	4.87048e-20	4.36351e-21	3.66909e-22	2.90032e-23	2.15922e-24	1.61528e-25	1.61528e-25	
2.39012	2.39012	2.42779	2.52482	2.66866	2.80809	2.90496	2.94586	2.92592	2.84884	2.72203	2.55739	2.36776	2.16727	1.97067	1.79112	1.63675	1.51147	1.42245	1.37133	1.35889	1.38757	1.45346	1.5577	1.69564	1.86052	2.04783	2.24787	2.44556	2.62703	2.77753	2.88504	2.93697	2.92231	2.83092	2.64893	2.3694	2.01663	1.62975	1.23284	0.849086	0.518212	0.275702	0.127157	0.0509238	0.0178093	0.00549299	0.00153951	0.000458802	0.000247585	0.000287141	0.000413409	0.000587071	0.000795049	0.00102523	0.00126145	0.00148409	0.00167235	0.00180727	0.00187456	0.00186694	0.00178522	0.00163825	0.00144145	0.00121438	0.000977849	0.00075087	0.000548355	0.000379668	0.00024835	0.000152886	8.82137e-05	4.75047e-05	2.37772e-05	1.10181e-05	4.71032e-06	1.8523e-06	6.68476e-07	2.21036e-07	6.69002e-08	1.85282e-08	4.69661e-09	1.09043e-09	2.32146e-10	4.5384e-11	8.16117e-12	1.35242e-12	2.06934e-13	2.92944e-14	3.8446e-15	4.68717e-16	5.31898e-17	5.6292e-18	5.56653e-19	5.15267e-20	4.47249e-21	3.6464e-22	2.79777e-23	2.15922e-24	2.15922e-24	
2.52444	2.52444	2.52482	2.54187	2.5701	2.59898	2.62197	2.61399	2.55781	2.4541	2.31078	2.14348	1.96296	1.78322	1.61301	1.46237	1.33239	1.23068	1.15864	1.11764	1.1073	1.13028	1.18366	1.26743	1.38094	1.52053	1.67855	1.85426	2.03527	2.21227	2.37089	2.49758	2.57648	2.59219	2.53453	2.40302	2.19148	1.90717	1.59649	1.2932	0.988942	0.683437	0.412581	0.214317	0.0956568	0.0369118	0.0124888	0.003887	0.00138694	0.000942806	0.00116323	0.00164057	0.00226278	0.00298379	0.00376014	0.00453856	0.00525834	0.00585802	0.00628326	0.00649407	0.00647023	0.00621404	0.00575	0.00512148	0.00438486	0.00360204	0.00283253	0.0021263	0.00151878	0.00102848	0.000657601	0.000395283	0.000222359	0.000116524	5.66334e-05	2.54262e-05	1.05082e-05	3.98653e-06	1.38541e-06	4.40453e-07	1.28023e-07	3.40211e-08	8.27056e-09	1.84118e-09	3.75871e-10	7.04839e-11	1.21635e-11	1.93557e-12	2.84602e-13	3.87481e-14	4.895e-15	5.74958e-16	6.29173e-17	6.42689e-18	6.13965e-19	5.49517e-20	4.616e-21	3.6464e-22	2.90032e-23	2.90032e-23	
2.70443	2.70443	2.66866	2.5701	2.43149	2.31823	2.23589	2.1485	2.04342	1.91031	1.7575	1.59526	1.43398	1.28252	1.14517	1.02776	0.931785	0.86101	0.810523	0.782416	0.776367	0.789437	0.828011	0.885966	0.966714	1.07204	1.19779	1.34135	1.49764	1.65997	1.81861	1.95985	2.06719	2.12652	2.12372	2.05843	1.95275	1.8002	1.59789	1.3765	1.14163	0.873673	0.589059	0.341009	0.168445	0.0714268	0.0265268	0.00929146	0.00405991	0.00333815	0.00424231	0.00583019	0.00780096	0.010009	0.0123196	0.0145809	0.0166306	0.0183121	0.0194914	0.0200724	0.0200068	0.0193003	0.018011	0.0162439	0.0141386	0.0118543	0.00955167	0.00737544	0.00543952	0.00381725	0.00253819	0.00159179	0.000936961	0.000515069	0.000263141	0.000124366	5.41552e-05	2.16542e-05	7.93029e-06	2.6553e-06	8.12074e-07	2.26796e-07	5.78637e-08	1.34993e-08	2.88363e-09	5.64949e-10	1.01705e-10	1.68586e-11	2.57851e-12	3.64686e-13	4.77979e-14	5.81782e-15	6.58983e-16	6.96028e-17	6.86847e-18	6.34433e-19	5.49517e-20	4.47249e-21	3.66909e-22	3.66909e-22	
2.89521	2.89521	2.80809	2.59898	2.31823	2.04087	1.7893	1.58685	1.41981	1.2613	1.11244	0.966345	0.835493	0.718678	0.625585	0.552775	0.501084	0.463365	0.439934	0.427301	0.424801	0.430748	0.446948	0.475888	0.520137	0.578844	0.660831	0.762695	0.88635	1.02274	1.16784	1.31052	1.44445	1.55712	1.65151	1.7037	1.71293	1.69339	1.61396	1.46854	1.28362	1.05523	0.778682	0.497022	0.270461	0.126021	0.0517415	0.0208566	0.0113062	0.0107216	0.0137094	0.0182767	0.0236829	0.0295285	0.0354616	0.0411191	0.0461387	0.0501885	0.0529956	0.0543689	0.0542144	0.0525427	0.0494681	0.0451996	0.0400239	0.0342812	0.0283343	0.022534	0.0171856	0.0125198	0.00867425	0.0056882	0.00351218	0.00203092	0.00109389	0.000545969	0.000251325	0.000106278	4.11542e-05	1.45604e-05	4.70033e-06	1.38373e-06	3.71562e-07	9.10794e-08	2.04071e-08	4.18636e-09	7.87807e-10	1.36282e-10	2.17193e-11	3.19605e-12	4.35222e-13	5.49667e-14	6.45232e-15	7.05456e-16	7.19843e-17	6.86847e-18	6.13965e-19	5.15267e-20	4.36351e-21	4.36351e-21	
3.04983	3.04983	2.90496	2.62197	2.23589	1.7893	1.37202	1.04552	0.781536	0.578702	0.416174	0.290166	0.197684	0.135748	0.100737	0.085867	0.0822741	0.0888823	0.0966589	0.10197	0.104996	0.102729	0.0934689	0.0858628	0.0818575	0.0897918	0.112464	0.15639	0.2309	0.33355	0.469595	0.62752	0.809374	0.995924	1.17989	1.36265	1.49798	1.58346	1.61026	1.54505	1.40471	1.21201	0.959719	0.667658	0.398344	0.204254	0.093776	0.0445218	0.0295934	0.0307672	0.0388934	0.0501101	0.0627778	0.0759674	0.0889225	0.100935	0.11135	0.119605	0.125254	0.127998	0.12769	0.124347	0.118147	0.109419	0.0986355	0.0863788	0.0733118	0.0601275	0.0474913	0.0359804	0.0260294	0.0178905	0.0116187	0.00708844	0.0040385	0.00213618	0.00104341	0.000468411	0.000192526	7.22463e-05	2.47065e-05	7.69312e-06	2.18111e-06	5.63421e-07	1.32773e-07	2.85909e-08	5.63695e-09	1.01976e-09	1.69661e-10	2.602e-11	3.68715e-12	4.83877e-13	5.89413e-14	6.67872e-15	7.05456e-16	6.96028e-17	6.42689e-18	5.56653e-19	4.87048e-20	4.87048e-20	
3.13568	3.13568	2.94586	2.61399	2.1485	1.58685	1.04552	0.577395	0.214397	-0.0394124	-0.220144	-0.326492	-0.38604	-0.396327	-0.379223	-0.337176	-0.287329	-0.239692	-0.201305	-0.178788	-0.17189	-0.186374	-0.214071	-0.256805	-0.309441	-0.355742	-0.390072	-0.396853	-0.369418	-0.295303	-0.172054	0.00770339	0.228924	0.498883	0.770625	1.04148	1.28517	1.4612	1.57076	1.58595	1.49821	1.34051	1.12018	0.83907	0.546021	0.308994	0.160821	0.0910254	0.0714229	0.077819	0.0960185	0.119199	0.144176	0.169165	0.192868	0.214199	0.232251	0.246291	0.255774	0.260345	0.259834	0.254261	0.243831	0.228938	0.210166	0.188279	0.16421	0.139028	0.113869	0.08986	0.06801	0.0491084	0.0336367	0.0217194	0.0131354	0.00739214	0.00384717	0.00184141	0.000806851	0.00032251	0.000117319	3.87896e-05	1.16536e-05	3.18297e-06	7.91315e-07	1.79366e-07	3.71438e-08	7.04319e-09	1.22582e-09	1.96303e-10	2.89957e-11	3.96009e-12	5.01266e-13	5.89413e-14	6.45232e-15	6.58983e-16	6.29173e-17	5.6292e-18	5.09366e-19	5.09366e-19	
3.14228	3.14228	2.92592	2.55781	2.04342	1.41981	0.781536	0.214397	-0.211387	-0.516518	-0.703534	-0.803125	-0.826679	-0.797342	-0.725156	-0.640444	-0.548955	-0.475099	-0.413281	-0.377235	-0.373523	-0.390687	-0.434042	-0.502805	-0.584554	-0.674793	-0.758742	-0.813464	-0.828859	-0.778601	-0.668335	-0.478494	-0.231194	0.0703193	0.409221	0.744436	1.06192	1.31563	1.49418	1.58433	1.55937	1.44227	1.2578	1.00379	0.70945	0.44498	0.265199	0.177033	0.155546	0.171511	0.204755	0.244446	0.285292	0.324523	0.360421	0.391766	0.417652	0.437414	0.450591	0.456894	0.456193	0.448501	0.43398	0.412951	0.385913	0.353571	0.316861	0.276976	0.235355	0.193633	0.153526	0.116684	0.0844992	0.0579217	0.037318	0.0224355	0.0124974	0.0064083	0.00300812	0.001287	0.00050035	0.000176445	5.64048e-05	1.63513e-05	4.30338e-06	1.02998e-06	2.24662e-07	4.47653e-08	8.16896e-09	1.36878e-09	2.11141e-10	3.00608e-11	3.96009e-12	4.83877e-13	5.49667e-14	5.81782e-15	5.74958e-16	5.31898e-17	4.98251e-18	4.98251e-18	
3.07392	3.07392	2.84884	2.4541	1.91031	1.2613	0.578702	-0.0394124	-0.516518	-0.837507	-1.01185	-1.08174	-1.06128	-0.990233	-0.880796	-0.765862	-0.655944	-0.562325	-0.501084	-0.463332	-0.453641	-0.474566	-0.522188	-0.597046	-0.696232	-0.813475	-0.926285	-1.02574	-1.08097	-1.07925	-0.996548	-0.835816	-0.585521	-0.27416	0.0866121	0.459936	0.827542	1.14639	1.38673	1.54429	1.58809	1.52143	1.37841	1.16428	0.891524	0.621263	0.42254	0.321286	0.300133	0.326993	0.375848	0.431503	0.486498	0.537367	0.582413	0.620705	0.65167	0.674941	0.690292	0.697592	0.696784	0.687872	0.670929	0.646099	0.613634	0.573924	0.52755	0.475357	0.418543	0.358722	0.297918	0.238467	0.182838	0.133352	0.0918179	0.0592048	0.0354628	0.0195817	0.00990072	0.00455898	0.00190437	0.000719906	0.000246033	7.60273e-05	2.1265e-05	5.39314e-06	1.24298e-06	2.60996e-07	5.00637e-08	8.7971e-09	1.42001e-09	2.11141e-10	2.89957e-11	3.68715e-12	4.35222e-13	4.77979e-14	4.895e-15	4.68717e-16	4.55023e-17	4.55023e-17	
2.94328	2.94328	2.72203	2.31078	1.7575	1.11244	0.416174	-0.220144	-0.703534	-1.01185	-1.15795	-1.17999	-1.11506	-0.997456	-0.859747	-0.726794	-0.620445	-0.541279	-0.486882	-0.45839	-0.450738	-0.466179	-0.507961	-0.569082	-0.658657	-0.778447	-0.914839	-1.0516	-1.15444	-1.20531	-1.17624	-1.05988	-0.851088	-0.561122	-0.199472	0.192438	0.589612	0.959871	1.25779	1.47679	1.59139	1.58671	1.49516	1.3331	1.10246	0.848189	0.643767	0.532391	0.508095	0.539648	0.597001	0.661281	0.723286	0.779246	0.827778	0.868365	0.900778	0.92492	0.940752	0.948257	0.947429	0.938267	0.920776	0.894978	0.860915	0.818687	0.768479	0.710577	0.645479	0.574072	0.49779	0.418704	0.339536	0.26356	0.194255	0.134746	0.0871552	0.0520909	0.0285331	0.0142262	0.00642352	0.00261811	0.000961726	0.000318347	9.5052e-05	2.56459e-05	6.2676e-06	1.39121e-06	2.81294e-07	5.19647e-08	8.7971e-09	1.36878e-09	1.96303e-10	2.602e-11	3.19605e-12	3.64686e-13	3.87481e-14	3.8446e-15	3.87231e-16	3.87231e-16	
2.76729	2.76729	2.55739	2.14348	1.59526	0.966345	0.290166	-0.326492	-0.803125	-1.08174	-1.17999	-1.14537	-1.02709	-0.875526	-0.729106	-0.612742	-0.53253	-0.477135	-0.445297	-0.428445	-0.423268	-0.43287	-0.456242	-0.496046	-0.560392	-0.654653	-0.78569	-0.940642	-1.09074	-1.20345	-1.2432	-1.19469	-1.03629	-0.785069	-0.449538	-0.0557998	0.358882	0.767661	1.11916	1.39738	1.58451	1.65365	1.62651	1.52687	1.35111	1.12585	0.921378	0.795661	0.757792	0.7821	0.837233	0.901533	0.964077	1.02049	1.06924	1.10982	1.14207	1.16601	1.18167	1.18908	1.18826	1.17921	1.1619	1.1363	1.10237	1.06008	1.0095	0.950756	0.883909	0.809105	0.726768	0.63783	0.54391	0.447567	0.352449	0.263084	0.184199	0.11967	0.0714088	0.0387945	0.0190595	0.00842985	0.00334864	0.00119402	0.000382491	0.000110282	2.86925e-05	6.7562e-06	1.44442e-06	2.81294e-07	5.00637e-08	8.16896e-09	1.22582e-09	1.69661e-10	2.17193e-11	2.57851e-12	2.84602e-13	2.92944e-14	3.06493e-15	3.06493e-15	
2.56576	2.56576	2.36776	1.96296	1.43398	0.835493	0.197684	-0.38604	-0.826679	-1.06128	-1.11506	-1.02709	-0.877307	-0.712176	-0.587012	-0.507935	-0.473429	-0.455969	-0.439572	-0.435836	-0.434408	-0.434617	-0.447479	-0.462625	-0.484157	-0.534197	-0.631692	-0.781449	-0.954768	-1.11794	-1.22457	-1.24467	-1.15895	-0.959186	-0.657626	-0.275519	0.146181	0.58308	0.985147	1.32534	1.58932	1.74193	1.78821	1.75283	1.63071	1.43363	1.2261	1.07887	1.01816	1.027	1.07427	1.13544	1.19701	1.25303	1.30124	1.34093	1.37217	1.39517	1.41011	1.41713	1.41635	1.40775	1.39121	1.36657	1.33363	1.29215	1.24193	1.18312	1.11594	1.04054	0.957056	0.865746	0.767131	0.662103	0.552449	0.441405	0.333897	0.23611	0.154093	0.0917459	0.0493744	0.0238635	0.0103205	0.00398899	0.00137872	0.000426943	0.000118779	2.97857e-05	6.7562e-06	1.39121e-06	2.60996e-07	4.47653e-08	7.04319e-09	1.01976e-09	1.36282e-10	1.68586e-11	1.93557e-12	2.06934e-13	2.25183e-14	2.25183e-14	
2.35515	2.35515	2.16727	1.78322	1.28252	0.718678	0.135748	-0.396327	-0.797342	-0.990233	-0.997456	-0.875526	-0.712176	-0.573458	-0.499249	-0.481757	-0.477107	-0.467993	-0.456912	-0.456502	-0.458969	-0.456476	-0.4599	-0.471838	-0.479974	-0.483258	-0.522425	-0.627535	-0.797108	-0.98996	-1.1547	-1.24426	-1.22269	-1.07963	-0.822404	-0.461902	-0.0382388	0.423216	0.875173	1.2817	1.62636	1.86423	1.98051	1.99802	1.91656	1.74049	1.52834	1.35976	1.27588	1.2683	1.30641	1.36272	1.42075	1.47292	1.51665	1.55179	1.57896	1.59859	1.61112	1.61699	1.61633	1.60911	1.5952	1.57409	1.54536	1.50842	1.46243	1.40674	1.34129	1.26633	1.18218	1.08932	0.988554	0.880673	0.7663	0.646378	0.523003	0.40047	0.285736	0.187077	0.110924	0.0589924	0.0279772	0.0118023	0.00442911	0.00148134	0.000442865	0.000118779	2.86925e-05	6.2676e-06	1.24298e-06	2.24662e-07	3.71438e-08	5.63695e-09	7.87807e-10	1.01705e-10	1.21635e-11	1.35242e-12	1.53271e-13	1.53271e-13	
2.14832	2.14832	1.97067	1.61301	1.14517	0.625585	0.100737	-0.379223	-0.725156	-0.880796	-0.859747	-0.729106	-0.587012	-0.499249	-0.48035	-0.496254	-0.490161	-0.471256	-0.457482	-0.455541	-0.455741	-0.453769	-0.461883	-0.478719	-0.497113	-0.490526	-0.48322	-0.534532	-0.665094	-0.859775	-1.05736	-1.20066	-1.24478	-1.16008	-0.945897	-0.606824	-0.182871	0.305099	0.810933	1.28465	1.70346	2.01405	2.18486	2.23928	2.18776	2.03157	1.8203	1.6357	1.52961	1.502	1.52457	1.56834	1.61487	1.65598	1.68957	1.71612	1.73606	1.75	1.75872	1.76279	1.76233	1.75731	1.74758	1.73252	1.71129	1.68322	1.64742	1.60219	1.54625	1.4789	1.39997	1.30938	1.20784	1.09701	0.978717	0.854496	0.72534	0.592163	0.457691	0.328651	0.215231	0.126658	0.0663275	0.030759	0.0126183	0.00458611	0.00148134	0.000426943	0.000110282	2.56459e-05	5.39314e-06	1.02998e-06	1.79366e-07	2.85909e-08	4.18636e-09	5.64949e-10	7.04839e-11	8.16117e-12	9.64577e-13	9.64577e-13	
1.9552	1.9552	1.79112	1.46237	1.02776	0.552775	0.085867	-0.337176	-0.640444	-0.765862	-0.726794	-0.612742	-0.507935	-0.481757	-0.496254	-0.502911	-0.458505	-0.416426	-0.42174	-0.411675	-0.401657	-0.421277	-0.416688	-0.426989	-0.482423	-0.503632	-0.493008	-0.49189	-0.574963	-0.745032	-0.957776	-1.14158	-1.23782	-1.19961	-1.02778	-0.707506	-0.276648	0.242731	0.805001	1.3384	1.81085	2.17181	2.38315	2.46833	2.44476	2.30877	2.09863	1.89525	1.76036	1.70419	1.70293	1.72714	1.75714	1.78433	1.80637	1.82295	1.83414	1.84135	1.84582	1.84768	1.84749	1.84516	1.84013	1.83223	1.82002	1.80213	1.77805	1.7465	1.70545	1.65311	1.58837	1.51028	1.41772	1.31095	1.19164	1.06261	0.927318	0.788366	0.646409	0.502233	0.361432	0.235678	0.13698	0.0702984	0.031743	0.0126183	0.00442911	0.00137872	0.000382491	9.5052e-05	2.1265e-05	4.30338e-06	7.91315e-07	1.32773e-07	2.04071e-08	2.88363e-09	3.75871e-10	4.5384e-11	5.60195e-12	5.60195e-12	
1.78834	1.78834	1.63675	1.33239	0.931785	0.501084	0.0822741	-0.287329	-0.548955	-0.655944	-0.620445	-0.53253	-0.473429	-0.477107	-0.490161	-0.458505	-0.409075	-0.386561	-0.402871	-0.388497	-0.372734	-0.399397	-0.39579	-0.389304	-0.430053	-0.474353	-0.494418	-0.47965	-0.529343	-0.663041	-0.875115	-1.07445	-1.21185	-1.2119	-1.06917	-0.755849	-0.305579	0.244842	0.851592	1.4273	1.93249	2.32908	2.5771	2.69107	2.68754	2.5602	2.34128	2.11271	1.94547	1.85888	1.83231	1.83543	1.84781	1.85946	1.86728	1.87016	1.87014	1.86912	1.86806	1.86705	1.86719	1.86835	1.86941	1.87026	1.86978	1.86575	1.85582	1.83942	1.81449	1.77912	1.73124	1.67025	1.59467	1.50302	1.39472	1.27018	1.132	0.985343	0.835731	0.685052	0.532404	0.381864	0.246409	0.140574	0.0702984	0.030759	0.0118023	0.00398899	0.00119402	0.000318347	7.60273e-05	1.63513e-05	3.18297e-06	5.63421e-07	9.10794e-08	1.34993e-08	1.84118e-09	2.32146e-10	2.99691e-11	2.99691e-11	
1.65421	1.65421	1.51147	1.23068	0.86101	0.463365	0.0888823	-0.239692	-0.475099	-0.562325	-0.541279	-0.477135	-0.455969	-0.467993	-0.471256	-0.416426	-0.386561	-0.393247	-0.405626	-0.389981	-0.377836	-0.401255	-0.399747	-0.389823	-0.392513	-0.441118	-0.481676	-0.472511	-0.502804	-0.607112	-0.807476	-1.01679	-1.17817	-1.20154	-1.06519	-0.748731	-0.273142	0.30664	0.937433	1.53518	2.06495	2.49372	2.7705	2.89818	2.89714	2.76585	2.53372	2.28122	2.08392	1.96675	1.91148	1.88889	1.87817	1.86837	1.85654	1.84278	1.83043	1.81993	1.81163	1.80791	1.80831	1.81298	1.82198	1.83276	1.84537	1.85862	1.86862	1.8733	1.87015	1.85691	1.83053	1.78907	1.73189	1.6578	1.56653	1.45754	1.33015	1.1852	1.02805	0.867593	0.70814	0.547567	0.388791	0.246409	0.13698	0.0663275	0.0279772	0.0103205	0.00334864	0.000961726	0.000246033	5.64048e-05	1.16536e-05	2.18111e-06	3.71562e-07	5.78637e-08	8.27056e-09	1.09043e-09	1.47437e-10	1.47437e-10	
1.55749	1.55749	1.42245	1.15864	0.810523	0.439934	0.0966589	-0.201305	-0.413281	-0.501084	-0.486882	-0.445297	-0.439572	-0.456912	-0.457482	-0.42174	-0.402871	-0.405626	-0.385076	-0.378048	-0.381448	-0.378963	-0.393388	-0.406888	-0.406472	-0.43871	-0.466757	-0.463723	-0.483278	-0.574783	-0.761028	-0.972181	-1.13576	-1.16544	-1.02245	-0.684852	-0.186656	0.40733	1.04882	1.66355	2.21556	2.66323	2.94726	3.07216	3.06569	2.92667	2.67838	2.3987	2.16687	2.01375	1.9248	1.87296	1.83582	1.80333	1.77167	1.74274	1.71672	1.69545	1.68003	1.67348	1.67419	1.6824	1.69928	1.72162	1.74823	1.7773	1.80774	1.83522	1.85778	1.87142	1.8738	1.86044	1.82938	1.77806	1.70565	1.61302	1.50142	1.37117	1.22081	1.05429	0.883686	0.715819	0.547567	0.381864	0.235678	0.126658	0.0589924	0.0238635	0.00842985	0.00261811	0.000719906	0.000176445	3.87896e-05	7.69312e-06	1.38373e-06	2.26796e-07	3.40211e-08	4.69661e-09	6.66033e-10	6.66033e-10	
1.50183	1.50183	1.37133	1.11764	0.782416	0.427301	0.10197	-0.178788	-0.377235	-0.463332	-0.45839	-0.428445	-0.435836	-0.456502	-0.455541	-0.411675	-0.388497	-0.389981	-0.378048	-0.370145	-0.370372	-0.371483	-0.383481	-0.389963	-0.392459	-0.431582	-0.466618	-0.463702	-0.476743	-0.556297	-0.732502	-0.934091	-1.08984	-1.10479	-0.937498	-0.575682	-0.0635579	0.534562	1.1855	1.81676	2.37659	2.82029	3.09828	3.21645	3.19777	3.03879	2.76292	2.44966	2.18206	1.99429	1.87354	1.79278	1.72907	1.67314	1.62012	1.57258	1.5306	1.49799	1.47672	1.46559	1.46691	1.48018	1.50357	1.53843	1.58163	1.6299	1.68187	1.73313	1.78183	1.82318	1.85452	1.87186	1.87218	1.85257	1.80917	1.74041	1.64595	1.52943	1.39468	1.23851	1.06314	0.883686	0.70814	0.532404	0.361432	0.215231	0.110924	0.0493744	0.0190595	0.00642352	0.00190437	0.00050035	0.000117319	2.47065e-05	4.70033e-06	8.12074e-07	1.28023e-07	1.85282e-08	2.75939e-09	2.75939e-09	
1.48938	1.48938	1.35889	1.1073	0.776367	0.424801	0.104996	-0.17189	-0.373523	-0.453641	-0.450738	-0.423268	-0.434408	-0.458969	-0.455741	-0.401657	-0.372734	-0.377836	-0.381448	-0.370372	-0.365119	-0.377536	-0.379412	-0.376611	-0.378585	-0.425939	-0.46987	-0.463982	-0.474034	-0.546837	-0.717039	-0.906116	-1.04129	-1.02007	-0.817878	-0.438697	0.0828118	0.689598	1.35078	1.98382	2.53181	2.96353	3.23064	3.32788	3.27999	3.0899	2.78276	2.43696	2.13621	1.91407	1.76016	1.6473	1.55509	1.47237	1.39736	1.33071	1.27596	1.23265	1.20385	1.18935	1.19097	1.20847	1.24024	1.28607	1.34313	1.41129	1.48596	1.56455	1.64202	1.71562	1.77951	1.83018	1.86257	1.87489	1.86363	1.82677	1.76216	1.66598	1.54326	1.40231	1.23851	1.05429	0.867593	0.685052	0.502233	0.328651	0.187077	0.0917459	0.0387945	0.0142262	0.00455898	0.001287	0.00032251	7.22463e-05	1.45604e-05	2.6553e-06	4.40453e-07	6.69002e-08	1.04757e-08	1.04757e-08	
1.51922	1.51922	1.38757	1.13028	0.789437	0.430748	0.102729	-0.186374	-0.390687	-0.474566	-0.466179	-0.43287	-0.434617	-0.456476	-0.453769	-0.421277	-0.399397	-0.401255	-0.378963	-0.371483	-0.377536	-0.371592	-0.386835	-0.403632	-0.402622	-0.437426	-0.463364	-0.463149	-0.472024	-0.551987	-0.711688	-0.88211	-0.979492	-0.914984	-0.679173	-0.278609	0.250932	0.868839	1.53459	2.15267	2.6828	3.09704	3.33267	3.39317	3.31175	3.08695	2.74312	2.36052	2.02411	1.76747	1.58179	1.43902	1.32003	1.21345	1.11853	1.03532	0.965659	0.911663	0.875418	0.858858	0.860666	0.881163	0.921165	0.978409	1.0509	1.13593	1.23162	1.33471	1.44033	1.54507	1.64335	1.73099	1.80182	1.85128	1.87503	1.86953	1.83509	1.77211	1.67272	1.54326	1.39468	1.22081	1.02805	0.835731	0.646409	0.457691	0.285736	0.154093	0.0714088	0.0285331	0.00990072	0.00300812	0.000806851	0.000192526	4.11542e-05	7.93029e-06	1.38541e-06	2.21036e-07	3.64259e-08	3.64259e-08	
1.59192	1.59192	1.45346	1.18366	0.828011	0.446948	0.0934689	-0.214071	-0.434042	-0.522188	-0.507961	-0.456242	-0.447479	-0.4599	-0.461883	-0.416688	-0.39579	-0.399747	-0.393388	-0.383481	-0.379412	-0.386835	-0.397247	-0.399466	-0.398452	-0.437375	-0.471368	-0.464459	-0.48357	-0.562681	-0.719686	-0.856395	-0.90695	-0.797734	-0.527475	-0.106356	0.44248	1.07208	1.72556	2.32146	2.8307	3.20705	3.39767	3.42123	3.29645	3.02472	2.63747	2.21914	1.8515	1.56653	1.35155	1.18113	1.03527	0.905772	0.789971	0.690039	0.6077	0.545813	0.505257	0.484327	0.486744	0.511936	0.55649	0.622509	0.70838	0.811354	0.928593	1.05575	1.18969	1.32478	1.45641	1.57869	1.68651	1.77517	1.83903	1.87407	1.87297	1.83752	1.77211	1.66598	1.52943	1.37117	1.1852	0.985343	0.788366	0.592163	0.40047	0.23611	0.11967	0.0520909	0.0195817	0.0064083	0.00184141	0.000468411	0.000106278	2.16542e-05	3.98653e-06	6.68476e-07	1.16016e-07	1.16016e-07	
1.70427	1.70427	1.5577	1.26743	0.885966	0.475888	0.0858628	-0.256805	-0.502805	-0.597046	-0.569082	-0.496046	-0.462625	-0.471838	-0.478719	-0.426989	-0.389304	-0.389823	-0.406888	-0.389963	-0.376611	-0.403633	-0.399469	-0.386235	-0.400114	-0.450388	-0.486664	-0.469823	-0.496475	-0.58324	-0.730221	-0.832531	-0.831142	-0.669048	-0.364542	0.0867048	0.655684	1.28524	1.92046	2.49247	2.96466	3.29003	3.43468	3.40513	3.22534	2.90633	2.476	2.02403	1.62694	1.31482	1.07297	0.877007	0.708665	0.558814	0.428315	0.316007	0.224846	0.154505	0.107798	0.086481	0.0888077	0.115152	0.166687	0.241079	0.336624	0.452762	0.585653	0.734462	0.89289	1.05745	1.22251	1.38148	1.52807	1.65505	1.75821	1.83011	1.87335	1.87297	1.83509	1.76216	1.64595	1.50142	1.33015	1.132	0.927318	0.72534	0.523003	0.333897	0.184199	0.0871552	0.0354628	0.0124974	0.00384717	0.00104341	0.000251325	5.41552e-05	1.05082e-05	1.8523e-06	3.3866e-07	3.3866e-07	
1.85189	1.85189	1.69564	1.38094	0.966714	0.520137	0.0818575	-0.309441	-0.584554	-0.696232	-0.658657	-0.560392	-0.484157	-0.479974	-0.497113	-0.482423	-0.430053	-0.392513	-0.406473	-0.39246	-0.378589	-0.402632	-0.398476	-0.400153	-0.455215	-0.491849	-0.494118	-0.474344	-0.516159	-0.621218	-0.749633	-0.804768	-0.747252	-0.532885	-0.188	0.300767	0.884675	1.50698	2.12083	2.65822	3.07985	3.35045	3.43343	3.34165	3.11192	2.736	2.26053	1.77599	1.35681	1.02402	0.762648	0.545211	0.358279	0.192363	0.0476565	-0.0741303	-0.173533	-0.246854	-0.294806	-0.318276	-0.315669	-0.287244	-0.234584	-0.155851	-0.0512407	0.0747137	0.22246	0.38851	0.568162	0.758242	0.951948	1.1432	1.32684	1.49316	1.63929	1.75291	1.83011	1.87407	1.86953	1.82677	1.74041	1.61302	1.45754	1.27018	1.06261	0.854496	0.646378	0.441405	0.263084	0.134746	0.0592048	0.0224355	0.00739214	0.00213618	0.000545969	0.000124366	2.54262e-05	4.71032e-06	9.0713e-07	9.0713e-07	
2.02999	2.02999	1.86052	1.52053	1.07204	0.578844	0.0897918	-0.355742	-0.674793	-0.813475	-0.778447	-0.654653	-0.534197	-0.483258	-0.490526	-0.503632	-0.474354	-0.441119	-0.438712	-0.431589	-0.425959	-0.43748	-0.437504	-0.450648	-0.49222	-0.498682	-0.481974	-0.4859	-0.560725	-0.679498	-0.776271	-0.778507	-0.647965	-0.382555	0.0105936	0.534609	1.12534	1.7379	2.32313	2.81228	3.17644	3.38213	3.39324	3.24228	2.94829	2.51457	2.00147	1.49023	1.0557	0.706492	0.428316	0.195572	-0.00651087	-0.181944	-0.334014	-0.460476	-0.559791	-0.635424	-0.685225	-0.708557	-0.70615	-0.677707	-0.622425	-0.541521	-0.437116	-0.306106	-0.149981	0.0276944	0.224177	0.436221	0.655365	0.879336	1.09443	1.30021	1.48016	1.63929	1.75821	1.83903	1.87503	1.86363	1.80917	1.70565	1.56653	1.39472	1.19164	0.978717	0.7663	0.552449	0.352449	0.194255	0.0918179	0.037318	0.0131354	0.0040385	0.00109389	0.000263141	5.66334e-05	1.10181e-05	2.23367e-06	2.23367e-06	
2.23046	2.23046	2.04783	1.67855	1.19779	0.660831	0.112464	-0.390072	-0.758742	-0.926285	-0.914839	-0.78569	-0.631692	-0.522425	-0.483221	-0.493008	-0.494419	-0.481679	-0.466768	-0.466652	-0.469968	-0.463617	-0.471958	-0.487875	-0.496201	-0.484507	-0.48338	-0.539449	-0.644133	-0.756779	-0.800498	-0.732772	-0.536665	-0.210243	0.235562	0.787807	1.38115	1.97557	2.51996	2.9523	3.25272	3.38184	3.3174	3.10038	2.74162	2.25752	1.70205	1.17524	0.729403	0.37499	0.0861389	-0.154873	-0.364594	-0.545537	-0.697984	-0.82525	-0.925059	-0.995785	-1.04168	-1.0636	-1.06135	-1.03455	-0.983447	-0.907148	-0.802366	-0.670057	-0.511781	-0.328731	-0.120751	0.104392	0.344759	0.591833	0.838947	1.07763	1.30021	1.49316	1.65505	1.77517	1.85128	1.87489	1.85257	1.77806	1.6578	1.50302	1.31095	1.09701	0.880673	0.662103	0.447567	0.26356	0.133352	0.0579217	0.0217194	0.00708844	0.00203092	0.000515069	0.000116524	2.37772e-05	5.06826e-06	5.06826e-06	
2.43993	2.43993	2.24787	1.85426	1.34135	0.762695	0.15639	-0.396853	-0.813464	-1.02574	-1.0516	-0.940642	-0.781449	-0.627535	-0.534532	-0.491891	-0.479654	-0.472527	-0.463776	-0.463859	-0.464409	-0.464197	-0.466782	-0.474446	-0.482444	-0.49776	-0.55165	-0.647866	-0.764783	-0.836795	-0.812835	-0.663146	-0.389869	-0.00560205	0.488106	1.06196	1.64692	2.21491	2.70948	3.07673	3.30347	3.34725	3.20692	2.92245	2.49877	1.96072	1.37936	0.844708	0.397759	0.0413215	-0.251042	-0.496557	-0.705752	-0.884952	-1.03188	-1.1491	-1.23951	-1.3054	-1.34682	-1.36619	-1.36412	-1.34022	-1.2939	-1.22374	-1.12834	-1.00437	-0.852463	-0.669069	-0.458632	-0.224506	0.0319203	0.298032	0.572329	0.838947	1.09443	1.32684	1.52807	1.68651	1.80182	1.86257	1.87218	1.82938	1.73189	1.59467	1.41772	1.20784	0.988554	0.767131	0.54391	0.339536	0.182838	0.0844992	0.0336367	0.0116187	0.00351218	0.000936961	0.000222359	4.75047e-05	1.06284e-05	1.06284e-05	
2.64861	2.64861	2.44556	2.03527	1.49764	0.88635	0.2309	-0.369418	-0.828859	-1.08097	-1.15444	-1.09074	-0.954769	-0.797109	-0.665096	-0.574969	-0.529365	-0.50288	-0.483513	-0.477402	-0.475703	-0.475857	-0.491551	-0.511518	-0.541642	-0.598706	-0.691253	-0.805509	-0.889219	-0.897554	-0.783522	-0.55274	-0.210139	0.237572	0.772406	1.35326	1.92235	2.45467	2.88577	3.17999	3.32514	3.27976	3.06342	2.70858	2.22332	1.64175	1.04094	0.506683	0.0692721	-0.282664	-0.569338	-0.811738	-1.01383	-1.18237	-1.31775	-1.42215	-1.49918	-1.55056	-1.58167	-1.59583	-1.59418	-1.57655	-1.54205	-1.48624	-1.40333	-1.29343	-1.15204	-0.977522	-0.772643	-0.535624	-0.274993	0.00614037	0.298032	0.591833	0.879336	1.1432	1.38148	1.57869	1.73099	1.83018	1.87186	1.86044	1.78907	1.67025	1.51028	1.30938	1.08932	0.865746	0.63783	0.418704	0.238467	0.116684	0.0491084	0.0178905	0.0056882	0.00159179	0.000395283	8.82137e-05	2.06686e-05	2.06686e-05	
2.84174	2.84174	2.62703	2.21227	1.65997	1.02274	0.33355	-0.295303	-0.778601	-1.07925	-1.20531	-1.20345	-1.11794	-0.989962	-0.859782	-0.745061	-0.663142	-0.607438	-0.575723	-0.558748	-0.552613	-0.564314	-0.586563	-0.625322	-0.688574	-0.776553	-0.879589	-0.965272	-0.990215	-0.909983	-0.704553	-0.389022	0.0278254	0.52076	1.08438	1.66118	2.20314	2.68525	3.04275	3.2591	3.31426	3.17825	2.88798	2.46508	1.92191	1.30372	0.701225	0.179116	-0.244003	-0.584354	-0.862483	-1.09261	-1.2808	-1.43011	-1.54372	-1.62504	-1.68039	-1.7172	-1.73713	-1.74465	-1.74376	-1.73402	-1.71127	-1.67127	-1.61124	-1.5235	-1.40349	-1.24709	-1.05388	-0.824719	-0.562408	-0.274993	0.0319203	0.344759	0.655365	0.951948	1.22251	1.45641	1.64335	1.77951	1.85452	1.8738	1.83053	1.73124	1.58837	1.39997	1.18218	0.957056	0.726768	0.49779	0.297918	0.153526	0.06801	0.0260294	0.00867425	0.00253819	0.000657601	0.000152886	3.7411e-05	3.7411e-05	
3.00182	3.00182	2.77753	2.37089	1.81861	1.16784	0.469595	-0.172054	-0.668335	-0.996548	-1.17624	-1.2432	-1.22458	-1.15471	-1.05739	-0.957902	-0.875532	-0.80872	-0.764366	-0.740567	-0.734606	-0.746295	-0.781613	-0.831339	-0.900692	-0.982175	-1.05331	-1.08415	-1.02218	-0.848283	-0.550409	-0.161304	0.308507	0.845751	1.42304	1.97611	2.4813	2.8997	3.1758	3.30827	3.26784	3.04473	2.68255	2.19461	1.60213	0.963466	0.368652	-0.132018	-0.532045	-0.855914	-1.1167	-1.32933	-1.49477	-1.61834	-1.70426	-1.75735	-1.78525	-1.79526	-1.79696	-1.79749	-1.79727	-1.7966	-1.79451	-1.78148	-1.7484	-1.69019	-1.59692	-1.46543	-1.29359	-1.07696	-0.824719	-0.535624	-0.224506	0.104392	0.436221	0.758242	1.05745	1.32478	1.54507	1.71562	1.82318	1.87142	1.85691	1.77912	1.65311	1.4789	1.26633	1.04054	0.809105	0.574072	0.358722	0.193633	0.08986	0.0359804	0.0125198	0.00381725	0.00102848	0.00024835	6.3269e-05	6.3269e-05	
3.10924	3.10924	2.88504	2.49758	1.95985	1.31052	0.62752	0.00770338	-0.478494	-0.835816	-1.05988	-1.19469	-1.24468	-1.2443	-1.2008	-1.14208	-1.07598	-1.02102	-0.982668	-0.957403	-0.95272	-0.966291	-0.994671	-1.04057	-1.09312	-1.14719	-1.16457	-1.11785	-0.968947	-0.700909	-0.324179	0.129122	0.649027	1.20393	1.77206	2.29367	2.74844	3.08751	3.27885	3.32222	3.18325	2.87875	2.4505	1.90322	1.27102	0.629043	0.0582782	-0.413691	-0.789766	-1.09141	-1.33205	-1.51773	-1.65411	-1.74255	-1.79103	-1.80841	-1.80353	-1.79025	-1.77369	-1.76126	-1.76278	-1.77692	-1.79328	-1.80535	-1.80719	-1.78418	-1.72829	-1.63111	-1.48608	-1.29359	-1.05388	-0.772643	-0.458632	-0.120751	0.224177	0.568162	0.89289	1.18969	1.44033	1.64202	1.78183	1.85778	1.87015	1.81449	1.70545	1.54625	1.34129	1.11594	0.883909	0.645479	0.418543	0.235355	0.113869	0.0474913	0.0171856	0.00543952	0.00151878	0.000379668	0.000100353	0.000100353	
3.14709	3.14709	2.93697	2.57648	2.06719	1.44445	0.809374	0.228924	-0.231194	-0.585521	-0.85109	-1.0363	-1.15899	-1.22285	-1.24533	-1.23957	-1.21685	-1.1909	-1.16468	-1.14858	-1.14834	-1.1558	-1.17179	-1.19777	-1.2192	-1.21522	-1.17072	-1.04006	-0.808737	-0.45418	-0.0187251	0.485256	1.01794	1.58374	2.12847	2.59985	2.98805	3.24079	3.34598	3.29362	3.06043	2.68533	2.19487	1.5967	0.942913	0.314286	-0.223987	-0.660959	-1.00911	-1.28665	-1.50095	-1.65678	-1.75684	-1.80573	-1.81268	-1.7869	-1.74317	-1.69545	-1.65781	-1.64082	-1.64261	-1.66377	-1.70475	-1.75247	-1.79374	-1.8148	-1.79928	-1.74138	-1.63111	-1.46543	-1.24709	-0.977522	-0.669069	-0.328731	0.0276944	0.38851	0.734462	1.05575	1.33471	1.56455	1.73313	1.83522	1.8733	1.83942	1.7465	1.60219	1.40674	1.18312	0.950756	0.710577	0.475357	0.276976	0.139028	0.0601275	0.022534	0.00737544	0.0021263	0.000548355	0.000149829	0.000149829	
3.10351	3.10351	2.92231	2.59219	2.12652	1.55712	0.995924	0.498883	0.0703189	-0.274161	-0.56113	-0.785107	-0.95934	-1.08019	-1.16195	-1.20512	-1.22634	-1.23516	-1.23498	-1.23295	-1.2319	-1.23228	-1.23427	-1.22866	-1.20912	-1.15681	-1.04692	-0.848507	-0.541381	-0.131748	0.352452	0.875961	1.42223	1.97426	2.46292	2.88044	3.18996	3.35239	3.36921	3.21913	2.9025	2.46631	1.92002	1.28304	0.627565	0.0312354	-0.467739	-0.871261	-1.19184	-1.44235	-1.62719	-1.74692	-1.80624	-1.81013	-1.76991	-1.70267	-1.62083	-1.54562	-1.48915	-1.45852	-1.46214	-1.49865	-1.5592	-1.63734	-1.71821	-1.78043	-1.81323	-1.79928	-1.72829	-1.59692	-1.40349	-1.15204	-0.852463	-0.511781	-0.149981	0.22246	0.585653	0.928593	1.23162	1.48596	1.68187	1.80774	1.86862	1.85582	1.77805	1.64742	1.46243	1.24193	1.0095	0.768479	0.52755	0.316861	0.16421	0.0733118	0.0283343	0.00955167	0.00283253	0.00075087	0.000211266	0.000211266	
2.97116	2.97116	2.83092	2.53453	2.12372	1.65151	1.17989	0.770625	0.409219	0.086605	-0.199505	-0.44968	-0.658169	-0.824261	-0.951559	-1.04311	-1.10586	-1.14275	-1.16755	-1.17896	-1.17934	-1.17374	-1.15775	-1.12577	-1.06908	-0.968738	-0.802474	-0.54711	-0.185772	0.265531	0.773484	1.29726	1.8302	2.33235	2.7743	3.12287	3.33763	3.41537	3.34018	3.09759	2.71505	2.22593	1.63039	0.976243	0.34116	-0.213691	-0.670049	-1.04138	-1.33655	-1.56001	-1.71406	-1.79521	-1.81244	-1.76774	-1.6811	-1.56796	-1.4512	-1.35542	-1.29456	-1.26873	-1.27151	-1.30398	-1.37217	-1.47336	-1.59171	-1.70133	-1.78043	-1.8148	-1.78418	-1.69019	-1.5235	-1.29343	-1.00437	-0.670057	-0.306106	0.0747137	0.452762	0.811354	1.13593	1.41129	1.6299	1.7773	1.85862	1.86575	1.80213	1.68322	1.50842	1.29215	1.06008	0.818687	0.573924	0.353571	0.188279	0.0863788	0.0342812	0.0118543	0.00360204	0.000977849	0.000282189	0.000282189	
2.75224	2.75224	2.64893	2.40302	2.05843	1.7037	1.36265	1.04148	0.74443	0.459908	0.192317	-0.0562825	-0.277235	-0.467334	-0.622047	-0.745112	-0.837503	-0.904529	-0.947238	-0.970011	-0.977223	-0.962587	-0.93234	-0.875651	-0.78601	-0.650517	-0.448074	-0.154436	0.235508	0.703338	1.20442	1.71192	2.20861	2.66564	3.0413	3.29443	3.42838	3.4235	3.25346	2.93718	2.50301	1.96583	1.33699	0.691001	0.0964832	-0.411716	-0.832855	-1.17487	-1.44727	-1.64336	-1.76663	-1.80979	-1.78351	-1.69616	-1.5632	-1.41682	-1.27704	-1.16717	-1.11318	-1.10074	-1.10168	-1.11983	-1.18495	-1.30381	-1.44622	-1.59171	-1.71821	-1.79374	-1.80719	-1.7484	-1.61124	-1.40333	-1.12834	-0.802366	-0.437116	-0.0512407	0.336624	0.70838	1.0509	1.34313	1.58163	1.74823	1.84537	1.86978	1.82002	1.71129	1.54536	1.33363	1.10237	0.860915	0.613634	0.385913	0.210166	0.0986355	0.0400239	0.0141386	0.00438486	0.00121438	0.000357983	0.000357983	
2.45893	2.45893	2.3694	2.19148	1.95275	1.71293	1.49797	1.28517	1.0619	0.827446	0.589213	0.357405	0.141318	-0.0523927	-0.219101	-0.357839	-0.464552	-0.545854	-0.600718	-0.63104	-0.638569	-0.622416	-0.581011	-0.510597	-0.405068	-0.252075	-0.0276561	0.282402	0.681739	1.14424	1.6267	2.10092	2.54706	2.93673	3.22435	3.40177	3.462	3.36221	3.11341	2.7473	2.26984	1.69314	1.0572	0.447179	-0.0995381	-0.561432	-0.955589	-1.27477	-1.52829	-1.69871	-1.79337	-1.8002	-1.73411	-1.60763	-1.43859	-1.27162	-1.13243	-1.04204	-1.01037	-1.01056	-1.00991	-1.01313	-1.05513	-1.15672	-1.30381	-1.47336	-1.63734	-1.75247	-1.80535	-1.78148	-1.67127	-1.48624	-1.22374	-0.907148	-0.541521	-0.155851	0.241079	0.622509	0.978409	1.28607	1.53843	1.72162	1.83276	1.87026	1.83223	1.73252	1.57409	1.36657	1.1363	0.894978	0.646099	0.412951	0.228938	0.109419	0.0451996	0.0162439	0.00512148	0.00144145	0.000432266	0.000432266	
2.09764	2.09764	2.01663	1.90717	1.8002	1.69339	1.58346	1.46119	1.31556	1.14609	0.958688	0.763603	0.57077	0.390428	0.228851	0.0884979	-0.0267151	-0.113133	-0.173871	-0.208484	-0.214881	-0.19776	-0.150092	-0.0743519	0.0382828	0.200671	0.429024	0.736791	1.12543	1.56216	2.00441	2.42274	2.80441	3.12109	3.33767	3.44323	3.41295	3.23386	2.93931	2.53334	2.01575	1.42329	0.815104	0.256383	-0.241644	-0.669559	-1.042	-1.34579	-1.58262	-1.73417	-1.8013	-1.78207	-1.67881	-1.52479	-1.33238	-1.15355	-1.03724	-0.980872	-0.978593	-1.0013	-0.99744	-0.975316	-0.987818	-1.05513	-1.18495	-1.37217	-1.5592	-1.70475	-1.79328	-1.79451	-1.71127	-1.54205	-1.2939	-0.983447	-0.622425	-0.234584	0.166687	0.55649	0.921165	1.24024	1.50357	1.69928	1.82198	1.86941	1.84013	1.74758	1.5952	1.39121	1.1619	0.920776	0.670929	0.43398	0.243831	0.118147	0.0494681	0.018011	0.00575	0.00163825	0.000497708	0.000497708	
1.66881	1.66881	1.62975	1.59649	1.59789	1.61396	1.61025	1.57072	1.49396	1.38585	1.25463	1.10915	0.957302	0.807613	0.668776	0.545981	0.440354	0.357745	0.299589	0.266145	0.25889	0.277496	0.322861	0.396248	0.50399	0.656484	0.867917	1.15489	1.51215	1.90661	2.29667	2.65732	2.97729	3.22537	3.36637	3.38873	3.28683	3.06503	2.73664	2.2932	1.75677	1.18455	0.63101	0.125147	-0.33287	-0.739132	-1.09798	-1.39133	-1.61568	-1.75331	-1.7998	-1.76141	-1.63325	-1.46194	-1.26349	-1.09105	-1.0015	-0.972923	-0.976315	-0.99169	-0.989359	-0.973705	-0.975316	-1.01313	-1.11983	-1.30398	-1.49865	-1.66377	-1.77692	-1.7966	-1.73402	-1.57655	-1.34022	-1.03455	-0.677707	-0.287244	0.115152	0.511936	0.881163	1.20847	1.48018	1.6824	1.81298	1.86835	1.84516	1.75731	1.60911	1.40775	1.17921	0.938267	0.687872	0.448501	0.254261	0.124347	0.0525427	0.0193003	0.00621404	0.00178522	0.000547159	0.000547159	
1.20074	1.20074	1.23284	1.2932	1.37649	1.46854	1.54502	1.58581	1.58373	1.54201	1.4692	1.37523	1.26897	1.15748	1.04846	0.949594	0.864354	0.795197	0.745843	0.717603	0.710732	0.727149	0.765475	0.828913	0.921439	1.05314	1.24033	1.49663	1.81443	2.16219	2.49803	2.79766	3.0484	3.22154	3.28985	3.2546	3.11593	2.86395	2.50171	2.03919	1.52328	1.00578	0.510877	0.0506202	-0.380856	-0.775269	-1.12582	-1.41557	-1.63105	-1.7622	-1.79681	-1.74587	-1.60913	-1.42402	-1.23447	-1.07528	-1.00356	-0.997831	-0.984137	-0.959615	-0.963652	-0.989359	-0.99744	-1.00991	-1.10168	-1.27151	-1.46214	-1.64261	-1.76278	-1.79727	-1.74376	-1.59418	-1.36412	-1.06135	-0.70615	-0.315669	0.0888077	0.486744	0.860666	1.19097	1.46691	1.67419	1.80831	1.86719	1.84749	1.76233	1.61633	1.41635	1.18826	0.947429	0.696784	0.456193	0.259834	0.12769	0.0542144	0.0200068	0.00647023	0.00186694	0.000574854	0.000574854	
0.761947	0.761947	0.849085	0.988941	1.14162	1.28361	1.40462	1.49782	1.55784	1.58273	1.57491	1.54033	1.48673	1.42118	1.3499	1.27981	1.2172	1.1653	1.12718	1.10513	1.09994	1.11249	1.14286	1.19274	1.26602	1.37262	1.52792	1.74319	2.01266	2.3051	2.57907	2.81261	2.99814	3.1143	3.13901	3.072	2.90376	2.62203	2.24779	1.80988	1.35042	0.897343	0.452846	0.0234223	-0.392747	-0.781037	-1.12886	-1.41814	-1.63251	-1.7633	-1.79661	-1.74435	-1.60707	-1.42009	-1.23215	-1.07459	-1.00465	-1.00193	-0.985468	-0.954756	-0.959615	-0.99169	-1.0013	-1.01056	-1.10074	-1.26873	-1.45852	-1.64082	-1.76126	-1.79749	-1.74465	-1.59583	-1.36619	-1.0636	-0.708557	-0.318276	0.0864809	0.484327	0.858858	1.18935	1.46559	1.67348	1.80791	1.86705	1.84768	1.76279	1.61699	1.41713	1.18908	0.948257	0.697592	0.456894	0.260345	0.127998	0.0543689	0.0200724	0.00649407	0.00187456	0.000577445	0.000577445	
0.420536	0.420536	0.518212	0.683435	0.873663	1.05518	1.21178	1.33955	1.43875	1.51	1.55429	1.57389	1.57292	1.55656	1.52961	1.49679	1.46337	1.43371	1.41084	1.39716	1.39409	1.402	1.42139	1.45297	1.50068	1.57392	1.6875	1.85442	2.07158	2.30954	2.52962	2.71311	2.85585	2.93726	2.93169	2.83586	2.64538	2.36201	2.01949	1.64341	1.2525	0.85333	0.445749	0.0345459	-0.373597	-0.758116	-1.1084	-1.39869	-1.62049	-1.75603	-1.79931	-1.7576	-1.62659	-1.45219	-1.25471	-1.08505	-0.999752	-0.976667	-0.97772	-0.985468	-0.984137	-0.976315	-0.978593	-1.01037	-1.11318	-1.29456	-1.48915	-1.65781	-1.77369	-1.79696	-1.73713	-1.58167	-1.34683	-1.04168	-0.685225	-0.294806	0.107798	0.505257	0.875417	1.20385	1.47672	1.68003	1.81163	1.86806	1.84582	1.75872	1.61112	1.41011	1.18167	0.940752	0.690292	0.450591	0.255774	0.125254	0.0529956	0.0194914	0.00628326	0.00180727	0.000554617	0.000554617	
0.201064	0.201064	0.275701	0.412576	0.589033	0.778555	0.959165	1.11803	1.25043	1.3562	1.43703	1.49521	1.53362	1.55589	1.56581	1.56677	1.56209	1.55511	1.54843	1.54398	1.54302	1.54598	1.55315	1.56549	1.58708	1.62761	1.70289	1.82818	2.00272	2.19963	2.38167	2.5297	2.63953	2.69138	2.66145	2.55362	2.37592	2.13617	1.85991	1.55291	1.21931	0.861099	0.475084	0.0773295	-0.326375	-0.709369	-1.0632	-1.35913	-1.59138	-1.73925	-1.8012	-1.77802	-1.66827	-1.51066	-1.31522	-1.13627	-1.02567	-0.974889	-0.976667	-1.00193	-0.997831	-0.972923	-0.980872	-1.04204	-1.16717	-1.35542	-1.54562	-1.69545	-1.79025	-1.79526	-1.7172	-1.55056	-1.3054	-0.995786	-0.635425	-0.246855	0.154502	0.54581	0.911661	1.23265	1.49799	1.69545	1.81993	1.86912	1.84135	1.75	1.59859	1.39517	1.16601	0.92492	0.674941	0.437414	0.246291	0.119605	0.0501885	0.0183121	0.00585802	0.00167235	0.000509143	0.000509143	
