5.66552	5.66552	5.43902	4.99527	4.35561	3.57563	2.76149	2.01275	1.37138	0.834806	0.378931	-0.012314	-0.347666	-0.630249	-0.865608	-1.05427	-1.19858	-1.30555	-1.37678	-1.41574	-1.42565	-1.40389	-1.35368	-1.26794	-1.14638	-0.985155	-0.777839	-0.524	-0.224899	0.121811	0.507367	0.92073	1.34484	1.76082	2.14626	2.47728	2.73307	2.89948	2.95007	2.86198	2.65728	2.36727	1.98709	1.52035	1.0308	0.610795	0.316287	0.145414	0.0626676	0.0297531	0.020361	0.0206246	0.0244799	0.0295572	0.034904	0.040025	0.0445616	0.0482152	0.0507447	0.0519814	0.0518422	0.0503365	0.0475653	0.0437124	0.0390285	0.0338091	0.0283673	0.0230065	0.0179924	0.0135312	0.0097555	0.00671954	0.00440548	0.00273839	0.0016072	0.000887009	0.000458491	0.000221136	9.91911e-05	4.12631e-05	1.58846e-05	5.64983e-06	1.85493e-06	5.61937e-07	1.57098e-07	4.05525e-08	9.6744e-09	2.13552e-09	4.36783e-10	8.29043e-11	1.4627e-11	2.4029e-12	3.6819e-13	5.27127e-14	7.06333e-15	8.87327e-16	1.04678e-16	1.16256e-17	1.33363e-18	1.33363e-18	
5.66552	5.66552	5.43902	4.99527	4.35561	3.57563	2.76149	2.01275	1.37138	0.834806	0.378931	-0.012314	-0.347666	-0.630249	-0.865608	-1.05427	-1.19858	-1.30555	-1.37678	-1.41574	-1.42565	-1.40389	-1.35368	-1.26794	-1.14638	-0.985155	-0.777839	-0.524	-0.224899	0.121811	0.507367	0.92073	1.34484	1.76082	2.14626	2.47728	2.73307	2.89948	2.95007	2.86198	2.65728	2.36727	1.98709	1.52035	1.0308	0.610795	0.316287	0.145414	0.0626676	0.0297531	0.020361	0.0206246	0.0244799	0.0295572	0.034904	0.040025	0.0445616	0.0482152	0.0507447	0.0519814	0.0518422	0.0503365	0.0475653	0.0437124	0.0390285	0.0338091	0.0283673	0.0230065	0.0179924	0.0135312	0.0097555	0.00671954	0.00440548	0.00273839	0.0016072	0.000887009	0.000458491	0.000221136	9.91911e-05	4.12631e-05	1.58846e-05	5.64983e-06	1.85493e-06	5.61937e-07	1.57098e-07	4.05525e-08	9.6744e-09	2.13552e-09	4.36783e-10	8.29043e-11	1.4627e-11	2.4029e-12	3.6819e-13	5.27127e-14	7.06333e-15	8.87327e-16	1.04678e-16	1.16256e-17	1.33363e-18	1.33363e-18	
5.43902	5.43902	5.20413	4.77784	4.18321	3.46318	2.70215	1.97937	1.35196	0.830561	0.399745	0.0391846	-0.266636	-0.521614	-0.729605	-0.893661	-1.02199	-1.11396	-1.17603	-1.20992	-1.21717	-1.19958	-1.15398	-1.08149	-0.975448	-0.832536	-0.652635	-0.427659	-0.158184	0.152464	0.498136	0.871562	1.26192	1.65369	2.02421	2.35016	2.60125	2.74757	2.79526	2.74656	2.57742	2.29032	1.92006	1.49994	1.06781	0.678987	0.38293	0.194626	0.0952593	0.0531023	0.0411669	0.0428467	0.049888	0.0586952	0.0677182	0.0761633	0.0835012	0.0893213	0.0933074	0.0952441	0.0950268	0.0926672	0.0882925	0.082138	0.0745328	0.0658789	0.0566244	0.0472309	0.0381383	0.0297297	0.0223014	0.0160411	0.0110204	0.00720094	0.00445527	0.00259819	0.00142173	0.000726843	0.000345814	0.000152602	6.22899e-05	2.34715e-05	8.15381e-06	2.60975e-06	7.69544e-07	2.0915e-07	5.24383e-08	1.21428e-08	2.6007e-09	5.1601e-10	9.50094e-11	1.62626e-11	2.5925e-12	3.85603e-13	5.36086e-14	6.97858e-15	8.52096e-16	9.7851e-17	1.16256e-17	1.16256e-17	
4.99527	4.99527	4.77784	4.36998	3.83388	3.23414	2.58752	1.93292	1.33731	0.833149	0.432576	0.115492	-0.133017	-0.331524	-0.487004	-0.608997	-0.700375	-0.765472	-0.808578	-0.831886	-0.836385	-0.825076	-0.791856	-0.741534	-0.666871	-0.564667	-0.430569	-0.262846	-0.0550502	0.191262	0.477009	0.79382	1.13059	1.46904	1.79203	2.07548	2.31147	2.47289	2.53908	2.5199	2.39309	2.14232	1.81842	1.47869	1.13671	0.801683	0.508992	0.295086	0.168122	0.109675	0.0932988	0.0980514	0.111606	0.127903	0.144168	0.159034	0.171686	0.181556	0.188237	0.191461	0.1911	0.18717	0.179824	0.169354	0.156184	0.140855	0.124007	0.106351	0.0886279	0.0715612	0.055799	0.0418601	0.0300892	0.0206304	0.0134284	0.00825657	0.00477168	0.00257952	0.00129855	0.000606365	0.000261797	0.000104253	3.82285e-05	1.28964e-05	4.00161e-06	1.14245e-06	3.0035e-07	7.27993e-08	1.62919e-08	3.37195e-09	6.46597e-10	1.15091e-10	1.90513e-11	2.93842e-12	4.23084e-13	5.69719e-14	7.1879e-15	8.52096e-16	1.04678e-16	1.04678e-16	
4.35561	4.35561	4.18321	3.83388	3.39594	2.9208	2.388	1.82989	1.29338	0.838757	0.492094	0.24068	0.0649322	-0.0638904	-0.156524	-0.224152	-0.271752	-0.305578	-0.326988	-0.339057	-0.342451	-0.335533	-0.320636	-0.292722	-0.25359	-0.201005	-0.125804	-0.0271588	0.101442	0.259153	0.45357	0.677185	0.928473	1.18957	1.4555	1.70377	1.91459	2.09161	2.19168	2.19371	2.1132	1.9477	1.7201	1.47862	1.23165	0.961886	0.685726	0.451629	0.295116	0.216734	0.194339	0.203062	0.225398	0.251745	0.277519	0.300582	0.319835	0.334623	0.34452	0.349264	0.348736	0.342947	0.332045	0.316313	0.296179	0.272224	0.245183	0.21594	0.18551	0.154997	0.125529	0.0981694	0.0738191	0.0531233	0.0364023	0.0236256	0.0144435	0.00827286	0.00441693	0.00218821	0.00100209	0.000422935	0.000164169	5.85356e-05	1.91633e-05	5.76147e-06	1.59199e-06	4.04771e-07	9.48403e-08	2.05136e-08	4.10363e-09	7.60721e-10	1.30942e-10	2.09702e-11	3.13075e-12	4.36577e-13	5.69719e-14	6.97858e-15	8.87327e-16	8.87327e-16	
3.57563	3.57563	3.46318	3.23414	2.9208	2.5398	2.12122	1.67367	1.21979	0.83921	0.556377	0.383011	0.28335	0.236828	0.213765	0.20568	0.198901	0.197681	0.195116	0.192007	0.193777	0.193755	0.194041	0.197956	0.200894	0.208209	0.21592	0.234374	0.269773	0.327104	0.412263	0.52722	0.672886	0.851205	1.04597	1.2642	1.46164	1.62477	1.74734	1.79706	1.79191	1.74627	1.64761	1.51117	1.35127	1.15075	0.908806	0.67063	0.490664	0.391075	0.359408	0.369641	0.399325	0.434735	0.469049	0.499256	0.524052	0.542829	0.555267	0.561194	0.560537	0.553301	0.539575	0.519538	0.493476	0.461809	0.425124	0.384205	0.340058	0.29393	0.247277	0.201702	0.15883	0.120155	0.0868598	0.0596599	0.0387025	0.0235708	0.0133988	0.00707146	0.0034493	0.00154937	0.000639217	0.000241826	8.38313e-05	2.6631e-05	7.75794e-06	2.07493e-06	5.10311e-07	1.15619e-07	2.41791e-08	4.6771e-09	8.38595e-10	1.39665e-10	2.16517e-11	3.13075e-12	4.23084e-13	5.36086e-14	7.06333e-15	7.06333e-15	
2.76149	2.76149	2.70215	2.58752	2.388	2.12122	1.83018	1.4895	1.138	0.828708	0.615027	0.512626	0.490437	0.515137	0.553678	0.590373	0.622947	0.641032	0.654355	0.660617	0.6629	0.659181	0.651326	0.63445	0.609235	0.575307	0.528347	0.475325	0.416618	0.372819	0.345032	0.358298	0.402768	0.498405	0.622771	0.772248	0.944071	1.10268	1.25514	1.38648	1.48912	1.57288	1.60878	1.57923	1.50036	1.36981	1.17721	0.953064	0.758358	0.635569	0.587291	0.591044	0.621264	0.660194	0.698464	0.731992	0.759235	0.779658	0.793084	0.799453	0.798749	0.790969	0.77613	0.754268	0.72546	0.689848	0.647677	0.599345	0.545462	0.486927	0.425001	0.361339	0.297958	0.237111	0.181088	0.131923	0.0910786	0.0591912	0.0359716	0.0203155	0.0106045	0.00509358	0.00224387	0.000904668	0.000333457	0.000112355	3.46271e-05	9.77315e-06	2.5302e-06	6.0202e-07	1.31923e-07	2.66836e-08	4.99301e-09	8.66274e-10	1.39665e-10	2.09702e-11	2.93842e-12	3.85603e-13	5.27127e-14	5.27127e-14	
2.01275	2.01275	1.97937	1.93292	1.82989	1.67367	1.4895	1.27907	1.0532	0.8331	0.692095	0.63736	0.666065	0.72617	0.801774	0.860025	0.905751	0.931772	0.949551	0.960729	0.957853	0.955815	0.945418	0.921506	0.888157	0.833376	0.756746	0.656053	0.536419	0.409967	0.289093	0.193316	0.13798	0.125491	0.174853	0.26498	0.405187	0.580517	0.789038	1.02119	1.24311	1.44753	1.60695	1.68356	1.68418	1.62091	1.48309	1.2839	1.0801	0.929943	0.854659	0.840548	0.861768	0.897036	0.933982	0.966943	0.993791	1.01387	1.02703	1.03326	1.03257	1.02495	1.01039	0.988822	0.960206	0.924488	0.881642	0.831696	0.774773	0.711147	0.641364	0.566396	0.48777	0.407634	0.328717	0.254146	0.187063	0.130101	0.0848491	0.0515107	0.0289175	0.0149296	0.00705898	0.00304808	0.00120019	0.000430769	0.000141006	4.21463e-05	1.15227e-05	2.88748e-06	6.64718e-07	1.40912e-07	2.75743e-08	4.99301e-09	8.38595e-10	1.30942e-10	1.90513e-11	2.5925e-12	3.6819e-13	3.6819e-13	
1.37138	1.37138	1.35196	1.33731	1.29338	1.21979	1.138	1.0532	0.944681	0.826302	0.743443	0.727188	0.772823	0.845217	0.916065	0.971508	1.00871	1.03784	1.05055	1.05825	1.06116	1.05592	1.04598	1.02731	0.99377	0.941241	0.866691	0.747896	0.595413	0.405921	0.210876	0.0198831	-0.131029	-0.233332	-0.26456	-0.216996	-0.0808316	0.132763	0.40778	0.735575	1.06881	1.37906	1.64472	1.82069	1.89695	1.89223	1.80325	1.63067	1.42071	1.24091	1.13135	1.09098	1.09645	1.12356	1.15643	1.18715	1.21255	1.23161	1.24409	1.24999	1.24933	1.2421	1.22825	1.20768	1.18028	1.14592	1.10447	1.05583	0.999963	0.93683	0.866427	0.788887	0.704686	0.614859	0.52121	0.426483	0.33435	0.249066	0.174755	0.114482	0.0694547	0.0387512	0.0197755	0.00919602	0.0038884	0.00149388	0.000521674	0.000165788	4.80365e-05	1.27181e-05	3.08447e-06	6.87026e-07	1.40912e-07	2.66836e-08	4.6771e-09	7.60721e-10	1.15091e-10	1.62626e-11	2.4029e-12	2.4029e-12	
0.834806	0.834806	0.830561	0.833149	0.838757	0.83921	0.828708	0.8331	0.826302	0.789722	0.749759	0.73885	0.76219	0.804864	0.850192	0.89342	0.926853	0.950112	0.966194	0.973962	0.976	0.972281	0.959009	0.941925	0.910126	0.863562	0.795575	0.693948	0.542065	0.336243	0.0921382	-0.1602	-0.384917	-0.55049	-0.623003	-0.594511	-0.454168	-0.19988	0.137377	0.542041	0.96727	1.36593	1.71647	1.97535	2.11667	2.15841	2.10832	1.96173	1.75151	1.5468	1.40324	1.33389	1.32034	1.33665	1.36353	1.39058	1.4134	1.43054	1.44173	1.44699	1.4464	1.43992	1.42745	1.40877	1.3836	1.35163	1.31254	1.26607	1.21207	1.15057	1.08164	1.00531	0.921579	0.830612	0.732867	0.629417	0.522401	0.415389	0.313341	0.221897	0.146024	0.0884888	0.0490192	0.0246944	0.0112778	0.00466306	0.0017458	0.000592536	0.000182676	5.12804e-05	1.31433e-05	3.08447e-06	6.64718e-07	1.31923e-07	2.41791e-08	4.10363e-09	6.46597e-10	9.50094e-11	1.4627e-11	1.4627e-11	
0.378931	0.378931	0.399745	0.432576	0.492094	0.556377	0.615027	0.692095	0.743443	0.749759	0.704054	0.650846	0.611345	0.601803	0.615305	0.649257	0.684419	0.718491	0.740228	0.753066	0.757828	0.748526	0.731219	0.704797	0.665462	0.615509	0.55678	0.47791	0.360243	0.181663	-0.0498095	-0.313994	-0.561748	-0.75644	-0.859161	-0.836547	-0.686606	-0.4045	-0.021301	0.437567	0.928545	1.39247	1.80326	2.12414	2.31928	2.40047	2.38467	2.2664	2.06446	1.84275	1.66758	1.56645	1.5286	1.52865	1.54486	1.56445	1.58168	1.59468	1.60311	1.60705	1.60659	1.60172	1.59222	1.57775	1.55778	1.53167	1.49875	1.45829	1.40958	1.35218	1.28612	1.21165	1.12907	1.03878	0.941223	0.836782	0.725928	0.609835	0.491213	0.374937	0.267799	0.176848	0.106884	0.0586786	0.0291219	0.0130357	0.00526105	0.0019165	0.000631447	0.000188675	5.12804e-05	1.27181e-05	2.88748e-06	6.0202e-07	1.15619e-07	2.05136e-08	3.37195e-09	5.1601e-10	8.29043e-11	8.29043e-11	
-0.012314	-0.012314	0.0391846	0.115492	0.24068	0.383011	0.512626	0.63736	0.727188	0.73885	0.650846	0.517794	0.387485	0.317649	0.311084	0.351522	0.397339	0.431947	0.465367	0.481104	0.48529	0.47916	0.45104	0.41739	0.371585	0.307477	0.237707	0.177793	0.109411	-0.000981503	-0.177875	-0.4039	-0.645057	-0.841913	-0.952574	-0.93862	-0.7876	-0.491626	-0.0817355	0.406212	0.93222	1.43505	1.88552	2.25444	2.49899	2.61908	2.63535	2.54412	2.35245	2.11568	1.9069	1.76804	1.69862	1.67598	1.67653	1.68495	1.694	1.70113	1.70573	1.70786	1.70762	1.70495	1.69962	1.69115	1.67894	1.66213	1.63972	1.61076	1.574	1.52802	1.47181	1.40496	1.3275	1.23978	1.14276	1.03779	0.926015	0.808168	0.684784	0.55727	0.429532	0.308829	0.204201	0.122773	0.0666112	0.0324791	0.014214	0.00558744	0.00197696	0.000631447	0.000182676	4.80365e-05	1.15227e-05	2.5302e-06	5.10311e-07	9.48403e-08	1.62919e-08	2.6007e-09	4.36783e-10	4.36783e-10	
-0.347666	-0.347666	-0.266636	-0.133017	0.0649322	0.28335	0.490437	0.666065	0.772823	0.76219	0.611345	0.387485	0.187638	0.0853241	0.078995	0.108876	0.143164	0.175511	0.207705	0.221945	0.221612	0.21732	0.194858	0.158259	0.118215	0.0624836	-0.0138524	-0.0831537	-0.126985	-0.174496	-0.269937	-0.431738	-0.63143	-0.817607	-0.933989	-0.924848	-0.776003	-0.481627	-0.0703057	0.419993	0.957022	1.48218	1.96218	2.37185	2.66131	2.81504	2.85376	2.77942	2.59245	2.33903	2.09564	1.91716	1.81382	1.76624	1.74915	1.74502	1.74504	1.74572	1.74608	1.74626	1.74624	1.74597	1.74523	1.74332	1.73961	1.73314	1.7226	1.7068	1.68479	1.65499	1.61549	1.5647	1.50164	1.4255	1.33603	1.23416	1.12194	1.0019	0.876189	0.745765	0.610942	0.474016	0.341986	0.225627	0.13445	0.0718265	0.0342914	0.0146291	0.00558744	0.0019165	0.000592536	0.000165788	4.21463e-05	9.77315e-06	2.07493e-06	4.04771e-07	7.27993e-08	1.21428e-08	2.13552e-09	2.13552e-09	
-0.630249	-0.630249	-0.521614	-0.331524	-0.0638904	0.236828	0.515137	0.72617	0.845217	0.804864	0.601803	0.317649	0.0853241	-0.0294144	-0.0497977	-0.0536762	-0.0459399	-0.0259006	-0.0063104	-0.00024841	-0.000256707	0.000326653	-0.0148728	-0.0387994	-0.0664547	-0.0934878	-0.154791	-0.230921	-0.27783	-0.292858	-0.325526	-0.415559	-0.566384	-0.721098	-0.824955	-0.817101	-0.681438	-0.407118	-0.0154107	0.458501	0.995887	1.53912	2.04146	2.47797	2.79731	2.97179	3.02113	2.95479	2.76972	2.5022	2.22848	2.01312	1.87586	1.80121	1.76391	1.74527	1.7346	1.72746	1.72282	1.72059	1.72083	1.72345	1.72813	1.7342	1.74053	1.74619	1.74976	1.74898	1.74256	1.72935	1.7077	1.67557	1.63142	1.57416	1.50225	1.41453	1.31105	1.19349	1.06531	0.930821	0.792779	0.651192	0.506552	0.365138	0.23925	0.14063	0.0736454	0.0342914	0.014214	0.00526105	0.0017458	0.000521674	0.000141006	3.46271e-05	7.75794e-06	1.59199e-06	3.0035e-07	5.24383e-08	9.6744e-09	9.6744e-09	
-0.865608	-0.865608	-0.729605	-0.487004	-0.156524	0.213765	0.553678	0.801774	0.916065	0.850192	0.615305	0.311084	0.078995	-0.0497977	-0.118878	-0.175203	-0.188207	-0.162539	-0.166419	-0.159988	-0.151745	-0.167767	-0.162641	-0.178203	-0.210296	-0.205728	-0.222955	-0.276084	-0.339214	-0.353453	-0.352132	-0.378406	-0.466674	-0.574244	-0.660275	-0.652898	-0.536156	-0.297378	0.0664011	0.521989	1.0536	1.60452	2.11419	2.55853	2.89222	3.07937	3.13503	3.07295	2.88758	2.60631	2.30332	2.04999	1.87542	1.7698	1.70982	1.67467	1.65162	1.63556	1.62546	1.62041	1.62094	1.62687	1.63746	1.65269	1.67082	1.6906	1.71102	1.72992	1.74414	1.75188	1.75128	1.74032	1.71658	1.67906	1.62697	1.55908	1.47421	1.37143	1.25095	1.11587	0.972426	0.82622	0.677877	0.526274	0.377004	0.24392	0.14063	0.0718265	0.0324791	0.0130357	0.00466306	0.00149388	0.000430769	0.000112355	2.6631e-05	5.76147e-06	1.14245e-06	2.0915e-07	4.05525e-08	4.05525e-08	
-1.05427	-1.05427	-0.893661	-0.608997	-0.224152	0.20568	0.590373	0.860025	0.971508	0.89342	0.649257	0.351522	0.108876	-0.0536762	-0.175203	-0.237555	-0.242448	-0.226602	-0.238378	-0.229863	-0.217196	-0.238621	-0.234089	-0.238846	-0.268612	-0.279741	-0.279028	-0.294343	-0.346952	-0.360632	-0.346071	-0.320745	-0.349008	-0.403236	-0.459221	-0.460478	-0.370773	-0.169224	0.17015	0.610311	1.1236	1.66216	2.16546	2.60901	2.95015	3.14453	3.19985	3.13278	2.93859	2.6392	2.30555	2.01403	1.80283	1.66779	1.58622	1.53419	1.49879	1.47434	1.45864	1.45101	1.45179	1.46087	1.47749	1.50124	1.53128	1.56546	1.60186	1.64016	1.67705	1.7097	1.73522	1.75134	1.75481	1.74262	1.71345	1.66628	1.6009	1.51741	1.41526	1.29325	1.15262	1.00069	0.846298	0.691154	0.532871	0.377004	0.23925	0.13445	0.0666112	0.0291219	0.0112778	0.0038884	0.00120019	0.000333457	8.38313e-05	1.91633e-05	4.00161e-06	7.69544e-07	1.57098e-07	1.57098e-07	
-1.19858	-1.19858	-1.02199	-0.700375	-0.271752	0.198901	0.622947	0.905751	1.00871	0.926853	0.684419	0.397339	0.143164	-0.0459399	-0.188207	-0.242448	-0.244195	-0.247317	-0.254632	-0.245995	-0.239843	-0.253761	-0.252472	-0.255912	-0.26975	-0.300707	-0.300129	-0.30352	-0.336422	-0.348261	-0.313945	-0.249098	-0.211828	-0.216731	-0.250337	-0.266509	-0.199961	-0.0210942	0.292049	0.703148	1.18682	1.7066	2.20015	2.6364	2.97316	3.16174	3.20539	3.12453	2.91675	2.59901	2.23743	1.91242	1.66846	1.50597	1.40163	1.33236	1.28481	1.25204	1.23004	1.22029	1.22128	1.23318	1.25657	1.28871	1.33046	1.37989	1.43395	1.49076	1.54893	1.60514	1.65671	1.70032	1.73369	1.7527	1.75441	1.73598	1.69521	1.63196	1.54776	1.44442	1.32056	1.17483	1.01502	0.853004	0.691154	0.526274	0.365138	0.225627	0.122773	0.0586786	0.0246944	0.00919602	0.00304808	0.000904668	0.000241826	5.85356e-05	1.28964e-05	2.60975e-06	5.61937e-07	5.61937e-07	
-1.30555	-1.30555	-1.11396	-0.765472	-0.305578	0.197681	0.641032	0.931772	1.03784	0.950112	0.718491	0.431947	0.175511	-0.0259006	-0.162539	-0.226602	-0.247317	-0.268525	-0.264693	-0.263542	-0.267859	-0.262306	-0.270613	-0.271945	-0.268875	-0.284926	-0.289591	-0.298022	-0.320365	-0.31877	-0.257926	-0.151049	-0.0629335	-0.0341951	-0.0562319	-0.0757868	-0.0236848	0.1318	0.412245	0.788124	1.24313	1.7431	2.21745	2.63238	2.95171	3.12604	3.154	3.0567	2.83258	2.49441	2.10507	1.74799	1.47177	1.2818	1.15538	1.07144	1.01253	0.971158	0.944222	0.93194	0.933271	0.948113	0.97688	1.01795	1.07031	1.13303	1.20541	1.28291	1.36444	1.44574	1.52461	1.59663	1.65901	1.70828	1.74123	1.75552	1.74754	1.71435	1.65388	1.5676	1.46103	1.33381	1.18224	1.01502	0.846298	0.677877	0.506552	0.341986	0.204201	0.106884	0.0490192	0.0197755	0.00705898	0.00224387	0.000639217	0.000164169	3.82285e-05	8.15381e-06	1.85493e-06	1.85493e-06	
-1.37678	-1.37678	-1.17603	-0.808578	-0.326988	0.195116	0.654355	0.949551	1.05055	0.966194	0.740228	0.465367	0.207705	-0.0063104	-0.166419	-0.238378	-0.254632	-0.264693	-0.267956	-0.263951	-0.261993	-0.26833	-0.270664	-0.272319	-0.280172	-0.299926	-0.290907	-0.278192	-0.285293	-0.267479	-0.180287	-0.0358318	0.0877032	0.138495	0.124298	0.103119	0.146894	0.274101	0.518371	0.867071	1.29417	1.76178	2.20592	2.59482	2.89306	3.04788	3.05381	2.93249	2.68526	2.32284	1.90687	1.52089	1.21822	1.00611	0.863489	0.766176	0.697223	0.648409	0.618327	0.603102	0.604833	0.622771	0.655035	0.703879	0.766063	0.840851	0.926652	1.0219	1.12405	1.23011	1.3361	1.43891	1.53364	1.61654	1.68239	1.72857	1.75246	1.75174	1.72487	1.66688	1.57758	1.46644	1.33381	1.17483	1.00069	0.82622	0.651192	0.474016	0.308829	0.176848	0.0884888	0.0387512	0.0149296	0.00509358	0.00154937	0.000422935	0.000104253	2.34715e-05	5.64983e-06	5.64983e-06	
-1.41574	-1.41574	-1.20992	-0.831886	-0.339057	0.192007	0.660617	0.960729	1.05825	0.973962	0.753066	0.481104	0.221945	-0.00024841	-0.159988	-0.229863	-0.245995	-0.263542	-0.263951	-0.26058	-0.260556	-0.262078	-0.26626	-0.270388	-0.271085	-0.293271	-0.284534	-0.263159	-0.246686	-0.202643	-0.0821723	0.0903576	0.236182	0.296927	0.289085	0.267978	0.29685	0.396657	0.614491	0.935238	1.32483	1.75804	2.17361	2.53263	2.80041	2.92529	2.90186	2.75302	2.48193	2.09643	1.6576	1.24812	0.924886	0.694033	0.536716	0.427492	0.351496	0.297904	0.263635	0.247647	0.2493	0.268525	0.305312	0.358892	0.428718	0.514901	0.61413	0.725307	0.845062	0.972404	1.10216	1.23184	1.35652	1.47272	1.57496	1.65808	1.71791	1.74989	1.75285	1.72915	1.67114	1.57758	1.46103	1.32056	1.15262	0.972426	0.792779	0.610942	0.429532	0.267799	0.146024	0.0694547	0.0289175	0.0106045	0.0034493	0.00100209	0.000261797	6.22899e-05	1.58846e-05	1.58846e-05	
-1.42565	-1.42565	-1.21717	-0.836385	-0.342451	0.193777	0.6629	0.957853	1.06116	0.976	0.757828	0.48529	0.221612	-0.000256709	-0.151745	-0.217196	-0.239843	-0.267859	-0.261994	-0.260558	-0.269302	-0.259724	-0.270736	-0.270331	-0.259644	-0.27763	-0.269092	-0.240368	-0.196376	-0.118008	0.0319686	0.222551	0.371944	0.436815	0.437241	0.411208	0.417106	0.498627	0.697031	0.982058	1.33724	1.74158	2.12015	2.44043	2.67224	2.76456	2.71043	2.53314	2.23503	1.82513	1.36406	0.935759	0.596032	0.353017	0.186692	0.0728613	-0.00801442	-0.0647364	-0.100985	-0.11767	-0.116035	-0.0959705	-0.0569517	0.000375401	0.0749645	0.165911	0.274466	0.397656	0.533799	0.679883	0.832728	0.988147	1.14144	1.28784	1.42241	1.54074	1.63774	1.70993	1.74885	1.75308	1.72915	1.66688	1.5676	1.44442	1.29325	1.11587	0.930821	0.745765	0.55727	0.374937	0.221897	0.114482	0.0515107	0.0203155	0.00707146	0.00218821	0.000606365	0.000152602	4.12631e-05	4.12631e-05	
-1.40389	-1.40389	-1.19958	-0.825076	-0.335533	0.193755	0.659181	0.955815	1.05592	0.972281	0.748526	0.47916	0.21732	0.000326641	-0.167767	-0.238621	-0.253762	-0.262308	-0.268336	-0.262091	-0.259746	-0.265879	-0.268224	-0.269451	-0.275887	-0.288739	-0.257528	-0.195658	-0.130519	-0.0207889	0.148509	0.349505	0.499054	0.564277	0.56259	0.520344	0.514162	0.583093	0.753361	1.00945	1.34	1.70486	2.04227	2.32718	2.52054	2.57532	2.48448	2.27532	1.94877	1.51709	1.03912	0.600119	0.253237	0.00578328	-0.163675	-0.281255	-0.363613	-0.420444	-0.455748	-0.473598	-0.471793	-0.450698	-0.412446	-0.354703	-0.278191	-0.182666	-0.0699998	0.059935	0.205695	0.364924	0.535002	0.711623	0.891051	1.06765	1.23552	1.38798	1.52036	1.62589	1.70675	1.74885	1.75285	1.72487	1.65388	1.54776	1.41526	1.25095	1.06531	0.876189	0.684784	0.491213	0.313341	0.174755	0.0848491	0.0359716	0.0133988	0.00441693	0.00129855	0.000345814	9.91911e-05	9.91911e-05	
-1.35368	-1.35368	-1.15398	-0.791856	-0.320636	0.194041	0.651326	0.945418	1.04598	0.959009	0.731219	0.45104	0.194858	-0.0148729	-0.162641	-0.23409	-0.252475	-0.270624	-0.270694	-0.266331	-0.270882	-0.268435	-0.273181	-0.27363	-0.265839	-0.266213	-0.224437	-0.152512	-0.058381	0.0774402	0.268328	0.469048	0.614528	0.676244	0.655278	0.599935	0.585193	0.640127	0.790925	1.0261	1.32375	1.65076	1.95516	2.19582	2.34556	2.35869	2.23207	1.99278	1.64054	1.18834	0.698903	0.254611	-0.0917429	-0.338506	-0.505083	-0.618693	-0.697332	-0.751281	-0.785868	-0.801036	-0.799486	-0.780674	-0.743263	-0.689094	-0.615603	-0.522402	-0.409442	-0.275863	-0.124953	0.0434263	0.2261	0.418904	0.618725	0.81839	1.0158	1.20016	1.3705	1.51408	1.62589	1.70993	1.74989	1.75174	1.71435	1.63196	1.51741	1.37143	1.19349	1.0019	0.808168	0.609835	0.415389	0.249066	0.130101	0.0591912	0.0235708	0.00827286	0.00257952	0.000726843	0.000221136	0.000221136	
-1.26794	-1.26794	-1.08149	-0.741534	-0.292722	0.197956	0.63445	0.921506	1.02731	0.941925	0.704797	0.41739	0.158259	-0.0387999	-0.178205	-0.238852	-0.255929	-0.271996	-0.272452	-0.270707	-0.271003	-0.270637	-0.275108	-0.27048	-0.259166	-0.251284	-0.195583	-0.0998135	0.0198992	0.183859	0.384026	0.582646	0.714289	0.756185	0.71873	0.653587	0.632263	0.675303	0.812089	1.02726	1.29587	1.59248	1.85211	2.04836	2.15875	2.12702	1.96523	1.69293	1.31595	0.846208	0.352508	-0.0868848	-0.423364	-0.657343	-0.81429	-0.918606	-0.991617	-1.04066	-1.06973	-1.0836	-1.08176	-1.06496	-1.03398	-0.984134	-0.915448	-0.829744	-0.722827	-0.594911	-0.446054	-0.275614	-0.0876594	0.117028	0.332325	0.55462	0.775011	0.990267	1.18712	1.3705	1.52036	1.63774	1.71791	1.75246	1.74754	1.69521	1.6009	1.47421	1.31105	1.12194	0.926015	0.725928	0.522401	0.33435	0.187063	0.0910786	0.0387025	0.0144435	0.00477168	0.00142173	0.000458491	0.000458491	
-1.14638	-1.14638	-0.975448	-0.666871	-0.25359	0.200894	0.609235	0.888157	0.99377	0.910126	0.665462	0.371585	0.118214	-0.0664568	-0.210304	-0.268638	-0.269828	-0.26909	-0.280714	-0.272325	-0.262201	-0.28053	-0.272877	-0.266654	-0.267721	-0.251299	-0.164607	-0.0324566	0.105419	0.286476	0.490459	0.681198	0.794997	0.811514	0.750497	0.6801	0.655495	0.692252	0.823208	1.02016	1.26383	1.52524	1.74194	1.9009	1.96016	1.88514	1.68667	1.38737	0.988655	0.508919	0.016925	-0.407139	-0.726119	-0.94157	-1.08212	-1.17333	-1.2311	-1.27006	-1.2945	-1.30434	-1.30314	-1.29101	-1.2649	-1.22528	-1.17085	-1.09633	-1.00012	-0.882499	-0.740701	-0.575377	-0.388261	-0.179483	0.0429955	0.280198	0.519658	0.760679	0.990267	1.20016	1.38798	1.54074	1.65808	1.72857	1.75552	1.73598	1.66628	1.55908	1.41453	1.23416	1.03779	0.836782	0.629417	0.426483	0.254146	0.131923	0.0596599	0.0236256	0.00825657	0.00259819	0.000887009	0.000887009	
-0.985155	-0.985155	-0.832536	-0.564667	-0.201005	0.208209	0.575307	0.833376	0.941241	0.863562	0.615509	0.307476	0.0624808	-0.0934983	-0.205763	-0.279852	-0.301023	-0.285749	-0.301886	-0.297523	-0.28601	-0.303584	-0.289318	-0.281161	-0.278208	-0.209252	-0.0982657	0.0375667	0.182115	0.38108	0.587733	0.766358	0.844067	0.835001	0.755625	0.685656	0.660628	0.699942	0.829648	1.00981	1.23153	1.45791	1.63355	1.74635	1.7591	1.64336	1.40839	1.08531	0.665195	0.182037	-0.298697	-0.697771	-0.986664	-1.17492	-1.28953	-1.36078	-1.40547	-1.43102	-1.44574	-1.45264	-1.4521	-1.44405	-1.42772	-1.40106	-1.36039	-1.30308	-1.2267	-1.12724	-1.00029	-0.849162	-0.667809	-0.464559	-0.235515	0.00681226	0.263964	0.519658	0.775011	1.0158	1.23552	1.42241	1.57496	1.68239	1.74123	1.75441	1.71345	1.62697	1.50225	1.33603	1.14276	0.941223	0.732867	0.52121	0.328717	0.181088	0.0868598	0.0364023	0.0134284	0.00445527	0.0016072	0.0016072	
-0.777839	-0.777839	-0.652635	-0.430569	-0.125804	0.21592	0.528347	0.756746	0.866691	0.795575	0.556779	0.237703	-0.0138655	-0.154837	-0.223102	-0.279461	-0.30129	-0.292429	-0.297239	-0.29743	-0.293047	-0.297936	-0.285653	-0.276779	-0.25349	-0.165383	-0.0534266	0.081765	0.253024	0.471475	0.679098	0.82436	0.867992	0.822716	0.734879	0.676304	0.65671	0.709169	0.837552	1.00295	1.20477	1.39323	1.52749	1.59733	1.56191	1.39973	1.13626	0.789323	0.358669	-0.12286	-0.579251	-0.944937	-1.19466	-1.34902	-1.43515	-1.48041	-1.50285	-1.51283	-1.51699	-1.51874	-1.51897	-1.51683	-1.51173	-1.50241	-1.48276	-1.44775	-1.3952	-1.31714	-1.21444	-1.08089	-0.916784	-0.723193	-0.501196	-0.256305	0.00681226	0.280198	0.55462	0.81839	1.06765	1.28784	1.47272	1.61654	1.70828	1.7527	1.74262	1.67906	1.57416	1.4255	1.23978	1.03878	0.830612	0.614859	0.407634	0.237111	0.120155	0.0531233	0.0206304	0.00720094	0.00273839	0.00273839	
-0.524	-0.524	-0.427659	-0.262846	-0.0271588	0.234374	0.475325	0.656053	0.747896	0.693947	0.477906	0.177778	-0.0832093	-0.231105	-0.27664	-0.295872	-0.307352	-0.306761	-0.296363	-0.297646	-0.300187	-0.29043	-0.288964	-0.275944	-0.23045	-0.144584	-0.0328758	0.124031	0.337839	0.564282	0.747016	0.845813	0.847094	0.785502	0.705549	0.658748	0.656968	0.725982	0.851326	1.00768	1.18787	1.33694	1.43029	1.45172	1.36814	1.16711	0.875635	0.50976	0.0706749	-0.398934	-0.821742	-1.14128	-1.34452	-1.45527	-1.50581	-1.52178	-1.52252	-1.51561	-1.50806	-1.50405	-1.50476	-1.50962	-1.5177	-1.52514	-1.52669	-1.52021	-1.49653	-1.45033	-1.37634	-1.26949	-1.1284	-0.951797	-0.740781	-0.501196	-0.235515	0.0429955	0.332325	0.618725	0.891051	1.14144	1.35652	1.53364	1.65901	1.73369	1.75481	1.71658	1.63142	1.50164	1.3275	1.12907	0.921579	0.704686	0.48777	0.297958	0.15883	0.0738191	0.0300892	0.0110204	0.00440548	0.00440548	
-0.224899	-0.224899	-0.158184	-0.0550502	0.101442	0.269773	0.416618	0.536419	0.595412	0.542061	0.360226	0.109348	-0.1272	-0.278498	-0.341104	-0.351803	-0.347727	-0.344289	-0.331355	-0.327612	-0.326536	-0.322585	-0.318085	-0.29944	-0.245499	-0.151661	-0.00566795	0.199613	0.431553	0.636704	0.772144	0.823231	0.797847	0.728828	0.669535	0.649842	0.671495	0.756957	0.883021	1.03027	1.18232	1.29054	1.34155	1.31584	1.18297	0.941049	0.62843	0.24709	-0.191294	-0.63838	-1.01642	-1.28103	-1.43094	-1.4959	-1.50829	-1.49269	-1.46622	-1.44073	-1.42194	-1.4127	-1.41389	-1.42501	-1.44553	-1.4733	-1.50224	-1.52451	-1.53363	-1.52073	-1.48138	-1.40678	-1.29513	-1.14278	-0.951797	-0.723193	-0.464559	-0.179483	0.117028	0.418904	0.711623	0.988147	1.23184	1.43891	1.59663	1.70032	1.75134	1.74032	1.67557	1.5647	1.40496	1.21165	1.00531	0.788887	0.566396	0.361339	0.201702	0.0981694	0.0418601	0.0160411	0.00671954	0.00671954	
0.121811	0.121811	0.152464	0.191262	0.259153	0.327103	0.372819	0.409966	0.405916	0.336226	0.181597	-0.00121653	-0.175249	-0.29505	-0.359229	-0.374392	-0.37791	-0.376621	-0.370014	-0.368496	-0.364216	-0.357891	-0.349042	-0.312713	-0.239394	-0.115503	0.0645645	0.287	0.499823	0.654904	0.739342	0.757791	0.722514	0.678009	0.65038	0.659028	0.710176	0.81307	0.936427	1.06998	1.19093	1.25814	1.26321	1.18552	1.00394	0.730872	0.397028	0.00501497	-0.426991	-0.840035	-1.16259	-1.36398	-1.45561	-1.46999	-1.44243	-1.39607	-1.34878	-1.30835	-1.27979	-1.26607	-1.2674	-1.28412	-1.31628	-1.35914	-1.40884	-1.46198	-1.50531	-1.53211	-1.5313	-1.49446	-1.41811	-1.29513	-1.1284	-0.916784	-0.667809	-0.388261	-0.0876594	0.2261	0.535002	0.832728	1.10216	1.3361	1.52461	1.65671	1.73522	1.75128	1.7077	1.61549	1.47181	1.28612	1.08164	0.866427	0.641364	0.425001	0.247277	0.125529	0.055799	0.0223014	0.0097555	0.0097555	
0.507367	0.507367	0.498136	0.477009	0.45357	0.412263	0.345031	0.289089	0.21086	0.0920719	-0.0500506	-0.178672	-0.272328	-0.331997	-0.367924	-0.380777	-0.382665	-0.38083	-0.379826	-0.37841	-0.373747	-0.368264	-0.346594	-0.298217	-0.208876	-0.0655611	0.129762	0.334182	0.500969	0.605997	0.662438	0.671147	0.656878	0.640364	0.655045	0.703687	0.782318	0.896948	1.01523	1.13181	1.2152	1.2358	1.19215	1.0623	0.832386	0.529058	0.179933	-0.217549	-0.632671	-0.999696	-1.25834	-1.39182	-1.4243	-1.39153	-1.32662	-1.25348	-1.1861	-1.13615	-1.10456	-1.08883	-1.09053	-1.10964	-1.14499	-1.19903	-1.2704	-1.34889	-1.42601	-1.48974	-1.52889	-1.53323	-1.49446	-1.40678	-1.26949	-1.08089	-0.849162	-0.575377	-0.275614	0.0434263	0.364924	0.679883	0.972404	1.23011	1.44574	1.60514	1.7097	1.75188	1.72935	1.65499	1.52802	1.35218	1.15057	0.93683	0.711147	0.486927	0.29393	0.154997	0.0715612	0.0297297	0.0135312	0.0135312	
0.92073	0.92073	0.871562	0.79382	0.677185	0.52722	0.358295	0.193301	0.0198215	-0.160432	-0.314786	-0.40635	-0.438566	-0.432665	-0.416849	-0.398197	-0.389214	-0.379708	-0.3752	-0.372986	-0.366971	-0.357281	-0.333781	-0.27909	-0.184552	-0.0384774	0.135872	0.301501	0.42645	0.506419	0.55929	0.588867	0.609169	0.645248	0.708808	0.786931	0.893278	1.01529	1.1209	1.2115	1.25015	1.22173	1.12503	0.939498	0.666385	0.339607	-0.0254545	-0.422593	-0.810782	-1.12053	-1.30746	-1.37164	-1.3463	-1.26961	-1.17636	-1.08791	-1.01812	-0.968738	-0.937462	-0.923846	-0.925092	-0.942147	-0.977737	-1.03079	-1.10556	-1.20082	-1.30343	-1.40361	-1.4826	-1.52889	-1.5313	-1.48138	-1.37634	-1.21444	-1.00029	-0.740701	-0.446054	-0.124953	0.205695	0.533799	0.845062	1.12405	1.36444	1.54893	1.67705	1.74414	1.74256	1.68479	1.574	1.40958	1.21207	0.999963	0.774773	0.545462	0.340058	0.18551	0.0886279	0.0381383	0.0179924	0.0179924	
1.34484	1.34484	1.26192	1.13059	0.928473	0.672883	0.402755	0.137926	-0.131238	-0.385657	-0.564109	-0.651844	-0.648931	-0.606726	-0.549665	-0.501436	-0.462731	-0.436172	-0.420824	-0.40923	-0.403838	-0.393818	-0.371338	-0.322896	-0.232431	-0.104083	0.054612	0.193457	0.306199	0.390977	0.475569	0.543279	0.618308	0.702157	0.807924	0.922141	1.04835	1.16212	1.24943	1.3063	1.29192	1.21054	1.05812	0.815782	0.501936	0.154523	-0.220633	-0.610479	-0.95905	-1.203	-1.31583	-1.31432	-1.23906	-1.13035	-1.01996	-0.930573	-0.868294	-0.834404	-0.814829	-0.80153	-0.803185	-0.818334	-0.839552	-0.878441	-0.947612	-1.04389	-1.16372	-1.28961	-1.40361	-1.48974	-1.53211	-1.52073	-1.45033	-1.31714	-1.12724	-0.882499	-0.594911	-0.275863	0.059935	0.397656	0.725307	1.0219	1.28291	1.49076	1.64016	1.72992	1.74898	1.7068	1.61076	1.45829	1.26607	1.05583	0.831696	0.599345	0.384205	0.21594	0.106351	0.0472309	0.0230065	0.0230065	
1.76082	1.76082	1.65369	1.46904	1.18957	0.851195	0.498362	0.125314	-0.233979	-0.552628	-0.762796	-0.858825	-0.857734	-0.805736	-0.732805	-0.667768	-0.612919	-0.574751	-0.547193	-0.528976	-0.521902	-0.512951	-0.489733	-0.447198	-0.358859	-0.228605	-0.0811162	0.0612709	0.183944	0.309373	0.433207	0.558592	0.684187	0.823965	0.973287	1.10487	1.23762	1.33717	1.39804	1.4063	1.33366	1.19766	0.981922	0.685297	0.338957	-0.0276725	-0.412117	-0.783413	-1.08086	-1.25097	-1.29189	-1.23101	-1.11863	-0.992292	-0.887755	-0.818527	-0.7803	-0.761485	-0.748287	-0.740003	-0.740776	-0.750408	-0.764794	-0.785974	-0.829978	-0.907827	-1.02284	-1.16372	-1.30343	-1.42601	-1.50531	-1.53363	-1.49653	-1.3952	-1.2267	-1.00012	-0.722827	-0.409442	-0.0699998	0.274466	0.61413	0.926652	1.20541	1.43395	1.60186	1.71102	1.74976	1.7226	1.63972	1.49875	1.31254	1.10447	0.881642	0.647677	0.425124	0.245183	0.124007	0.0566244	0.0283673	0.0283673	
2.14626	2.14626	2.02421	1.79202	1.4555	1.04594	0.622631	0.174321	-0.26638	-0.628608	-0.874596	-0.990404	-1.01617	-0.982828	-0.928794	-0.866475	-0.809569	-0.767731	-0.73573	-0.716049	-0.704362	-0.693079	-0.673348	-0.62207	-0.5273	-0.386321	-0.223126	-0.0527028	0.11046	0.28724	0.468857	0.653808	0.830628	1.01949	1.18228	1.33313	1.46253	1.53074	1.55356	1.50287	1.36986	1.174	0.891547	0.545064	0.170549	-0.211519	-0.599544	-0.940291	-1.17639	-1.27179	-1.24723	-1.1407	-1.00477	-0.881373	-0.794493	-0.759217	-0.7489	-0.74296	-0.733922	-0.723372	-0.724891	-0.73609	-0.743986	-0.750275	-0.763599	-0.808478	-0.907827	-1.04389	-1.20082	-1.34889	-1.46198	-1.52451	-1.52021	-1.44775	-1.30308	-1.09633	-0.829744	-0.522402	-0.182666	0.165911	0.514901	0.840851	1.13303	1.37989	1.56546	1.6906	1.74619	1.73314	1.66213	1.53167	1.35163	1.14592	0.924488	0.689848	0.461809	0.272224	0.140855	0.0658789	0.0338091	0.0338091	
2.47728	2.47728	2.35016	2.07548	1.70375	1.2641	0.771838	0.263525	-0.221647	-0.607806	-0.87033	-1.01456	-1.07529	-1.07968	-1.05893	-1.02506	-0.990101	-0.955422	-0.931625	-0.915741	-0.901975	-0.888948	-0.858474	-0.790323	-0.672236	-0.502022	-0.299884	-0.0909718	0.126126	0.356377	0.597572	0.82667	1.05174	1.26504	1.44858	1.60448	1.69776	1.73246	1.70607	1.58561	1.393	1.12857	0.780349	0.395589	-0.00492553	-0.403204	-0.784287	-1.07925	-1.24711	-1.27096	-1.19305	-1.05588	-0.914878	-0.811207	-0.756529	-0.74828	-0.74596	-0.728056	-0.713843	-0.712287	-0.712078	-0.715659	-0.732343	-0.74758	-0.748174	-0.763599	-0.829978	-0.947612	-1.10556	-1.2704	-1.40884	-1.50224	-1.52669	-1.48276	-1.36039	-1.17085	-0.915448	-0.615603	-0.278191	0.0749645	0.428718	0.766063	1.07031	1.33046	1.53128	1.67082	1.74053	1.73961	1.67894	1.55778	1.3836	1.18028	0.960206	0.72546	0.493476	0.296179	0.156184	0.0745328	0.0390285	0.0390285	
2.73307	2.73307	2.60124	2.31146	1.91452	1.46135	0.942979	0.401556	-0.091629	-0.482716	-0.753305	-0.92465	-1.02315	-1.07404	-1.0928	-1.09309	-1.08524	-1.07237	-1.06015	-1.04932	-1.03944	-1.018	-0.973915	-0.884472	-0.735931	-0.53038	-0.288894	-0.031651	0.23701	0.521649	0.810107	1.08275	1.34096	1.56902	1.75439	1.87792	1.93988	1.93502	1.83619	1.64808	1.3927	1.05332	0.649863	0.231907	-0.189986	-0.601915	-0.960576	-1.19935	-1.29546	-1.25993	-1.13885	-0.989089	-0.851423	-0.774771	-0.747624	-0.74919	-0.743519	-0.70212	-0.67899	-0.690819	-0.688153	-0.679783	-0.711148	-0.748113	-0.74758	-0.750275	-0.785974	-0.878441	-1.03079	-1.19903	-1.35914	-1.4733	-1.52514	-1.50241	-1.40106	-1.22528	-0.984134	-0.689094	-0.354703	0.000375312	0.358892	0.703879	1.01795	1.28871	1.50124	1.65269	1.7342	1.74332	1.69115	1.57775	1.40877	1.20768	0.988822	0.754268	0.519538	0.316313	0.169354	0.082138	0.0437124	0.0437124	
2.89948	2.89948	2.74756	2.47285	2.09141	1.624	1.10002	0.57226	0.109972	-0.255468	-0.523619	-0.715091	-0.849129	-0.942594	-1.00513	-1.04641	-1.06856	-1.08208	-1.08669	-1.08406	-1.07518	-1.04628	-0.9868	-0.87255	-0.691774	-0.447403	-0.160466	0.14286	0.456916	0.785825	1.10909	1.40832	1.67472	1.90029	2.06335	2.15851	2.18275	2.10479	1.93258	1.68526	1.35573	0.945408	0.502483	0.0543734	-0.390789	-0.802109	-1.12022	-1.29606	-1.32605	-1.24479	-1.09588	-0.942725	-0.817228	-0.757641	-0.741943	-0.728912	-0.705021	-0.667066	-0.652772	-0.66769	-0.664537	-0.652341	-0.674202	-0.711148	-0.732343	-0.743986	-0.764794	-0.839552	-0.977737	-1.14499	-1.31628	-1.44553	-1.5177	-1.51173	-1.42772	-1.2649	-1.03398	-0.743264	-0.412446	-0.0569523	0.305312	0.655035	0.976879	1.25657	1.47749	1.63746	1.72813	1.74523	1.69962	1.59222	1.42745	1.22825	1.01039	0.77613	0.539575	0.332045	0.179824	0.0882925	0.0475653	0.0475653	
2.95007	2.95007	2.79523	2.53895	2.19118	1.74551	1.2492	0.771879	0.363923	0.0388672	-0.214781	-0.413717	-0.571592	-0.695192	-0.789173	-0.86137	-0.913334	-0.948414	-0.970177	-0.978474	-0.968835	-0.936025	-0.859887	-0.72422	-0.514077	-0.235588	0.084669	0.418929	0.765604	1.12015	1.46161	1.76745	2.03121	2.24191	2.37435	2.42538	2.37931	2.23029	2.00223	1.68227	1.27313	0.813113	0.338756	-0.138986	-0.601696	-0.993198	-1.25571	-1.36927	-1.34502	-1.23106	-1.06651	-0.912166	-0.79881	-0.744998	-0.734128	-0.708254	-0.673399	-0.648237	-0.642389	-0.655035	-0.652411	-0.641313	-0.652341	-0.679783	-0.715659	-0.73609	-0.750408	-0.818334	-0.942147	-1.10964	-1.28412	-1.42501	-1.50962	-1.51684	-1.44405	-1.29101	-1.06497	-0.780676	-0.450701	-0.0959736	0.268522	0.622768	0.948111	1.23318	1.46087	1.62687	1.72345	1.74597	1.70495	1.60172	1.43992	1.2421	1.02495	0.790969	0.553301	0.342947	0.18717	0.0926672	0.0503365	0.0503365	
2.86196	2.86196	2.74649	2.51959	2.19253	1.79306	1.37432	0.988516	0.658314	0.382252	0.149414	-0.0485832	-0.218194	-0.362121	-0.479464	-0.571624	-0.643834	-0.69533	-0.728815	-0.744685	-0.737041	-0.69959	-0.613278	-0.461839	-0.230989	0.0696634	0.411023	0.768645	1.13461	1.50131	1.84725	2.14631	2.39128	2.56564	2.64803	2.63757	2.52861	2.32264	2.02262	1.62181	1.15659	0.662808	0.156757	-0.348838	-0.807565	-1.15765	-1.36141	-1.42017	-1.35991	-1.22368	-1.05174	-0.896005	-0.785343	-0.735285	-0.723173	-0.707762	-0.683201	-0.661256	-0.651633	-0.654391	-0.654115	-0.652411	-0.664537	-0.688153	-0.712078	-0.724891	-0.740776	-0.803185	-0.925092	-1.09053	-1.2674	-1.41389	-1.50476	-1.51898	-1.45211	-1.30315	-1.08177	-0.799499	-0.471808	-0.11605	0.249285	0.604818	0.933258	1.22127	1.45179	1.62094	1.72083	1.74624	1.70762	1.60659	1.4464	1.24933	1.03257	0.798749	0.560537	0.348736	0.1911	0.0950268	0.0518422	0.0518422	
2.65723	2.65723	2.57724	2.39238	2.11066	1.78383	1.4662	1.18585	0.943482	0.728187	0.530838	0.34925	0.184819	0.0378699	-0.0901567	-0.19565	-0.279758	-0.34312	-0.385159	-0.405408	-0.39996	-0.358428	-0.26635	-0.10405	0.138735	0.451681	0.8053	1.17172	1.53826	1.89927	2.22957	2.50163	2.70804	2.83513	2.86564	2.79956	2.63093	2.35307	1.97543	1.51865	1.02092	0.493927	-0.0455327	-0.559494	-0.987519	-1.28303	-1.4341	-1.45499	-1.37407	-1.22774	-1.05217	-0.895213	-0.783993	-0.734557	-0.721634	-0.708506	-0.686028	-0.664154	-0.654114	-0.654614	-0.654391	-0.655035	-0.66769	-0.690819	-0.712287	-0.723372	-0.740004	-0.801532	-0.923849	-1.08883	-1.26608	-1.41272	-1.50407	-1.51877	-1.45267	-1.30438	-1.08366	-0.801101	-0.47367	-0.117744	0.247574	0.603034	0.931879	1.22024	1.45097	1.62038	1.72057	1.74624	1.70785	1.60704	1.44699	1.24999	1.03326	0.799453	0.561194	0.349264	0.191461	0.0952441	0.0519814	0.0519814	
2.36715	2.36715	2.28991	2.14082	1.94266	1.73118	1.53291	1.3546	1.19049	1.03284	0.877511	0.725177	0.580493	0.447579	0.328147	0.224881	0.140556	0.0754153	0.0309319	0.00931332	0.0143568	0.0563253	0.149432	0.312572	0.554788	0.865802	1.21488	1.57085	1.92199	2.26202	2.56372	2.80038	2.96529	3.04586	3.02248	2.89338	2.65396	2.3076	1.88177	1.39363	0.862773	0.302676	-0.251888	-0.742371	-1.12062	-1.3645	-1.47758	-1.48048	-1.39117	-1.24536	-1.06776	-0.909455	-0.796108	-0.742894	-0.732188	-0.706714	-0.67285	-0.648762	-0.643253	-0.654114	-0.651633	-0.642389	-0.652772	-0.678991	-0.713844	-0.733923	-0.74829	-0.814836	-0.937475	-1.10459	-1.27983	-1.422	-1.50815	-1.51711	-1.44591	-1.29471	-1.06998	-0.786155	-0.456058	-0.101305	0.263319	0.618029	0.943955	1.22982	1.45846	1.62532	1.72271	1.74601	1.70569	1.60309	1.44171	1.24408	1.02703	0.793082	0.555266	0.344519	0.188237	0.0933074	0.0507447	0.0507447	
1.98683	1.98683	1.91922	1.81549	1.7108	1.62144	1.54392	1.46636	1.37935	1.27989	1.16987	1.05332	0.935797	0.823497	0.720725	0.629914	0.553924	0.49463	0.453536	0.433281	0.438443	0.477993	0.566845	0.722387	0.95465	1.25366	1.58823	1.92636	2.25544	2.56699	2.83434	3.03022	3.14684	3.17168	3.086	2.89406	2.6014	2.21594	1.7598	1.24073	0.678312	0.104427	-0.427711	-0.871001	-1.19758	-1.40463	-1.50107	-1.49977	-1.41652	-1.27566	-1.10075	-0.938717	-0.813931	-0.754922	-0.740943	-0.723449	-0.695836	-0.661032	-0.648762	-0.664154	-0.661256	-0.648237	-0.667066	-0.702121	-0.72806	-0.742968	-0.761502	-0.834438	-0.968801	-1.13626	-1.30853	-1.44101	-1.516	-1.51337	-1.43172	-1.27091	-1.04166	-0.752414	-0.421664	-0.0659942	0.296663	0.647235	0.970096	1.25112	1.47358	1.63496	1.72701	1.7454	1.70092	1.59455	1.43046	1.23156	1.01385	0.779647	0.542824	0.334621	0.181555	0.0893211	0.0482151	0.0482151	
