1.80034e-06	1.80034e-06	1.00876e-05	5.58283e-05	0.000268485	0.00111233	0.0039497	0.0119843	0.0310864	0.0693023	0.134246	0.229559	0.35285	0.496158	0.648049	0.796127	0.929234	1.03868	1.11853	1.16495	1.17584	1.15068	1.09059	0.998347	0.878576	0.738278	0.587225	0.437259	0.300711	0.187913	0.104794	0.0512616	0.0216906	0.00786822	0.0024378	0.000645543	0.000146649	2.87384e-05	4.88947e-06	7.27076e-07	9.51204e-08	1.10172e-08	1.13641e-09	1.04962e-10	8.72471e-12	6.55695e-13	4.47583e-14	2.86373e-15	5.30892e-16	1.51135e-15	5.29395e-15	1.62518e-14	4.34428e-14	1.01094e-13	2.0532e-13	3.66298e-13	5.79141e-13	8.16697e-13	1.02723e-12	1.14718e-12	1.13313e-12	9.90367e-13	7.69173e-13	5.3295e-13	3.28997e-13	1.79588e-13	8.59168e-14	3.58205e-14	1.2992e-14	4.10234e-15	1.1298e-15	2.71991e-16	5.73715e-17	1.06285e-17	1.73389e-18	2.49817e-19	3.18926e-20	3.62054e-21	3.66862e-22	3.33085e-23	2.72021e-24	2.00581e-25	1.3403e-26	8.14446e-28	4.51548e-29	2.29131e-30	1.06726e-31	4.5757e-33	1.81031e-34	6.62511e-36	2.24772e-37	7.08435e-39	2.07828e-40	5.68505e-42	1.45251e-43	3.47162e-45	7.77338e-47	1.63283e-48	3.28133e-50	3.28133e-50	
1.80034e-06	1.80034e-06	1.00876e-05	5.58283e-05	0.000268485	0.00111233	0.0039497	0.0119843	0.0310864	0.0693023	0.134246	0.229559	0.35285	0.496158	0.648049	0.796127	0.929234	1.03868	1.11853	1.16495	1.17584	1.15068	1.09059	0.998347	0.878576	0.738278	0.587225	0.437259	0.300711	0.187913	0.104794	0.0512616	0.0216906	0.00786822	0.0024378	0.000645543	0.000146649	2.87384e-05	4.88947e-06	7.27076e-07	9.51204e-08	1.10172e-08	1.13641e-09	1.04962e-10	8.72471e-12	6.55695e-13	4.47583e-14	2.86373e-15	5.30892e-16	1.51135e-15	5.29395e-15	1.62518e-14	4.34428e-14	1.01094e-13	2.0532e-13	3.66298e-13	5.79141e-13	8.16697e-13	1.02723e-12	1.14718e-12	1.13313e-12	9.90367e-13	7.69173e-13	5.3295e-13	3.28997e-13	1.79588e-13	8.59168e-14	3.58205e-14	1.2992e-14	4.10234e-15	1.1298e-15	2.71991e-16	5.73715e-17	1.06285e-17	1.73389e-18	2.49817e-19	3.18926e-20	3.62054e-21	3.66862e-22	3.33085e-23	2.72021e-24	2.00581e-25	1.3403e-26	8.14446e-28	4.51548e-29	2.29131e-30	1.06726e-31	4.5757e-33	1.81031e-34	6.62511e-36	2.24772e-37	7.08435e-39	2.07828e-40	5.68505e-42	1.45251e-43	3.47162e-45	7.77338e-47	1.63283e-48	3.28133e-50	3.28133e-50	
1.00876e-05	1.00876e-05	5.14658e-05	0.000259704	0.0011305	0.00420297	0.0132727	0.0355172	0.0807466	0.157459	0.267881	0.406414	0.562289	0.723264	0.878183	1.01833	1.1378	1.23283	1.30091	1.33992	1.34893	1.32792	1.27716	1.19803	1.09288	0.964562	0.817663	0.659124	0.498745	0.348366	0.219971	0.122771	0.0593635	0.0245184	0.00858922	0.00254997	0.000643789	0.000139053	2.58798e-05	4.18166e-06	5.90958e-07	7.35581e-08	8.1172e-09	7.98908e-10	7.05171e-11	5.61033e-12	4.0447e-13	2.79968e-14	8.30187e-15	2.60548e-14	8.77481e-14	2.59031e-13	6.67884e-13	1.50528e-12	2.97524e-12	5.19038e-12	8.05512e-12	1.1183e-11	1.38993e-11	1.54251e-11	1.52471e-11	1.34271e-11	1.05628e-11	7.43914e-12	4.68196e-12	2.6163e-12	1.2877e-12	5.54963e-13	2.08884e-13	6.86467e-14	1.97164e-14	4.95658e-15	1.09255e-15	2.11576e-16	3.60778e-17	5.43157e-18	7.24192e-19	8.58044e-20	9.06744e-21	8.57888e-22	7.29479e-23	5.59596e-24	3.88697e-25	2.45331e-26	1.41173e-27	7.42986e-29	3.58697e-30	1.59294e-31	6.5242e-33	2.47037e-34	8.66731e-36	2.82366e-37	8.55852e-39	2.4179e-40	6.37783e-42	1.57324e-43	3.63452e-45	7.87473e-47	1.63283e-48	1.63283e-48	
5.58283e-05	5.58283e-05	0.000259704	0.00119632	0.00471784	0.0157439	0.044198	0.104211	0.207492	0.35415	0.530798	0.718416	0.900573	1.06643	1.21031	1.33064	1.42781	1.5024	1.55406	1.58273	1.58914	1.57381	1.53604	1.47524	1.39163	1.28529	1.15548	1.00249	0.829125	0.643224	0.457796	0.290938	0.160747	0.075646	0.029979	0.00997756	0.00279756	0.000665161	0.0001352	2.3693e-05	3.60963e-06	4.81839e-07	5.67645e-08	5.94092e-09	5.557e-10	4.67106e-11	3.55138e-12	2.71718e-13	1.31859e-13	4.32514e-13	1.3999e-12	3.97572e-12	9.89335e-12	2.16078e-11	4.15832e-11	7.09605e-11	1.08139e-10	1.47901e-10	1.81795e-10	2.00591e-10	1.98405e-10	1.75941e-10	1.40082e-10	1.00215e-10	6.42808e-11	3.67583e-11	1.86031e-11	8.28279e-12	3.23345e-12	1.10543e-12	3.30985e-13	8.68636e-14	2.00045e-14	4.04886e-15	7.21583e-16	1.13507e-16	1.58045e-17	1.95425e-18	2.15361e-19	2.1231e-20	1.87951e-21	1.49979e-22	1.08276e-23	7.09726e-25	4.23813e-26	2.31299e-27	1.15716e-28	5.32181e-30	2.2559e-31	8.83576e-33	3.20503e-34	1.07899e-35	3.37805e-37	9.85354e-39	2.68257e-40	6.82728e-42	1.62682e-43	3.63452e-45	7.77338e-47	7.77338e-47	
0.000268485	0.000268485	0.0011305	0.00471784	0.0167091	0.0495476	0.122295	0.251401	0.435317	0.650816	0.869263	1.0718	1.24975	1.4003	1.5237	1.62249	1.69834	1.75314	1.7876	1.80624	1.81068	1.80036	1.77568	1.7336	1.67046	1.58579	1.47724	1.34328	1.18162	0.993169	0.782916	0.562643	0.356191	0.192635	0.0872955	0.0329153	0.010346	0.00272967	0.000610032	0.000116599	1.9241e-05	2.76548e-06	3.48998e-07	3.89543e-08	3.87107e-09	3.44548e-10	2.77095e-11	2.45936e-12	1.97993e-12	6.5554e-12	2.03493e-11	5.55205e-11	1.33173e-10	2.81552e-10	5.27044e-10	8.79011e-10	1.31458e-09	1.77089e-09	2.15295e-09	2.36221e-09	2.33796e-09	2.08737e-09	1.68188e-09	1.22257e-09	7.99759e-10	4.68417e-10	2.44003e-10	1.12359e-10	4.55518e-11	1.62239e-11	5.07227e-12	1.39204e-12	3.35533e-13	7.11041e-14	1.32674e-14	2.1843e-15	3.18133e-16	4.1117e-17	4.73209e-18	4.86747e-19	4.49175e-20	3.73279e-21	2.80395e-22	1.91064e-23	1.18508e-24	6.71251e-26	3.4827e-27	1.65992e-28	7.28729e-30	2.95422e-31	1.1085e-32	3.85831e-34	1.24828e-35	3.76103e-37	1.0572e-38	2.77702e-40	6.82728e-42	1.57324e-43	3.47162e-45	3.47162e-45	
0.00111233	0.00111233	0.00420297	0.0157439	0.0495476	0.128973	0.276363	0.490434	0.73769	0.979401	1.19832	1.39034	1.55273	1.68319	1.78234	1.85288	1.89804	1.92345	1.93594	1.94255	1.9448	1.94066	1.93188	1.915	1.88258	1.82783	1.74634	1.63465	1.49162	1.31667	1.11365	0.884895	0.637229	0.398124	0.20862	0.0902272	0.0321562	0.00950595	0.00235461	0.000494125	8.88046e-05	1.38058e-05	1.8735e-06	2.23745e-07	2.36877e-08	2.23794e-09	1.91285e-10	2.14337e-11	2.76824e-11	9.03071e-11	2.68302e-10	7.02128e-10	1.62107e-09	3.31353e-09	6.02672e-09	9.81432e-09	1.4394e-08	1.90936e-08	2.2961e-08	2.50548e-08	2.48128e-08	2.23011e-08	1.81841e-08	1.34353e-08	8.97011e-09	5.38643e-09	2.89119e-09	1.37867e-09	5.81286e-10	2.1604e-10	7.06536e-11	2.03158e-11	5.13538e-12	1.1417e-12	2.23478e-13	3.85812e-14	5.88843e-15	7.96846e-16	9.59293e-17	1.0311e-17	9.93252e-19	8.60739e-20	6.73534e-21	4.77635e-22	3.08026e-23	1.81244e-24	9.76061e-26	4.82495e-27	2.19535e-28	9.21762e-30	3.57997e-31	1.28901e-32	4.31177e-34	1.34252e-35	3.898e-37	1.0572e-38	2.68257e-40	6.37783e-42	1.45251e-43	1.45251e-43	
0.0039497	0.0039497	0.0132727	0.044198	0.122295	0.276363	0.509802	0.78214	1.04331	1.27897	1.49019	1.6666	1.80017	1.88846	1.93831	1.95588	1.9533	1.93878	1.92616	1.9153	1.91188	1.91928	1.93096	1.94456	1.95625	1.95147	1.92294	1.85799	1.75237	1.60118	1.40895	1.18781	0.941972	0.671688	0.408299	0.20451	0.0835296	0.0279368	0.00773286	0.0017938	0.000353069	5.96444e-05	8.73723e-06	1.12006e-06	1.26678e-07	1.27356e-08	1.16697e-09	1.87662e-10	3.55744e-10	1.12532e-09	3.19293e-09	8.00013e-09	1.77512e-08	3.50321e-08	6.18344e-08	9.82155e-08	1.41157e-07	1.84318e-07	2.19249e-07	2.37956e-07	2.358e-07	2.13322e-07	1.76028e-07	1.3225e-07	9.01926e-08	5.55877e-08	3.07826e-08	1.52217e-08	6.68536e-09	2.5975e-09	8.90388e-10	2.68818e-10	7.14188e-11	1.66946e-11	3.43562e-12	6.23283e-13	9.98895e-14	1.41804e-14	1.78892e-15	2.01264e-16	2.02693e-17	1.83427e-18	1.49717e-19	1.10626e-20	7.42595e-22	4.5437e-23	2.54219e-24	1.30448e-25	6.15629e-27	2.67908e-28	1.0777e-29	4.01655e-31	1.38987e-32	4.47433e-34	1.34252e-35	3.76103e-37	9.85354e-39	2.4179e-40	5.68505e-42	5.68505e-42	
0.0119843	0.0119843	0.0355172	0.104211	0.251401	0.490434	0.78214	1.06398	1.31857	1.55236	1.74057	1.86848	1.93846	1.95873	1.94221	1.89893	1.84444	1.78744	1.74075	1.71023	1.70106	1.71979	1.75768	1.80975	1.86664	1.91846	1.95252	1.95616	1.91668	1.82513	1.67237	1.46249	1.22001	0.955026	0.66302	0.384815	0.181358	0.0691742	0.021554	0.00556142	0.00120506	0.00022216	3.52557e-05	4.86596e-06	5.8941e-07	6.32196e-08	6.3267e-09	1.6986e-09	4.15678e-09	1.26169e-08	3.41086e-08	8.16628e-08	1.73837e-07	3.30723e-07	5.65727e-07	8.75422e-07	1.23189e-06	1.58277e-06	1.86222e-06	2.01037e-06	1.99334e-06	1.81506e-06	1.51589e-06	1.15864e-06	8.07887e-07	5.11673e-07	2.92734e-07	1.50344e-07	6.89053e-08	2.80447e-08	1.00989e-08	3.20904e-09	8.98301e-10	2.21339e-10	4.8007e-11	9.17406e-12	1.54737e-12	2.30935e-13	3.05903e-14	3.60902e-15	3.80647e-16	3.6028e-17	3.07182e-18	2.36814e-19	1.65665e-20	1.05524e-21	6.14009e-23	3.2736e-24	1.60378e-25	7.23937e-27	3.0184e-28	1.16518e-29	4.17346e-31	1.38987e-32	4.31177e-34	1.24828e-35	3.37805e-37	8.55852e-39	2.07828e-40	2.07828e-40	
0.0310864	0.0310864	0.0807466	0.207492	0.435317	0.73769	1.04331	1.31857	1.57382	1.77516	1.89665	1.95611	1.95221	1.90047	1.80853	1.69679	1.57741	1.47061	1.3856	1.33823	1.3277	1.3524	1.41615	1.51124	1.62416	1.74391	1.84853	1.92729	1.96066	1.9399	1.85709	1.70375	1.47536	1.21225	0.924736	0.61191	0.332102	0.144966	0.0510924	0.0147314	0.00352825	0.000712276	0.000122805	1.82926e-05	2.37801e-06	2.72944e-07	3.11549e-08	1.5724e-08	4.37564e-08	1.2652e-07	3.25061e-07	7.4201e-07	1.51239e-06	2.76899e-06	4.58329e-06	6.9005e-06	9.49847e-06	1.20021e-05	1.39653e-05	1.49963e-05	1.4878e-05	1.36356e-05	1.15285e-05	8.96978e-06	6.40111e-06	4.17176e-06	2.46963e-06	1.31965e-06	6.32416e-07	2.70245e-07	1.02488e-07	3.43693e-08	1.01655e-08	2.64769e-09	6.06936e-10	1.22503e-10	2.18018e-11	3.42893e-12	4.7799e-13	5.92589e-14	6.55801e-15	6.50342e-16	5.80148e-17	4.67312e-18	3.41143e-19	2.26489e-20	1.37208e-21	7.60834e-23	3.87305e-24	1.81495e-25	7.84948e-27	3.14069e-28	1.16518e-29	4.01655e-31	1.28901e-32	3.85831e-34	1.07899e-35	2.82366e-37	7.08435e-39	7.08435e-39	
0.0693023	0.0693023	0.157459	0.35415	0.650816	0.979401	1.27897	1.55236	1.77516	1.90306	1.96315	1.94432	1.85191	1.70706	1.52865	1.33879	1.15829	1.00384	0.888541	0.816501	0.7985	0.839401	0.929625	1.06085	1.22945	1.41484	1.60276	1.77073	1.89601	1.9624	1.94696	1.86263	1.69583	1.44605	1.16386	0.849672	0.523298	0.260367	0.103827	0.0335091	0.00888826	0.00196851	0.000369333	5.94566e-05	8.30618e-06	1.02529e-06	1.47193e-07	1.42613e-07	4.11447e-07	1.12717e-06	2.74446e-06	5.95796e-06	1.16019e-05	2.04022e-05	3.26211e-05	4.77156e-05	6.4178e-05	7.9703e-05	9.1691e-05	9.79309e-05	9.72168e-05	8.96875e-05	7.67877e-05	6.08614e-05	4.45029e-05	2.98904e-05	1.83417e-05	1.02174e-05	5.13145e-06	2.30815e-06	9.24499e-07	3.28192e-07	1.02892e-07	2.84197e-08	6.90715e-09	1.47699e-09	2.78162e-10	4.62292e-11	6.79888e-12	8.87789e-13	1.03309e-13	1.07547e-14	1.00555e-15	8.47673e-17	6.46697e-18	4.48106e-19	2.82975e-20	1.6338e-21	8.65055e-23	4.21223e-24	1.89127e-25	7.84948e-27	3.0184e-28	1.0777e-29	3.57997e-31	1.1085e-32	3.20503e-34	8.66731e-36	2.24772e-37	2.24772e-37	
0.134246	0.134246	0.267881	0.530798	0.869263	1.19832	1.49019	1.74057	1.89665	1.96315	1.94103	1.81534	1.63173	1.39317	1.13591	0.874765	0.634028	0.434671	0.285675	0.202408	0.183367	0.227439	0.337965	0.510918	0.727336	0.976988	1.24043	1.49221	1.71165	1.87408	1.96294	1.94462	1.84757	1.64819	1.37675	1.07141	0.730196	0.408933	0.183491	0.0661321	0.0194077	0.00471352	0.00096219	0.000167396	2.51409e-05	3.3791e-06	7.31034e-07	1.20984e-06	3.42721e-06	8.85409e-06	2.03651e-05	4.1927e-05	7.78076e-05	0.000131131	0.000202138	0.000286789	0.000376454	0.000459138	0.000522005	0.000554446	0.000550741	0.000511549	0.000443729	0.000358579	0.00026901	0.00018652	0.000118875	6.91889e-05	3.65086e-05	1.73357e-05	7.35718e-06	2.77439e-06	9.2532e-07	2.72036e-07	7.03536e-08	1.59941e-08	3.19808e-09	5.63379e-10	8.7664e-11	1.20883e-11	1.48263e-12	1.62379e-13	1.59439e-14	1.40912e-15	1.12529e-16	8.14982e-18	5.37191e-19	3.23329e-20	1.78258e-21	9.02837e-23	4.21223e-24	1.81495e-25	7.23937e-27	2.67908e-28	9.21762e-30	2.95422e-31	8.83576e-33	2.47037e-34	6.62511e-36	6.62511e-36	
0.229559	0.229559	0.406414	0.718416	1.0718	1.39034	1.6666	1.86848	1.95611	1.94432	1.81534	1.60752	1.32049	0.99723	0.653358	0.333463	0.0437563	-0.1874	-0.351308	-0.449522	-0.472921	-0.418439	-0.291754	-0.102057	0.151454	0.456918	0.791156	1.127	1.44463	1.69728	1.88054	1.96093	1.93275	1.80094	1.5611	1.26743	0.930255	0.575509	0.287398	0.114911	0.0371503	0.00986391	0.00218567	0.000410185	6.6231e-05	1.00553e-05	4.07752e-06	9.27621e-06	2.50666e-05	6.07936e-05	0.000131617	0.000256151	0.000451751	0.00072785	0.00107935	0.00148266	0.00189677	0.00226972	0.00254877	0.00269147	0.00267522	0.00250259	0.00220078	0.00181513	0.00139915	0.00100335	0.000665637	0.000405815	0.000225627	0.00011347	5.12112e-05	2.05958e-05	7.33815e-06	2.30598e-06	6.37245e-07	1.54639e-07	3.29537e-08	6.17504e-09	1.01992e-09	1.48958e-10	1.9308e-11	2.23008e-12	2.30459e-13	2.1396e-14	1.7917e-15	1.35849e-16	9.36016e-18	5.88082e-19	3.38005e-20	1.78258e-21	8.65055e-23	3.87305e-24	1.60378e-25	6.15629e-27	2.19535e-28	7.28729e-30	2.2559e-31	6.5242e-33	1.81031e-34	1.81031e-34	
0.35285	0.35285	0.562289	0.900573	1.24975	1.55273	1.80017	1.93846	1.95221	1.85191	1.63173	1.32049	0.941642	0.540201	0.137678	-0.233817	-0.546771	-0.797505	-0.972965	-1.06537	-1.08568	-1.03653	-0.9121	-0.707513	-0.430193	-0.087662	0.294141	0.704944	1.09686	1.45655	1.7315	1.90847	1.95985	1.89909	1.71036	1.43589	1.11056	0.743546	0.407254	0.178829	0.0632237	0.0182482	0.00436911	0.000881376	0.000153395	2.91253e-05	2.45575e-05	6.28295e-05	0.000159433	0.000361268	0.000733201	0.00134406	0.00224557	0.00344923	0.00490878	0.00651563	0.00811122	0.00951221	0.0105423	0.0110638	0.0110045	0.0103728	0.00925549	0.00780045	0.00618801	0.00459903	0.0031838	0.00203895	0.00119832	0.000640622	0.000308747	0.00013303	5.08773e-05	1.71732e-05	5.09556e-06	1.32605e-06	3.02484e-07	6.05372e-08	1.06528e-08	1.65338e-09	2.27179e-10	2.77472e-11	3.02527e-12	2.95693e-13	2.60165e-14	2.06879e-15	1.4924e-16	9.8018e-18	5.88082e-19	3.23329e-20	1.6338e-21	7.60834e-23	3.2736e-24	1.30448e-25	4.82495e-27	1.65992e-28	5.32181e-30	1.59294e-31	4.5757e-33	4.5757e-33	
0.496158	0.496158	0.723264	1.06643	1.4003	1.68319	1.88846	1.95873	1.90047	1.70706	1.39317	0.99723	0.540201	0.0694489	-0.378598	-0.77396	-1.09688	-1.33267	-1.49014	-1.58077	-1.60188	-1.55195	-1.4361	-1.24958	-0.975463	-0.625363	-0.204725	0.257248	0.726263	1.16493	1.5299	1.80094	1.93854	1.94847	1.82026	1.57552	1.26598	0.900485	0.532463	0.253638	0.0971157	0.0302315	0.00777026	0.00167728	0.000319649	9.3662e-05	0.000144601	0.000369762	0.000872298	0.00183711	0.00347918	0.00598332	0.00943724	0.013778	0.0187697	0.0240237	0.0290542	0.0333497	0.0364457	0.0379946	0.0378192	0.0359397	0.0325704	0.0280874	0.0229703	0.0177316	0.0128431	0.00866637	0.00540314	0.00308315	0.0015942	0.000739733	0.000305363	0.000111345	3.56734e-05	1.00097e-05	2.45656e-06	5.27551e-07	9.93278e-08	1.6446e-08	2.40364e-09	3.11403e-10	3.59195e-11	3.70519e-12	3.43275e-13	2.86837e-14	2.17025e-15	1.4924e-16	9.36016e-18	5.37191e-19	2.82975e-20	1.37208e-21	6.14009e-23	2.54219e-24	9.76061e-26	3.4827e-27	1.15716e-28	3.58697e-30	1.06726e-31	1.06726e-31	
0.648049	0.648049	0.878183	1.21031	1.5237	1.78234	1.93831	1.94221	1.80853	1.52865	1.13591	0.653358	0.137678	-0.378598	-0.846149	-1.24362	-1.54424	-1.74973	-1.87063	-1.9189	-1.92695	-1.9059	-1.8326	-1.67885	-1.43589	-1.09429	-0.667168	-0.173317	0.344465	0.855728	1.30383	1.65816	1.87857	1.95792	1.89261	1.6859	1.39523	1.0388	0.653218	0.333168	0.136637	0.045443	0.0124394	0.00286512	0.000634927	0.000362055	0.000770517	0.00186403	0.00405518	0.00789201	0.0138769	0.0222929	0.0330741	0.0457562	0.0595193	0.0733141	0.0860053	0.096508	0.103905	0.107553	0.107141	0.102706	0.0946246	0.0836023	0.0705993	0.0567202	0.0430944	0.0307369	0.0204045	0.0124826	0.00696047	0.00349856	0.00156876	0.000622008	0.000216601	6.59474e-05	1.75166e-05	4.05859e-06	8.2165e-07	1.45771e-07	2.2751e-08	3.13738e-09	3.84039e-10	4.19224e-11	4.09976e-12	3.6076e-13	2.86837e-14	2.06879e-15	1.35849e-16	8.14982e-18	4.48106e-19	2.26489e-20	1.05524e-21	4.5437e-23	1.81244e-24	6.71251e-26	2.31299e-27	7.42986e-29	2.29131e-30	2.29131e-30	
0.796127	0.796127	1.01833	1.33064	1.62249	1.85288	1.95588	1.89893	1.69679	1.33879	0.874765	0.333463	-0.233817	-0.77396	-1.24362	-1.60816	-1.8624	-2.00342	-2.05703	-2.07299	-2.07716	-2.06898	-2.04405	-1.95896	-1.77205	-1.47891	-1.06578	-0.565618	-0.00808934	0.555753	1.07064	1.49714	1.79576	1.94025	1.9331	1.76794	1.49878	1.15498	0.762062	0.410867	0.178404	0.0627439	0.0181437	0.00449503	0.00135791	0.00153789	0.00355764	0.00793609	0.0157991	0.0282375	0.0458617	0.0685363	0.0953313	0.12466	0.154558	0.182989	0.208033	0.228047	0.241781	0.248446	0.247699	0.239576	0.224505	0.20337	0.177506	0.148623	0.118675	0.0897043	0.0636238	0.0419088	0.0253362	0.0138824	0.00681011	0.00295856	0.00112842	0.000375578	0.000108725	2.73536e-05	5.98859e-06	1.14424e-06	1.91565e-07	2.82303e-08	3.6799e-09	4.26409e-10	4.41359e-11	4.09976e-12	3.43275e-13	2.60165e-14	1.7917e-15	1.12529e-16	6.46697e-18	3.41143e-19	1.65665e-20	7.42595e-22	3.08026e-23	1.18508e-24	4.23813e-26	1.41173e-27	4.51548e-29	4.51548e-29	
0.929234	0.929234	1.1378	1.42781	1.69834	1.89804	1.9533	1.84444	1.57741	1.15829	0.634028	0.0437563	-0.546771	-1.09688	-1.54424	-1.8624	-2.03923	-2.08724	-2.04664	-1.97851	-1.95648	-2.00454	-2.06971	-2.08197	-1.98552	-1.75258	-1.37906	-0.885379	-0.313096	0.285356	0.853508	1.3426	1.70372	1.90539	1.95068	1.82501	1.57777	1.24783	0.854102	0.480932	0.218559	0.0804451	0.0244452	0.00681507	0.00354455	0.00622183	0.0138729	0.0281162	0.0508315	0.0829361	0.123872	0.171699	0.223541	0.27614	0.326431	0.371757	0.409958	0.439427	0.459171	0.46865	0.467592	0.456028	0.434282	0.40297	0.363199	0.316694	0.265717	0.213015	0.161719	0.11506	0.07577	0.0455419	0.0246277	0.011823	0.00498295	0.00182892	0.000581794	0.000160129	3.81672e-05	7.90057e-06	1.42618e-06	2.25611e-07	3.14412e-08	3.88062e-09	4.26409e-10	4.19224e-11	3.70519e-12	2.95693e-13	2.1396e-14	1.40912e-15	8.47673e-17	4.67312e-18	2.36814e-19	1.10626e-20	4.77635e-22	1.91064e-23	7.09726e-25	2.45331e-26	8.14446e-28	8.14446e-28	
1.03868	1.03868	1.23283	1.5024	1.75314	1.92345	1.93878	1.78744	1.47061	1.00384	0.434671	-0.1874	-0.797505	-1.33267	-1.74973	-2.00342	-2.08724	-2.04494	-1.89679	-1.73265	-1.68347	-1.79219	-1.96552	-2.07423	-2.07113	-1.92488	-1.59812	-1.13257	-0.558012	0.0625361	0.672023	1.20492	1.61793	1.86728	1.95528	1.8623	1.63405	1.31726	0.926379	0.538814	0.25345	0.0967324	0.031097	0.0110894	0.010799	0.0219541	0.044833	0.0816698	0.133206	0.197612	0.271042	0.348777	0.426186	0.499427	0.565694	0.622822	0.669368	0.704468	0.727791	0.739033	0.737781	0.724083	0.698386	0.660966	0.612222	0.553135	0.485284	0.410959	0.333146	0.255886	0.183892	0.12179	0.0731081	0.0391266	0.0184023	0.00752337	0.00265523	0.000806575	0.00021095	4.76325e-05	9.32653e-06	1.59195e-06	2.38242e-07	3.14412e-08	3.6799e-09	3.84039e-10	3.59195e-11	3.02527e-12	2.30459e-13	1.59439e-14	1.00555e-15	5.80148e-17	3.07182e-18	1.49717e-19	6.73534e-21	2.80395e-22	1.08276e-23	3.88697e-25	1.3403e-26	1.3403e-26	
1.11853	1.11853	1.30091	1.55406	1.7876	1.93594	1.92616	1.74075	1.3856	0.888541	0.285675	-0.351308	-0.972965	-1.49014	-1.87063	-2.05703	-2.04664	-1.89679	-1.66508	-1.45433	-1.39354	-1.52699	-1.76366	-1.96929	-2.07037	-2.00969	-1.73608	-1.30041	-0.730752	-0.096538	0.536572	1.10004	1.55127	1.83022	1.95228	1.88651	1.67141	1.36409	0.977155	0.581208	0.280149	0.110355	0.0391305	0.0216552	0.0325523	0.0647272	0.118253	0.192216	0.282138	0.381355	0.483304	0.582713	0.675832	0.760445	0.834957	0.898066	0.949107	0.987828	1.01373	1.02616	1.02477	1.00961	0.981106	0.939903	0.886432	0.820965	0.744313	0.657853	0.563262	0.46299	0.361125	0.263213	0.175966	0.105746	0.056048	0.0258046	0.0102156	0.0034601	0.00100209	0.000248798	5.32034e-05	9.85638e-06	1.59195e-06	2.25611e-07	2.82303e-08	3.13738e-09	3.11403e-10	2.77472e-11	2.23008e-12	1.62379e-13	1.07547e-14	6.50342e-16	3.6028e-17	1.83427e-18	8.60739e-20	3.73279e-21	1.49979e-22	5.59596e-24	2.00581e-25	2.00581e-25	
1.16495	1.16495	1.33992	1.58273	1.80624	1.94255	1.9153	1.71023	1.33823	0.816501	0.202408	-0.449522	-1.06537	-1.58077	-1.9189	-2.07299	-1.97851	-1.73265	-1.45433	-1.19989	-1.12174	-1.29029	-1.56745	-1.83792	-2.04482	-2.04034	-1.80219	-1.39666	-0.823092	-0.192772	0.459619	1.03594	1.50936	1.80877	1.94719	1.89835	1.69222	1.39016	1.00592	0.606073	0.29701	0.121863	0.0530746	0.0490416	0.0862262	0.156033	0.252371	0.366204	0.487693	0.609526	0.727335	0.838449	0.941116	1.03415	1.11558	1.18461	1.24044	1.28294	1.31077	1.32336	1.32197	1.30644	1.27561	1.23036	1.17188	1.10028	1.01642	0.92128	0.816834	0.7042	0.585338	0.463162	0.342517	0.231283	0.139083	0.0728655	0.0327386	0.0125074	0.00405335	0.00111671	0.000262851	5.32034e-05	9.32653e-06	1.42618e-06	1.91565e-07	2.2751e-08	2.40364e-09	2.27179e-10	1.9308e-11	1.48263e-12	1.03309e-13	6.55801e-15	3.80647e-16	2.02693e-17	9.93252e-19	4.49175e-20	1.87951e-21	7.29479e-23	2.72021e-24	2.72021e-24	
1.17584	1.17584	1.34893	1.58914	1.81068	1.9448	1.91188	1.70106	1.3277	0.7985	0.183367	-0.472921	-1.08568	-1.60188	-1.92695	-2.07716	-1.95648	-1.68347	-1.39354	-1.12174	-1.03683	-1.22157	-1.51161	-1.79622	-2.03558	-2.04496	-1.81403	-1.41967	-0.84222	-0.217079	0.443226	1.02017	1.50042	1.80582	1.94482	1.89998	1.69706	1.39635	1.01283	0.612918	0.304722	0.135684	0.0835794	0.110425	0.190432	0.305614	0.439326	0.578689	0.717434	0.853256	0.984082	1.10719	1.22016	1.32058	1.40638	1.47782	1.53436	1.57571	1.60217	1.61414	1.61283	1.59812	1.56869	1.52429	1.46469	1.39035	1.30158	1.19845	1.08324	0.958412	0.826335	0.689803	0.550661	0.411682	0.279942	0.167818	0.0864708	0.0377081	0.0138328	0.00427246	0.00111671	0.000248798	4.76325e-05	7.90057e-06	1.14424e-06	1.45771e-07	1.6446e-08	1.65338e-09	1.48958e-10	1.20883e-11	8.87789e-13	5.92589e-14	3.60902e-15	2.01264e-16	1.0311e-17	4.86747e-19	2.1231e-20	8.57888e-22	3.33085e-23	3.33085e-23	
1.15068	1.15068	1.32792	1.57381	1.80036	1.94066	1.91928	1.71979	1.3524	0.839401	0.227439	-0.418439	-1.03653	-1.55195	-1.9059	-2.06898	-2.00454	-1.79219	-1.52699	-1.29029	-1.22157	-1.37531	-1.63598	-1.8859	-2.05528	-2.03211	-1.78328	-1.3657	-0.794924	-0.16243	0.482347	1.05609	1.52242	1.81542	1.9493	1.89478	1.6858	1.3825	0.9984	0.603349	0.307936	0.162039	0.146386	0.220342	0.346417	0.494921	0.649089	0.804565	0.960333	1.11231	1.25525	1.38487	1.49953	1.59715	1.67922	1.74522	1.79716	1.83372	1.85787	1.8708	1.86937	1.85398	1.82749	1.78798	1.73312	1.66408	1.57884	1.47796	1.36004	1.22768	1.08247	0.929332	0.773357	0.617952	0.463883	0.315576	0.187178	0.0940849	0.0395169	0.0138328	0.00405335	0.00100209	0.00021095	3.81672e-05	5.98859e-06	8.2165e-07	9.93278e-08	1.06528e-08	1.01992e-09	8.7664e-11	6.79888e-12	4.7799e-13	3.05903e-14	1.78892e-15	9.59293e-17	4.73209e-18	2.15361e-19	9.06744e-21	3.66862e-22	3.66862e-22	
1.09059	1.09059	1.27716	1.53604	1.77568	1.93188	1.93096	1.75768	1.41615	0.929625	0.337965	-0.291754	-0.9121	-1.4361	-1.8326	-2.04405	-2.06971	-1.96552	-1.76366	-1.56745	-1.51161	-1.63598	-1.85253	-2.02184	-2.07712	-1.98569	-1.6902	-1.2426	-0.66933	-0.0392429	0.58448	1.13689	1.57536	1.84388	1.95377	1.87827	1.65883	1.34912	0.964043	0.58205	0.316395	0.215016	0.252476	0.374217	0.53089	0.697673	0.870521	1.04668	1.21753	1.37552	1.51756	1.64229	1.7504	1.84051	1.91536	1.97367	2.01842	2.05047	2.0697	2.07911	2.07811	2.06668	2.04507	2.01044	1.96318	1.90168	1.8238	1.73023	1.61873	1.49051	1.34523	1.18419	1.01173	0.835394	0.663334	0.495877	0.334251	0.193995	0.0940849	0.0377081	0.0125074	0.0034601	0.000806575	0.000160129	2.73536e-05	4.05859e-06	5.27551e-07	6.05372e-08	6.17504e-09	5.63379e-10	4.62292e-11	3.42893e-12	2.30935e-13	1.41804e-14	7.96846e-16	4.1117e-17	1.95425e-18	8.58044e-20	3.62054e-21	3.62054e-21	
0.998347	0.998347	1.19803	1.47524	1.7336	1.915	1.94456	1.80975	1.51124	1.06085	0.510918	-0.102057	-0.707513	-1.24958	-1.67885	-1.95896	-2.08197	-2.07423	-1.96929	-1.83792	-1.79622	-1.8859	-2.02184	-2.08958	-2.04965	-1.86778	-1.52168	-1.04516	-0.469586	0.146105	0.740623	1.25672	1.64961	1.88285	1.95508	1.8494	1.61473	1.29583	0.913119	0.557763	0.342885	0.303769	0.395296	0.549026	0.724498	0.913418	1.10772	1.29344	1.46356	1.61808	1.7545	1.87215	1.96922	2.04699	2.10606	2.15106	2.18142	2.2024	2.2146	2.21933	2.21885	2.21278	2.19888	2.17623	2.14328	2.09545	2.03311	1.95131	1.85037	1.72855	1.58865	1.43064	1.25743	1.06923	0.874216	0.686255	0.506607	0.334251	0.187178	0.0864708	0.0327386	0.0102156	0.00265523	0.000581794	0.000108725	1.75166e-05	2.45656e-06	3.02484e-07	3.29537e-08	3.19808e-09	2.78162e-10	2.18018e-11	1.54737e-12	9.98895e-14	5.88843e-15	3.18133e-16	1.58045e-17	7.24192e-19	3.18926e-20	3.18926e-20	
0.878576	0.878576	1.09288	1.39163	1.67046	1.88258	1.95625	1.86664	1.62416	1.22945	0.727336	0.151454	-0.430193	-0.975463	-1.43589	-1.77205	-1.98552	-2.07113	-2.07037	-2.04482	-2.03558	-2.05528	-2.07712	-2.04965	-1.91689	-1.65288	-1.26527	-0.763931	-0.200584	0.387563	0.938494	1.40379	1.7407	1.91993	1.94575	1.80554	1.55151	1.22331	0.851846	0.541703	0.396414	0.423333	0.555024	0.730671	0.930794	1.14021	1.33858	1.52236	1.69101	1.83934	1.96208	2.0615	2.13661	2.19246	2.23059	2.2553	2.27033	2.27747	2.28154	2.28405	2.28375	2.28078	2.27638	2.26806	2.25119	2.22426	2.18271	2.12331	2.04349	1.9395	1.81153	1.65893	1.48642	1.30026	1.09845	0.887506	0.686255	0.495877	0.315576	0.167818	0.0728655	0.0258046	0.00752337	0.00182892	0.000375578	6.59474e-05	1.00097e-05	1.32605e-06	1.54639e-07	1.59941e-08	1.47699e-09	1.22503e-10	9.17406e-12	6.23283e-13	3.85812e-14	2.1843e-15	1.13507e-16	5.43157e-18	2.49817e-19	2.49817e-19	
0.738278	0.738278	0.964562	1.28529	1.58579	1.82783	1.95147	1.91846	1.74391	1.41484	0.976988	0.456918	-0.087662	-0.625363	-1.09429	-1.47891	-1.75258	-1.92488	-2.00969	-2.04034	-2.04496	-2.03211	-1.98569	-1.86778	-1.65288	-1.33927	-0.914965	-0.416221	0.131277	0.67104	1.16268	1.56299	1.8305	1.95008	1.92087	1.73991	1.46687	1.13467	0.788727	0.543051	0.475841	0.558694	0.719974	0.922297	1.14368	1.35505	1.55386	1.73685	1.8932	2.02066	2.12134	2.1955	2.24567	2.27392	2.28585	2.28547	2.2773	2.26806	2.2584	2.25187	2.25261	2.26013	2.26999	2.27916	2.2864	2.28455	2.26977	2.23749	2.18263	2.10347	1.99737	1.86435	1.70238	1.51483	1.31418	1.09845	0.874216	0.663334	0.463883	0.279942	0.139083	0.056048	0.0184023	0.00498295	0.00112842	0.000216601	3.56734e-05	5.09556e-06	6.37245e-07	7.03536e-08	6.90715e-09	6.06936e-10	4.8007e-11	3.43562e-12	2.23478e-13	1.32674e-14	7.21583e-16	3.60778e-17	1.73389e-18	1.73389e-18	
0.587225	0.587225	0.817663	1.15548	1.47724	1.74634	1.92294	1.95252	1.84853	1.60276	1.24043	0.791156	0.294141	-0.204725	-0.667168	-1.06578	-1.37906	-1.59812	-1.73608	-1.80219	-1.81403	-1.78328	-1.6902	-1.52168	-1.26527	-0.914965	-0.489042	-0.00553086	0.493912	0.981775	1.39588	1.71902	1.90698	1.95791	1.86855	1.64928	1.36196	1.03458	0.731773	0.564845	0.572121	0.699426	0.89135	1.11881	1.34452	1.55686	1.75428	1.9186	2.05515	2.16027	2.23204	2.27345	2.28692	2.28042	2.2575	2.22735	2.19396	2.16296	2.14201	2.13232	2.13335	2.1452	2.16852	2.20071	2.23372	2.26294	2.28319	2.286	2.26773	2.22024	2.14217	2.03007	1.88821	1.71719	1.51483	1.30026	1.06923	0.835394	0.617952	0.411682	0.231283	0.105746	0.0391266	0.011823	0.00295856	0.000622008	0.000111345	1.71732e-05	2.30598e-06	2.72036e-07	2.84197e-08	2.64769e-09	2.21339e-10	1.66946e-11	1.1417e-12	7.11041e-14	4.04886e-15	2.11576e-16	1.06285e-17	1.06285e-17	
0.437259	0.437259	0.659124	1.00249	1.34328	1.63465	1.85799	1.95616	1.92729	1.77073	1.49221	1.127	0.704944	0.257248	-0.173317	-0.565618	-0.885379	-1.13257	-1.30041	-1.39666	-1.41967	-1.3657	-1.2426	-1.04516	-0.763931	-0.416221	-0.00553086	0.437673	0.877937	1.28222	1.6151	1.85023	1.95211	1.93442	1.78346	1.53222	1.23801	0.928265	0.686789	0.604662	0.677163	0.844515	1.06736	1.30629	1.53123	1.74282	1.92097	2.06865	2.17903	2.24906	2.28272	2.28505	2.25908	2.21124	2.15069	2.0837	2.01916	1.9655	1.92509	1.90361	1.906	1.93175	1.97532	2.03138	2.09724	2.16353	2.22207	2.26651	2.28703	2.27891	2.2375	2.16074	2.04104	1.88821	1.70238	1.48642	1.25743	1.01173	0.773357	0.550661	0.342517	0.175966	0.0731081	0.0246277	0.00681011	0.00156876	0.000305363	5.08773e-05	7.33815e-06	9.2532e-07	1.02892e-07	1.01655e-08	8.98301e-10	7.14188e-11	5.13538e-12	3.35533e-13	2.00045e-14	1.09255e-15	5.73715e-17	5.73715e-17	
0.300711	0.300711	0.498745	0.829125	1.18162	1.49162	1.75237	1.91668	1.96066	1.89601	1.71165	1.44463	1.09686	0.726263	0.344465	-0.00808934	-0.313096	-0.558012	-0.730752	-0.823092	-0.84222	-0.794924	-0.66933	-0.469586	-0.200584	0.131277	0.493912	0.877937	1.24107	1.56291	1.79674	1.9372	1.95665	1.86718	1.65982	1.38974	1.09764	0.821613	0.657397	0.659026	0.78841	0.993964	1.23863	1.47833	1.7026	1.90054	2.0597	2.18052	2.25385	2.28878	2.27908	2.23333	2.15917	2.06524	1.95883	1.85345	1.75555	1.67339	1.61742	1.59101	1.59389	1.62619	1.688	1.77422	1.87407	1.98045	2.08549	2.17598	2.2452	2.28323	2.28596	2.24148	2.16074	2.03007	1.86435	1.65893	1.43064	1.18419	0.929332	0.689803	0.463162	0.263213	0.12179	0.0455419	0.0138824	0.00349856	0.000739733	0.00013303	2.05958e-05	2.77439e-06	3.28192e-07	3.43693e-08	3.20904e-09	2.68818e-10	2.03158e-11	1.39204e-12	8.68636e-14	4.95658e-15	2.71991e-16	2.71991e-16	
0.187913	0.187913	0.348366	0.643224	0.993169	1.31667	1.60118	1.82513	1.9399	1.9624	1.87408	1.69728	1.45655	1.16493	0.855728	0.555753	0.285356	0.0625361	-0.096538	-0.192772	-0.217079	-0.16243	-0.0392429	0.146105	0.387563	0.67104	0.981774	1.28222	1.5629	1.77355	1.92367	1.96429	1.90601	1.74836	1.50049	1.22439	0.944156	0.721851	0.646792	0.726271	0.905327	1.14284	1.39721	1.63499	1.85255	2.02923	2.16557	2.2506	2.28922	2.27329	2.21773	2.12119	1.99448	1.84821	1.69476	1.54321	1.40626	1.29697	1.21957	1.18038	1.18476	1.23211	1.31647	1.43175	1.57285	1.7257	1.8786	2.02187	2.14203	2.23288	2.27972	2.28596	2.2375	2.14217	1.99737	1.81153	1.58865	1.34523	1.08247	0.826335	0.585338	0.361125	0.183892	0.07577	0.0253362	0.00696047	0.0015942	0.000308747	5.12112e-05	7.35718e-06	9.24499e-07	1.02488e-07	1.00989e-08	8.90388e-10	7.06536e-11	5.07227e-12	3.30985e-13	1.97164e-14	1.1298e-15	1.1298e-15	
0.104794	0.104794	0.219971	0.457796	0.782916	1.11365	1.40895	1.67237	1.85709	1.94696	1.96294	1.88054	1.7315	1.5299	1.30383	1.07064	0.853508	0.672023	0.536572	0.459619	0.443226	0.482347	0.58448	0.740623	0.938494	1.16268	1.39588	1.6151	1.79674	1.92366	1.96724	1.91888	1.79711	1.57705	1.31079	1.0377	0.784609	0.639169	0.658122	0.8052	1.02546	1.28502	1.54065	1.77377	1.9761	2.13063	2.23688	2.28387	2.27726	2.21654	2.10308	1.95298	1.76948	1.56881	1.36128	1.16418	0.988805	0.844084	0.741934	0.692889	0.698282	0.758203	0.870053	1.02182	1.20215	1.40278	1.60978	1.80698	1.98661	2.12942	2.23288	2.28323	2.27891	2.22024	2.10347	1.9395	1.72855	1.49051	1.22768	0.958412	0.7042	0.46299	0.255886	0.11506	0.0419088	0.0124826	0.00308315	0.000640622	0.00011347	1.73357e-05	2.30815e-06	2.70245e-07	2.80447e-08	2.5975e-09	2.1604e-10	1.62239e-11	1.10543e-12	6.86467e-14	4.10234e-15	4.10234e-15	
0.0512616	0.0512616	0.122771	0.290938	0.562643	0.884895	1.18781	1.46249	1.70375	1.86263	1.94462	1.96093	1.90847	1.80094	1.65816	1.49714	1.3426	1.20492	1.10004	1.03594	1.02017	1.05609	1.13689	1.25672	1.40379	1.56299	1.71902	1.85022	1.93717	1.96422	1.91877	1.81167	1.6168	1.36194	1.09737	0.83366	0.633609	0.585148	0.692396	0.893201	1.14467	1.41552	1.66713	1.89285	2.07558	2.20455	2.27634	2.28425	2.22851	2.11557	1.94915	1.73749	1.49746	1.2366	0.976223	0.728161	0.506979	0.33194	0.213826	0.156853	0.163185	0.232587	0.36264	0.548196	0.776282	1.02751	1.28895	1.54795	1.78257	1.98661	2.14203	2.2452	2.28703	2.26773	2.18263	2.04349	1.85037	1.61873	1.36004	1.08324	0.816834	0.563262	0.333146	0.161719	0.0636238	0.0204045	0.00540314	0.00119832	0.000225627	3.65086e-05	5.13145e-06	6.32416e-07	6.89053e-08	6.68536e-09	5.81286e-10	4.55518e-11	3.23345e-12	2.08884e-13	1.2992e-14	1.2992e-14	
0.0216906	0.0216906	0.0593635	0.160747	0.356191	0.637229	0.941972	1.22001	1.47536	1.69583	1.84757	1.93275	1.95985	1.93854	1.87857	1.79576	1.70372	1.61793	1.55127	1.50936	1.50042	1.52242	1.57536	1.64961	1.7407	1.83049	1.90695	1.95204	1.95646	1.90559	1.79632	1.61573	1.37768	1.12386	0.861058	0.626412	0.512701	0.567434	0.746329	0.985552	1.25763	1.53127	1.77712	1.9907	2.15027	2.25319	2.28705	2.25425	2.14994	1.98301	1.7589	1.49033	1.18848	0.870921	0.552866	0.25083	-0.0119059	-0.224214	-0.375769	-0.452284	-0.443664	-0.351117	-0.186178	0.0370532	0.308656	0.615973	0.934557	1.25049	1.54795	1.80698	2.02187	2.17598	2.26651	2.286	2.23749	2.12331	1.95131	1.73023	1.47796	1.19845	0.92128	0.657853	0.410959	0.213015	0.0897043	0.0307369	0.00866637	0.00203895	0.000405815	6.91889e-05	1.02174e-05	1.31965e-06	1.50344e-07	1.52217e-08	1.37867e-09	1.12359e-10	8.28279e-12	5.54963e-13	3.58205e-14	3.58205e-14	
0.00786822	0.00786822	0.0245184	0.075646	0.192635	0.398124	0.671688	0.955026	1.21225	1.44605	1.64819	1.80094	1.89909	1.94847	1.95792	1.94025	1.90539	1.86728	1.83022	1.80877	1.80582	1.81542	1.84388	1.88285	1.91991	1.95003	1.95775	1.93399	1.86616	1.74621	1.57308	1.3557	1.11679	0.861202	0.611511	0.447054	0.440125	0.584055	0.812238	1.07611	1.35969	1.63078	1.8691	2.0682	2.20553	2.27877	2.27692	2.20089	2.04971	1.82926	1.54967	1.22007	0.860546	0.483977	0.108307	-0.241978	-0.553922	-0.81083	-0.989635	-1.07618	-1.06652	-0.961032	-0.765077	-0.495039	-0.174655	0.181525	0.560356	0.934557	1.28895	1.60978	1.8786	2.08549	2.22207	2.28319	2.26977	2.18271	2.03311	1.8238	1.57884	1.30158	1.01642	0.744313	0.485284	0.265717	0.118675	0.0430944	0.0128431	0.0031838	0.000665637	0.000118875	1.83417e-05	2.46963e-06	2.92734e-07	3.07826e-08	2.89119e-09	2.44003e-10	1.86031e-11	1.2877e-12	8.59168e-14	8.59168e-14	
0.0024378	0.0024378	0.00858922	0.029979	0.0872955	0.20862	0.408299	0.66302	0.924736	1.16386	1.37675	1.5611	1.71036	1.82026	1.89261	1.9331	1.95068	1.95528	1.95228	1.94719	1.94482	1.9493	1.95376	1.95505	1.94565	1.92057	1.86769	1.78133	1.65514	1.49138	1.2949	1.07271	0.828451	0.580581	0.389372	0.326385	0.417476	0.623629	0.880739	1.15912	1.44793	1.71458	1.94498	2.12678	2.24185	2.28719	2.24916	2.13353	1.93512	1.66616	1.33145	0.947944	0.529606	0.0947937	-0.332693	-0.739159	-1.10211	-1.39061	-1.58535	-1.6789	-1.6684	-1.55427	-1.34006	-1.03456	-0.660209	-0.248734	0.181525	0.615973	1.02751	1.40278	1.7257	1.98045	2.16353	2.26294	2.28455	2.22426	2.09545	1.90168	1.66408	1.39035	1.10028	0.820965	0.553135	0.316694	0.148623	0.0567202	0.0177316	0.00459903	0.00100335	0.00018652	2.98904e-05	4.17176e-06	5.11673e-07	5.55877e-08	5.38643e-09	4.68417e-10	3.67583e-11	2.6163e-12	1.79588e-13	1.79588e-13	
0.000645543	0.000645543	0.00254997	0.00997756	0.0329153	0.0902272	0.20451	0.384815	0.61191	0.849672	1.07141	1.26743	1.43589	1.57552	1.6859	1.76794	1.82501	1.8623	1.88651	1.89835	1.89998	1.89477	1.87823	1.84924	1.80502	1.73837	1.64531	1.52327	1.37186	1.1924	0.985923	0.75757	0.526085	0.334464	0.236918	0.269657	0.429727	0.67188	0.944139	1.23103	1.52145	1.78219	2.00391	2.1706	2.26464	2.28251	2.21364	2.05874	1.82053	1.50317	1.12144	0.685706	0.212395	-0.271991	-0.756491	-1.21881	-1.62539	-1.95456	-2.18951	-2.30841	-2.29487	-2.15097	-1.89559	-1.54984	-1.1299	-0.660209	-0.174655	0.308656	0.776282	1.20215	1.57285	1.87407	2.09724	2.23372	2.2864	2.25119	2.14328	1.96318	1.73312	1.46469	1.17188	0.886432	0.612222	0.363199	0.177506	0.0705993	0.0229703	0.00618801	0.00139915	0.00026901	4.45029e-05	6.40111e-06	8.07887e-07	9.01926e-08	8.97011e-09	7.99759e-10	6.42808e-11	4.68196e-12	3.28997e-13	3.28997e-13	
0.000146649	0.000146649	0.000643789	0.00279756	0.010346	0.0321562	0.0835296	0.181358	0.332102	0.523298	0.730196	0.930255	1.11056	1.26598	1.39523	1.49878	1.57777	1.63405	1.67141	1.69221	1.69705	1.68574	1.65861	1.61393	1.54905	1.4603	1.3467	1.20689	1.04129	0.852234	0.647772	0.445989	0.275979	0.171185	0.159635	0.257644	0.457318	0.717762	0.997609	1.2896	1.58001	1.83587	2.04925	2.20026	2.2773	2.27049	2.17415	1.98664	1.7123	1.35457	0.931635	0.448207	-0.0681231	-0.603421	-1.14032	-1.64782	-2.11039	-2.51241	-2.81533	-2.97217	-2.95428	-2.765	-2.43831	-2.02191	-1.54984	-1.03456	-0.495039	0.0370532	0.548196	1.02182	1.43175	1.77422	2.03138	2.20071	2.27916	2.26806	2.17623	2.01044	1.78798	1.52429	1.23036	0.939903	0.660966	0.40297	0.20337	0.0836023	0.0280874	0.00780045	0.00181513	0.000358579	6.08614e-05	8.96978e-06	1.15864e-06	1.3225e-07	1.34353e-08	1.22257e-09	1.00215e-10	7.43914e-12	5.3295e-13	5.3295e-13	
2.87384e-05	2.87384e-05	0.000139053	0.000665161	0.00272967	0.00950595	0.0279368	0.0691742	0.144966	0.260367	0.408933	0.575509	0.743546	0.900485	1.0388	1.15498	1.24783	1.31726	1.36409	1.39015	1.39629	1.38221	1.34803	1.29231	1.21354	1.1113	0.986038	0.839641	0.677135	0.507959	0.346994	0.212507	0.121926	0.0900039	0.132732	0.266016	0.485774	0.754947	1.03896	1.33479	1.62408	1.87439	2.08186	2.22102	2.28223	2.25752	2.13739	1.92516	1.62023	1.23291	0.772309	0.256098	-0.300518	-0.881479	-1.45231	-2.0052	-2.54397	-3.03264	-3.40256	-3.59232	-3.57077	-3.34139	-2.94203	-2.43831	-1.89559	-1.34006	-0.765077	-0.186178	0.36264	0.870053	1.31647	1.688	1.97532	2.16852	2.26999	2.27638	2.19888	2.04507	1.82749	1.56869	1.27561	0.981106	0.698386	0.434282	0.224505	0.0946246	0.0325704	0.00925549	0.00220078	0.000443729	7.67877e-05	1.15285e-05	1.51589e-06	1.76028e-07	1.81841e-08	1.68188e-09	1.40082e-10	1.05628e-11	7.69173e-13	7.69173e-13	
4.88947e-06	4.88947e-06	2.58798e-05	0.0001352	0.000610032	0.00235461	0.00773286	0.021554	0.0510924	0.103827	0.183491	0.287398	0.407254	0.532463	0.653218	0.762062	0.854101	0.926376	0.977141	1.00585	1.01249	0.997065	0.959516	0.900034	0.819566	0.720361	0.606005	0.482417	0.358075	0.24345	0.14906	0.0828883	0.0503419	0.0595994	0.12844	0.278123	0.507476	0.780803	1.06747	1.36598	1.65374	1.90005	2.10203	2.23253	2.28435	2.24419	2.11094	1.87697	1.55508	1.14243	0.657197	0.120816	-0.473157	-1.08137	-1.67208	-2.27314	-2.88605	-3.44427	-3.85998	-4.07002	-4.04629	-3.79179	-3.34139	-2.765	-2.15097	-1.55427	-0.961032	-0.351117	0.232587	0.758203	1.23211	1.62619	1.93175	2.1452	2.26013	2.28078	2.21278	2.06668	1.85398	1.59812	1.30644	1.00961	0.724083	0.456028	0.239576	0.102706	0.0359397	0.0103728	0.00250259	0.000511549	8.96875e-05	1.36356e-05	1.81506e-06	2.13322e-07	2.23011e-08	2.08737e-09	1.75941e-10	1.34271e-11	9.90367e-13	9.90367e-13	
7.27076e-07	7.27076e-07	4.18166e-06	2.3693e-05	0.000116599	0.000494125	0.0017938	0.00556142	0.0147314	0.0335091	0.0661321	0.114911	0.178829	0.253638	0.333168	0.410866	0.48093	0.538801	0.581136	0.605721	0.611447	0.59811	0.566231	0.517358	0.454137	0.380391	0.30119	0.222746	0.151628	0.0935267	0.0519254	0.0281356	0.0244778	0.0508994	0.129733	0.285936	0.519326	0.794565	1.08291	1.38221	1.66776	1.91391	2.11369	2.23678	2.28646	2.23501	2.09748	1.84888	1.52128	1.09123	0.595887	0.0473854	-0.569739	-1.18805	-1.79019	-2.42553	-3.08429	-3.67994	-4.11775	-4.33695	-4.31224	-4.04629	-3.57077	-2.95428	-2.29487	-1.6684	-1.06652	-0.443664	0.163185	0.698282	1.18476	1.59389	1.906	2.13335	2.25261	2.28375	2.21885	2.07811	1.86937	1.61283	1.32197	1.02477	0.737781	0.467592	0.247699	0.107141	0.0378192	0.0110045	0.00267522	0.000550741	9.72168e-05	1.4878e-05	1.99334e-06	2.358e-07	2.48128e-08	2.33796e-09	1.98405e-10	1.52471e-11	1.13313e-12	1.13313e-12	
9.51204e-08	9.51204e-08	5.90958e-07	3.60963e-06	1.9241e-05	8.88046e-05	0.000353069	0.00120506	0.00352825	0.00888826	0.0194077	0.0371502	0.0632237	0.0971157	0.136636	0.178402	0.218549	0.253386	0.27982	0.295555	0.299261	0.290638	0.2704	0.240275	0.202898	0.161633	0.12031	0.082687	0.051767	0.02919	0.0151921	0.00988596	0.0167415	0.0482605	0.129319	0.286519	0.520378	0.795831	1.08436	1.38364	1.66882	1.91515	2.11494	2.23718	2.28685	2.23422	2.09641	1.84637	1.51837	1.08659	0.590406	0.0406078	-0.578696	-1.19772	-1.80104	-2.4399	-3.10305	-3.70207	-4.14178	-4.36174	-4.33695	-4.07002	-3.59232	-2.97217	-2.30841	-1.6789	-1.07618	-0.452284	0.156853	0.692889	1.18038	1.59101	1.90361	2.13232	2.25187	2.28405	2.21933	2.07911	1.8708	1.61414	1.32336	1.02616	0.739033	0.46865	0.248446	0.107553	0.0379946	0.0110638	0.00269147	0.000554446	9.79309e-05	1.49963e-05	2.01037e-06	2.37956e-07	2.50548e-08	2.36221e-09	2.00591e-10	1.54251e-11	1.14718e-12	1.14718e-12	
