5.7132	5.7132	5.43687	4.94999	4.28976	3.46829	2.52792	1.56989	0.713412	0.0197431	-0.506746	-0.89866	-1.19131	-1.4128	-1.57767	-1.69776	-1.78523	-1.84349	-1.88059	-1.9002	-1.90365	-1.89444	-1.86703	-1.82348	-1.75437	-1.65479	-1.52035	-1.34026	-1.10945	-0.827468	-0.489942	-0.101185	0.331139	0.791851	1.26158	1.71558	2.12622	2.4639	2.71684	2.86737	2.87598	2.74251	2.50735	2.18091	1.75299	1.26318	0.803715	0.454301	0.23737	0.127714	0.085137	0.0769843	0.0837883	0.0960109	0.109455	0.12224	0.133364	0.14217	0.148189	0.15111	0.150782	0.147223	0.140613	0.131289	0.119723	0.106495	0.0922589	0.077695	0.0634633	0.0501523	0.0382332	0.0280267	0.0196854	0.0131975	0.00841117	0.00507468	0.00288611	0.00154092	0.000769384	0.000358022	0.000154818	6.20702e-05	2.30344e-05	7.90416e-06	2.50682e-06	7.34864e-07	1.99215e-07	4.99853e-08	1.16213e-08	2.50697e-09	5.02538e-10	9.37582e-11	1.63075e-11	2.64872e-12	4.02425e-13	5.72875e-14	7.65388e-15	9.62551e-16	1.26323e-16	1.26323e-16	
5.7132	5.7132	5.43687	4.94999	4.28976	3.46829	2.52792	1.56989	0.713412	0.0197431	-0.506746	-0.89866	-1.19131	-1.4128	-1.57767	-1.69776	-1.78523	-1.84349	-1.88059	-1.9002	-1.90365	-1.89444	-1.86703	-1.82348	-1.75437	-1.65479	-1.52035	-1.34026	-1.10945	-0.827468	-0.489942	-0.101185	0.331139	0.791851	1.26158	1.71558	2.12622	2.4639	2.71684	2.86737	2.87598	2.74251	2.50735	2.18091	1.75299	1.26318	0.803715	0.454301	0.23737	0.127714	0.085137	0.0769843	0.0837883	0.0960109	0.109455	0.12224	0.133364	0.14217	0.148189	0.15111	0.150782	0.147223	0.140613	0.131289	0.119723	0.106495	0.0922589	0.077695	0.0634633	0.0501523	0.0382332	0.0280267	0.0196854	0.0131975	0.00841117	0.00507468	0.00288611	0.00154092	0.000769384	0.000358022	0.000154818	6.20702e-05	2.30344e-05	7.90416e-06	2.50682e-06	7.34864e-07	1.99215e-07	4.99853e-08	1.16213e-08	2.50697e-09	5.02538e-10	9.37582e-11	1.63075e-11	2.64872e-12	4.02425e-13	5.72875e-14	7.65388e-15	9.62551e-16	1.26323e-16	1.26323e-16	
5.43687	5.43687	5.22305	4.76413	4.10717	3.32475	2.46368	1.59731	0.803199	0.141479	-0.370183	-0.750162	-1.02483	-1.22515	-1.3713	-1.47906	-1.5528	-1.60407	-1.63559	-1.65218	-1.65625	-1.64708	-1.62517	-1.58548	-1.52685	-1.4425	-1.32248	-1.16605	-0.963304	-0.709091	-0.401577	-0.0470292	0.346446	0.765734	1.19768	1.62021	2.01422	2.35644	2.59814	2.72454	2.74888	2.65665	2.43688	2.11261	1.71571	1.28242	0.868851	0.535151	0.311954	0.190707	0.141028	0.131851	0.141605	0.158423	0.176647	0.1937	0.208304	0.219712	0.227434	0.231159	0.230742	0.226199	0.217706	0.205591	0.190332	0.172534	0.152911	0.132254	0.111386	0.0911187	0.0721886	0.0552058	0.040603	0.0286047	0.0192192	0.0122592	0.00738884	0.00418837	0.00222296	0.0011002	0.000505986	0.000215625	8.49639e-05	3.09127e-05	1.03776e-05	3.21415e-06	9.18794e-07	2.4261e-07	5.9243e-08	1.33969e-08	2.80992e-09	5.47558e-10	9.93058e-11	1.67918e-11	2.65201e-12	3.91896e-13	5.42806e-14	7.06914e-15	9.62551e-16	9.62551e-16	
4.94999	4.94999	4.76413	4.36426	3.78552	3.09299	2.35989	1.63173	0.939081	0.344121	-0.125288	-0.464092	-0.701836	-0.864566	-0.978241	-1.05659	-1.11114	-1.1481	-1.17156	-1.18467	-1.18812	-1.18052	-1.16572	-1.13501	-1.09203	-1.03074	-0.945829	-0.830142	-0.679345	-0.487365	-0.252263	0.0287602	0.35271	0.712053	1.08888	1.4673	1.81149	2.11136	2.34516	2.47968	2.5259	2.47384	2.28953	2.00005	1.67019	1.33178	0.996355	0.694318	0.464936	0.325096	0.262168	0.249593	0.263047	0.286722	0.312296	0.3359	0.355781	0.371077	0.381313	0.386219	0.385672	0.379686	0.368401	0.352093	0.331176	0.306206	0.277888	0.24707	0.214735	0.181963	0.149884	0.119599	0.0920938	0.0681418	0.048224	0.0324813	0.0207154	0.0124449	0.00700723	0.00368076	0.00179635	0.000811791	0.000338835	0.000130396	4.6223e-05	1.50886e-05	4.5371e-06	1.25774e-06	3.21808e-07	7.61067e-08	1.66641e-08	3.38411e-09	6.3857e-10	1.12173e-10	1.83782e-11	2.81357e-12	4.03226e-13	5.42806e-14	7.65388e-15	7.65388e-15	
4.28976	4.28976	4.10717	3.78552	3.32685	2.77833	2.2289	1.67566	1.12775	0.623364	0.209418	-0.0856092	-0.281296	-0.399545	-0.473255	-0.520368	-0.553092	-0.57547	-0.591071	-0.600076	-0.60087	-0.597274	-0.585978	-0.568824	-0.543132	-0.506382	-0.461645	-0.398474	-0.313065	-0.195037	-0.0456421	0.146647	0.374354	0.641649	0.926716	1.22564	1.5186	1.77037	1.9912	2.1534	2.22245	2.20132	2.08324	1.88308	1.65539	1.42686	1.18305	0.926898	0.698595	0.538574	0.456487	0.434819	0.448153	0.476431	0.507918	0.536973	0.561197	0.579619	0.591831	0.59765	0.597004	0.589897	0.576403	0.556671	0.530945	0.499581	0.46308	0.422117	0.377575	0.33056	0.282406	0.234623	0.188817	0.146544	0.109156	0.0776246	0.0524095	0.0334045	0.0199865	0.0111658	0.00579689	0.00278555	0.00123505	0.000504156	0.000189232	6.52775e-05	2.06995e-05	6.03826e-06	1.62232e-06	4.02059e-07	9.20699e-08	1.9518e-08	3.83784e-09	7.01354e-10	1.19357e-10	1.89529e-11	2.81357e-12	3.91896e-13	5.72875e-14	5.72875e-14	
3.46829	3.46829	3.32475	3.09299	2.77833	2.42591	2.0681	1.69894	1.32069	0.931162	0.5985	0.351973	0.204328	0.120686	0.0789735	0.0514037	0.0360005	0.0187769	0.0080123	0.00365741	-0.000163962	0.00481863	0.0143348	0.0241274	0.0391443	0.0528572	0.0692616	0.0848284	0.10341	0.136273	0.188838	0.272734	0.388976	0.53683	0.721268	0.919672	1.14897	1.3772	1.58058	1.75109	1.85025	1.88279	1.86859	1.80252	1.69942	1.57845	1.42372	1.22154	1.00349	0.824152	0.715836	0.675189	0.679457	0.705432	0.737688	0.768303	0.793921	0.813319	0.826108	0.83218	0.831506	0.824082	0.80991	0.789004	0.761406	0.727203	0.686561	0.63977	0.587297	0.529856	0.468478	0.404573	0.339932	0.276657	0.217003	0.163138	0.116846	0.0792347	0.050548	0.0301519	0.0167228	0.00858208	0.00405982	0.00176545	0.000704524	0.000257811	8.65164e-05	2.66437e-05	7.53906e-06	1.96315e-06	4.71298e-07	1.04523e-07	2.14589e-08	4.08698e-09	7.23626e-10	1.19357e-10	1.83782e-11	2.65201e-12	4.02425e-13	4.02425e-13	
2.52792	2.52792	2.46368	2.35989	2.2289	2.0681	1.87461	1.68457	1.46926	1.22288	0.984042	0.792989	0.675703	0.61305	0.585564	0.569907	0.553084	0.541075	0.528592	0.522491	0.518474	0.523666	0.532922	0.544887	0.556253	0.559983	0.55635	0.534625	0.502401	0.454393	0.411688	0.373873	0.371994	0.398393	0.47946	0.602488	0.756704	0.941444	1.12385	1.30155	1.45798	1.58586	1.70166	1.78399	1.80825	1.78247	1.70331	1.5535	1.35112	1.15359	1.01233	0.941863	0.926599	0.942212	0.969613	0.997962	1.02236	1.04099	1.05328	1.05911	1.05846	1.05131	1.03763	1.01737	0.990435	0.956762	0.916276	0.868945	0.814805	0.754011	0.686922	0.614233	0.537122	0.457352	0.377293	0.299818	0.228039	0.164869	0.112495	0.0719283	0.0428087	0.0235768	0.0119588	0.00556695	0.00237297	0.000925189	0.000329893	0.000107647	3.21857e-05	8.83236e-06	2.22895e-06	5.18399e-07	1.11364e-07	2.21476e-08	4.08698e-09	7.01354e-10	1.12173e-10	1.67918e-11	2.64872e-12	2.64872e-12	
1.56989	1.56989	1.59731	1.63173	1.67566	1.69894	1.68457	1.65224	1.58125	1.46453	1.30207	1.15373	1.04104	0.980554	0.941776	0.922117	0.902877	0.89169	0.879174	0.869348	0.871621	0.873428	0.881011	0.895317	0.902902	0.90627	0.896081	0.859832	0.792832	0.692643	0.574041	0.448998	0.340005	0.267726	0.23684	0.267489	0.349496	0.485747	0.658764	0.87034	1.11666	1.36713	1.61331	1.82748	1.96318	2.01493	1.99303	1.88703	1.70262	1.49083	1.31538	1.20928	1.16776	1.16776	1.18698	1.21116	1.23326	1.25048	1.26192	1.26735	1.26673	1.26004	1.24722	1.22816	1.20272	1.17075	1.1321	1.08662	1.0342	0.974772	0.90828	0.834735	0.754373	0.667868	0.576542	0.48256	0.389025	0.299828	0.219143	0.150636	0.0965995	0.0573717	0.0313665	0.0157142	0.00719208	0.00300228	0.00114262	0.000396693	0.000125794	3.65004e-05	9.71161e-06	2.37495e-06	5.35115e-07	1.11364e-07	2.14589e-08	3.83784e-09	6.3857e-10	9.93058e-11	1.63075e-11	1.63075e-11	
0.713412	0.713412	0.803199	0.939081	1.12775	1.32069	1.46926	1.58125	1.64756	1.63863	1.54339	1.40409	1.2672	1.16761	1.1058	1.07413	1.05733	1.04354	1.03761	1.03249	1.0312	1.03444	1.03812	1.04532	1.05093	1.05175	1.0388	1.01284	0.94583	0.835298	0.672872	0.484886	0.288493	0.117959	-0.00713005	-0.0654985	-0.0506273	0.0589335	0.25774	0.532769	0.877552	1.24423	1.59683	1.90851	2.12973	2.24224	2.26348	2.19424	2.03191	1.81511	1.61152	1.47012	1.39923	1.37994	1.38806	1.40601	1.42438	1.43919	1.4491	1.45381	1.45326	1.4474	1.43611	1.41918	1.3963	1.36715	1.33137	1.28866	1.23878	1.18163	1.11726	1.04568	0.96686	0.880815	0.787769	0.688381	0.584122	0.477693	0.373215	0.27591	0.191123	0.122909	0.0727993	0.0394698	0.0195055	0.00876521	0.00357862	0.00132796	0.000448473	0.000138102	3.8868e-05	1.00236e-05	2.37495e-06	5.18399e-07	1.04523e-07	1.9518e-08	3.38411e-09	5.47558e-10	9.37582e-11	9.37582e-11	
0.0197431	0.0197431	0.141479	0.344121	0.623364	0.931162	1.22288	1.46453	1.63863	1.71295	1.65353	1.5011	1.32346	1.18709	1.10725	1.07279	1.06209	1.06217	1.06432	1.06571	1.06662	1.06432	1.06174	1.05513	1.048	1.03509	1.01572	0.986699	0.933433	0.833512	0.670477	0.450239	0.197198	-0.0473518	-0.252328	-0.367641	-0.375471	-0.260299	-0.0168184	0.32574	0.7471	1.19579	1.61984	1.99526	2.27981	2.44434	2.50409	2.46944	2.33371	2.12091	1.89563	1.71914	1.61441	1.56985	1.56141	1.56882	1.58025	1.59039	1.59735	1.60066	1.60025	1.59604	1.58781	1.57522	1.55778	1.53483	1.50569	1.46964	1.42595	1.37403	1.31367	1.24498	1.16826	1.0838	0.991968	0.893077	0.787438	0.675719	0.559668	0.442859	0.330953	0.230857	0.148718	0.087715	0.0470761	0.0229052	0.0100876	0.00402149	0.00145303	0.000476809	0.000142464	3.8868e-05	9.71161e-06	2.22895e-06	4.71298e-07	9.20699e-08	1.66641e-08	2.80992e-09	5.02538e-10	5.02538e-10	
-0.506746	-0.506746	-0.370183	-0.125288	0.209418	0.5985	0.984042	1.30207	1.54339	1.65353	1.60625	1.43033	1.22334	1.06814	0.995001	0.975391	0.984172	0.995869	1.01298	1.02197	1.02212	1.02008	1.00488	0.981965	0.954333	0.914927	0.862306	0.81173	0.755533	0.67555	0.531787	0.322186	0.0567603	-0.211408	-0.434924	-0.566907	-0.568483	-0.428645	-0.14755	0.237014	0.696245	1.18689	1.65355	2.07241	2.40836	2.62175	2.71782	2.71286	2.60079	2.39306	2.14734	1.93369	1.79	1.71417	1.68391	1.67687	1.67873	1.68251	1.68551	1.687	1.68678	1.68474	1.68063	1.674	1.66426	1.65062	1.6321	1.60768	1.57629	1.53657	1.48731	1.42778	1.35783	1.27769	1.18797	1.08977	0.984254	0.872234	0.754162	0.630775	0.50442	0.380377	0.2667	0.171734	0.100615	0.0533159	0.0254769	0.0109715	0.00426256	0.00149724	0.000476809	0.000138102	3.65004e-05	8.83236e-06	1.96315e-06	4.02059e-07	7.61067e-08	1.33969e-08	2.50697e-09	2.50697e-09	
-0.89866	-0.89866	-0.750162	-0.464092	-0.0856092	0.351973	0.792989	1.15373	1.40409	1.5011	1.43033	1.22905	1.01857	0.87594	0.818109	0.800583	0.811304	0.838519	0.857326	0.870847	0.872038	0.863012	0.848868	0.814041	0.770965	0.719536	0.643682	0.550063	0.466537	0.393444	0.296483	0.138986	-0.0762073	-0.314049	-0.516147	-0.625551	-0.606009	-0.452883	-0.164966	0.225596	0.691191	1.19896	1.6925	2.14291	2.51883	2.77209	2.89543	2.909	2.8117	2.60643	2.34212	2.09334	1.9107	1.80188	1.74768	1.72464	1.71593	1.7127	1.7114	1.7109	1.71088	1.71118	1.71149	1.71129	1.70983	1.70627	1.69951	1.68822	1.67135	1.64766	1.61539	1.57275	1.51844	1.45165	1.37183	1.27934	1.17566	1.063	0.943592	0.8188	0.689005	0.555076	0.421161	0.29593	0.189851	0.110111	0.0574165	0.0268632	0.0112824	0.00426256	0.00145303	0.000448473	0.000125794	3.21857e-05	7.53906e-06	1.62232e-06	3.21808e-07	5.9243e-08	1.16213e-08	1.16213e-08	
-1.19131	-1.19131	-1.02483	-0.701836	-0.281296	0.204328	0.675703	1.04104	1.2672	1.32346	1.22334	1.01857	0.818308	0.676667	0.592435	0.552354	0.554581	0.579167	0.591309	0.603856	0.609855	0.597714	0.583464	0.554042	0.506259	0.458215	0.390893	0.293073	0.184753	0.107808	0.0466778	-0.0334501	-0.165514	-0.325255	-0.468182	-0.547533	-0.520594	-0.378902	-0.111716	0.261079	0.716694	1.22949	1.73771	2.20324	2.60007	2.87831	3.01925	3.0436	2.95611	2.7541	2.4765	2.19764	1.97775	1.83467	1.75439	1.71325	1.69221	1.68069	1.67435	1.67143	1.67164	1.6747	1.68016	1.68757	1.69584	1.70393	1.71068	1.71432	1.71299	1.70563	1.6909	1.667	1.632	1.58463	1.52358	1.44741	1.35556	1.2489	1.12997	1.00258	0.870171	0.733893	0.593412	0.451315	0.316498	0.201416	0.115143	0.0588464	0.0268632	0.0109715	0.00402149	0.00132796	0.000396693	0.000107647	2.66437e-05	6.03826e-06	1.25774e-06	2.4261e-07	4.99853e-08	4.99853e-08	
-1.4128	-1.4128	-1.22515	-0.864566	-0.399545	0.120686	0.61305	0.980554	1.16761	1.18709	1.06814	0.87594	0.676667	0.502554	0.35639	0.280373	0.268125	0.283021	0.285171	0.299263	0.30718	0.287991	0.280649	0.256465	0.214346	0.172459	0.140341	0.078373	-0.0213691	-0.100884	-0.133505	-0.143486	-0.175694	-0.246264	-0.327407	-0.382248	-0.361252	-0.249524	-0.016006	0.33347	0.768558	1.26848	1.77357	2.23779	2.64043	2.93441	3.0895	3.12146	3.03963	2.83888	2.54845	2.23985	1.98148	1.80213	1.6938	1.63241	1.59739	1.5767	1.56469	1.55913	1.55956	1.56565	1.57685	1.5927	1.61225	1.63396	1.65654	1.67876	1.69769	1.711	1.71699	1.71398	1.69977	1.6726	1.63171	1.57603	1.50416	1.41489	1.3078	1.18444	1.04943	0.908818	0.765664	0.618963	0.469735	0.327095	0.205389	0.115143	0.0574165	0.0254769	0.0100876	0.00357862	0.00114262	0.000329893	8.65164e-05	2.06995e-05	4.5371e-06	9.18794e-07	1.99215e-07	1.99215e-07	
-1.57767	-1.57767	-1.3713	-0.978241	-0.473255	0.0789735	0.585564	0.941776	1.1058	1.10725	0.995001	0.818109	0.592435	0.35639	0.160619	0.078352	0.0623784	0.0482116	0.0584356	0.0686884	0.0678687	0.0646326	0.0433533	0.027589	0.00467132	-0.0524996	-0.0751282	-0.0934626	-0.141515	-0.201975	-0.212768	-0.171399	-0.118705	-0.107495	-0.129779	-0.175713	-0.174448	-0.0905698	0.109173	0.428779	0.830052	1.29831	1.78718	2.24419	2.64644	2.94849	3.11024	3.14134	3.05625	2.85036	2.54466	2.20743	1.91337	1.70061	1.56509	1.4836	1.43498	1.40554	1.38778	1.37989	1.38051	1.38935	1.40633	1.43003	1.46041	1.49572	1.53385	1.57385	1.61416	1.6514	1.68289	1.7061	1.71869	1.71734	1.7001	1.66605	1.61456	1.54543	1.45816	1.35159	1.22538	1.08361	0.934827	0.784621	0.631704	0.47592	0.327095	0.201416	0.110111	0.0533159	0.0229052	0.00876521	0.00300228	0.000925189	0.000257811	6.52775e-05	1.50886e-05	3.21415e-06	7.34864e-07	7.34864e-07	
-1.69776	-1.69776	-1.47906	-1.05659	-0.520368	0.0514037	0.569907	0.922117	1.07413	1.07279	0.975391	0.800583	0.552354	0.280373	0.078352	-0.018655	-0.0610272	-0.094946	-0.0824974	-0.0793876	-0.0902117	-0.07879	-0.100129	-0.11454	-0.118441	-0.162103	-0.187775	-0.199876	-0.206356	-0.234561	-0.209258	-0.127229	-0.00641515	0.0643519	0.0750286	0.0368611	0.0244419	0.0874509	0.247472	0.520804	0.881189	1.31632	1.78494	2.22784	2.61852	2.91501	3.07231	3.09535	3.00235	2.789	2.46966	2.10879	1.78404	1.54025	1.37762	1.27681	1.21494	1.1764	1.15308	1.14279	1.14364	1.15527	1.17786	1.20981	1.25056	1.29931	1.35407	1.41152	1.47129	1.53057	1.58676	1.63655	1.67765	1.70689	1.72046	1.71574	1.69036	1.64333	1.57538	1.48801	1.38109	1.25237	1.10443	0.947951	0.790926	0.631704	0.469735	0.316498	0.189851	0.100615	0.0470761	0.0195055	0.00719208	0.00237297	0.000704524	0.000189232	4.6223e-05	1.03776e-05	2.50682e-06	2.50682e-06	
-1.78523	-1.78523	-1.5528	-1.11114	-0.553092	0.0360005	0.553084	0.902877	1.05733	1.06209	0.984172	0.811304	0.554581	0.268125	0.0623784	-0.0610272	-0.133524	-0.173126	-0.167969	-0.173011	-0.184079	-0.168928	-0.18594	-0.193547	-0.192141	-0.205406	-0.228896	-0.23387	-0.218647	-0.20761	-0.149345	-0.0280704	0.129501	0.236765	0.270045	0.24623	0.225595	0.258762	0.374105	0.602001	0.923903	1.32385	1.76254	2.17942	2.54832	2.83161	2.9805	2.99351	2.88979	2.6656	2.33167	1.94763	1.5934	1.31939	1.13251	1.01435	0.940047	0.892609	0.865091	0.851928	0.853104	0.867734	0.894548	0.934729	0.985275	1.0461	1.11659	1.19365	1.27456	1.3572	1.43838	1.51516	1.58379	1.642	1.6861	1.71344	1.72097	1.7052	1.66379	1.59645	1.50693	1.39791	1.26569	1.11142	0.947951	0.784621	0.618963	0.451315	0.29593	0.171734	0.087715	0.0394698	0.0157142	0.00556695	0.00176545	0.000504156	0.000130396	3.09127e-05	7.90416e-06	7.90416e-06	
-1.84349	-1.84349	-1.60407	-1.1481	-0.57547	0.0187769	0.541075	0.89169	1.04354	1.06217	0.995869	0.838519	0.579167	0.283021	0.0482116	-0.094946	-0.173126	-0.205143	-0.213455	-0.215955	-0.219192	-0.219028	-0.22494	-0.232318	-0.237336	-0.245911	-0.245863	-0.225246	-0.184127	-0.142086	-0.0524813	0.0956954	0.275354	0.403772	0.454961	0.439593	0.40886	0.409144	0.481932	0.671897	0.953615	1.30886	1.71031	2.09888	2.44439	2.70995	2.84381	2.83998	2.71921	2.47977	2.12997	1.72483	1.34676	1.04921	0.843974	0.710367	0.625644	0.571756	0.54027	0.525222	0.526498	0.543265	0.573981	0.619836	0.679117	0.750798	0.832801	0.925458	1.02491	1.13002	1.23623	1.34126	1.4404	1.53013	1.60613	1.6646	1.70351	1.72014	1.71225	1.6764	1.6092	1.51621	1.40335	1.26569	1.10443	0.934827	0.765664	0.593412	0.421161	0.2667	0.148718	0.0727993	0.0313665	0.0119588	0.00405982	0.00123505	0.000338835	8.49639e-05	2.30344e-05	2.30344e-05	
-1.88059	-1.88059	-1.63559	-1.17156	-0.591071	0.0080123	0.528592	0.879174	1.03761	1.06432	1.01298	0.857326	0.591309	0.285171	0.0584356	-0.0824975	-0.167969	-0.213455	-0.217542	-0.223351	-0.232762	-0.220964	-0.232211	-0.238184	-0.232381	-0.23705	-0.24271	-0.211985	-0.133703	-0.0494549	0.0704982	0.232158	0.419117	0.559325	0.625991	0.613705	0.559917	0.531787	0.573423	0.720101	0.955034	1.26979	1.63713	1.99444	2.30959	2.54893	2.66072	2.63718	2.49861	2.24458	1.88033	1.45891	1.06189	0.74563	0.523638	0.378327	0.285944	0.227806	0.192172	0.176797	0.177901	0.195392	0.23023	0.279796	0.345518	0.426043	0.520054	0.625602	0.740661	0.863523	0.99127	1.12017	1.24705	1.36754	1.47778	1.57192	1.6457	1.69546	1.71806	1.71467	1.68218	1.61349	1.51621	1.39791	1.25237	1.08361	0.908818	0.733893	0.555076	0.380377	0.230857	0.122909	0.0573717	0.0235768	0.00858208	0.00278555	0.000811791	0.000215625	6.20702e-05	6.20702e-05	
-1.9002	-1.9002	-1.65218	-1.18467	-0.600076	0.00365741	0.522491	0.869348	1.03249	1.06571	1.02197	0.870847	0.603856	0.299263	0.0686883	-0.0793877	-0.173012	-0.215955	-0.223353	-0.230201	-0.239102	-0.229979	-0.238749	-0.240531	-0.235828	-0.227105	-0.218188	-0.165473	-0.0585783	0.0607421	0.199123	0.367092	0.554611	0.705537	0.779304	0.755103	0.678101	0.627877	0.635715	0.737912	0.935288	1.21311	1.54083	1.86147	2.14376	2.35606	2.44499	2.40088	2.24241	1.97182	1.59209	1.15627	0.743742	0.415	0.183532	0.0330058	-0.0639294	-0.12492	-0.161181	-0.177877	-0.176621	-0.158014	-0.12251	-0.0699563	-0.000952931	0.0832752	0.184147	0.299606	0.42847	0.567197	0.714625	0.865939	1.01807	1.16589	1.30575	1.4329	1.54252	1.63025	1.69047	1.71694	1.71516	1.68218	1.6092	1.50693	1.38109	1.22538	1.04943	0.870171	0.689005	0.50442	0.330953	0.191123	0.0965995	0.0428087	0.0167228	0.00579689	0.00179635	0.000505986	0.000154818	0.000154818	
-1.90365	-1.90365	-1.65625	-1.18812	-0.60087	-0.000163962	0.518474	0.871621	1.0312	1.06662	1.02212	0.872038	0.609855	0.30718	0.0678685	-0.0902123	-0.184081	-0.219197	-0.232773	-0.23912	-0.239681	-0.240354	-0.24142	-0.245395	-0.242428	-0.219371	-0.183462	-0.0998522	0.0331153	0.175182	0.326783	0.496882	0.690836	0.842931	0.903592	0.860329	0.768779	0.69152	0.660278	0.732114	0.89619	1.1306	1.42171	1.70931	1.95998	2.14209	2.20339	2.13459	1.9558	1.66918	1.27742	0.832103	0.413412	0.0800466	-0.153972	-0.307715	-0.404942	-0.465356	-0.50101	-0.517677	-0.516355	-0.497732	-0.462834	-0.411236	-0.341778	-0.25468	-0.152009	-0.0322165	0.102889	0.252158	0.413191	0.58265	0.757237	0.931758	1.10156	1.25982	1.40255	1.52314	1.62091	1.68874	1.71694	1.71467	1.6764	1.59645	1.48801	1.35159	1.18444	1.00258	0.8188	0.630775	0.442859	0.27591	0.150636	0.0719283	0.0301519	0.0111658	0.00368076	0.0011002	0.000358022	0.000358022	
-1.89444	-1.89444	-1.64708	-1.18052	-0.597274	0.00481863	0.523666	0.873428	1.03444	1.06432	1.02008	0.863012	0.597714	0.287991	0.0646318	-0.0787928	-0.168937	-0.219052	-0.221022	-0.230098	-0.240527	-0.227112	-0.236132	-0.235085	-0.213536	-0.186658	-0.143229	-0.0378819	0.132512	0.29204	0.451015	0.621269	0.816249	0.96059	0.998836	0.936915	0.822296	0.715092	0.659889	0.703753	0.827755	1.03154	1.29241	1.54238	1.7596	1.90922	1.94398	1.85218	1.65616	1.35462	0.953434	0.502533	0.0828329	-0.249066	-0.480208	-0.628305	-0.721162	-0.778278	-0.812286	-0.826272	-0.825052	-0.808946	-0.77605	-0.727998	-0.662365	-0.579554	-0.477474	-0.357042	-0.2192	-0.0644223	0.105093	0.286999	0.477249	0.671861	0.866247	1.05484	1.23022	1.38837	1.51657	1.62091	1.69047	1.71806	1.71225	1.66379	1.57538	1.45816	1.3078	1.12997	0.943592	0.754162	0.559668	0.373215	0.219143	0.112495	0.050548	0.0199865	0.00700723	0.00222296	0.000769384	0.000769384	
-1.86703	-1.86703	-1.62517	-1.16572	-0.585978	0.0143348	0.532922	0.881011	1.03812	1.06174	1.00488	0.848868	0.583463	0.280648	0.043349	-0.100143	-0.185981	-0.225047	-0.232469	-0.239295	-0.242391	-0.237352	-0.240878	-0.235251	-0.213103	-0.168618	-0.0883688	0.0560475	0.240397	0.40576	0.562882	0.739754	0.931489	1.05302	1.06918	0.980564	0.839679	0.707111	0.630224	0.647141	0.745902	0.92451	1.14692	1.36615	1.5529	1.67269	1.67947	1.56397	1.34988	1.0359	0.627605	0.178535	-0.234117	-0.55291	-0.771779	-0.909718	-0.994455	-1.04576	-1.07411	-1.08698	-1.08561	-1.07149	-1.04467	-1.00147	-0.942804	-0.867829	-0.77415	-0.661739	-0.52797	-0.374669	-0.20272	-0.0132307	0.188417	0.400745	0.614031	0.827895	1.02942	1.21957	1.38837	1.52314	1.63025	1.69546	1.72014	1.7052	1.64333	1.54543	1.41489	1.2489	1.063	0.872234	0.675719	0.477693	0.299828	0.164869	0.0792347	0.0334045	0.0124449	0.00418837	0.00154092	0.00154092	
-1.82348	-1.82348	-1.58548	-1.13501	-0.568824	0.0241274	0.544887	0.895317	1.04532	1.05513	0.981965	0.814041	0.55404	0.256458	0.0275688	-0.114601	-0.193717	-0.23275	-0.239181	-0.242609	-0.249208	-0.240929	-0.241539	-0.231785	-0.1943	-0.129183	-0.0186698	0.147635	0.341977	0.504363	0.66826	0.850348	1.03297	1.12642	1.10517	0.987401	0.821778	0.669874	0.577617	0.574581	0.653409	0.804413	1.0016	1.19324	1.34536	1.4369	1.41348	1.27953	1.05064	0.72922	0.318331	-0.12263	-0.519489	-0.820564	-1.02028	-1.14296	-1.21252	-1.25233	-1.27569	-1.28473	-1.28427	-1.27442	-1.25215	-1.22013	-1.17498	-1.11139	-1.03014	-0.929034	-0.805388	-0.66097	-0.492828	-0.305321	-0.0987566	0.121229	0.352221	0.584239	0.815943	1.02942	1.23022	1.40255	1.54252	1.6457	1.70351	1.72097	1.69036	1.61456	1.50416	1.35556	1.17566	0.984254	0.787438	0.584122	0.389025	0.228039	0.116846	0.0524095	0.0207154	0.00738884	0.00288611	0.00288611	
-1.75437	-1.75437	-1.52685	-1.09203	-0.543132	0.0391443	0.556253	0.902902	1.05093	1.048	0.954333	0.770962	0.506251	0.214319	0.0045851	-0.118688	-0.19279	-0.238894	-0.235803	-0.242659	-0.254694	-0.232891	-0.238476	-0.217476	-0.154721	-0.0733305	0.0523278	0.231592	0.43511	0.598721	0.768518	0.951968	1.11159	1.16782	1.11343	0.962644	0.773561	0.609332	0.505281	0.490506	0.555294	0.688097	0.861849	1.01958	1.14804	1.21017	1.1615	1.0084	0.768029	0.43969	0.0327831	-0.394569	-0.765206	-1.03777	-1.20961	-1.30814	-1.36306	-1.3901	-1.40301	-1.40965	-1.40965	-1.40307	-1.39114	-1.37127	-1.33939	-1.2945	-1.23374	-1.15102	-1.04552	-0.915622	-0.758516	-0.578515	-0.372273	-0.150238	0.0899365	0.33521	0.584239	0.827895	1.05484	1.25982	1.4329	1.57192	1.6646	1.71344	1.71574	1.66605	1.57603	1.44741	1.27934	1.08977	0.893077	0.688381	0.48256	0.299818	0.163138	0.0776246	0.0324813	0.0122592	0.00507468	0.00507468	
-1.65479	-1.65479	-1.4425	-1.03074	-0.506382	0.0528572	0.559983	0.90627	1.05175	1.03509	0.914924	0.719526	0.45818	0.172345	-0.0528343	-0.163006	-0.207637	-0.250953	-0.247472	-0.246772	-0.253088	-0.238563	-0.238556	-0.206954	-0.133026	-0.0518678	0.114829	0.326656	0.529035	0.684083	0.859619	1.03721	1.17122	1.18023	1.08772	0.90542	0.701678	0.530825	0.422362	0.405308	0.460465	0.577967	0.729228	0.863337	0.965843	0.996676	0.925206	0.754624	0.50986	0.178646	-0.217558	-0.621947	-0.959071	-1.19466	-1.3356	-1.40691	-1.43814	-1.4503	-1.45385	-1.45455	-1.45498	-1.4548	-1.45319	-1.44871	-1.43654	-1.4133	-1.37446	-1.31532	-1.23501	-1.12529	-0.989851	-0.822232	-0.629375	-0.407863	-0.168112	0.0899365	0.352221	0.614031	0.866247	1.10156	1.30575	1.47778	1.60613	1.6861	1.72046	1.7001	1.63171	1.52358	1.37183	1.18797	0.991968	0.787769	0.576542	0.377293	0.217003	0.109156	0.048224	0.0192192	0.00841117	0.00841117	
-1.52035	-1.52035	-1.32248	-0.945829	-0.461645	0.0692616	0.55635	0.896081	1.0388	1.01571	0.862295	0.643639	0.390753	0.139915	-0.0763067	-0.190758	-0.235792	-0.260428	-0.27084	-0.267888	-0.263671	-0.260803	-0.242754	-0.195126	-0.112734	0.00917078	0.209145	0.423892	0.599062	0.755974	0.936611	1.10973	1.19764	1.16622	1.03226	0.819847	0.612765	0.441682	0.339888	0.326569	0.374726	0.483518	0.614559	0.722483	0.800599	0.806448	0.711054	0.53024	0.2792	-0.0483673	-0.43088	-0.802176	-1.09805	-1.28814	-1.38868	-1.42851	-1.4371	-1.43301	-1.4262	-1.42197	-1.42252	-1.42844	-1.43832	-1.44846	-1.457	-1.46044	-1.44977	-1.42244	-1.36967	-1.28954	-1.17783	-1.03224	-0.853948	-0.644325	-0.407863	-0.150238	0.121229	0.400745	0.671861	0.931758	1.16589	1.36754	1.53013	1.642	1.70689	1.71734	1.6726	1.58463	1.45165	1.27769	1.0838	0.880815	0.667868	0.457352	0.276657	0.146544	0.0681418	0.0286047	0.0131975	0.0131975	
-1.34026	-1.34026	-1.16605	-0.830142	-0.398474	0.0848283	0.534625	0.859831	1.01284	0.986686	0.811682	0.5499	0.292566	0.0769275	-0.0972112	-0.208729	-0.252915	-0.262609	-0.278975	-0.27548	-0.265506	-0.266176	-0.229628	-0.171436	-0.0766212	0.0842768	0.292847	0.486398	0.645549	0.821873	1.01416	1.16174	1.19748	1.11308	0.940479	0.71976	0.516063	0.354887	0.269266	0.260499	0.307163	0.409133	0.518248	0.606446	0.659791	0.636233	0.521101	0.331812	0.0810852	-0.239087	-0.598631	-0.929566	-1.17454	-1.31624	-1.37531	-1.38352	-1.36669	-1.34531	-1.32849	-1.31944	-1.32038	-1.33189	-1.35229	-1.38026	-1.41196	-1.43977	-1.45935	-1.46362	-1.44566	-1.39898	-1.3192	-1.20155	-1.04762	-0.853948	-0.629375	-0.372273	-0.0987566	0.188417	0.477249	0.757237	1.01807	1.24705	1.4404	1.58379	1.67765	1.71869	1.69977	1.632	1.51844	1.35783	1.16826	0.96686	0.754373	0.537122	0.339932	0.188817	0.0920938	0.040603	0.0196854	0.0196854	
-1.10945	-1.10945	-0.963304	-0.679345	-0.313065	0.10341	0.5024	0.792829	0.945817	0.933382	0.755355	0.465966	0.183085	-0.0258064	-0.152229	-0.229834	-0.265373	-0.268777	-0.273795	-0.271291	-0.264321	-0.25089	-0.213275	-0.145191	-0.0305154	0.143754	0.335156	0.51553	0.696733	0.897753	1.08029	1.17893	1.15272	1.02881	0.83161	0.610039	0.423427	0.2832	0.215984	0.215411	0.265721	0.359381	0.446843	0.512662	0.540039	0.492233	0.357697	0.16504	-0.0857003	-0.393826	-0.724325	-1.00653	-1.19528	-1.28309	-1.29827	-1.27459	-1.23861	-1.20506	-1.18088	-1.16828	-1.16938	-1.18521	-1.21382	-1.25297	-1.30201	-1.35674	-1.40749	-1.4482	-1.46627	-1.45778	-1.41297	-1.32881	-1.20155	-1.03224	-0.822232	-0.578515	-0.305321	-0.0132307	0.286999	0.58265	0.865939	1.12017	1.34126	1.51516	1.63655	1.7061	1.71398	1.667	1.57275	1.42778	1.24498	1.04568	0.834735	0.614233	0.404573	0.234623	0.119599	0.0552058	0.0280267	0.0280267	
-0.827468	-0.827468	-0.709091	-0.487365	-0.195037	0.136272	0.45439	0.692631	0.835248	0.83333	0.674947	0.39163	0.102854	-0.113131	-0.229353	-0.289897	-0.30891	-0.31067	-0.305989	-0.298746	-0.29187	-0.272676	-0.228547	-0.151947	-0.0186564	0.162801	0.364279	0.565641	0.772026	0.972625	1.11458	1.14701	1.06912	0.911004	0.710683	0.511606	0.349633	0.234982	0.191676	0.201459	0.253303	0.333821	0.399895	0.444916	0.443976	0.366607	0.218516	0.0235968	-0.22213	-0.513714	-0.80641	-1.03372	-1.16224	-1.19989	-1.17734	-1.12976	-1.07795	-1.03623	-1.00933	-0.995718	-0.997269	-1.01425	-1.04487	-1.09269	-1.1564	-1.22859	-1.30651	-1.3783	-1.43434	-1.46519	-1.45941	-1.41297	-1.3192	-1.17783	-0.989851	-0.758516	-0.492828	-0.20272	0.105093	0.413191	0.714625	0.99127	1.23623	1.43838	1.58676	1.68289	1.71699	1.6909	1.61539	1.48731	1.31367	1.11726	0.90828	0.686922	0.468478	0.282406	0.149884	0.0721886	0.0382332	0.0382332	
-0.489942	-0.489942	-0.401577	-0.252263	-0.0456426	0.188835	0.411677	0.573994	0.672697	0.669879	0.529929	0.291265	0.0334416	-0.163759	-0.275016	-0.324646	-0.34268	-0.34714	-0.341792	-0.336351	-0.325282	-0.297653	-0.24638	-0.148571	0.0067569	0.206954	0.420862	0.638493	0.841396	1.00718	1.08478	1.06189	0.947675	0.790594	0.604518	0.43333	0.306291	0.224043	0.202413	0.218856	0.270576	0.335659	0.377538	0.395613	0.364324	0.261831	0.101088	-0.0944037	-0.335183	-0.605264	-0.853285	-1.02095	-1.09001	-1.08012	-1.02845	-0.967496	-0.916824	-0.878979	-0.854058	-0.842179	-0.843446	-0.858283	-0.8866	-0.929429	-0.990639	-1.07293	-1.16945	-1.27054	-1.3612	-1.43079	-1.46519	-1.45778	-1.39898	-1.28954	-1.12529	-0.915622	-0.66097	-0.374669	-0.0644223	0.252158	0.567197	0.863523	1.13002	1.3572	1.53057	1.6514	1.711	1.70563	1.64766	1.53657	1.37403	1.18163	0.974772	0.754011	0.529856	0.33056	0.181963	0.0911187	0.0501523	0.0501523	
-0.101185	-0.101185	-0.0470292	0.0287598	0.146645	0.272724	0.373832	0.448839	0.484326	0.448446	0.316998	0.125454	-0.0651631	-0.210117	-0.296883	-0.339568	-0.35294	-0.358505	-0.35651	-0.35104	-0.337322	-0.304955	-0.238335	-0.121543	0.0525284	0.263937	0.48765	0.693103	0.861326	0.972088	0.998398	0.938131	0.821241	0.676765	0.521516	0.398586	0.305758	0.253656	0.251622	0.273002	0.318874	0.360192	0.375169	0.364088	0.297576	0.168115	-0.000155233	-0.196463	-0.428566	-0.671541	-0.868846	-0.976368	-0.992779	-0.950783	-0.88626	-0.828586	-0.785674	-0.758246	-0.74243	-0.732814	-0.734161	-0.745422	-0.762756	-0.795238	-0.847166	-0.921619	-1.0233	-1.13869	-1.25724	-1.3612	-1.43434	-1.46627	-1.44566	-1.36967	-1.23501	-1.04552	-0.805388	-0.52797	-0.2192	0.102889	0.42847	0.740661	1.02491	1.27456	1.47129	1.61416	1.69769	1.71299	1.67135	1.57629	1.42595	1.23878	1.0342	0.814805	0.587297	0.377575	0.214735	0.111386	0.0634633	0.0634633	
0.331139	0.331139	0.346446	0.352708	0.374347	0.388942	0.371859	0.339513	0.286864	0.19233	0.0436702	-0.107755	-0.233448	-0.306214	-0.342735	-0.351913	-0.354706	-0.351922	-0.346949	-0.341811	-0.321581	-0.284276	-0.208832	-0.0799333	0.0974545	0.308145	0.505937	0.676773	0.799421	0.870082	0.86496	0.804185	0.707396	0.602229	0.493456	0.410162	0.353537	0.334211	0.342038	0.360404	0.392627	0.403554	0.386077	0.339808	0.237061	0.0843351	-0.0929495	-0.290042	-0.512524	-0.720983	-0.864018	-0.914103	-0.889342	-0.830062	-0.772921	-0.735827	-0.716411	-0.700212	-0.688504	-0.684928	-0.685178	-0.690095	-0.703532	-0.721229	-0.746258	-0.798173	-0.885255	-1.00356	-1.13869	-1.27054	-1.3783	-1.4482	-1.46362	-1.42244	-1.31532	-1.15102	-0.929034	-0.661739	-0.357042	-0.0322165	0.299606	0.625602	0.925458	1.19365	1.41152	1.57385	1.67876	1.71432	1.68822	1.60768	1.46964	1.28866	1.08662	0.868945	0.63977	0.422117	0.24707	0.132254	0.077695	0.077695	
0.791851	0.791851	0.765733	0.712047	0.641623	0.536722	0.397986	0.266332	0.113648	-0.0593297	-0.24119	-0.38004	-0.45521	-0.473722	-0.462991	-0.437474	-0.415322	-0.3947	-0.380582	-0.367902	-0.34454	-0.302366	-0.226032	-0.0947723	0.0758985	0.264577	0.441844	0.578429	0.680146	0.731211	0.736694	0.696508	0.644353	0.581019	0.517806	0.484744	0.461505	0.459293	0.467769	0.478636	0.485036	0.457003	0.405504	0.3165	0.173343	0.000499613	-0.183367	-0.382851	-0.589917	-0.759287	-0.846275	-0.850392	-0.800569	-0.74715	-0.709857	-0.696122	-0.690589	-0.679199	-0.671645	-0.670296	-0.670632	-0.672782	-0.681184	-0.692889	-0.70063	-0.724743	-0.785518	-0.885255	-1.0233	-1.16945	-1.30651	-1.40749	-1.45935	-1.44977	-1.37446	-1.23374	-1.03014	-0.77415	-0.477474	-0.152009	0.184147	0.520054	0.832801	1.11659	1.35407	1.53385	1.65654	1.71068	1.69951	1.6321	1.50569	1.33137	1.1321	0.916276	0.686561	0.46308	0.277888	0.152911	0.0922589	0.0922589	
1.26158	1.26158	1.19768	1.08886	0.926635	0.720951	0.478336	0.233241	-0.0174925	-0.278997	-0.495976	-0.640002	-0.690533	-0.681805	-0.636669	-0.588693	-0.546905	-0.512492	-0.48773	-0.465321	-0.440336	-0.396529	-0.313637	-0.189781	-0.0235368	0.152915	0.313288	0.436589	0.538253	0.605549	0.63934	0.641734	0.643539	0.627402	0.624022	0.620108	0.617408	0.627769	0.627484	0.617514	0.585538	0.513949	0.421327	0.283166	0.103336	-0.0891481	-0.281607	-0.483188	-0.667884	-0.791737	-0.825858	-0.795237	-0.739098	-0.702834	-0.695341	-0.694881	-0.687585	-0.66503	-0.651887	-0.658857	-0.657442	-0.652517	-0.669981	-0.69093	-0.696757	-0.701295	-0.724743	-0.798173	-0.921619	-1.07293	-1.22859	-1.35674	-1.43977	-1.46044	-1.4133	-1.2945	-1.11139	-0.867829	-0.579554	-0.254681	0.0832752	0.426043	0.750798	1.0461	1.29931	1.49572	1.63396	1.70393	1.70627	1.65062	1.53483	1.36715	1.17075	0.956762	0.727203	0.499581	0.306206	0.172534	0.106495	0.106495	
1.71558	1.71558	1.6202	1.46724	1.22541	0.918821	0.599656	0.259021	-0.088128	-0.421383	-0.679792	-0.834689	-0.889811	-0.881645	-0.838231	-0.785406	-0.734175	-0.696699	-0.664507	-0.637137	-0.608722	-0.55969	-0.476248	-0.349581	-0.182242	-0.00438121	0.15642	0.299836	0.425722	0.534649	0.611025	0.674	0.723166	0.760601	0.789431	0.808607	0.83	0.82937	0.807012	0.766001	0.683865	0.566734	0.424319	0.230139	0.0195606	-0.190045	-0.392756	-0.594201	-0.746696	-0.822906	-0.809759	-0.759133	-0.708218	-0.689687	-0.69447	-0.68457	-0.662299	-0.63723	-0.625393	-0.630765	-0.629858	-0.625951	-0.641575	-0.667821	-0.688735	-0.696757	-0.70063	-0.746258	-0.847166	-0.990639	-1.1564	-1.30201	-1.41196	-1.457	-1.43654	-1.33939	-1.17498	-0.942804	-0.662365	-0.341778	-0.000953096	0.345518	0.679117	0.985275	1.25056	1.46041	1.61225	1.69584	1.70983	1.66426	1.55778	1.3963	1.20272	0.990435	0.761406	0.530945	0.331176	0.190332	0.119723	0.119723	
2.12621	2.12621	2.01418	1.81133	1.51799	1.14687	0.750173	0.331323	-0.0955711	-0.473696	-0.757424	-0.925783	-1.00008	-1.00981	-0.989191	-0.954928	-0.917435	-0.884546	-0.857272	-0.832855	-0.799312	-0.747268	-0.655169	-0.51406	-0.332567	-0.136304	0.0501899	0.22452	0.392861	0.54761	0.676619	0.78889	0.884839	0.963246	1.01805	1.06276	1.07202	1.04623	1.00005	0.908845	0.770522	0.603477	0.400043	0.156751	-0.0826681	-0.310085	-0.524684	-0.714684	-0.826843	-0.850664	-0.80216	-0.736799	-0.698748	-0.686977	-0.688342	-0.658046	-0.613548	-0.600905	-0.599632	-0.595188	-0.596056	-0.600193	-0.601215	-0.620489	-0.667821	-0.69093	-0.692889	-0.721229	-0.795238	-0.929429	-1.09269	-1.25297	-1.38026	-1.44846	-1.44871	-1.37127	-1.22013	-1.00147	-0.727998	-0.411237	-0.0699572	0.279795	0.619835	0.934728	1.20981	1.43003	1.5927	1.68757	1.71129	1.674	1.57522	1.41918	1.22816	1.01737	0.789004	0.556671	0.352093	0.205591	0.131289	0.131289	
2.46387	2.46387	2.35634	2.11096	1.76891	1.37245	0.927653	0.450107	-0.0224759	-0.423819	-0.716841	-0.90045	-1.00066	-1.04402	-1.05536	-1.04754	-1.0347	-1.01636	-0.998777	-0.979008	-0.945442	-0.886849	-0.781863	-0.623367	-0.419557	-0.197179	0.0208628	0.236347	0.453439	0.65663	0.836121	0.993513	1.13225	1.23465	1.30535	1.34058	1.32476	1.28054	1.18622	1.0294	0.838705	0.612306	0.342161	0.0594922	-0.204108	-0.453724	-0.676482	-0.840236	-0.90431	-0.876341	-0.799782	-0.723977	-0.690365	-0.6764	-0.665986	-0.632663	-0.59601	-0.596027	-0.597658	-0.583246	-0.586197	-0.599005	-0.593744	-0.601215	-0.641575	-0.669981	-0.681184	-0.703532	-0.762757	-0.886601	-1.04487	-1.21382	-1.35229	-1.43832	-1.45319	-1.39114	-1.25216	-1.04468	-0.776055	-0.462839	-0.122515	0.230226	0.573977	0.894544	1.17785	1.40633	1.57685	1.68015	1.71149	1.68063	1.58781	1.43611	1.24722	1.03763	0.80991	0.576403	0.368401	0.217706	0.140613	0.140613	
2.71676	2.71676	2.59788	2.3442	1.98795	1.57071	1.09712	0.594674	0.122619	-0.266438	-0.552194	-0.747006	-0.87317	-0.953171	-1.00362	-1.03221	-1.04666	-1.05234	-1.04925	-1.03513	-1.00415	-0.935834	-0.818325	-0.637843	-0.40754	-0.153385	0.104318	0.36492	0.625199	0.87244	1.09026	1.2808	1.43899	1.54862	1.61577	1.63206	1.59487	1.50255	1.33697	1.12565	0.87831	0.578493	0.253255	-0.0619802	-0.352092	-0.622368	-0.839672	-0.961503	-0.972846	-0.899229	-0.799726	-0.717849	-0.68214	-0.668074	-0.647476	-0.620279	-0.597412	-0.601842	-0.603368	-0.582375	-0.586682	-0.605931	-0.599005	-0.600193	-0.625951	-0.652518	-0.672783	-0.690095	-0.745423	-0.858285	-1.01426	-1.18522	-1.33189	-1.42844	-1.45481	-1.40309	-1.27444	-1.07152	-0.80897	-0.497757	-0.158039	0.195369	0.543245	0.867717	1.15526	1.38934	1.56564	1.6747	1.71118	1.68474	1.59604	1.4474	1.26004	1.05131	0.824082	0.589897	0.379686	0.226199	0.147223	0.147223	
2.86719	2.86719	2.72394	2.47759	2.14675	1.73215	1.25377	0.764132	0.325906	-0.0268844	-0.292712	-0.489741	-0.635856	-0.743569	-0.823263	-0.883217	-0.923801	-0.950765	-0.963615	-0.958114	-0.927612	-0.85411	-0.722913	-0.523011	-0.268182	0.015551	0.306241	0.597993	0.891084	1.16858	1.41011	1.61777	1.78253	1.89052	1.94094	1.92607	1.83808	1.67969	1.45967	1.19223	0.868364	0.502871	0.138627	-0.206783	-0.528923	-0.809433	-0.999609	-1.07061	-1.02857	-0.919537	-0.800857	-0.714275	-0.679547	-0.667775	-0.653286	-0.622502	-0.591731	-0.586546	-0.585231	-0.572277	-0.574134	-0.586682	-0.586197	-0.596056	-0.629859	-0.657442	-0.670633	-0.685181	-0.734166	-0.843454	-0.997283	-1.1694	-1.32041	-1.42256	-1.45504	-1.40973	-1.28436	-1.08571	-0.825161	-0.516468	-0.176732	0.177796	0.526403	0.853024	1.14358	1.38046	1.55952	1.67161	1.71087	1.68677	1.60025	1.45325	1.26673	1.05846	0.831506	0.597004	0.385672	0.230742	0.150782	0.150782	
2.87556	2.87556	2.74761	2.52168	2.20983	1.81662	1.37888	0.953426	0.583012	0.281051	0.0404394	-0.15295	-0.311815	-0.44166	-0.544458	-0.625674	-0.687267	-0.729984	-0.75476	-0.757407	-0.727621	-0.651816	-0.510366	-0.297285	-0.0235008	0.282279	0.595639	0.91155	1.22918	1.52455	1.77826	1.98911	2.14583	2.23107	2.24347	2.17969	2.03552	1.8237	1.54569	1.202	0.806371	0.397398	0.000887523	-0.380516	-0.726249	-0.995745	-1.14242	-1.16103	-1.07582	-0.940338	-0.808167	-0.716191	-0.680281	-0.66796	-0.655112	-0.623081	-0.590429	-0.583377	-0.580935	-0.570557	-0.572277	-0.582375	-0.583246	-0.595189	-0.630766	-0.65886	-0.670302	-0.684941	-0.732838	-0.84222	-0.995785	-1.16838	-1.31958	-1.42217	-1.4548	-1.40997	-1.2851	-1.0874	-0.826724	-0.518144	-0.178338	0.176362	0.524828	0.851587	1.14251	1.37967	1.55896	1.67131	1.71082	1.68695	1.60063	1.45379	1.26734	1.05911	0.832178	0.597649	0.386218	0.231159	0.15111	0.15111	
2.74162	2.74162	2.65411	2.46594	2.17905	1.8272	1.46382	1.13273	0.85051	0.61269	0.408653	0.231062	0.0749587	-0.062149	-0.178789	-0.27405	-0.349711	-0.404824	-0.438456	-0.446788	-0.419189	-0.341188	-0.194425	0.0277858	0.314027	0.633767	0.961194	1.29024	1.61485	1.91087	2.15817	2.35213	2.48163	2.52995	2.49931	2.38791	2.19129	1.91755	1.56414	1.15206	0.713149	0.269399	-0.165045	-0.578331	-0.924135	-1.1596	-1.25793	-1.232	-1.11918	-0.965529	-0.824872	-0.725665	-0.683973	-0.668143	-0.646977	-0.619732	-0.596668	-0.600431	-0.600895	-0.580935	-0.585231	-0.603368	-0.597659	-0.599635	-0.6254	-0.651903	-0.671678	-0.688566	-0.742539	-0.85424	-1.00961	-1.1813	-1.32909	-1.42699	-1.45486	-1.40423	-1.27711	-1.0757	-0.813987	-0.50276	-0.162909	0.190531	0.538774	0.863783	1.15199	1.3869	1.56402	1.67386	1.71106	1.68529	1.59721	1.44902	1.26188	1.05326	0.826098	0.591827	0.381311	0.227433	0.148189	0.148189	
2.5056	2.5056	2.43217	2.27568	2.04651	1.78255	1.52496	1.29619	1.09784	0.921335	0.758427	0.606404	0.466411	0.33938	0.22654	0.130616	0.0526855	-0.0061589	-0.0432608	-0.0538746	-0.0282641	0.0493196	0.195437	0.418416	0.705658	1.02652	1.35358	1.6779	1.9928	2.27589	2.50396	2.67143	2.76864	2.77886	2.70299	2.5371	2.27531	1.93255	1.52154	1.06878	0.596225	0.114127	-0.355904	-0.775556	-1.09507	-1.28565	-1.34114	-1.2892	-1.16057	-0.999995	-0.850175	-0.741704	-0.694721	-0.676512	-0.6613	-0.629366	-0.596395	-0.598285	-0.600431	-0.583377	-0.586547	-0.601844	-0.596033	-0.600921	-0.637266	-0.665105	-0.679346	-0.70048	-0.758705	-0.879717	-1.03735	-1.20667	-1.34751	-1.43589	-1.45389	-1.39438	-1.25726	-1.0512	-0.784067	-0.471295	-0.130795	0.222204	0.566608	0.888055	1.17253	1.40238	1.57424	1.67885	1.71139	1.68163	1.58983	1.43885	1.2503	1.04089	0.81327	0.579597	0.371068	0.219708	0.142169	0.142169	
