3.31791	3.31791	3.24661	3.17524	3.15309	3.15967	3.1477	3.08471	2.9584	2.77346	2.54341	2.28698	2.02096	1.75845	1.51061	1.28969	1.10429	0.956973	0.853104	0.794024	0.779987	0.812785	0.889609	1.01155	1.17474	1.37438	1.60707	1.86253	2.12768	2.39155	2.63872	2.85135	3.00845	3.09161	3.08586	2.98019	2.77681	2.49346	2.13915	1.71092	1.23571	0.785996	0.434666	0.208376	0.0868536	0.0316665	0.0101863	0.00294674	0.000836935	0.000341912	0.000312223	0.00042348	0.000594017	0.000800906	0.00103008	0.00126517	0.00148667	0.00167395	0.00180815	0.00187509	0.00186751	0.00178622	0.00164002	0.00144424	0.00121833	0.000982886	0.000756756	0.000554686	0.000385952	0.000254106	0.000157747	9.19894e-05	5.0195e-05	2.55301e-05	1.20591e-05	5.27226e-06	2.12743e-06	7.90475e-07	2.69994e-07	8.46796e-08	2.4375e-08	6.43966e-09	1.56227e-09	3.48347e-10	7.14771e-11	1.35163e-11	2.35941e-12	3.8087e-13	5.69621e-14	7.90774e-15	1.02095e-15	1.22817e-16	1.37918e-17	1.44837e-18	1.42492e-19	1.3155e-20	1.14154e-21	9.32892e-23	7.7046e-24	7.7046e-24	
3.31791	3.31791	3.24661	3.17524	3.15309	3.15967	3.1477	3.08471	2.9584	2.77346	2.54341	2.28698	2.02096	1.75845	1.51061	1.28969	1.10429	0.956973	0.853104	0.794024	0.779987	0.812785	0.889609	1.01155	1.17474	1.37438	1.60707	1.86253	2.12768	2.39155	2.63872	2.85135	3.00845	3.09161	3.08586	2.98019	2.77681	2.49346	2.13915	1.71092	1.23571	0.785996	0.434666	0.208376	0.0868536	0.0316665	0.0101863	0.00294674	0.000836935	0.000341912	0.000312223	0.00042348	0.000594017	0.000800906	0.00103008	0.00126517	0.00148667	0.00167395	0.00180815	0.00187509	0.00186751	0.00178622	0.00164002	0.00144424	0.00121833	0.000982886	0.000756756	0.000554686	0.000385952	0.000254106	0.000157747	9.19894e-05	5.0195e-05	2.55301e-05	1.20591e-05	5.27226e-06	2.12743e-06	7.90475e-07	2.69994e-07	8.46796e-08	2.4375e-08	6.43966e-09	1.56227e-09	3.48347e-10	7.14771e-11	1.35163e-11	2.35941e-12	3.8087e-13	5.69621e-14	7.90774e-15	1.02095e-15	1.22817e-16	1.37918e-17	1.44837e-18	1.42492e-19	1.3155e-20	1.14154e-21	9.32892e-23	7.7046e-24	7.7046e-24	
3.24661	3.24661	3.22238	3.17805	3.11675	3.0501	2.98197	2.8919	2.76131	2.58434	2.36667	2.12254	1.86727	1.61844	1.38821	1.18587	1.01384	0.880224	0.785616	0.731827	0.719193	0.748283	0.818749	0.928714	1.0781	1.26364	1.47719	1.71628	1.96926	2.22194	2.45657	2.65587	2.80477	2.89005	2.90244	2.83597	2.67529	2.40791	2.05763	1.66561	1.25834	0.863449	0.524661	0.278199	0.128174	0.0514539	0.0181625	0.00580377	0.00191561	0.000997255	0.00103335	0.00139324	0.00189827	0.00248852	0.0031236	0.00375935	0.00434648	0.00483523	0.00518165	0.00535334	0.00533393	0.00512527	0.00474721	0.00423487	0.00363387	0.00299427	0.00236421	0.00178422	0.00128317	0.00087646	0.000566461	0.000345024	0.000197212	0.000105331	5.23491e-05	2.41156e-05	1.02621e-05	4.02244e-06	1.44913e-06	4.79115e-07	1.45252e-07	4.03701e-08	1.02895e-08	2.40699e-09	5.17366e-10	1.02329e-10	1.86555e-11	3.14052e-12	4.89123e-13	7.0616e-14	9.46917e-15	1.18166e-15	1.37493e-16	1.49448e-17	1.52023e-18	1.44977e-19	1.29836e-20	1.09415e-21	9.32892e-23	9.32892e-23	
3.17524	3.17524	3.17805	3.12236	2.99688	2.85302	2.71186	2.56194	2.39559	2.20513	1.99706	1.77821	1.55993	1.35204	1.16312	0.997915	0.860646	0.756159	0.681835	0.639625	0.63063	0.65139	0.707688	0.793644	0.911321	1.06075	1.23636	1.43306	1.64647	1.86538	2.07946	2.27422	2.43523	2.54567	2.5877	2.54982	2.43347	2.22725	1.93786	1.6181	1.30445	0.990032	0.678175	0.406249	0.210019	0.0937463	0.0365879	0.0130676	0.00511636	0.0033025	0.0036915	0.00490336	0.00649423	0.00829044	0.0101697	0.0120069	0.0136708	0.015035	0.0159915	0.0164626	0.0164095	0.0158365	0.0147907	0.0133569	0.0116476	0.00979119	0.00791687	0.00614124	0.00455627	0.00322177	0.00216278	0.00137251	0.000819673	0.000458524	0.00023915	0.000115787	5.18339e-05	2.1383e-05	8.10716e-06	2.81955e-06	8.98449e-07	2.62181e-07	7.00752e-08	1.71662e-08	3.85842e-09	7.96874e-10	1.51476e-10	2.65507e-11	4.29965e-12	6.44602e-13	8.96465e-14	1.15888e-14	1.39529e-15	1.56769e-16	1.64679e-17	1.62027e-18	1.49578e-19	1.29836e-20	1.14154e-21	1.14154e-21	
3.15309	3.15309	3.11675	2.99688	2.80414	2.57575	2.33442	2.11163	1.90503	1.70422	1.51053	1.32164	1.14674	0.986039	0.848768	0.734032	0.64589	0.578076	0.53263	0.506926	0.501345	0.514511	0.547269	0.602171	0.678693	0.776458	0.901604	1.0477	1.21506	1.39448	1.58154	1.76424	1.93057	2.06099	2.14254	2.15149	2.08768	1.9769	1.81256	1.59974	1.37233	1.13124	0.857453	0.572062	0.328514	0.162034	0.0698636	0.028169	0.0132631	0.0102175	0.0118874	0.0154467	0.0198622	0.0246781	0.0295734	0.034243	0.0383874	0.0417325	0.0440519	0.0451869	0.0450592	0.0436776	0.0411372	0.0376118	0.0333387	0.0285985	0.0236891	0.0188976	0.0144729	0.0106032	0.00740087	0.0048996	0.00306187	0.00179715	0.000985703	0.000502736	0.000237354	0.000103325	4.13397e-05	1.51651e-05	5.0928e-06	1.56445e-06	4.39567e-07	1.13027e-07	2.66238e-08	5.75315e-09	1.1424e-09	2.0885e-10	3.52226e-11	5.49145e-12	7.93131e-13	1.06343e-13	1.32639e-14	1.54208e-15	1.67443e-16	1.70124e-17	1.62027e-18	1.44977e-19	1.3155e-20	1.3155e-20	
3.15967	3.15967	3.0501	2.85302	2.57575	2.22321	1.87197	1.57987	1.33369	1.13244	0.95606	0.805409	0.678189	0.577642	0.502274	0.448505	0.410418	0.386427	0.372724	0.365583	0.364652	0.369735	0.376912	0.394811	0.423316	0.467846	0.529655	0.614401	0.725166	0.858939	1.01148	1.17109	1.32892	1.46979	1.58388	1.67653	1.71877	1.71941	1.69001	1.59961	1.45037	1.2643	1.0315	0.752377	0.475309	0.25836	0.123743	0.0572752	0.0325885	0.0286902	0.0338519	0.0427919	0.0533254	0.0644091	0.0753344	0.0854856	0.0943026	0.1013	0.106095	0.108425	0.108164	0.105325	0.100064	0.0926669	0.0835405	0.0731849	0.0621623	0.0510556	0.0404192	0.0307299	0.0223434	0.0154644	0.0101372	0.00625989	0.00362143	0.00195199	0.000975265	0.000449589	0.000190499	7.3972e-05	2.62701e-05	8.52272e-06	2.52509e-06	6.83471e-07	1.69166e-07	3.83407e-08	7.97082e-09	1.52294e-09	2.67984e-10	4.3523e-11	6.53835e-12	9.10554e-13	1.17806e-13	1.41895e-14	1.59434e-15	1.67443e-16	1.64679e-17	1.52023e-18	1.42492e-19	1.42492e-19	
3.1477	3.1477	2.98197	2.71186	2.33442	1.87197	1.42007	1.02258	0.719127	0.508538	0.35962	0.26631	0.206198	0.181068	0.175114	0.186606	0.206829	0.229002	0.24778	0.259554	0.263173	0.255694	0.2425	0.221126	0.19655	0.180308	0.174053	0.18773	0.223322	0.291414	0.388033	0.51911	0.669523	0.846839	1.01981	1.19402	1.36356	1.48775	1.56991	1.5893	1.51815	1.37847	1.1844	0.928576	0.639802	0.38308	0.205602	0.110769	0.0749265	0.0719594	0.0844368	0.103377	0.12465	0.146215	0.16679	0.185379	0.201158	0.213461	0.221787	0.225803	0.225354	0.220457	0.211303	0.198259	0.181857	0.162793	0.1419	0.120114	0.098419	0.077771	0.0590138	0.0427954	0.0295014	0.0192223	0.0117674	0.00672719	0.00357045	0.00174998	0.00078846	0.000325385	0.000122678	4.21901e-05	1.3227e-05	3.78091e-06	9.86253e-07	2.35088e-07	5.12957e-08	1.02662e-08	1.88871e-09	3.20133e-10	5.01079e-11	7.25922e-12	9.7558e-13	1.21893e-13	1.41895e-14	1.54208e-15	1.56769e-16	1.49448e-17	1.44837e-18	1.44837e-18	
3.08471	3.08471	2.8919	2.56194	2.11163	1.57987	1.02258	0.522354	0.161811	-0.0777516	-0.202044	-0.25302	-0.24407	-0.200537	-0.128153	-0.051044	0.028299	0.0901293	0.140167	0.16992	0.17244	0.158469	0.123072	0.0668419	-0.00172604	-0.0827488	-0.160362	-0.221731	-0.25838	-0.252296	-0.204792	-0.0994091	0.0552487	0.259733	0.51281	0.77205	1.03783	1.27078	1.44377	1.55089	1.55819	1.46887	1.31319	1.09192	0.814489	0.537539	0.325765	0.204309	0.158331	0.15908	0.183021	0.216339	0.252166	0.287147	0.319419	0.347749	0.371241	0.389231	0.401252	0.40701	0.406369	0.399343	0.386101	0.366967	0.342446	0.313232	0.28023	0.244561	0.207542	0.170629	0.135318	0.103008	0.074851	0.0516068	0.0335418	0.0204142	0.0115576	0.00604936	0.00291141	0.00128275	0.000515719	0.000188809	6.28848e-05	1.90533e-05	5.25563e-06	1.32158e-06	3.03499e-07	6.37862e-08	1.22969e-08	2.17975e-09	3.56136e-10	5.37621e-11	7.51662e-12	9.7558e-13	1.17806e-13	1.32639e-14	1.39529e-15	1.37493e-16	1.37918e-17	1.37918e-17	
2.9584	2.9584	2.76131	2.39559	1.90503	1.33369	0.719127	0.161811	-0.267106	-0.536829	-0.656147	-0.672016	-0.606567	-0.50076	-0.370731	-0.24387	-0.130449	-0.0335953	0.030036	0.0683531	0.0776026	0.0573722	0.00724135	-0.0694045	-0.17152	-0.294916	-0.423002	-0.549817	-0.645584	-0.700137	-0.685323	-0.604864	-0.436279	-0.208356	0.0838757	0.409467	0.742702	1.05504	1.30282	1.4808	1.56404	1.53496	1.42338	1.24535	1.00025	0.727468	0.497528	0.35601	0.301734	0.307022	0.343149	0.39108	0.440853	0.487821	0.529814	0.565712	0.594849	0.616806	0.631314	0.638221	0.637455	0.629025	0.613015	0.589599	0.559065	0.521853	0.478599	0.430194	0.377844	0.323109	0.26787	0.214234	0.164351	0.120175	0.0831769	0.0540931	0.0328087	0.0184257	0.00952025	0.00450116	0.00193948	0.000759549	0.000269972	8.70657e-05	2.54928e-05	6.78598e-06	1.64529e-06	3.64139e-07	7.37468e-08	1.37019e-08	2.34156e-09	3.69009e-10	5.37621e-11	7.25922e-12	9.10554e-13	1.06343e-13	1.15888e-14	1.18166e-15	1.22817e-16	1.22817e-16	
2.77346	2.77346	2.58434	2.20513	1.70422	1.13244	0.508538	-0.0777516	-0.536829	-0.814238	-0.928976	-0.910719	-0.813586	-0.666639	-0.511653	-0.360276	-0.238186	-0.143822	-0.0803839	-0.0464174	-0.0354337	-0.0552146	-0.104574	-0.177169	-0.283061	-0.419021	-0.573693	-0.73344	-0.870142	-0.967238	-0.994024	-0.941501	-0.797493	-0.564004	-0.256942	0.0980548	0.468765	0.834876	1.14615	1.38591	1.54126	1.58277	1.52713	1.40226	1.20704	0.961691	0.731156	0.576022	0.511614	0.516017	0.557961	0.614042	0.671443	0.724452	0.770842	0.809777	0.840923	0.864144	0.87938	0.886603	0.885805	0.876986	0.860156	0.835345	0.802614	0.762089	0.713994	0.6587	0.596813	0.529321	0.457718	0.384057	0.310924	0.241282	0.17816	0.12417	0.0810004	0.0490444	0.0273501	0.0139545	0.00648063	0.00272975	0.00104079	0.000358971	0.000112054	3.16987e-05	8.14243e-06	1.90366e-06	4.06147e-07	7.92917e-08	1.42048e-08	2.34156e-09	3.56136e-10	5.01079e-11	6.53835e-12	7.93131e-13	8.96465e-14	9.46917e-15	1.02095e-15	1.02095e-15	
2.54341	2.54341	2.36667	1.99706	1.51053	0.95606	0.35962	-0.202044	-0.656147	-0.928976	-1.02377	-0.97786	-0.849673	-0.684916	-0.527281	-0.397148	-0.300354	-0.230997	-0.18389	-0.159558	-0.155025	-0.166795	-0.200136	-0.255529	-0.335883	-0.443599	-0.589966	-0.756767	-0.926339	-1.06122	-1.13696	-1.12789	-1.02121	-0.820132	-0.532861	-0.172917	0.216158	0.615437	0.980558	1.27959	1.50564	1.627	1.64189	1.58053	1.44592	1.24214	1.02138	0.853078	0.770514	0.762536	0.799097	0.853929	0.911585	0.965046	1.01167	1.05058	1.08154	1.10452	1.11956	1.12667	1.12589	1.1172	1.10057	1.07599	1.04341	1.00281	0.954222	0.897716	0.833391	0.761463	0.682468	0.597473	0.508247	0.417408	0.328459	0.245518	0.172688	0.113181	0.0684745	0.037924	0.0191	0.00870617	0.00358156	0.00132826	0.000444196	0.000134129	3.66458e-05	9.08206e-06	2.04756e-06	4.21192e-07	7.92917e-08	1.37019e-08	2.17975e-09	3.20133e-10	4.3523e-11	5.49145e-12	6.44602e-13	7.0616e-14	7.90774e-15	7.90774e-15	
2.28698	2.28698	2.12254	1.77821	1.32164	0.805409	0.26631	-0.25302	-0.672016	-0.910719	-0.97786	-0.901824	-0.762644	-0.606566	-0.483681	-0.396487	-0.342718	-0.308975	-0.286693	-0.276072	-0.272452	-0.277976	-0.294457	-0.32155	-0.361642	-0.42753	-0.530431	-0.676277	-0.848902	-1.0178	-1.14466	-1.19641	-1.15388	-0.997419	-0.745896	-0.405595	-0.0129576	0.407618	0.819781	1.18031	1.47988	1.68799	1.78376	1.78996	1.7146	1.55216	1.3412	1.15561	1.04641	1.0165	1.03994	1.08846	1.1435	1.19581	1.24163	1.27969	1.30981	1.33204	1.3465	1.35332	1.35256	1.34422	1.32821	1.3044	1.27265	1.2328	1.18474	1.12853	1.06432	0.992168	0.912132	0.824418	0.729577	0.628697	0.523807	0.418276	0.316859	0.225148	0.148342	0.0896651	0.0492826	0.0244704	0.010932	0.00438585	0.00158007	0.000511814	0.000149387	3.9399e-05	9.41858e-06	2.04756e-06	4.06147e-07	7.37468e-08	1.22969e-08	1.88871e-09	2.67984e-10	3.52226e-11	4.29965e-12	4.89123e-13	5.69621e-14	5.69621e-14	
2.02096	2.02096	1.86727	1.55993	1.14674	0.678189	0.206198	-0.24407	-0.606567	-0.813586	-0.849673	-0.762644	-0.627833	-0.510095	-0.440322	-0.416405	-0.400969	-0.388236	-0.375452	-0.370987	-0.37413	-0.37336	-0.37893	-0.393501	-0.408691	-0.421616	-0.466194	-0.56226	-0.720067	-0.901843	-1.0744	-1.18338	-1.20377	-1.1118	-0.908849	-0.597688	-0.209353	0.227326	0.683231	1.10904	1.48576	1.78072	1.95539	2.02085	1.99183	1.86181	1.65852	1.45619	1.31993	1.26647	1.27496	1.31559	1.3663	1.41526	1.45767	1.49234	1.51933	1.53894	1.55153	1.55744	1.55677	1.54952	1.53555	1.51448	1.48591	1.44939	1.40431	1.35022	1.28713	1.2153	1.135	1.04653	0.950365	0.847021	0.737054	0.621592	0.503089	0.386035	0.277007	0.183339	0.110572	0.0602008	0.0294074	0.0128484	0.00501736	0.0017531	0.000549338	0.000154845	3.9399e-05	9.08206e-06	1.90366e-06	3.64139e-07	6.37862e-08	1.02662e-08	1.52294e-09	2.0885e-10	2.65507e-11	3.14052e-12	3.8087e-13	3.8087e-13	
1.75845	1.75845	1.61844	1.35204	0.986039	0.577642	0.181068	-0.200537	-0.50076	-0.666639	-0.684916	-0.606566	-0.510095	-0.456234	-0.447399	-0.454006	-0.441206	-0.423988	-0.420509	-0.414074	-0.410958	-0.416684	-0.419518	-0.430308	-0.448527	-0.45402	-0.451875	-0.487597	-0.59394	-0.765695	-0.960369	-1.1223	-1.20764	-1.17478	-1.02104	-0.743829	-0.36341	0.0914241	0.593242	1.08443	1.53274	1.9018	2.14045	2.25035	2.25519	2.15284	1.96106	1.74863	1.58891	1.51082	1.49998	1.52653	1.56597	1.60492	1.63832	1.6652	1.68559	1.7	1.70911	1.71333	1.71285	1.70764	1.6975	1.68194	1.6602	1.63159	1.59525	1.54983	1.49424	1.42802	1.35118	1.26392	1.16691	1.06142	0.948785	0.829953	0.70566	0.577128	0.447603	0.323738	0.214771	0.128895	0.0693066	0.0332066	0.0141497	0.00536556	0.00181481	0.000549338	0.000149387	3.66458e-05	8.14243e-06	1.64529e-06	3.03499e-07	5.12957e-08	7.97082e-09	1.1424e-09	1.51476e-10	1.86555e-11	2.35941e-12	2.35941e-12	
1.51061	1.51061	1.38821	1.16312	0.848768	0.502274	0.175114	-0.128153	-0.370731	-0.511653	-0.527281	-0.483681	-0.440322	-0.447399	-0.468792	-0.468424	-0.434088	-0.404416	-0.404149	-0.392069	-0.38542	-0.400682	-0.402166	-0.412798	-0.451947	-0.473441	-0.469432	-0.458382	-0.51454	-0.648537	-0.846912	-1.03785	-1.17221	-1.19539	-1.09085	-0.842008	-0.462246	0.0148851	0.562951	1.11156	1.61256	2.03293	2.31974	2.46684	2.50232	2.42697	2.24812	2.02604	1.83947	1.72982	1.69113	1.69532	1.71692	1.74147	1.76324	1.78029	1.79239	1.80049	1.80553	1.8077	1.80746	1.80476	1.79911	1.79026	1.7771	1.75847	1.73367	1.70157	1.66021	1.60793	1.54364	1.46668	1.3764	1.27329	1.15912	1.03635	0.907513	0.774279	0.637203	0.497726	0.361615	0.239565	0.142488	0.0753526	0.0352753	0.014611	0.00536556	0.0017531	0.000511814	0.000134129	3.16987e-05	6.78598e-06	1.32158e-06	2.35088e-07	3.83407e-08	5.75315e-09	7.96874e-10	1.02329e-10	1.35163e-11	1.35163e-11	
1.28969	1.28969	1.18587	0.997915	0.734032	0.448505	0.186606	-0.051044	-0.24387	-0.360276	-0.397148	-0.396487	-0.416405	-0.454006	-0.468424	-0.42207	-0.380494	-0.370637	-0.377304	-0.363237	-0.353763	-0.371828	-0.374359	-0.372457	-0.392585	-0.447158	-0.477726	-0.463185	-0.477384	-0.56573	-0.745202	-0.947741	-1.12101	-1.18581	-1.11315	-0.88385	-0.49622	0.0041732	0.587146	1.17567	1.70906	2.16419	2.49277	2.67576	2.73663	2.67828	2.50251	2.26374	2.04576	1.90125	1.8319	1.81164	1.8144	1.82379	1.83241	1.83729	1.83944	1.84015	1.84013	1.83984	1.8399	1.84023	1.84014	1.83912	1.83633	1.82994	1.81794	1.79983	1.77392	1.73831	1.691	1.63103	1.55709	1.46765	1.36239	1.2423	1.11023	0.970625	0.82755	0.682197	0.534273	0.388064	0.255386	0.14972	0.0774713	0.0352753	0.0141497	0.00501736	0.00158007	0.000444196	0.000112054	2.54928e-05	5.25563e-06	9.86253e-07	1.69166e-07	2.66238e-08	3.85842e-09	5.17366e-10	7.14771e-11	7.14771e-11	
1.10429	1.10429	1.01384	0.860646	0.64589	0.410418	0.206829	0.028299	-0.130449	-0.238186	-0.300354	-0.342718	-0.400969	-0.441206	-0.434088	-0.380494	-0.361834	-0.374902	-0.364968	-0.357231	-0.359396	-0.359505	-0.368843	-0.37257	-0.361981	-0.406328	-0.45348	-0.458782	-0.459923	-0.515863	-0.669288	-0.871736	-1.0575	-1.14955	-1.09215	-0.868815	-0.465949	0.05456	0.651066	1.25884	1.81684	2.30313	2.66612	2.87243	2.94253	2.88639	2.70532	2.44867	2.20166	2.02395	1.92312	1.87613	1.85626	1.84559	1.83578	1.82513	1.81542	1.8071	1.80046	1.79752	1.79784	1.80154	1.80873	1.81724	1.82692	1.83651	1.84278	1.84343	1.83683	1.82086	1.79308	1.75156	1.69582	1.62454	1.5367	1.43145	1.3084	1.16923	1.01928	0.865824	0.712037	0.556357	0.401609	0.260816	0.14972	0.0753526	0.0332066	0.0128484	0.00438585	0.00132826	0.000358971	8.70657e-05	1.90533e-05	3.78091e-06	6.83471e-07	1.13027e-07	1.71662e-08	2.40699e-09	3.48347e-10	3.48347e-10	
0.956973	0.956973	0.880224	0.756159	0.578076	0.386427	0.229002	0.0901293	-0.0335953	-0.143822	-0.230997	-0.308975	-0.388236	-0.423988	-0.404416	-0.370637	-0.374902	-0.394975	-0.359961	-0.360475	-0.376166	-0.351704	-0.376306	-0.393483	-0.366268	-0.388526	-0.425538	-0.453264	-0.447745	-0.488598	-0.611664	-0.80465	-0.988882	-1.09105	-1.03042	-0.795389	-0.384679	0.141643	0.741451	1.36269	1.943	2.44998	2.82728	3.03875	3.10747	3.04796	2.85858	2.58233	2.30399	2.08918	1.95225	1.87396	1.82674	1.79287	1.76339	1.73799	1.71554	1.69713	1.68403	1.67819	1.67884	1.68607	1.7004	1.71973	1.74249	1.76746	1.79372	1.81687	1.83498	1.84462	1.84351	1.82766	1.79521	1.7447	1.67527	1.58738	1.48123	1.35619	1.21178	1.05259	0.889028	0.726903	0.563729	0.401609	0.255386	0.142488	0.0693066	0.0294074	0.010932	0.00358156	0.00104079	0.000269972	6.28848e-05	1.3227e-05	2.52509e-06	4.39567e-07	7.00752e-08	1.02895e-08	1.56227e-09	1.56227e-09	
0.853104	0.853104	0.785616	0.681835	0.53263	0.372724	0.24778	0.140167	0.030036	-0.0803839	-0.18389	-0.286693	-0.375452	-0.420509	-0.404149	-0.377304	-0.364968	-0.359961	-0.339901	-0.339186	-0.346945	-0.336902	-0.34803	-0.363766	-0.367161	-0.391707	-0.425859	-0.4475	-0.438951	-0.466691	-0.57132	-0.748221	-0.919864	-1.00453	-0.929292	-0.683497	-0.269789	0.253365	0.856309	1.49187	2.08194	2.58817	2.96417	3.17458	3.23701	3.16486	2.95591	2.65121	2.33724	2.08456	1.91277	1.80376	1.73016	1.67383	1.62529	1.58304	1.54601	1.51689	1.4982	1.48826	1.48943	1.50124	1.52182	1.55285	1.59075	1.63292	1.67827	1.72359	1.76625	1.80269	1.82992	1.84464	1.84297	1.82243	1.77958	1.71326	1.62411	1.51465	1.38652	1.2372	1.06953	0.896822	0.726903	0.556357	0.388064	0.239565	0.128895	0.0602008	0.0244704	0.00870617	0.00272975	0.000759549	0.000188809	4.21901e-05	8.52272e-06	1.56445e-06	2.62181e-07	4.03701e-08	6.43966e-09	6.43966e-09	
0.794024	0.794024	0.731827	0.639625	0.506926	0.365583	0.259554	0.16992	0.0683531	-0.0464174	-0.159558	-0.276072	-0.370987	-0.414074	-0.392069	-0.363237	-0.357231	-0.360475	-0.339186	-0.340484	-0.34717	-0.334621	-0.347793	-0.362629	-0.357144	-0.377879	-0.417424	-0.444791	-0.436543	-0.454617	-0.542787	-0.698486	-0.841877	-0.898903	-0.801587	-0.547745	-0.135651	0.388772	0.998378	1.63584	2.21677	2.71369	3.08405	3.28214	3.32251	3.22395	2.98718	2.65197	2.30472	2.01702	1.81172	1.67103	1.56992	1.48803	1.41821	1.35693	1.30701	1.26805	1.24228	1.22916	1.23062	1.24645	1.27486	1.31607	1.368	1.4298	1.49685	1.56758	1.63688	1.70278	1.75976	1.80524	1.83459	1.84584	1.83569	1.80089	1.73919	1.64875	1.53414	1.40111	1.24561	1.06953	0.889028	0.712037	0.534273	0.361615	0.214771	0.110572	0.0492826	0.0191	0.00648063	0.00193948	0.000515719	0.000122678	2.62701e-05	5.0928e-06	8.98449e-07	1.45252e-07	2.4375e-08	2.4375e-08	
0.779987	0.779987	0.719193	0.63063	0.501345	0.364652	0.263173	0.17244	0.0776026	-0.0354337	-0.155025	-0.272452	-0.37413	-0.410958	-0.38542	-0.353763	-0.359396	-0.376166	-0.346945	-0.34717	-0.362198	-0.341619	-0.360424	-0.375285	-0.350966	-0.369728	-0.409253	-0.445548	-0.432854	-0.443861	-0.514064	-0.645271	-0.756618	-0.783675	-0.661041	-0.399673	0.0126905	0.546508	1.15818	1.78129	2.34787	2.83274	3.18013	3.3476	3.35743	3.22863	2.95981	2.59032	2.20674	1.88294	1.64388	1.4727	1.34457	1.23942	1.1505	1.0743	1.01135	0.962692	0.929476	0.914551	0.916145	0.934726	0.971305	1.02273	1.08814	1.16532	1.25251	1.34694	1.44386	1.54008	1.63073	1.71136	1.77663	1.82202	1.84472	1.84151	1.81169	1.75354	1.66123	1.54061	1.40111	1.2372	1.05259	0.865824	0.682197	0.497726	0.323738	0.183339	0.0896651	0.037924	0.0139545	0.00450116	0.00128275	0.000325385	7.3972e-05	1.51651e-05	2.81955e-06	4.79115e-07	8.46796e-08	8.46796e-08	
0.812785	0.812785	0.748283	0.65139	0.514511	0.369735	0.255694	0.158469	0.0573722	-0.0552146	-0.166795	-0.277976	-0.37336	-0.416684	-0.400682	-0.371828	-0.359505	-0.351704	-0.336902	-0.334621	-0.341619	-0.331727	-0.342261	-0.356224	-0.363181	-0.386473	-0.422959	-0.44261	-0.428344	-0.429552	-0.490744	-0.590946	-0.669123	-0.660902	-0.520131	-0.24693	0.182127	0.72082	1.32043	1.92822	2.47917	2.93318	3.24236	3.37629	3.34956	3.1801	2.86915	2.46076	2.04183	1.68768	1.41979	1.22275	1.06998	0.944206	0.836146	0.744143	0.668029	0.611293	0.574002	0.555258	0.557415	0.580107	0.621072	0.681614	0.760719	0.854645	0.961478	1.07765	1.2005	1.32462	1.44658	1.5607	1.66284	1.74714	1.80885	1.84304	1.84486	1.816	1.75799	1.66123	1.53414	1.38652	1.21178	1.01928	0.82755	0.637203	0.447603	0.277007	0.148342	0.0684745	0.0273501	0.00952025	0.00291141	0.00078846	0.000190499	4.13397e-05	8.10716e-06	1.44913e-06	2.69994e-07	2.69994e-07	
0.889609	0.889609	0.818749	0.707688	0.547269	0.376912	0.2425	0.123072	0.00724135	-0.104574	-0.200136	-0.294457	-0.37893	-0.419518	-0.402166	-0.374359	-0.368843	-0.376306	-0.34803	-0.347793	-0.360425	-0.342262	-0.35999	-0.377914	-0.366946	-0.387915	-0.421577	-0.440617	-0.419229	-0.418403	-0.462722	-0.540965	-0.57943	-0.541346	-0.380584	-0.0846658	0.361021	0.900027	1.48861	2.07949	2.59794	3.01027	3.2813	3.36784	3.29068	3.07478	2.72017	2.27412	1.82324	1.44118	1.14735	0.925977	0.751578	0.606147	0.483154	0.379101	0.295686	0.231943	0.189213	0.169365	0.17155	0.195954	0.242988	0.310421	0.397744	0.50475	0.627542	0.764963	0.911664	1.06428	1.21769	1.36587	1.50341	1.62401	1.72397	1.79705	1.84155	1.84622	1.816	1.75354	1.64875	1.51465	1.35619	1.16923	0.970625	0.774279	0.577128	0.386035	0.225148	0.113181	0.0490444	0.0184257	0.00604936	0.00174998	0.000449589	0.000103325	2.1383e-05	4.02244e-06	7.90475e-07	7.90475e-07	
1.01155	1.01155	0.928714	0.793644	0.602171	0.394811	0.221126	0.0668419	-0.0694045	-0.177169	-0.255529	-0.32155	-0.393501	-0.430308	-0.412798	-0.372457	-0.37257	-0.393483	-0.363766	-0.36263	-0.375289	-0.356232	-0.377929	-0.391333	-0.363622	-0.391457	-0.429386	-0.442083	-0.412129	-0.404054	-0.437399	-0.487889	-0.499939	-0.43228	-0.240162	0.0865269	0.550005	1.08458	1.6615	2.2261	2.70193	3.07244	3.28858	3.31448	3.18976	2.92234	2.51985	2.0329	1.55308	1.14835	0.836536	0.596998	0.406677	0.247628	0.112865	0.000377616	-0.0915196	-0.159577	-0.204551	-0.225315	-0.223056	-0.19762	-0.148122	-0.0751989	0.0211695	0.136769	0.27231	0.424928	0.591047	0.767216	0.947913	1.12807	1.30185	1.461	1.60079	1.71246	1.79204	1.84155	1.84486	1.81169	1.73919	1.62411	1.48123	1.3084	1.11023	0.907513	0.70566	0.503089	0.316859	0.172688	0.0810004	0.0328087	0.0115576	0.00357045	0.000975265	0.000237354	5.18339e-05	1.02621e-05	2.12743e-06	2.12743e-06	
1.17474	1.17474	1.0781	0.911321	0.678693	0.423316	0.19655	-0.00172604	-0.17152	-0.283061	-0.335883	-0.361642	-0.408691	-0.448527	-0.451947	-0.392585	-0.361981	-0.366268	-0.367163	-0.357151	-0.350986	-0.363231	-0.367053	-0.363783	-0.367383	-0.4192	-0.46002	-0.436671	-0.403004	-0.388692	-0.422615	-0.446149	-0.429057	-0.325254	-0.0951049	0.266953	0.744599	1.27474	1.83791	2.36493	2.79456	3.11211	3.26101	3.23052	3.04598	2.72049	2.27067	1.74773	1.24679	0.827373	0.501952	0.250375	0.0469384	-0.121216	-0.26396	-0.381375	-0.473184	-0.54176	-0.587135	-0.609328	-0.606983	-0.580247	-0.53001	-0.456406	-0.360038	-0.238723	-0.0941747	0.0699753	0.25256	0.448982	0.653646	0.862594	1.06591	1.26164	1.43667	1.59329	1.71246	1.79705	1.84304	1.84151	1.80089	1.71326	1.58738	1.43145	1.2423	1.03635	0.829953	0.621592	0.418276	0.245518	0.12417	0.0540931	0.0204142	0.00672719	0.00195199	0.000502736	0.000115787	2.41156e-05	5.27226e-06	5.27226e-06	
1.37438	1.37438	1.26364	1.06075	0.776458	0.467846	0.180308	-0.0827488	-0.294916	-0.419021	-0.443599	-0.42753	-0.421616	-0.45402	-0.473441	-0.447158	-0.406328	-0.388529	-0.391719	-0.377914	-0.369826	-0.386714	-0.38844	-0.392414	-0.420434	-0.459592	-0.463474	-0.420289	-0.389084	-0.391157	-0.417719	-0.419797	-0.369395	-0.213504	0.060983	0.459796	0.946123	1.47177	2.01457	2.49564	2.87373	3.12729	3.20654	3.10818	2.8597	2.48359	1.9821	1.42955	0.910479	0.485493	0.154095	-0.101739	-0.309275	-0.480927	-0.622414	-0.739871	-0.832138	-0.898663	-0.942391	-0.961722	-0.959795	-0.935758	-0.886871	-0.815536	-0.718965	-0.597296	-0.452233	-0.28336	-0.0913639	0.117295	0.34168	0.57355	0.807734	1.03488	1.24862	1.43667	1.60079	1.72397	1.80885	1.84472	1.83569	1.77958	1.67527	1.5367	1.36239	1.15912	0.948785	0.737054	0.523807	0.328459	0.17816	0.0831769	0.0335418	0.0117674	0.00362143	0.000985703	0.00023915	5.23491e-05	1.20591e-05	1.20591e-05	
1.60707	1.60707	1.47719	1.23636	0.901604	0.529655	0.174053	-0.160362	-0.423002	-0.573693	-0.589966	-0.530431	-0.466194	-0.451875	-0.469432	-0.477727	-0.453485	-0.425556	-0.425916	-0.417588	-0.409679	-0.423963	-0.4237	-0.433341	-0.466179	-0.470225	-0.444406	-0.406858	-0.404338	-0.421005	-0.435431	-0.400419	-0.300662	-0.0934275	0.233748	0.664474	1.1574	1.67871	2.18927	2.61744	2.93731	3.11837	3.12166	2.95257	2.6449	2.2072	1.66188	1.08667	0.562718	0.139917	-0.188309	-0.444185	-0.648934	-0.818242	-0.955613	-1.06429	-1.14845	-1.20799	-1.24565	-1.26457	-1.26238	-1.2394	-1.19765	-1.13399	-1.0452	-0.930559	-0.789921	-0.620835	-0.426622	-0.209984	0.0281224	0.27599	0.534533	0.787204	1.03488	1.26164	1.461	1.62401	1.74714	1.82202	1.84584	1.82243	1.7447	1.62454	1.46765	1.27329	1.06142	0.847021	0.628697	0.417408	0.241282	0.120175	0.0516068	0.0192223	0.00625989	0.00179715	0.000458524	0.000105331	2.55301e-05	2.55301e-05	
1.86253	1.86253	1.71628	1.43306	1.0477	0.614401	0.18773	-0.221731	-0.549817	-0.73344	-0.756767	-0.676277	-0.56226	-0.487597	-0.458384	-0.463193	-0.458807	-0.453348	-0.447751	-0.445467	-0.447202	-0.44628	-0.447994	-0.455402	-0.457827	-0.448287	-0.432743	-0.437105	-0.460675	-0.480809	-0.460963	-0.381921	-0.220204	0.0540157	0.429149	0.885575	1.3847	1.89105	2.3588	2.73041	2.98363	3.08543	3.00906	2.76738	2.39726	1.90515	1.3232	0.73082	0.213456	-0.20068	-0.515882	-0.762835	-0.957689	-1.11449	-1.23949	-1.33555	-1.40713	-1.45735	-1.48836	-1.50018	-1.49875	-1.48344	-1.44898	-1.39501	-1.31809	-1.21746	-1.08832	-0.928591	-0.741238	-0.522696	-0.28227	-0.0191156	0.254585	0.534533	0.807734	1.06591	1.30185	1.50341	1.66284	1.77663	1.83459	1.84297	1.79521	1.69582	1.55709	1.3764	1.16691	0.950365	0.729577	0.508247	0.310924	0.164351	0.074851	0.0295014	0.0101372	0.00306187	0.000819673	0.000197212	5.0195e-05	5.0195e-05	
2.12768	2.12768	1.96926	1.64647	1.21506	0.725166	0.223322	-0.25838	-0.645584	-0.870142	-0.926339	-0.848902	-0.720068	-0.593943	-0.514549	-0.477418	-0.460039	-0.448101	-0.43994	-0.439032	-0.438536	-0.440124	-0.441434	-0.450103	-0.461399	-0.467946	-0.492555	-0.528943	-0.563494	-0.551758	-0.482541	-0.33449	-0.106258	0.228828	0.650751	1.1285	1.62511	2.10696	2.52496	2.83252	3.00961	3.02685	2.86771	2.55655	2.12699	1.58013	0.968867	0.376814	-0.125404	-0.51763	-0.816513	-1.04545	-1.22493	-1.36278	-1.46801	-1.54354	-1.59495	-1.62757	-1.64657	-1.65596	-1.65465	-1.64341	-1.62245	-1.58631	-1.53072	-1.45003	-1.3391	-1.19745	-1.02068	-0.811508	-0.570732	-0.304861	-0.0191156	0.27599	0.57355	0.862594	1.12807	1.36587	1.5607	1.71136	1.80524	1.84464	1.82766	1.75156	1.63103	1.46668	1.26392	1.04653	0.824418	0.597473	0.384057	0.214234	0.103008	0.0427954	0.0154644	0.0048996	0.00137251	0.000345024	9.19894e-05	9.19894e-05	
2.39155	2.39155	2.22194	1.86538	1.39448	0.858939	0.291414	-0.252296	-0.700137	-0.967238	-1.06122	-1.0178	-0.901846	-0.765706	-0.64858	-0.565879	-0.516333	-0.489941	-0.470165	-0.462738	-0.461054	-0.46261	-0.476313	-0.49663	-0.523395	-0.567503	-0.622949	-0.670784	-0.674229	-0.611927	-0.470423	-0.255245	0.0488368	0.44882	0.903182	1.39341	1.87923	2.32504	2.68287	2.91757	3.01261	2.94282	2.70112	2.32291	1.83376	1.24363	0.615433	0.0327072	-0.442171	-0.807129	-1.07913	-1.28458	-1.43824	-1.55015	-1.62721	-1.67687	-1.70503	-1.7184	-1.7233	-1.72217	-1.72226	-1.72287	-1.71675	-1.70088	-1.66853	-1.61448	-1.5316	-1.41409	-1.26004	-1.0654	-0.836337	-0.570732	-0.28227	0.0281224	0.34168	0.653646	0.947913	1.21769	1.44658	1.63073	1.75976	1.82992	1.84351	1.79308	1.691	1.54364	1.35118	1.135	0.912132	0.682468	0.457718	0.26787	0.135318	0.0590138	0.0223434	0.00740087	0.00216278	0.000566461	0.000157747	0.000157747	
2.63872	2.63872	2.45657	2.07946	1.58154	1.01148	0.388033	-0.204792	-0.685323	-0.994025	-1.13696	-1.14466	-1.07441	-0.960418	-0.847088	-0.745778	-0.670988	-0.616182	-0.582133	-0.566117	-0.559567	-0.571334	-0.593017	-0.6306	-0.685719	-0.744979	-0.801154	-0.816344	-0.764527	-0.624441	-0.405766	-0.111458	0.261591	0.704898	1.18901	1.6807	2.14012	2.53853	2.8269	2.98289	2.99148	2.83071	2.5096	2.07003	1.52534	0.89905	0.267929	-0.286931	-0.72785	-1.05637	-1.29945	-1.47324	-1.59667	-1.67444	-1.71722	-1.73247	-1.729	-1.71734	-1.70578	-1.69978	-1.70045	-1.70795	-1.7199	-1.73008	-1.73146	-1.71157	-1.66207	-1.57831	-1.45022	-1.28096	-1.0654	-0.811508	-0.522696	-0.209984	0.117295	0.448982	0.767216	1.06428	1.32462	1.54008	1.70278	1.80269	1.84462	1.82086	1.73831	1.60793	1.42802	1.2153	0.992168	0.761463	0.529321	0.323109	0.170629	0.077771	0.0307299	0.0106032	0.00322177	0.00087646	0.000254106	0.000254106	
2.85135	2.85135	2.65587	2.27422	1.76424	1.17109	0.51911	-0.0994091	-0.604864	-0.941501	-1.12789	-1.19642	-1.18343	-1.12249	-1.03851	-0.949746	-0.877223	-0.81811	-0.77784	-0.757066	-0.74986	-0.760614	-0.793053	-0.833572	-0.885654	-0.936909	-0.957274	-0.919338	-0.785328	-0.568832	-0.268492	0.0910738	0.525817	1.01106	1.50443	1.97814	2.40305	2.74176	2.9508	3.0234	2.94086	2.69049	2.29708	1.7991	1.20601	0.559569	-0.0592222	-0.577734	-0.974865	-1.26487	-1.47041	-1.60991	-1.69383	-1.73353	-1.73569	-1.71424	-1.67894	-1.63953	-1.60855	-1.59202	-1.59399	-1.61378	-1.6469	-1.68661	-1.72001	-1.73768	-1.72909	-1.68207	-1.59144	-1.45022	-1.26004	-1.02068	-0.741238	-0.426622	-0.0913639	0.25256	0.591047	0.911664	1.2005	1.44386	1.63688	1.76625	1.83498	1.83683	1.77392	1.66021	1.49424	1.28713	1.06432	0.833391	0.596813	0.377844	0.207542	0.098419	0.0404192	0.0144729	0.00455627	0.00128317	0.000385952	0.000385952	
3.00845	3.00845	2.80477	2.43523	1.93057	1.32892	0.669523	0.0552486	-0.436279	-0.797496	-1.02123	-1.15393	-1.20397	-1.20834	-1.17441	-1.12724	-1.07319	-1.02417	-0.990772	-0.969613	-0.964309	-0.976879	-0.999872	-1.03538	-1.06923	-1.0878	-1.05062	-0.937091	-0.723338	-0.423679	-0.0528266	0.3691	0.85167	1.34599	1.83773	2.28343	2.65842	2.92236	3.04806	3.03509	2.85806	2.52223	2.06563	1.51508	0.881467	0.230491	-0.357233	-0.828198	-1.18027	-1.42814	-1.5964	-1.69481	-1.73761	-1.73171	-1.68992	-1.62657	-1.55566	-1.49413	-1.45041	-1.42824	-1.43095	-1.45777	-1.50493	-1.56922	-1.64094	-1.70042	-1.7361	-1.73435	-1.68207	-1.57831	-1.41409	-1.19745	-0.928591	-0.620835	-0.28336	0.0699753	0.424928	0.764963	1.07765	1.34694	1.56758	1.72359	1.81687	1.84343	1.79983	1.70157	1.54983	1.35022	1.12853	0.897716	0.6587	0.430194	0.244561	0.120114	0.0510556	0.0188976	0.00614124	0.00178422	0.000554686	0.000554686	
3.09161	3.09161	2.89005	2.54567	2.06099	1.46979	0.846839	0.259732	-0.208358	-0.564015	-0.820179	-0.997611	-1.1125	-1.17705	-1.202	-1.20296	-1.18909	-1.17201	-1.15212	-1.13992	-1.14004	-1.14493	-1.15503	-1.16861	-1.16741	-1.13002	-1.03298	-0.840468	-0.553954	-0.181126	0.238813	0.709491	1.20704	1.71367	2.18199	2.57674	2.89227	3.07263	3.11374	3.00975	2.73829	2.32961	1.81749	1.21911	0.561945	-0.0746273	-0.619349	-1.03801	-1.34222	-1.54925	-1.67631	-1.7341	-1.73085	-1.68059	-1.59457	-1.49268	-1.39207	-1.30692	-1.25369	-1.23415	-1.23627	-1.26146	-1.32177	-1.41166	-1.51339	-1.6136	-1.69415	-1.7361	-1.72909	-1.66207	-1.5316	-1.3391	-1.08832	-0.789921	-0.452233	-0.0941747	0.27231	0.627542	0.961478	1.25251	1.49685	1.67827	1.79372	1.84278	1.81794	1.73367	1.59525	1.40431	1.18474	0.954222	0.713994	0.478599	0.28023	0.1419	0.0621623	0.0236891	0.00791687	0.00236421	0.000756756	0.000756756	
3.08586	3.08586	2.90244	2.5877	2.14254	1.58388	1.01981	0.512808	0.0838669	-0.256983	-0.533032	-0.74654	-0.911027	-1.02761	-1.10844	-1.15488	-1.17956	-1.19235	-1.19596	-1.19633	-1.1952	-1.19457	-1.19032	-1.17571	-1.1378	-1.05295	-0.892994	-0.635831	-0.28397	0.137307	0.600936	1.09481	1.60166	2.08899	2.50331	2.85303	3.09301	3.18078	3.13927	2.94124	2.58473	2.11629	1.55509	0.918164	0.255063	-0.344991	-0.837149	-1.20452	-1.46553	-1.6323	-1.72033	-1.73456	-1.68645	-1.59087	-1.4626	-1.33142	-1.21457	-1.12999	-1.08303	-1.06528	-1.06741	-1.08998	-1.14354	-1.23582	-1.35745	-1.48912	-1.6136	-1.70042	-1.73768	-1.71157	-1.61448	-1.45003	-1.21746	-0.930559	-0.597296	-0.238723	0.136769	0.50475	0.854645	1.16532	1.4298	1.63292	1.76746	1.83651	1.82994	1.75847	1.63159	1.44939	1.2328	1.00281	0.762089	0.521853	0.313232	0.162793	0.0731849	0.0285985	0.00979119	0.00299427	0.000982886	0.000982886	
2.98019	2.98019	2.83597	2.54982	2.15149	1.67653	1.19402	0.772043	0.409434	0.0979129	-0.173472	-0.407546	-0.603792	-0.760766	-0.883482	-0.973177	-1.03791	-1.07783	-1.10427	-1.11749	-1.11833	-1.11128	-1.09036	-1.04965	-0.974663	-0.841704	-0.629201	-0.320681	0.0768549	0.53029	1.01215	1.50394	1.99491	2.43732	2.80961	3.09338	3.23566	3.24367	3.11839	2.82524	2.40269	1.88608	1.27999	0.622107	-0.0222689	-0.573613	-1.00944	-1.3295	-1.55228	-1.6836	-1.73398	-1.70917	-1.61847	-1.48406	-1.32479	-1.17118	-1.05625	-0.986306	-0.959743	-0.96098	-0.960425	-0.96204	-0.996688	-1.07568	-1.19939	-1.35745	-1.51339	-1.64094	-1.72001	-1.73146	-1.66853	-1.53072	-1.31809	-1.0452	-0.718965	-0.360038	0.0211695	0.397744	0.760719	1.08814	1.368	1.59075	1.74249	1.82692	1.83633	1.7771	1.6602	1.48591	1.27265	1.04341	0.802614	0.559065	0.342446	0.181857	0.0835405	0.0333387	0.0116476	0.00363387	0.00121833	0.00121833	
2.77681	2.77681	2.67529	2.43347	2.08767	1.71877	1.36356	1.03781	0.742592	0.468318	0.214527	-0.0182636	-0.22465	-0.402251	-0.548705	-0.664511	-0.753008	-0.817991	-0.860275	-0.882901	-0.889809	-0.874538	-0.84194	-0.778872	-0.675212	-0.511953	-0.267204	0.0736459	0.492391	0.955962	1.43165	1.90918	2.36709	2.76194	3.06855	3.2606	3.32437	3.25822	3.03845	2.66911	2.20082	1.63855	1.00046	0.344234	-0.25637	-0.75228	-1.13882	-1.41972	-1.6103	-1.71141	-1.72672	-1.66836	-1.53965	-1.37717	-1.20122	-1.04978	-0.959828	-0.918854	-0.90883	-0.912954	-0.912285	-0.908918	-0.923626	-0.973472	-1.07568	-1.23582	-1.41166	-1.56922	-1.68661	-1.73008	-1.70088	-1.58631	-1.39501	-1.13399	-0.815536	-0.456406	-0.0751989	0.310421	0.681614	1.02273	1.31607	1.55285	1.71973	1.81724	1.83912	1.79026	1.68194	1.51448	1.3044	1.07599	0.835345	0.589599	0.366967	0.198259	0.0926669	0.0376118	0.0133569	0.00423487	0.00144424	0.00144424	
2.49346	2.49346	2.40791	2.22725	1.9769	1.7194	1.48773	1.2707	1.05471	0.833606	0.611127	0.394667	0.193081	0.0122169	-0.14471	-0.275992	-0.377363	-0.454767	-0.50736	-0.53607	-0.543399	-0.52629	-0.484295	-0.408924	-0.290384	-0.109946	0.155643	0.509656	0.93303	1.38866	1.84416	2.28746	2.69188	3.01954	3.24716	3.3671	3.35962	3.20299	2.90199	2.4863	1.97975	1.37813	0.730945	0.105592	-0.437864	-0.88124	-1.22649	-1.48142	-1.64519	-1.72442	-1.71029	-1.62412	-1.46974	-1.2845	-1.11068	-0.974653	-0.919668	-0.924698	-0.922401	-0.905622	-0.908306	-0.925043	-0.922304	-0.923626	-0.996688	-1.14354	-1.32177	-1.50493	-1.6469	-1.7199	-1.71675	-1.62245	-1.44898	-1.19765	-0.886871	-0.53001	-0.148122	0.242988	0.621072	0.971305	1.27486	1.52182	1.7004	1.80873	1.84014	1.79911	1.6975	1.53555	1.32821	1.10057	0.860156	0.613015	0.386101	0.211303	0.100064	0.0411372	0.0147907	0.00474721	0.00164002	0.00164002	
2.13915	2.13915	2.05763	1.93786	1.81256	1.69	1.56986	1.44354	1.30189	1.14288	0.970289	0.791394	0.614648	0.449229	0.300648	0.170492	0.0635109	-0.0177936	-0.0749593	-0.107287	-0.113413	-0.0957239	-0.0481084	0.0316284	0.156098	0.342947	0.608949	0.955342	1.36272	1.78867	2.20295	2.59296	2.93653	3.19818	3.35844	3.40556	3.31105	3.07815	2.73343	2.28399	1.73743	1.11899	0.495426	-0.0771602	-0.562925	-0.965908	-1.28065	-1.51934	-1.66409	-1.72819	-1.69367	-1.58809	-1.41943	-1.22395	-1.06077	-0.944153	-0.908798	-0.928775	-0.920899	-0.889052	-0.894048	-0.92637	-0.925043	-0.908918	-0.96204	-1.08998	-1.26146	-1.45777	-1.61378	-1.70795	-1.72287	-1.64341	-1.48344	-1.2394	-0.935758	-0.580247	-0.19762	0.195954	0.580107	0.934726	1.24645	1.50124	1.68607	1.80154	1.84023	1.80476	1.70764	1.54952	1.34422	1.1172	0.876986	0.629025	0.399343	0.220457	0.105325	0.0436776	0.0158365	0.00512527	0.00178622	0.00178622	
1.71092	1.71092	1.66561	1.6181	1.59973	1.59958	1.58915	1.55026	1.47849	1.3783	1.25751	1.12431	0.985701	0.849477	0.72347	0.611754	0.515995	0.440962	0.387876	0.357353	0.351143	0.368894	0.413644	0.489018	0.606415	0.781478	1.02908	1.35281	1.72841	2.1134	2.47973	2.81606	3.09998	3.29368	3.37884	3.34731	3.18766	2.91563	2.53939	2.05392	1.4881	0.888162	0.317243	-0.194942	-0.636238	-1.00928	-1.30997	-1.5358	-1.67441	-1.7256	-1.6847	-1.56534	-1.39307	-1.19802	-1.04121	-0.946295	-0.909281	-0.908454	-0.88633	-0.846545	-0.852889	-0.894048	-0.908306	-0.912285	-0.960425	-1.06741	-1.23627	-1.43095	-1.59399	-1.70045	-1.72226	-1.65465	-1.49875	-1.26238	-0.959795	-0.606983	-0.223056	0.17155	0.557415	0.916145	1.23062	1.48943	1.67884	1.79784	1.8399	1.80746	1.71285	1.55677	1.35256	1.12589	0.885805	0.637455	0.406369	0.225354	0.108164	0.0450592	0.0164095	0.00533393	0.00186751	0.00186751	
1.23571	1.23571	1.25834	1.30445	1.37232	1.45028	1.51776	1.55667	1.55878	1.52518	1.46264	1.37997	1.28521	1.1851	1.08695	0.997599	0.920283	0.85786	0.813234	0.787622	0.781842	0.797479	0.835485	0.901176	1.00403	1.15931	1.38263	1.67567	2.01196	2.35072	2.66353	2.93889	3.1547	3.27745	3.29725	3.21503	3.02161	2.72042	2.31217	1.80954	1.26354	0.716616	0.20829	-0.25318	-0.663697	-1.02074	-1.31539	-1.53804	-1.67589	-1.72528	-1.6841	-1.56303	-1.39072	-1.19597	-1.03935	-0.947223	-0.909265	-0.905007	-0.88124	-0.840264	-0.846545	-0.889052	-0.905622	-0.912954	-0.96098	-1.06528	-1.23415	-1.42824	-1.59202	-1.69978	-1.72217	-1.65596	-1.50018	-1.26457	-0.961723	-0.609328	-0.225315	0.169365	0.555258	0.91455	1.22916	1.48826	1.67819	1.79752	1.83984	1.8077	1.71333	1.55744	1.35332	1.12667	0.886603	0.638221	0.40701	0.225803	0.108425	0.0451869	0.0164626	0.00535334	0.00187509	0.00187509	
0.785996	0.785996	0.863447	0.990022	1.13119	1.26408	1.37753	1.46548	1.52402	1.55181	1.55076	1.52567	1.4829	1.42847	1.36804	1.30788	1.25339	1.20791	1.17444	1.15505	1.15074	1.16282	1.19261	1.24458	1.32745	1.45597	1.6451	1.89543	2.18251	2.4668	2.72027	2.93421	3.09182	3.16515	3.14652	3.03437	2.81219	2.48361	2.06716	1.59051	1.0995	0.619409	0.165794	-0.261919	-0.652946	-1.00594	-1.29839	-1.52748	-1.66775	-1.72823	-1.69097	-1.58219	-1.41193	-1.21613	-1.05464	-0.942667	-0.908347	-0.92543	-0.915078	-0.88124	-0.88633	-0.920899	-0.922401	-0.90883	-0.959743	-1.08303	-1.25369	-1.45041	-1.60855	-1.70578	-1.7233	-1.64657	-1.48836	-1.24566	-0.942392	-0.587137	-0.204553	0.189211	0.573999	0.929474	1.24228	1.4982	1.68403	1.80046	1.84013	1.80552	1.70911	1.55153	1.3465	1.11956	0.879379	0.631314	0.401252	0.221787	0.106095	0.0440519	0.0159915	0.00518165	0.00180815	0.00180815	
0.434665	0.434665	0.524656	0.678149	0.85733	1.03097	1.18237	1.30626	1.40256	1.47257	1.51797	1.54132	1.54633	1.53737	1.51851	1.4939	1.46799	1.44446	1.42612	1.41514	1.41289	1.42026	1.43879	1.47211	1.52872	1.62305	1.77042	1.97383	2.21225	2.44776	2.65353	2.82327	2.94309	2.98447	2.93631	2.79734	2.55756	2.23244	1.85011	1.43431	1.01374	0.590908	0.176475	-0.22953	-0.613156	-0.964289	-1.26288	-1.49828	-1.65191	-1.72618	-1.70674	-1.61612	-1.45816	-1.26939	-1.09788	-0.96498	-0.916288	-0.928224	-0.92543	-0.905007	-0.908454	-0.928775	-0.924698	-0.918854	-0.986306	-1.12999	-1.30692	-1.49413	-1.63953	-1.71734	-1.7184	-1.62757	-1.45735	-1.20799	-0.898669	-0.541769	-0.159587	0.23193	0.611279	0.962678	1.26803	1.51687	1.69712	1.80709	1.84014	1.80048	1.7	1.53894	1.33204	1.10452	0.864144	0.616805	0.389231	0.213461	0.1013	0.0417325	0.015035	0.00483523	0.00167395	0.00167395	
