5.76609	5.76609	5.5066	5.04085	4.38981	3.57448	2.68832	1.84705	1.1244	0.534975	0.0561084	-0.335205	-0.658076	-0.922542	-1.13826	-1.30536	-1.43251	-1.52431	-1.58483	-1.61745	-1.62576	-1.60744	-1.56495	-1.49243	-1.38673	-1.24427	-1.0592	-0.824906	-0.544857	-0.214176	0.162347	0.576144	1.01225	1.45224	1.87387	2.25247	2.56297	2.79029	2.91665	2.90814	2.76293	2.5185	2.18763	1.7599	1.26953	0.804943	0.44673	0.219972	0.101012	0.0498552	0.0336	0.0326891	0.0377333	0.0448043	0.0522977	0.0594372	0.0657179	0.0707451	0.0742102	0.0758999	0.0757099	0.0736521	0.069853	0.0645449	0.0580475	0.050743	0.0430449	0.0353635	0.0280713	0.0214723	0.0157793	0.0111027	0.00745265	0.00475373	0.00286961	0.00163255	0.000871749	0.000435223	0.000202444	8.74711e-05	3.50215e-05	1.29698e-05	4.43755e-06	1.40189e-06	4.08899e-07	1.1016e-07	2.74333e-08	6.32186e-09	1.34989e-09	2.67471e-10	4.92582e-11	8.44552e-12	1.3504e-12	2.01711e-13	2.81948e-14	3.69411e-15	4.54432e-16	5.26252e-17	6.31595e-18	6.31595e-18	
5.76609	5.76609	5.5066	5.04085	4.38981	3.57448	2.68832	1.84705	1.1244	0.534975	0.0561084	-0.335205	-0.658076	-0.922542	-1.13826	-1.30536	-1.43251	-1.52431	-1.58483	-1.61745	-1.62576	-1.60744	-1.56495	-1.49243	-1.38673	-1.24427	-1.0592	-0.824906	-0.544857	-0.214176	0.162347	0.576144	1.01225	1.45224	1.87387	2.25247	2.56297	2.79029	2.91665	2.90814	2.76293	2.5185	2.18763	1.7599	1.26953	0.804943	0.44673	0.219972	0.101012	0.0498552	0.0336	0.0326891	0.0377333	0.0448043	0.0522977	0.0594372	0.0657179	0.0707451	0.0742102	0.0758999	0.0757099	0.0736521	0.069853	0.0645449	0.0580475	0.050743	0.0430449	0.0353635	0.0280713	0.0214723	0.0157793	0.0111027	0.00745265	0.00475373	0.00286961	0.00163255	0.000871749	0.000435223	0.000202444	8.74711e-05	3.50215e-05	1.29698e-05	4.43755e-06	1.40189e-06	4.08899e-07	1.1016e-07	2.74333e-08	6.32186e-09	1.34989e-09	2.67471e-10	4.92582e-11	8.44552e-12	1.3504e-12	2.01711e-13	2.81948e-14	3.69411e-15	4.54432e-16	5.26252e-17	6.31595e-18	6.31595e-18	
5.5066	5.5066	5.2822	4.84024	4.20513	3.44166	2.62543	1.8359	1.14538	0.576088	0.120505	-0.247293	-0.544988	-0.78445	-0.973228	-1.12103	-1.23299	-1.31213	-1.36479	-1.39338	-1.39889	-1.38499	-1.34564	-1.28416	-1.19284	-1.06703	-0.904187	-0.699653	-0.446875	-0.14876	0.190619	0.563012	0.959372	1.36629	1.76483	2.13165	2.44258	2.6576	2.76318	2.77274	2.67146	2.44395	2.11321	1.71418	1.2805	0.862436	0.518227	0.281157	0.145906	0.0836355	0.0634621	0.0636264	0.0721876	0.083572	0.0953342	0.106301	0.115769	0.123236	0.128329	0.130797	0.13052	0.127512	0.121919	0.114013	0.104179	0.0928919	0.0806942	0.0681568	0.0558417	0.0442601	0.0338316	0.024853	0.0174788	0.0117196	0.00745856	0.00448489	0.00253632	0.00134301	0.000663115	0.000304207	0.000129278	5.0776e-05	1.84032e-05	6.14955e-06	1.89406e-06	5.37854e-07	1.40918e-07	3.41008e-08	7.63205e-09	1.58221e-09	3.0434e-10	5.44107e-11	9.05775e-12	1.40653e-12	2.04105e-13	2.77264e-14	3.53204e-15	4.23133e-16	5.26252e-17	5.26252e-17	
5.04085	5.04085	4.84024	4.41774	3.84554	3.20899	2.5233	1.82963	1.187	0.643361	0.219626	-0.103337	-0.344779	-0.531107	-0.671637	-0.780185	-0.858294	-0.914289	-0.950334	-0.970053	-0.974328	-0.9643	-0.937351	-0.893358	-0.829582	-0.741845	-0.622226	-0.47168	-0.280619	-0.0507594	0.222506	0.532916	0.873968	1.22689	1.57656	1.89532	2.16933	2.38363	2.50428	2.53514	2.4724	2.28298	1.9875	1.65181	1.30993	0.968528	0.652983	0.403917	0.243192	0.161899	0.134611	0.136702	0.151798	0.171191	0.190779	0.208641	0.223754	0.235479	0.243381	0.247184	0.246759	0.242121	0.233425	0.220972	0.205199	0.186676	0.166095	0.144243	0.12197	0.100142	0.079577	0.0609805	0.0448823	0.0315879	0.0211578	0.0134205	0.00802077	0.00449425	0.00234997	0.00114188	0.00051381	0.000213509	8.17746e-05	2.88335e-05	9.35525e-06	2.79356e-06	7.68237e-07	1.94774e-07	4.55889e-08	9.86679e-09	1.97805e-09	3.67995e-10	6.3651e-11	1.02554e-11	1.54205e-12	2.16794e-13	2.85488e-14	3.53204e-15	4.54432e-16	4.54432e-16	
4.38981	4.38981	4.20513	3.84554	3.39134	2.88721	2.34586	1.78547	1.22911	0.748863	0.375001	0.112406	-0.067225	-0.189571	-0.274465	-0.332282	-0.374503	-0.402807	-0.421503	-0.432724	-0.435097	-0.428965	-0.417151	-0.392319	-0.358813	-0.312358	-0.249293	-0.162115	-0.0464834	0.0990796	0.281177	0.497451	0.745711	1.01372	1.28882	1.56165	1.79762	2.00195	2.15293	2.20808	2.17305	2.05012	1.84575	1.6078	1.36808	1.11343	0.841296	0.590128	0.405066	0.301326	0.263867	0.266985	0.289359	0.31811	0.346802	0.372509	0.393877	0.410207	0.421093	0.426299	0.42572	0.419366	0.407365	0.389964	0.367545	0.340637	0.309931	0.276288	0.240736	0.204447	0.168682	0.134711	0.1037	0.0765936	0.0540103	0.0361675	0.0228731	0.0135862	0.0075395	0.00389009	0.00185845	0.000819366	0.000332574	0.000124085	4.25262e-05	1.33877e-05	3.87363e-06	1.03123e-06	2.52947e-07	5.72612e-08	1.19851e-08	2.32388e-09	4.18252e-10	7.00134e-11	1.0922e-11	1.59093e-12	2.16794e-13	2.77264e-14	3.69411e-15	3.69411e-15	
3.57448	3.57448	3.44166	3.20899	2.88721	2.5035	2.11241	1.69027	1.25282	0.860043	0.553816	0.359977	0.248582	0.197763	0.172506	0.160959	0.153387	0.14817	0.143537	0.139643	0.141237	0.141559	0.144921	0.149558	0.154665	0.164108	0.171709	0.187163	0.213485	0.263241	0.335984	0.443123	0.57593	0.747353	0.936018	1.15148	1.37036	1.55599	1.70985	1.79886	1.81838	1.79469	1.72181	1.60407	1.46404	1.294	1.07772	0.841243	0.640514	0.513562	0.460846	0.459778	0.485413	0.520473	0.555737	0.587061	0.61276	0.632159	0.644972	0.651066	0.650391	0.642949	0.628797	0.608054	0.580917	0.547694	0.508834	0.464971	0.416969	0.365956	0.313341	0.260775	0.210061	0.163005	0.121214	0.0858878	0.057642	0.0364176	0.0215298	0.0118438	0.00603304	0.00283419	0.00122424	0.000485272	0.000176337	5.87299e-05	1.7937e-05	5.02885e-06	1.29613e-06	3.07643e-07	6.73756e-08	1.36429e-08	2.55962e-09	4.45889e-10	7.22723e-11	1.0922e-11	1.54205e-12	2.04105e-13	2.81948e-14	2.81948e-14	
2.68832	2.68832	2.62543	2.5233	2.34586	2.11241	1.85439	1.55911	1.25084	0.949764	0.727297	0.59825	0.556603	0.559338	0.584989	0.607004	0.628675	0.635155	0.641266	0.645387	0.642926	0.643724	0.641739	0.632383	0.619193	0.594239	0.558625	0.512258	0.455532	0.405257	0.364978	0.358102	0.385178	0.457192	0.574777	0.713626	0.884537	1.05319	1.21193	1.35724	1.47201	1.57031	1.63932	1.64836	1.60372	1.512	1.35757	1.15016	0.943084	0.791512	0.71499	0.699523	0.719515	0.753886	0.79029	0.822985	0.849739	0.869813	0.882997	0.889247	0.888555	0.880918	0.866329	0.844781	0.816283	0.780878	0.738675	0.689894	0.634921	0.57439	0.509275	0.440983	0.371379	0.302735	0.237575	0.178411	0.127379	0.0858767	0.0542976	0.0319871	0.0174546	0.00877924	0.00405494	0.00171546	0.000663789	0.000234826	7.59801e-05	2.25083e-05	6.11411e-06	1.52572e-06	3.50479e-07	7.42766e-08	1.45553e-08	2.64336e-09	4.45889e-10	7.00134e-11	1.02554e-11	1.40653e-12	2.01711e-13	2.01711e-13	
1.84705	1.84705	1.8359	1.82963	1.78547	1.69027	1.55911	1.41385	1.23829	1.04527	0.893046	0.808161	0.799789	0.829131	0.875871	0.912592	0.936054	0.952414	0.958531	0.963376	0.961329	0.960738	0.957035	0.945846	0.926377	0.889368	0.833715	0.74678	0.640376	0.513349	0.389798	0.275416	0.202269	0.163997	0.18663	0.257266	0.375338	0.53494	0.726517	0.95428	1.18755	1.41126	1.61017	1.73922	1.78497	1.7626	1.66611	1.49278	1.28469	1.1064	0.997141	0.956319	0.961252	0.988071	1.02092	1.05178	1.0774	1.09668	1.10933	1.11532	1.11466	1.10732	1.09329	1.07249	1.04484	1.01025	0.96864	0.919953	0.86419	0.801431	0.731926	0.656245	0.575457	0.491273	0.406113	0.323053	0.24557	0.177041	0.120108	0.0760891	0.044693	0.0241925	0.0120109	0.00545098	0.00225696	0.000851915	0.000293227	9.21279e-05	2.64636e-05	6.96368e-06	1.6824e-06	3.74068e-07	7.67295e-08	1.45553e-08	2.55962e-09	4.18252e-10	6.3651e-11	9.05775e-12	1.3504e-12	1.3504e-12	
1.1244	1.1244	1.14538	1.187	1.22911	1.25282	1.25084	1.23829	1.19269	1.1112	1.01927	0.965672	0.955521	0.979168	1.00668	1.03514	1.05327	1.06776	1.07296	1.07449	1.07801	1.07531	1.06952	1.06306	1.04282	1.00959	0.958388	0.870103	0.742027	0.57001	0.376849	0.178266	0.00381917	-0.126556	-0.196456	-0.191885	-0.101792	0.0776716	0.32652	0.643075	0.991207	1.32795	1.63383	1.86495	1.9907	2.02525	1.97539	1.83392	1.62885	1.42592	1.28098	1.20913	1.19367	1.20923	1.23631	1.26407	1.28778	1.30576	1.31757	1.32315	1.32252	1.31567	1.30252	1.28294	1.25678	1.22385	1.18399	1.13704	1.08294	1.02164	0.953107	0.877307	0.794381	0.70486	0.609894	0.511519	0.412868	0.31809	0.231853	0.158428	0.100602	0.058909	0.0316125	0.0154773	0.00689432	0.00279074	0.00102658	0.000343512	0.000104736	2.91599e-05	7.43139e-06	1.7381e-06	3.74068e-07	7.42766e-08	1.36429e-08	2.32388e-09	3.67995e-10	5.44107e-11	8.44552e-12	8.44552e-12	
0.534975	0.534975	0.576088	0.643361	0.748863	0.860043	0.949764	1.04527	1.1112	1.11965	1.07334	1.01428	0.970286	0.953829	0.957768	0.975071	0.992194	1.00621	1.01717	1.0223	1.02299	1.02054	1.01168	0.999758	0.978495	0.947283	0.897842	0.825548	0.706439	0.531824	0.303716	0.0483251	-0.199288	-0.405516	-0.53233	-0.556169	-0.471235	-0.260603	0.0512345	0.444503	0.883583	1.30936	1.69414	2.00202	2.19278	2.27306	2.26039	2.14954	1.95481	1.73568	1.55873	1.45467	1.4154	1.41613	1.4345	1.45686	1.47683	1.49212	1.50214	1.50685	1.50631	1.50048	1.48922	1.47227	1.44926	1.41977	1.38335	1.33961	1.28821	1.2291	1.16237	1.08815	1.00652	0.917564	0.821506	0.718857	0.610846	0.49998	0.390413	0.287754	0.198033	0.125984	0.0734708	0.0390328	0.0188159	0.00821366	0.00324578	0.00116214	0.000377677	0.000111666	3.01178e-05	7.43139e-06	1.6824e-06	3.50479e-07	6.73756e-08	1.19851e-08	1.97805e-09	3.0434e-10	4.92582e-11	4.92582e-11	
0.0561084	0.0561084	0.120505	0.219626	0.375001	0.553816	0.727297	0.893046	1.01927	1.07334	1.02497	0.927774	0.82352	0.763298	0.745408	0.765553	0.794837	0.823245	0.844366	0.855594	0.860699	0.852894	0.834988	0.810132	0.7743	0.725985	0.672221	0.608249	0.516394	0.369125	0.158281	-0.100969	-0.370977	-0.600987	-0.757397	-0.792046	-0.693978	-0.453866	-0.0946904	0.349831	0.845258	1.32877	1.76508	2.12721	2.37199	2.49441	2.5163	2.43683	2.25875	2.03061	1.82406	1.68451	1.61509	1.59442	1.59852	1.61111	1.62407	1.63435	1.6411	1.64426	1.64389	1.63994	1.63219	1.62026	1.60358	1.58142	1.55297	1.51741	1.47378	1.42128	1.35958	1.28877	1.2092	1.12132	1.02578	0.923182	0.813954	0.698626	0.578634	0.457306	0.340473	0.235713	0.149997	0.0869473	0.0456311	0.0216103	0.00922582	0.00355282	0.00123637	0.000389794	0.000111666	2.91599e-05	6.96368e-06	1.52572e-06	3.07643e-07	5.72612e-08	9.86679e-09	1.58221e-09	2.67471e-10	2.67471e-10	
-0.335205	-0.335205	-0.247293	-0.103337	0.112406	0.359977	0.59825	0.808161	0.965672	1.01428	0.927774	0.755256	0.582268	0.482899	0.468792	0.499198	0.539479	0.571676	0.605667	0.621618	0.622363	0.618278	0.591874	0.554676	0.509396	0.446703	0.365898	0.295098	0.227787	0.139715	-0.0120782	-0.222816	-0.469929	-0.694786	-0.845949	-0.876786	-0.76959	-0.515251	-0.134606	0.330325	0.847858	1.36111	1.8308	2.23545	2.52975	2.69341	2.74587	2.692	2.52789	2.29055	2.05288	1.87351	1.76831	1.72103	1.70678	1.70671	1.71079	1.71487	1.71762	1.71892	1.71876	1.71708	1.71363	1.7079	1.69929	1.68692	1.66972	1.64667	1.61663	1.57803	1.52938	1.46976	1.3988	1.31651	1.2235	1.12114	1.01109	0.894654	0.772538	0.645286	0.514806	0.386286	0.268386	0.170374	0.0978728	0.0505894	0.0234722	0.00977618	0.00366135	0.00123637	0.000377677	0.000104736	2.64636e-05	6.11411e-06	1.29613e-06	2.52947e-07	4.55889e-08	7.63205e-09	1.34989e-09	1.34989e-09	
-0.658076	-0.658076	-0.544988	-0.344779	-0.067225	0.248582	0.556603	0.799789	0.955521	0.970286	0.82352	0.582268	0.366997	0.253965	0.235432	0.248185	0.275159	0.309903	0.337116	0.351251	0.352574	0.345782	0.326264	0.28915	0.245258	0.191426	0.112553	0.0234163	-0.0408784	-0.0894118	-0.164173	-0.299305	-0.485683	-0.673158	-0.810342	-0.835338	-0.725453	-0.476352	-0.104408	0.35201	0.870565	1.40099	1.89606	2.33401	2.66828	2.86399	2.93563	2.89572	2.73897	2.49187	2.22516	2.00752	1.86648	1.79128	1.75699	1.74303	1.73734	1.73451	1.73285	1.73209	1.73216	1.73297	1.73425	1.73536	1.73548	1.73371	1.72876	1.71907	1.70371	1.6814	1.6503	1.60852	1.55468	1.48775	1.40679	1.31181	1.20426	1.08668	0.962028	0.832441	0.698473	0.560527	0.422457	0.293508	0.185149	0.104992	0.0532512	0.0241261	0.00977618	0.00355282	0.00116214	0.000343512	9.21279e-05	2.25083e-05	5.02885e-06	1.03123e-06	1.94774e-07	3.41008e-08	6.32186e-09	6.32186e-09	
-0.922542	-0.922542	-0.78445	-0.531107	-0.189571	0.197763	0.559338	0.829131	0.979168	0.953829	0.763298	0.482899	0.253965	0.126137	0.0752769	0.0437885	0.0436855	0.0683394	0.0789933	0.0879585	0.0921046	0.0841242	0.0752143	0.0508443	0.0143001	-0.00679406	-0.0599665	-0.14003	-0.215966	-0.244979	-0.267984	-0.322902	-0.439875	-0.575758	-0.68141	-0.696694	-0.599194	-0.379148	-0.035213	0.399898	0.911326	1.45297	1.96338	2.41723	2.77325	2.98829	3.07046	3.03818	2.88651	2.63222	2.34113	2.08796	1.91038	1.8043	1.74702	1.71678	1.6993	1.68807	1.68118	1.67783	1.67817	1.68202	1.68889	1.69841	1.70919	1.72022	1.73028	1.73713	1.73866	1.73371	1.72078	1.69797	1.66338	1.61599	1.5545	1.47732	1.38358	1.27367	1.14996	1.01685	0.878934	0.738017	0.593387	0.447281	0.309274	0.192905	0.107463	0.0532512	0.0234722	0.00922582	0.00324578	0.00102658	0.000293227	7.59801e-05	1.7937e-05	3.87363e-06	7.68237e-07	1.40918e-07	2.74333e-08	2.74333e-08	
-1.13826	-1.13826	-0.973228	-0.671637	-0.274465	0.172506	0.584989	0.875871	1.00668	0.957768	0.745408	0.468792	0.235432	0.0752769	-0.0465017	-0.11612	-0.124656	-0.101846	-0.11033	-0.0990017	-0.0872006	-0.110655	-0.10655	-0.120233	-0.156605	-0.171345	-0.17756	-0.214571	-0.285784	-0.319115	-0.317449	-0.310143	-0.351748	-0.421354	-0.493298	-0.510208	-0.433952	-0.252357	0.0604566	0.475997	0.971616	1.50748	2.01672	2.47108	2.83664	3.06499	3.15457	3.12523	2.97348	2.70941	2.39312	2.1029	1.88636	1.74732	1.66596	1.61803	1.58773	1.5677	1.5553	1.54924	1.54984	1.55689	1.56963	1.58792	1.61047	1.63563	1.66216	1.68887	1.71233	1.73014	1.74014	1.74038	1.72817	1.70172	1.66039	1.60328	1.52945	1.43789	1.32772	1.19983	1.05894	0.912366	0.764186	0.613091	0.459869	0.314642	0.192905	0.104992	0.0505894	0.0216103	0.00821366	0.00279074	0.000851915	0.000234826	5.87299e-05	1.33877e-05	2.79356e-06	5.37854e-07	1.1016e-07	1.1016e-07	
-1.30536	-1.30536	-1.12103	-0.780185	-0.332282	0.160959	0.607004	0.912592	1.03514	0.975071	0.765553	0.499198	0.248185	0.0437885	-0.11612	-0.183729	-0.190444	-0.192752	-0.1969	-0.18726	-0.181294	-0.194082	-0.19817	-0.204788	-0.224002	-0.255356	-0.258204	-0.263718	-0.30683	-0.331395	-0.313333	-0.259291	-0.230558	-0.244073	-0.280742	-0.304998	-0.254639	-0.105999	0.177165	0.569152	1.03618	1.54958	2.04829	2.49827	2.8664	3.09952	3.18708	3.15015	2.98952	2.71146	2.36968	2.04485	1.79277	1.62402	1.51946	1.45377	1.41104	1.38277	1.36453	1.35619	1.357	1.36692	1.38585	1.41223	1.44622	1.48568	1.52809	1.57281	1.61783	1.65993	1.69623	1.72409	1.74077	1.7425	1.72709	1.69303	1.63965	1.56736	1.47652	1.36625	1.23537	1.08756	0.932629	0.777221	0.619648	0.459869	0.309274	0.185149	0.0978728	0.0456311	0.0188159	0.00689432	0.00225696	0.000663789	0.000176337	4.25262e-05	9.35525e-06	1.89406e-06	4.08899e-07	4.08899e-07	
-1.43251	-1.43251	-1.23299	-0.858294	-0.374503	0.153387	0.628675	0.936054	1.05327	0.992194	0.794837	0.539479	0.275159	0.0436855	-0.124656	-0.190444	-0.206133	-0.23124	-0.226767	-0.221804	-0.227369	-0.222818	-0.234612	-0.238018	-0.236673	-0.276008	-0.282262	-0.285127	-0.299738	-0.314614	-0.271681	-0.181212	-0.0912623	-0.055869	-0.0696778	-0.102457	-0.0727482	0.0549451	0.304857	0.657858	1.09012	1.5808	2.06536	2.50139	2.85808	3.08263	3.15896	3.10891	2.93655	2.64416	2.27934	1.9242	1.63956	1.44174	1.31268	1.22986	1.17497	1.13804	1.11401	1.10342	1.10448	1.11721	1.14232	1.17731	1.2223	1.27615	1.33676	1.40045	1.46663	1.53178	1.59357	1.64826	1.6937	1.72634	1.74276	1.74011	1.71521	1.66656	1.59471	1.50231	1.39054	1.25644	1.10205	0.939431	0.777221	0.613091	0.447281	0.293508	0.170374	0.0869473	0.0390328	0.0154773	0.00545098	0.00171546	0.000485272	0.000124085	2.88335e-05	6.14955e-06	1.40189e-06	1.40189e-06	
-1.52431	-1.52431	-1.31213	-0.914289	-0.402807	0.14817	0.635155	0.952414	1.06776	1.00621	0.823245	0.571676	0.309903	0.0683394	-0.101846	-0.192752	-0.23124	-0.25606	-0.252191	-0.252342	-0.259077	-0.251269	-0.26024	-0.264694	-0.261823	-0.272707	-0.274064	-0.273405	-0.279868	-0.274281	-0.203604	-0.0725986	0.0608543	0.125561	0.121223	0.0915713	0.112743	0.211007	0.419932	0.737269	1.13912	1.60146	2.05943	2.46995	2.80669	3.01717	3.07921	3.01267	2.82387	2.5128	2.12388	1.73898	1.42342	1.19836	1.0487	0.951493	0.885556	0.84025	0.812433	0.798915	0.800379	0.816224	0.845434	0.888967	0.94389	1.00977	1.08621	1.16979	1.25842	1.34869	1.43756	1.52142	1.59633	1.65927	1.70633	1.73546	1.74365	1.72768	1.68468	1.61298	1.51729	1.4022	1.2634	1.10205	0.932629	0.764186	0.593387	0.422457	0.268386	0.149997	0.0734708	0.0316125	0.0120109	0.00405494	0.00122424	0.000332574	8.17746e-05	1.84032e-05	4.43755e-06	4.43755e-06	
-1.58483	-1.58483	-1.36479	-0.950334	-0.421503	0.143537	0.641266	0.958531	1.07296	1.01717	0.844366	0.605667	0.337116	0.0789933	-0.11033	-0.1969	-0.226767	-0.252191	-0.250758	-0.249335	-0.253095	-0.249482	-0.259405	-0.261391	-0.260183	-0.286017	-0.281832	-0.259735	-0.237417	-0.207267	-0.108226	0.0521696	0.211276	0.291978	0.300979	0.273689	0.280718	0.347359	0.520838	0.808903	1.17522	1.5988	2.02538	2.40939	2.72264	2.91164	2.95095	2.86033	2.64971	2.31768	1.90665	1.49655	1.15743	0.911245	0.745807	0.634726	0.559647	0.508187	0.476753	0.461225	0.462858	0.481032	0.514113	0.563723	0.62767	0.705451	0.794134	0.893605	1.00044	1.11334	1.22732	1.34016	1.44676	1.54356	1.62505	1.68725	1.72751	1.74304	1.73313	1.69467	1.62222	1.52225	1.4022	1.25644	1.08756	0.912366	0.738017	0.560527	0.386286	0.235713	0.125984	0.058909	0.0241925	0.00877924	0.00283419	0.000819366	0.000213509	5.0776e-05	1.29698e-05	1.29698e-05	
-1.61745	-1.61745	-1.39338	-0.970053	-0.432724	0.139643	0.645387	0.963376	1.07449	1.0223	0.855594	0.621618	0.351251	0.0879585	-0.0990017	-0.18726	-0.221804	-0.252342	-0.249335	-0.24739	-0.255529	-0.247193	-0.256599	-0.26154	-0.254359	-0.276321	-0.268229	-0.237524	-0.187296	-0.127277	0.00273185	0.182549	0.35486	0.447349	0.465814	0.434349	0.419935	0.462225	0.609626	0.860848	1.1863	1.57717	1.97302	2.32358	2.60387	2.76323	2.77527	2.6599	2.42727	2.07487	1.6434	1.21261	0.853754	0.590049	0.410539	0.290294	0.209123	0.153864	0.118537	0.10286	0.104314	0.12312	0.160332	0.213764	0.283824	0.370057	0.471282	0.585145	0.708958	0.841206	0.977912	1.11568	1.25031	1.37786	1.49393	1.59303	1.67055	1.72179	1.74216	1.73487	1.69777	1.62222	1.51729	1.39054	1.23537	1.05894	0.878934	0.698473	0.514806	0.340473	0.198033	0.100602	0.044693	0.0174546	0.00603304	0.00185845	0.00051381	0.000129278	3.50215e-05	3.50215e-05	
-1.62576	-1.62576	-1.39889	-0.974328	-0.435097	0.141237	0.642926	0.961329	1.07801	1.02299	0.860699	0.622363	0.352574	0.0921046	-0.0872006	-0.181294	-0.227369	-0.259078	-0.253098	-0.255533	-0.265549	-0.252132	-0.264684	-0.266265	-0.254814	-0.257584	-0.244636	-0.199626	-0.126311	-0.0292514	0.124425	0.317308	0.49121	0.586991	0.60805	0.56693	0.530976	0.552887	0.673529	0.888654	1.18317	1.54012	1.89562	2.20928	2.45542	2.58399	2.56626	2.42344	2.16471	1.79042	1.3393	0.892871	0.520357	0.247724	0.0619888	-0.0619134	-0.147052	-0.204529	-0.239992	-0.257133	-0.255495	-0.235394	-0.197863	-0.141549	-0.0678497	0.022034	0.129248	0.252074	0.389343	0.537684	0.695006	0.856675	1.01882	1.17592	1.3231	1.45546	1.56825	1.65782	1.71874	1.74193	1.73487	1.69467	1.61298	1.50231	1.36625	1.19983	1.01685	0.832441	0.645286	0.457306	0.287754	0.158428	0.0760891	0.0319871	0.0118438	0.00389009	0.00114188	0.000304207	8.74711e-05	8.74711e-05	
-1.60744	-1.60744	-1.38499	-0.9643	-0.428965	0.141559	0.643724	0.960738	1.07531	1.02054	0.852894	0.618278	0.345782	0.0841242	-0.110656	-0.194082	-0.222819	-0.251274	-0.249494	-0.247222	-0.252178	-0.247003	-0.256784	-0.257086	-0.250001	-0.26551	-0.232644	-0.151875	-0.04484	0.0772432	0.24703	0.441879	0.619474	0.712927	0.725565	0.664226	0.61377	0.619873	0.710048	0.897987	1.16338	1.47967	1.80023	2.0785	2.28685	2.37844	2.32613	2.15424	1.87108	1.47749	1.01231	0.556912	0.180103	-0.0956738	-0.282762	-0.408637	-0.49262	-0.548544	-0.583418	-0.599978	-0.598383	-0.578679	-0.541644	-0.487246	-0.413909	-0.320997	-0.211076	-0.0829035	0.0610411	0.220025	0.391257	0.570759	0.75546	0.93951	1.11871	1.28431	1.43324	1.55534	1.65285	1.71874	1.74216	1.73313	1.68468	1.59471	1.47652	1.32772	1.14996	0.962028	0.772538	0.578634	0.390413	0.231853	0.120108	0.0542976	0.0215298	0.0075395	0.00234997	0.000663115	0.000202444	0.000202444	
-1.56495	-1.56495	-1.34564	-0.937351	-0.417151	0.144921	0.641739	0.957035	1.06952	1.01168	0.834988	0.591874	0.326264	0.0752141	-0.106551	-0.198173	-0.23462	-0.260264	-0.259468	-0.256745	-0.264968	-0.257175	-0.264461	-0.264548	-0.250308	-0.241216	-0.186771	-0.0881475	0.0398877	0.182686	0.363767	0.563755	0.73473	0.822931	0.81105	0.730243	0.668592	0.6533	0.724743	0.892189	1.12298	1.40875	1.69495	1.92912	2.09986	2.15251	2.0683	1.86798	1.56183	1.14878	0.673522	0.214699	-0.159309	-0.429816	-0.61078	-0.72871	-0.808335	-0.86086	-0.893355	-0.907287	-0.90574	-0.888616	-0.854431	-0.803533	-0.733967	-0.647186	-0.539779	-0.41196	-0.265552	-0.100491	0.0802297	0.27378	0.47607	0.681246	0.885441	1.08127	1.26295	1.42635	1.55534	1.65782	1.72179	1.74304	1.72768	1.66656	1.56736	1.43789	1.27367	1.08668	0.894654	0.698626	0.49998	0.31809	0.177041	0.0858767	0.0364176	0.0135862	0.00449425	0.00134301	0.000435223	0.000435223	
-1.49243	-1.49243	-1.28416	-0.893358	-0.392319	0.149558	0.632383	0.945846	1.06306	0.999758	0.810132	0.554675	0.28915	0.0508432	-0.120237	-0.204801	-0.238056	-0.264801	-0.261662	-0.262156	-0.267504	-0.259172	-0.267023	-0.262364	-0.239652	-0.217706	-0.144176	-0.0220087	0.12595	0.287231	0.478068	0.678733	0.840576	0.900137	0.861988	0.7686	0.693663	0.663107	0.722527	0.867604	1.07344	1.33143	1.57405	1.77353	1.90599	1.91776	1.79918	1.56991	1.24222	0.814919	0.335536	-0.115769	-0.477748	-0.73229	-0.900902	-1.00905	-1.07912	-1.12463	-1.15123	-1.16368	-1.16203	-1.14732	-1.11972	-1.07517	-1.01383	-0.934558	-0.835095	-0.715722	-0.574312	-0.411161	-0.228997	-0.0277166	0.185463	0.410575	0.635156	0.859917	1.06809	1.26295	1.43324	1.56825	1.67055	1.72751	1.74365	1.71521	1.63965	1.52945	1.38358	1.20426	1.01109	0.813954	0.610846	0.412868	0.24557	0.127379	0.057642	0.0228731	0.00802077	0.00253632	0.000871749	0.000871749	
-1.38673	-1.38673	-1.19284	-0.829582	-0.358813	0.154665	0.619193	0.926377	1.04282	0.978495	0.7743	0.509395	0.245257	0.0142948	-0.156623	-0.224059	-0.236836	-0.262253	-0.261218	-0.256623	-0.259272	-0.257726	-0.261468	-0.250942	-0.223486	-0.205581	-0.10495	0.0497105	0.21813	0.387809	0.584604	0.780904	0.922903	0.951528	0.884435	0.776493	0.691247	0.652846	0.706045	0.83406	1.02	1.24699	1.45472	1.61763	1.70449	1.67977	1.5259	1.27519	0.927174	0.491049	0.0126893	-0.423028	-0.763942	-0.997253	-1.14414	-1.23509	-1.28969	-1.32356	-1.34498	-1.35287	-1.35221	-1.3426	-1.31991	-1.28698	-1.24064	-1.17577	-1.09081	-0.984269	-0.852609	-0.69863	-0.519115	-0.318855	-0.099388	0.133571	0.376245	0.618947	0.859917	1.08127	1.28431	1.45546	1.59303	1.68725	1.73546	1.74011	1.69303	1.60328	1.47732	1.31181	1.12114	0.923182	0.718857	0.511519	0.323053	0.178411	0.0858878	0.0361675	0.0134205	0.00448489	0.00163255	0.00163255	
-1.24427	-1.24427	-1.06703	-0.741845	-0.312358	0.164108	0.594239	0.889368	1.00959	0.947283	0.725985	0.446702	0.191419	-0.00681806	-0.171423	-0.255587	-0.276635	-0.274266	-0.289555	-0.283648	-0.271365	-0.288808	-0.275785	-0.260236	-0.241918	-0.1744	-0.0342922	0.140917	0.298517	0.481316	0.679346	0.873574	0.976308	0.96816	0.877587	0.759318	0.668467	0.630439	0.682538	0.798368	0.967994	1.16596	1.33738	1.46042	1.51124	1.44503	1.2596	0.986159	0.62243	0.181603	-0.284457	-0.695638	-1.00264	-1.20473	-1.32412	-1.39268	-1.43239	-1.45201	-1.46155	-1.46734	-1.46709	-1.46081	-1.4503	-1.4316	-1.39969	-1.35277	-1.28936	-1.2026	-1.09079	-0.953037	-0.785035	-0.593394	-0.373257	-0.136833	0.117886	0.376245	0.635156	0.885441	1.11871	1.3231	1.49393	1.62505	1.70633	1.74276	1.72709	1.66039	1.5545	1.40679	1.2235	1.02578	0.821506	0.609894	0.406113	0.237575	0.121214	0.0540103	0.0211578	0.00745856	0.00286961	0.00286961	
-1.0592	-1.0592	-0.904187	-0.622226	-0.249293	0.171709	0.558625	0.833715	0.958388	0.897842	0.672219	0.36589	0.112523	-0.0600664	-0.177866	-0.259057	-0.284438	-0.27913	-0.292601	-0.289143	-0.281697	-0.292298	-0.272953	-0.252998	-0.218045	-0.115123	0.0362863	0.200941	0.364725	0.562969	0.771831	0.941166	1.00172	0.955504	0.839327	0.721658	0.633196	0.605965	0.661203	0.767653	0.922055	1.09114	1.22888	1.31498	1.32297	1.21615	1.00507	0.711972	0.339941	-0.101256	-0.545626	-0.922742	-1.18908	-1.35241	-1.4395	-1.47892	-1.4942	-1.49882	-1.49961	-1.49815	-1.49876	-1.50017	-1.49934	-1.49712	-1.48745	-1.46647	-1.42804	-1.36601	-1.28031	-1.16273	-1.01604	-0.835971	-0.627972	-0.392421	-0.136833	0.133571	0.410575	0.681246	0.93951	1.17592	1.37786	1.54356	1.65927	1.72634	1.7425	1.70172	1.61599	1.48775	1.31651	1.12132	0.917564	0.70486	0.491273	0.302735	0.163005	0.0765936	0.0315879	0.0117196	0.00475373	0.00475373	
-0.824906	-0.824906	-0.699653	-0.47168	-0.162115	0.187163	0.512258	0.74678	0.870102	0.825546	0.60824	0.295063	0.023296	-0.140409	-0.215659	-0.266561	-0.291897	-0.288089	-0.288785	-0.290038	-0.286484	-0.283191	-0.268555	-0.243929	-0.187465	-0.0659937	0.0775361	0.241562	0.432793	0.653328	0.851362	0.977659	0.984337	0.905941	0.786719	0.673748	0.597999	0.589222	0.64636	0.74852	0.889987	1.03034	1.13144	1.17829	1.14763	1.0026	0.765548	0.45788	0.078009	-0.352321	-0.766951	-1.09667	-1.31378	-1.43012	-1.47939	-1.48984	-1.48324	-1.46962	-1.45732	-1.45233	-1.45294	-1.45954	-1.47343	-1.48862	-1.50051	-1.50596	-1.49699	-1.4687	-1.41318	-1.32672	-1.20505	-1.04772	-0.853663	-0.627972	-0.373257	-0.099388	0.185463	0.47607	0.75546	1.01882	1.25031	1.44676	1.59633	1.6937	1.74077	1.72817	1.66338	1.55468	1.3988	1.2092	1.00652	0.794381	0.575457	0.371379	0.210061	0.1037	0.0448823	0.0174788	0.00745265	0.00745265	
-0.544857	-0.544857	-0.446875	-0.280619	-0.0464835	0.213485	0.455532	0.640375	0.742025	0.706429	0.516356	0.227652	-0.041319	-0.217267	-0.289274	-0.315331	-0.31853	-0.317617	-0.306484	-0.302785	-0.303424	-0.294434	-0.282664	-0.252902	-0.178869	-0.061059	0.0988323	0.295904	0.520699	0.735531	0.898597	0.966467	0.933191	0.835925	0.719809	0.627239	0.576131	0.585683	0.649738	0.750613	0.874098	0.983124	1.04863	1.05832	0.982317	0.800807	0.545215	0.225613	-0.154087	-0.567602	-0.940852	-1.21644	-1.37719	-1.44484	-1.45295	-1.43012	-1.39719	-1.36795	-1.34742	-1.33536	-1.33672	-1.35082	-1.37382	-1.40667	-1.44421	-1.47967	-1.50425	-1.50967	-1.49072	-1.43735	-1.34884	-1.21705	-1.04772	-0.835971	-0.593394	-0.318855	-0.0277166	0.27378	0.570759	0.856675	1.11568	1.34016	1.52142	1.64826	1.72409	1.74038	1.69797	1.60852	1.46976	1.28877	1.08815	0.877307	0.656245	0.440983	0.260775	0.134711	0.0609805	0.024853	0.0111027	0.0111027	
-0.214176	-0.214176	-0.14876	-0.0507594	0.0990796	0.263241	0.405257	0.513347	0.57	0.531784	0.368981	0.139234	-0.0908744	-0.24901	-0.32917	-0.354073	-0.360881	-0.359838	-0.351234	-0.348922	-0.343373	-0.334551	-0.317112	-0.271303	-0.179541	-0.0327642	0.156622	0.382465	0.602317	0.783304	0.887778	0.908154	0.84525	0.754873	0.664634	0.598406	0.575944	0.607999	0.678796	0.773873	0.87756	0.954389	0.981116	0.949567	0.830541	0.617462	0.342418	0.0161056	-0.36105	-0.744834	-1.06793	-1.27897	-1.37958	-1.3949	-1.364	-1.31355	-1.26186	-1.21824	-1.1884	-1.17531	-1.17638	-1.193	-1.22704	-1.2734	-1.32989	-1.39137	-1.44762	-1.49247	-1.51107	-1.49884	-1.44556	-1.34884	-1.20505	-1.01604	-0.785035	-0.519115	-0.228997	0.0802297	0.391257	0.695006	0.977912	1.22732	1.43756	1.59357	1.69623	1.74014	1.72078	1.6503	1.52938	1.35958	1.16237	0.953107	0.731926	0.509275	0.313341	0.168682	0.079577	0.0338316	0.0157793	0.0157793	
0.162347	0.162347	0.190619	0.222506	0.281177	0.335984	0.364976	0.389789	0.376812	0.303573	0.157787	-0.013624	-0.168556	-0.279201	-0.343312	-0.367026	-0.372172	-0.373773	-0.370576	-0.368685	-0.363068	-0.350859	-0.323496	-0.259363	-0.146372	0.0181039	0.229795	0.449184	0.635569	0.760486	0.822713	0.812626	0.755131	0.686933	0.626024	0.600517	0.610831	0.661592	0.736481	0.823308	0.901936	0.941182	0.927779	0.852126	0.686781	0.445781	0.158407	-0.173403	-0.538658	-0.885733	-1.14772	-1.29212	-1.33053	-1.2986	-1.23084	-1.15648	-1.09141	-1.0445	-1.01535	-0.999072	-1.0009	-1.02023	-1.05279	-1.10436	-1.17511	-1.25879	-1.34661	-1.42522	-1.48446	-1.51159	-1.49884	-1.43735	-1.32672	-1.16273	-0.953037	-0.69863	-0.411161	-0.100491	0.220025	0.537684	0.841206	1.11334	1.34869	1.53178	1.65993	1.73014	1.73371	1.6814	1.57803	1.42128	1.2291	1.02164	0.801431	0.57439	0.365956	0.204447	0.100142	0.0442601	0.0214723	0.0214723	
0.576144	0.576144	0.563012	0.532916	0.497451	0.443121	0.358094	0.275382	0.178132	0.04785	-0.102505	-0.227305	-0.311117	-0.350814	-0.369274	-0.37162	-0.373096	-0.369217	-0.366991	-0.366089	-0.356845	-0.343424	-0.305566	-0.230509	-0.107823	0.0695524	0.268441	0.453443	0.590264	0.677865	0.715951	0.707527	0.673436	0.644703	0.635054	0.645488	0.684293	0.75315	0.825825	0.897293	0.94433	0.940918	0.883185	0.760381	0.552632	0.286782	-0.0137326	-0.346142	-0.693098	-0.990238	-1.18532	-1.25919	-1.24063	-1.16693	-1.07728	-0.994765	-0.931048	-0.887628	-0.860977	-0.849406	-0.850454	-0.865126	-0.895408	-0.94253	-1.01276	-1.10417	-1.20989	-1.32035	-1.41488	-1.48446	-1.51107	-1.49072	-1.41318	-1.28031	-1.09079	-0.852609	-0.574312	-0.265552	0.0610411	0.389343	0.708958	1.00044	1.25842	1.46663	1.61783	1.71233	1.73866	1.70371	1.61663	1.47378	1.28821	1.08294	0.86419	0.634921	0.416969	0.240736	0.12197	0.0558417	0.0280713	0.0280713	
1.01225	1.01225	0.959372	0.873968	0.74571	0.575924	0.38515	0.202153	0.00338958	-0.200724	-0.375308	-0.481674	-0.514207	-0.501754	-0.471517	-0.437757	-0.413532	-0.394811	-0.383865	-0.376331	-0.366677	-0.348478	-0.312778	-0.236022	-0.115252	0.0443819	0.221034	0.368961	0.481884	0.554662	0.606885	0.624179	0.637877	0.65924	0.689877	0.738202	0.807893	0.881564	0.943812	0.993804	0.998903	0.948989	0.844612	0.669086	0.419784	0.134856	-0.175015	-0.505967	-0.823617	-1.0642	-1.18688	-1.19617	-1.12779	-1.02706	-0.927071	-0.852331	-0.805475	-0.779953	-0.764256	-0.752496	-0.754013	-0.767083	-0.783789	-0.813448	-0.866802	-0.950779	-1.06556	-1.19383	-1.32035	-1.42522	-1.49247	-1.50967	-1.4687	-1.36601	-1.2026	-0.984269	-0.715722	-0.41196	-0.0829035	0.252074	0.585145	0.893605	1.16979	1.40045	1.57281	1.68887	1.73713	1.71907	1.64667	1.51741	1.33961	1.13704	0.919953	0.689894	0.464971	0.276288	0.144243	0.0681568	0.0353635	0.0353635	
1.45224	1.45224	1.36629	1.22689	1.01371	0.74733	0.457097	0.163632	-0.127817	-0.409452	-0.612012	-0.722396	-0.734726	-0.697729	-0.636119	-0.581848	-0.535806	-0.501872	-0.479687	-0.462836	-0.452593	-0.435777	-0.395403	-0.326661	-0.208837	-0.0573955	0.104744	0.239215	0.350665	0.445874	0.530143	0.592169	0.659911	0.728163	0.810808	0.889818	0.973565	1.04211	1.08872	1.10436	1.05906	0.959575	0.801806	0.573711	0.287504	-0.0154617	-0.334769	-0.655868	-0.934706	-1.10825	-1.1617	-1.11232	-1.01138	-0.901438	-0.815417	-0.766349	-0.740985	-0.727388	-0.717693	-0.711152	-0.711879	-0.719455	-0.729704	-0.744742	-0.774773	-0.832752	-0.933131	-1.06556	-1.20989	-1.34661	-1.44762	-1.50425	-1.49699	-1.42804	-1.28936	-1.09081	-0.835095	-0.539779	-0.211076	0.129248	0.471282	0.794134	1.08621	1.33676	1.52809	1.66216	1.73028	1.72876	1.66972	1.55297	1.38335	1.18399	0.96864	0.738675	0.508834	0.309931	0.166095	0.0806942	0.0430449	0.0430449	
1.87387	1.87387	1.76483	1.57655	1.2888	0.935944	0.574487	0.185589	-0.199823	-0.542099	-0.782703	-0.904192	-0.929028	-0.89533	-0.835582	-0.772258	-0.71572	-0.676225	-0.644696	-0.623485	-0.610111	-0.59004	-0.551935	-0.480737	-0.361517	-0.206142	-0.0467418	0.105694	0.242094	0.383659	0.512479	0.637224	0.754923	0.879795	0.989899	1.08669	1.18095	1.23157	1.25096	1.21806	1.11755	0.965605	0.74754	0.465687	0.150284	-0.167693	-0.495709	-0.799088	-1.02762	-1.13214	-1.11979	-1.02803	-0.907782	-0.80919	-0.748534	-0.732162	-0.731087	-0.718692	-0.706347	-0.70329	-0.703596	-0.707919	-0.721523	-0.732261	-0.733457	-0.758704	-0.832752	-0.950779	-1.10417	-1.25879	-1.39137	-1.47967	-1.50596	-1.46647	-1.35277	-1.17577	-0.934558	-0.647186	-0.320997	0.022034	0.370057	0.705451	1.00977	1.27615	1.48568	1.63563	1.72022	1.73371	1.68692	1.58142	1.41977	1.22385	1.01025	0.780878	0.547694	0.340637	0.186676	0.0928919	0.050743	0.050743	
2.25247	2.25247	2.13164	1.89531	1.5616	1.15127	0.712819	0.254556	-0.200049	-0.578115	-0.844394	-0.987077	-1.04008	-1.03226	-1.00046	-0.956351	-0.911985	-0.874483	-0.846732	-0.82758	-0.809414	-0.787521	-0.743885	-0.657803	-0.52335	-0.348129	-0.158992	0.0264762	0.210844	0.402625	0.58985	0.764367	0.930904	1.09139	1.22063	1.3402	1.41524	1.435	1.41781	1.32457	1.16791	0.954792	0.673828	0.345009	0.00418338	-0.330523	-0.660151	-0.933996	-1.10201	-1.13939	-1.07229	-0.954667	-0.834346	-0.760525	-0.729727	-0.728598	-0.723191	-0.698491	-0.683542	-0.688106	-0.687109	-0.684775	-0.703766	-0.726089	-0.728361	-0.733457	-0.774773	-0.866802	-1.01276	-1.17511	-1.32989	-1.44421	-1.50051	-1.48745	-1.39969	-1.24064	-1.01383	-0.733967	-0.413909	-0.0678497	0.283824	0.62767	0.94389	1.2223	1.44622	1.61047	1.70919	1.73548	1.69929	1.60358	1.44926	1.25678	1.04484	0.816283	0.580917	0.367545	0.205199	0.104179	0.0580475	0.0580475	
2.56297	2.56297	2.44257	2.16929	1.79747	1.36977	0.882486	0.368909	-0.11978	-0.515879	-0.791725	-0.957656	-1.04346	-1.0754	-1.07748	-1.06295	-1.04472	-1.02218	-1.00469	-0.990368	-0.973355	-0.945589	-0.888162	-0.782966	-0.62192	-0.415897	-0.191624	0.0357049	0.271719	0.515386	0.753989	0.972568	1.18265	1.36483	1.51076	1.61459	1.65561	1.6495	1.57504	1.41373	1.1993	0.918026	0.574837	0.208587	-0.15223	-0.507756	-0.827272	-1.05988	-1.15975	-1.13807	-1.02775	-0.898874	-0.78895	-0.738152	-0.731356	-0.724088	-0.703523	-0.662504	-0.643365	-0.659988	-0.656574	-0.643109	-0.670879	-0.709828	-0.726089	-0.732261	-0.744742	-0.813448	-0.94253	-1.10436	-1.2734	-1.40667	-1.48862	-1.49712	-1.4316	-1.28698	-1.07517	-0.803533	-0.487246	-0.141549	0.213763	0.563723	0.888967	1.17731	1.41223	1.58792	1.69841	1.73536	1.7079	1.62026	1.47227	1.28294	1.07249	0.844781	0.608054	0.389964	0.220972	0.114013	0.0645449	0.0645449	
2.79028	2.79028	2.65758	2.38353	2.00155	1.55453	1.04843	0.521025	0.0416052	-0.343053	-0.619268	-0.805911	-0.926032	-1.00168	-1.0463	-1.06977	-1.07897	-1.08141	-1.07798	-1.06942	-1.05539	-1.01809	-0.947258	-0.818749	-0.627998	-0.387233	-0.121102	0.154639	0.438341	0.730844	1.0101	1.26517	1.49492	1.6824	1.81775	1.89437	1.9102	1.84978	1.69964	1.47995	1.201	0.846728	0.45306	0.0566183	-0.327482	-0.694979	-0.990975	-1.16889	-1.20399	-1.13222	-0.994921	-0.861632	-0.765597	-0.725339	-0.720057	-0.697065	-0.664409	-0.638517	-0.630522	-0.638366	-0.636902	-0.630285	-0.642171	-0.670879	-0.703766	-0.721523	-0.729704	-0.783789	-0.895408	-1.05279	-1.22704	-1.37383	-1.47343	-1.49934	-1.4503	-1.31991	-1.11972	-0.854432	-0.541645	-0.197864	0.160331	0.514112	0.845433	1.14232	1.38585	1.56963	1.68889	1.73425	1.71363	1.63219	1.48922	1.30252	1.09329	0.866329	0.628797	0.407365	0.233425	0.121919	0.069853	0.069853	
2.91664	2.91664	2.76312	2.50403	2.15196	1.70654	1.20179	0.698976	0.260502	-0.0876211	-0.350038	-0.546057	-0.692703	-0.801656	-0.881404	-0.940859	-0.98001	-1.00617	-1.02036	-1.02166	-1.00721	-0.964557	-0.877264	-0.72597	-0.505608	-0.229651	0.0747574	0.385979	0.706587	1.03167	1.33546	1.60581	1.83834	2.01992	2.13391	2.17871	2.13947	2.00595	1.79653	1.51535	1.15882	0.741485	0.312103	-0.111989	-0.523551	-0.885993	-1.14196	-1.25747	-1.23705	-1.1257	-0.973948	-0.837339	-0.752955	-0.714963	-0.706175	-0.675879	-0.637677	-0.630933	-0.633027	-0.628494	-0.629381	-0.633545	-0.630285	-0.643109	-0.684775	-0.707919	-0.719455	-0.767083	-0.865126	-1.02023	-1.193	-1.35083	-1.45954	-1.50017	-1.46081	-1.3426	-1.14732	-0.888621	-0.578685	-0.2354	0.123113	0.481026	0.816219	1.11721	1.36691	1.55688	1.68202	1.73296	1.71708	1.63994	1.50048	1.31567	1.10732	0.880918	0.642949	0.419366	0.242121	0.127512	0.0736521	0.0736521	
2.90809	2.90809	2.77259	2.53453	2.20591	1.79191	1.33741	0.904249	0.53221	0.22981	-0.0133038	-0.21064	-0.373592	-0.506843	-0.611786	-0.693917	-0.756522	-0.800037	-0.827519	-0.837861	-0.823841	-0.777723	-0.67775	-0.510072	-0.267057	0.0341011	0.362567	0.699275	1.04543	1.38868	1.70441	1.97678	2.20125	2.35891	2.43268	2.4231	2.31878	2.12716	1.85749	1.49856	1.07093	0.61235	0.153892	-0.303546	-0.727696	-1.06656	-1.26767	-1.32633	-1.26121	-1.12501	-0.961479	-0.825247	-0.741012	-0.708637	-0.701884	-0.681215	-0.651512	-0.634976	-0.628384	-0.625561	-0.626086	-0.629381	-0.636902	-0.656574	-0.687109	-0.703597	-0.711879	-0.754013	-0.850455	-1.0009	-1.17639	-1.33673	-1.45295	-1.49877	-1.4671	-1.35223	-1.16205	-0.905767	-0.598413	-0.255526	0.104283	0.46283	0.800354	1.10446	1.35698	1.54983	1.67816	1.73215	1.71876	1.64389	1.5063	1.32252	1.11466	0.888555	0.650391	0.42572	0.246759	0.13052	0.0757099	0.0757099	
2.76282	2.76282	2.67111	2.47108	2.16859	1.80495	1.43624	1.1037	0.819278	0.576137	0.363813	0.176766	0.0118843	-0.132616	-0.255031	-0.353762	-0.432038	-0.489532	-0.526712	-0.542766	-0.531021	-0.4808	-0.373787	-0.193886	0.0642478	0.381612	0.726606	1.07983	1.43547	1.78144	2.09155	2.34665	2.54123	2.65636	2.68033	2.61642	2.45663	2.20222	1.85505	1.42597	0.955546	0.465685	-0.0285732	-0.510556	-0.922625	-1.21678	-1.36269	-1.37653	-1.28322	-1.13299	-0.96298	-0.825285	-0.739776	-0.708312	-0.701773	-0.682613	-0.654803	-0.635672	-0.627478	-0.625364	-0.625561	-0.628494	-0.638366	-0.659988	-0.688106	-0.703291	-0.711153	-0.752499	-0.849411	-0.999082	-1.17532	-1.33539	-1.45237	-1.49821	-1.46742	-1.35296	-1.16379	-0.907412	-0.600114	-0.257273	0.102722	0.461095	0.798799	1.10332	1.35611	1.54918	1.67779	1.73206	1.7189	1.64425	1.50684	1.32315	1.11532	0.889246	0.651066	0.426299	0.247184	0.130797	0.0758999	0.0758999	
2.51827	2.51827	2.44318	2.28028	2.04159	1.77063	1.51047	1.28078	1.07975	0.897382	0.725871	0.563716	0.413626	0.277379	0.156206	0.0534113	-0.0297864	-0.0933278	-0.135599	-0.154304	-0.143955	-0.0920343	0.0173221	0.201627	0.463724	0.784681	1.13188	1.48199	1.82796	2.15927	2.44672	2.67078	2.82722	2.89938	2.87496	2.75446	2.52827	2.20137	1.792	1.32159	0.820711	0.295011	-0.230275	-0.708364	-1.08405	-1.32493	-1.42782	-1.41319	-1.30799	-1.15141	-0.980101	-0.836725	-0.751347	-0.71338	-0.704769	-0.674997	-0.638007	-0.631082	-0.632364	-0.627478	-0.628384	-0.633027	-0.630522	-0.643365	-0.683543	-0.70635	-0.7177	-0.76427	-0.861004	-1.0154	-1.18848	-1.34754	-1.45749	-1.49985	-1.46186	-1.34537	-1.15169	-0.893874	-0.583978	-0.240569	0.117967	0.476215	0.811948	1.11359	1.36418	1.55503	1.68098	1.73271	1.71752	1.64104	1.5021	1.31755	1.10932	0.882992	0.64497	0.421092	0.24338	0.128329	0.0742101	0.0742101	
2.18713	2.18713	2.11168	1.98242	1.83059	1.68168	1.54594	1.42029	1.29731	1.17192	1.04293	0.912411	0.785247	0.666519	0.55903	0.465053	0.387322	0.327092	0.286176	0.267833	0.277819	0.32778	0.433901	0.61277	0.867709	1.18034	1.51707	1.8526	2.18034	2.48859	2.747	2.9357	3.05013	3.07292	2.98991	2.80531	2.51722	2.13858	1.69358	1.1941	0.657474	0.10268	-0.421719	-0.867311	-1.19225	-1.3916	-1.46702	-1.44351	-1.33713	-1.18399	-1.00984	-0.862144	-0.764748	-0.723546	-0.717082	-0.691205	-0.656159	-0.636348	-0.631082	-0.635672	-0.634976	-0.630934	-0.638518	-0.662507	-0.698499	-0.71871	-0.727424	-0.780023	-0.887754	-1.04472	-1.21857	-1.36846	-1.47033	-1.49978	-1.45324	-1.32506	-1.12638	-0.862818	-0.550643	-0.206689	0.15173	0.506163	0.838409	1.13644	1.38143	1.56663	1.68726	1.73393	1.71447	1.63409	1.49196	1.30568	1.09663	0.869789	0.632148	0.410203	0.235477	0.123236	0.0707449	0.0707449	
