0.0770247	0.0770247	0.147046	0.302592	0.55706	0.900417	1.29541	1.69639	2.06933	2.39585	2.66876	2.88783	3.05677	3.18057	3.2645	3.31548	3.34244	3.35472	3.35829	3.35844	3.35835	3.35846	3.35753	3.35112	3.33361	3.29813	3.23499	3.13598	2.9948	2.8063	2.56602	2.27123	1.92473	1.53761	1.13396	0.753996	0.442702	0.226324	0.100089	0.0382651	0.0126869	0.00366705	0.000929764	0.000208118	4.13865e-05	7.35578e-06	1.17582e-06	1.72277e-07	2.93347e-08	1.94041e-08	3.61196e-08	7.00375e-08	1.25423e-07	2.06779e-07	3.14851e-07	4.44176e-07	5.82166e-07	7.10487e-07	8.08776e-07	8.59737e-07	8.53903e-07	7.92367e-07	6.86464e-07	5.54525e-07	4.16903e-07	2.91025e-07	1.88088e-07	1.12174e-07	6.15105e-08	3.0898e-08	1.41687e-08	5.91332e-09	2.24066e-09	7.69434e-10	2.39165e-10	6.72504e-11	1.7106e-11	3.93803e-12	8.21318e-13	1.55401e-13	2.67219e-14	4.18437e-15	5.98002e-16	7.81817e-17	9.37315e-18	1.033e-18	1.04906e-19	9.84053e-21	8.54581e-22	6.88612e-23	5.15956e-24	3.6021e-25	2.34776e-26	1.43125e-27	8.17539e-29	4.3829e-30	2.20885e-31	1.04812e-32	4.88636e-34	4.88636e-34	
0.0770247	0.0770247	0.147046	0.302592	0.55706	0.900417	1.29541	1.69639	2.06933	2.39585	2.66876	2.88783	3.05677	3.18057	3.2645	3.31548	3.34244	3.35472	3.35829	3.35844	3.35835	3.35846	3.35753	3.35112	3.33361	3.29813	3.23499	3.13598	2.9948	2.8063	2.56602	2.27123	1.92473	1.53761	1.13396	0.753996	0.442702	0.226324	0.100089	0.0382651	0.0126869	0.00366705	0.000929764	0.000208118	4.13865e-05	7.35578e-06	1.17582e-06	1.72277e-07	2.93347e-08	1.94041e-08	3.61196e-08	7.00375e-08	1.25423e-07	2.06779e-07	3.14851e-07	4.44176e-07	5.82166e-07	7.10487e-07	8.08776e-07	8.59737e-07	8.53903e-07	7.92367e-07	6.86464e-07	5.54525e-07	4.16903e-07	2.91025e-07	1.88088e-07	1.12174e-07	6.15105e-08	3.0898e-08	1.41687e-08	5.91332e-09	2.24066e-09	7.69434e-10	2.39165e-10	6.72504e-11	1.7106e-11	3.93803e-12	8.21318e-13	1.55401e-13	2.67219e-14	4.18437e-15	5.98002e-16	7.81817e-17	9.37315e-18	1.033e-18	1.04906e-19	9.84053e-21	8.54581e-22	6.88612e-23	5.15956e-24	3.6021e-25	2.34776e-26	1.43125e-27	8.17539e-29	4.3829e-30	2.20885e-31	1.04812e-32	4.88636e-34	4.88636e-34	
0.147046	0.147046	0.243801	0.434362	0.701504	1.01348	1.34196	1.67214	1.99181	2.28447	2.53512	2.73497	2.88239	2.98107	3.03983	3.06951	3.08076	3.08018	3.07463	3.06977	3.06866	3.07119	3.07671	3.08118	3.07801	3.06019	3.02031	2.94676	2.82966	2.66143	2.44072	2.17194	1.86628	1.54062	1.20976	0.884848	0.585266	0.340634	0.171467	0.0741503	0.0275657	0.00885159	0.0024715	0.000604429	0.00013041	2.49956e-05	4.28983e-06	6.81267e-07	1.45423e-07	1.322e-07	2.49156e-07	4.66922e-07	8.09041e-07	1.29539e-06	1.92327e-06	2.65655e-06	3.42345e-06	4.12561e-06	4.65754e-06	4.93157e-06	4.90025e-06	4.56905e-06	3.99487e-06	3.27095e-06	2.50332e-06	1.78635e-06	1.18506e-06	7.28372e-07	4.13194e-07	2.15481e-07	1.029e-07	4.48352e-08	1.77704e-08	6.39142e-09	2.08238e-09	6.13923e-10	1.63708e-10	3.94916e-11	8.62448e-12	1.7072e-12	3.06805e-13	5.01547e-14	7.4744e-15	1.01782e-15	1.26955e-16	1.45406e-17	1.53298e-18	1.49128e-19	1.34176e-20	1.11911e-21	8.67177e-23	6.25587e-24	4.21002e-25	2.64803e-26	1.55953e-27	8.61471e-29	4.47069e-30	2.18324e-31	1.04812e-32	1.04812e-32	
0.302592	0.302592	0.434362	0.660493	0.92316	1.18143	1.43145	1.67895	1.91366	2.12069	2.29009	2.41754	2.50351	2.55251	2.57372	2.57546	2.56525	2.5475	2.53202	2.52169	2.51882	2.52525	2.5375	2.55458	2.57077	2.57676	2.56821	2.53682	2.47394	2.37197	2.2273	2.04234	1.82272	1.58074	1.33197	1.07851	0.811547	0.54374	0.314339	0.154589	0.064572	0.023026	0.00706567	0.00188213	0.000438966	9.03791e-05	1.66014e-05	2.87922e-06	8.04311e-07	9.28362e-07	1.73769e-06	3.14967e-06	5.28887e-06	8.23651e-06	1.19399e-05	1.61664e-05	2.05041e-05	2.44183e-05	2.73534e-05	2.88565e-05	2.8685e-05	2.68668e-05	2.36932e-05	1.96475e-05	1.52908e-05	1.11406e-05	7.57583e-06	4.79136e-06	2.80722e-06	1.51719e-06	7.53157e-07	3.42013e-07	1.41561e-07	5.32465e-08	1.81587e-08	5.60583e-09	1.56527e-09	3.95233e-10	9.02895e-11	1.86802e-11	3.50533e-12	5.97703e-13	9.28061e-14	1.31526e-14	1.70547e-15	2.02842e-16	2.21836e-17	2.23635e-18	2.08316e-19	1.79719e-20	1.43921e-21	1.07213e-22	7.44478e-24	4.82822e-25	2.92994e-26	1.66659e-27	8.90074e-29	4.47069e-30	2.20885e-31	2.20885e-31	
0.55706	0.55706	0.701504	0.92316	1.15054	1.36165	1.55876	1.72519	1.84729	1.93001	1.97897	2.00051	1.99765	1.97656	1.94205	1.90018	1.85543	1.81618	1.78709	1.76944	1.76428	1.77544	1.7979	1.83118	1.87319	1.91825	1.95723	1.98736	2.00122	1.99533	1.96315	1.90116	1.80401	1.66348	1.48139	1.27553	1.04772	0.787023	0.516109	0.287422	0.134826	0.0534458	0.0180517	0.00524619	0.00132478	0.000293485	5.79059e-05	1.1234e-05	4.33767e-06	5.96328e-06	1.09481e-05	1.91575e-05	3.11369e-05	4.71141e-05	6.66265e-05	8.83662e-05	0.000110246	0.000129695	0.000144126	0.000151471	0.000150634	0.000141741	0.000126111	0.000105956	8.39028e-05	6.24607e-05	4.3578e-05	2.83907e-05	1.72007e-05	9.6479e-06	4.98665e-06	2.36427e-06	1.02395e-06	4.03638e-07	1.44404e-07	4.67871e-08	1.37105e-08	3.63183e-09	8.69773e-10	1.8847e-10	3.70008e-11	6.59291e-12	1.06842e-12	1.57837e-13	2.13079e-14	2.63531e-15	2.99352e-16	3.13101e-17	3.02278e-18	2.70012e-19	2.23673e-20	1.72207e-21	1.23485e-22	8.26354e-24	5.17055e-25	3.03047e-26	1.66659e-27	8.61471e-29	4.3829e-30	4.3829e-30	
0.900417	0.900417	1.01348	1.18143	1.36165	1.53877	1.67582	1.74337	1.75685	1.72784	1.66364	1.57459	1.46783	1.35583	1.24433	1.14381	1.0566	0.99037	0.940516	0.912997	0.907241	0.920963	0.958932	1.01532	1.08925	1.18301	1.28805	1.40103	1.51169	1.61249	1.69312	1.74388	1.75665	1.72385	1.62548	1.45992	1.25706	1.02127	0.745655	0.467606	0.246505	0.108951	0.0406475	0.0129316	0.00354643	0.000847972	0.000181013	4.09435e-05	2.25654e-05	3.46489e-05	6.18238e-05	0.000104225	0.000163712	0.000240368	0.000331224	0.00042992	0.000527228	0.000612361	0.00067483	0.00070642	0.000702828	0.000664547	0.000596761	0.000508291	0.000409849	0.000312048	0.000223627	0.000150281	9.42975e-05	5.49873e-05	2.96494e-05	1.47086e-05	6.68126e-06	2.76713e-06	1.04124e-06	3.55015e-07	1.09474e-07	3.05013e-08	7.67694e-09	1.74645e-09	3.5952e-10	6.70825e-11	1.13683e-11	1.7538e-12	2.46908e-13	3.18031e-14	3.75759e-15	4.08292e-16	4.09027e-17	3.78717e-18	3.24853e-19	2.58732e-20	1.91754e-21	1.32515e-22	8.5558e-24	5.17055e-25	2.92994e-26	1.55953e-27	8.17539e-29	8.17539e-29	
1.29541	1.29541	1.34196	1.43145	1.55876	1.67582	1.72251	1.70561	1.63601	1.50541	1.33688	1.14202	0.94212	0.748649	0.574505	0.424204	0.301317	0.206217	0.141072	0.105102	0.0983548	0.116531	0.16408	0.24048	0.347537	0.480481	0.641587	0.823686	1.02166	1.22111	1.40759	1.56355	1.67017	1.71689	1.70664	1.61187	1.4386	1.22433	0.968134	0.674285	0.397771	0.196055	0.0809381	0.02825	0.00843294	0.00218312	0.000510428	0.000143079	0.000111225	0.000180432	0.00031072	0.00050358	0.000763156	0.00108565	0.00145593	0.00184749	0.00222518	0.00255008	0.00278565	0.00290395	0.00289053	0.00274703	0.00249091	0.00215228	0.00176867	0.00137873	0.00101621	0.000705487	0.00045926	0.00027896	0.00015726	8.18259e-05	3.90864e-05	1.70562e-05	6.77054e-06	2.43656e-06	7.93026e-07	2.33083e-07	6.18298e-08	1.48069e-08	3.20425e-09	6.27559e-10	1.11457e-10	1.7992e-11	2.6464e-12	3.55604e-13	4.37691e-14	4.94773e-15	5.15005e-16	4.94858e-17	4.4002e-18	3.62912e-19	2.78251e-20	1.98746e-21	1.32515e-22	8.26354e-24	4.82822e-25	2.64803e-26	1.43125e-27	1.43125e-27	
1.69639	1.69639	1.67214	1.67895	1.72519	1.74337	1.70561	1.61683	1.44787	1.22562	0.974576	0.70585	0.44474	0.198342	-0.0168555	-0.199675	-0.343829	-0.448934	-0.518548	-0.558514	-0.567737	-0.545495	-0.495641	-0.411609	-0.291174	-0.131788	0.06572	0.29335	0.548026	0.813152	1.07812	1.31794	1.52362	1.65607	1.71249	1.69859	1.58502	1.39652	1.16406	0.881272	0.575357	0.314858	0.143658	0.0550173	0.0178934	0.00503381	0.0013181	0.000491863	0.000507601	0.000834284	0.00137905	0.00214373	0.00312851	0.0043052	0.00561115	0.00695304	0.00821734	0.00928525	0.0100496	0.0104305	0.0103874	0.00992482	0.00909204	0.00797543	0.00668586	0.00534241	0.00405568	0.00291348	0.00197143	0.00125003	0.000738531	0.000404135	0.000203609	9.3912e-05	3.94575e-05	1.50394e-05	5.18405e-06	1.61273e-06	4.52339e-07	1.1438e-07	2.60942e-08	5.37847e-09	1.00354e-09	1.69887e-10	2.61603e-11	3.67402e-12	4.71891e-13	5.55816e-14	6.01975e-15	6.01061e-16	5.54687e-17	4.74261e-18	3.76555e-19	2.78251e-20	1.91754e-21	1.23485e-22	7.44478e-24	4.21002e-25	2.34776e-26	2.34776e-26	
2.06933	2.06933	1.99181	1.91366	1.84729	1.75685	1.63601	1.44787	1.19274	0.909387	0.589138	0.272418	-0.0337947	-0.302814	-0.533829	-0.714025	-0.852249	-0.948545	-1.01175	-1.04549	-1.05276	-1.03827	-0.991528	-0.91327	-0.802808	-0.646821	-0.446504	-0.199904	0.0866223	0.397494	0.719995	1.02672	1.29759	1.52595	1.66211	1.71735	1.67957	1.53681	1.32965	1.06986	0.760552	0.45795	0.229858	0.0963694	0.034137	0.0105007	0.00320122	0.00167614	0.00209664	0.00339242	0.00535796	0.00796944	0.0111774	0.0148533	0.0187869	0.0227054	0.0263045	0.0292847	0.0313877	0.0324271	0.0323097	0.0310462	0.0287495	0.0256225	0.0219345	0.0179888	0.0140865	0.0104898	0.00739321	0.00490515	0.00304528	0.00175779	0.000937135	0.000458511	0.000204677	8.29477e-05	3.03997e-05	1.00482e-05	2.99088e-06	8.01323e-07	1.93345e-07	4.20658e-08	8.26818e-09	1.47155e-09	2.37766e-10	3.49726e-11	4.69615e-12	5.77327e-13	6.51604e-14	6.77031e-15	6.49286e-16	5.76181e-17	4.74261e-18	3.62912e-19	2.58732e-20	1.72207e-21	1.07213e-22	6.25587e-24	3.6021e-25	3.6021e-25	
2.39585	2.39585	2.28447	2.12069	1.93001	1.72784	1.50541	1.22562	0.909387	0.552706	0.187979	-0.156979	-0.47071	-0.733591	-0.943579	-1.10284	-1.21007	-1.28272	-1.31851	-1.33701	-1.34338	-1.33215	-1.30584	-1.25828	-1.17253	-1.04389	-0.86732	-0.633086	-0.352167	-0.0203221	0.330166	0.699853	1.03489	1.32961	1.55347	1.68099	1.71788	1.63862	1.46552	1.23215	0.937035	0.613225	0.336037	0.153549	0.059204	0.0201682	0.0075768	0.00554953	0.00768327	0.0120088	0.0180497	0.025624	0.0344667	0.0441516	0.0541151	0.0637125	0.0722865	0.0792338	0.0840611	0.0864256	0.0861595	0.0832817	0.0779965	0.0706793	0.0618491	0.052125	0.0421672	0.0326091	0.0239898	0.0166957	0.0109232	0.00667237	0.00377802	0.00196866	0.000937683	0.000405837	0.000158847	5.6031e-05	1.77734e-05	5.06548e-06	1.2974e-06	2.98963e-07	6.20929e-08	1.16509e-08	1.98026e-09	3.05757e-10	4.3013e-11	5.52947e-12	6.51472e-13	7.05461e-14	7.04055e-15	6.49286e-16	5.54687e-17	4.4002e-18	3.24853e-19	2.23673e-20	1.43921e-21	8.67177e-23	5.15956e-24	5.15956e-24	
2.66876	2.66876	2.53512	2.29009	1.97897	1.66364	1.33688	0.974576	0.589138	0.187979	-0.192261	-0.54909	-0.843462	-1.08284	-1.24662	-1.35677	-1.41195	-1.43451	-1.44584	-1.44479	-1.44201	-1.44369	-1.44311	-1.43027	-1.39388	-1.32048	-1.18913	-0.9946	-0.734069	-0.411348	-0.0438483	0.345622	0.739086	1.09611	1.39601	1.59848	1.70602	1.69788	1.571	1.3668	1.09477	0.768287	0.455325	0.225502	0.0947782	0.0366583	0.0179638	0.0171876	0.0245583	0.0366187	0.0521918	0.0705484	0.0908339	0.111995	0.132858	0.152237	0.169038	0.182339	0.19143	0.195841	0.195346	0.189971	0.179991	0.165926	0.148528	0.128761	0.107742	0.0866645	0.0666824	0.0487977	0.0337417	0.0218858	0.0132127	0.00736479	0.00376086	0.00174712	0.000734054	0.000277711	9.43337e-05	2.87299e-05	7.84407e-06	1.92178e-06	4.2324e-07	8.39889e-08	1.50593e-08	2.44703e-09	3.61466e-10	4.86908e-11	5.99951e-12	6.78226e-13	7.05461e-14	6.77031e-15	6.01061e-16	4.94858e-17	3.78717e-18	2.70012e-19	1.79719e-20	1.11911e-21	6.88612e-23	6.88612e-23	
2.88783	2.88783	2.73497	2.41754	2.00051	1.57459	1.14202	0.70585	0.272418	-0.156979	-0.54909	-0.883564	-1.14158	-1.31994	-1.42168	-1.45943	-1.4566	-1.42679	-1.392	-1.37133	-1.36478	-1.37626	-1.40669	-1.4401	-1.46071	-1.45219	-1.38723	-1.2599	-1.0462	-0.759652	-0.398021	0.00825282	0.434056	0.839342	1.20401	1.48004	1.65447	1.71657	1.64525	1.47469	1.22954	0.913679	0.579997	0.309894	0.14305	0.0652536	0.0424687	0.0478999	0.0674758	0.0951938	0.128292	0.164822	0.202892	0.2406	0.276139	0.307913	0.334621	0.355271	0.369158	0.375832	0.375087	0.366945	0.351662	0.329735	0.301926	0.269285	0.233177	0.195246	0.157323	0.121283	0.0888539	0.0613934	0.0396727	0.0237641	0.013078	0.00655769	0.00297478	0.00121407	0.000444088	0.000145288	4.24905e-05	1.11169e-05	2.60646e-06	5.48971e-07	1.04168e-07	1.7864e-08	2.77787e-09	3.92984e-10	5.07439e-11	5.99951e-12	6.51472e-13	6.51604e-14	6.01975e-15	5.15005e-16	4.09027e-17	3.02278e-18	2.08316e-19	1.34176e-20	8.54581e-22	8.54581e-22	
3.05677	3.05677	2.88239	2.50351	1.99765	1.46783	0.94212	0.44474	-0.0337947	-0.47071	-0.843462	-1.14158	-1.34158	-1.4494	-1.47054	-1.42919	-1.35229	-1.27021	-1.20874	-1.17239	-1.16256	-1.18279	-1.2303	-1.30151	-1.38662	-1.45171	-1.47143	-1.41738	-1.27323	-1.03387	-0.703561	-0.308842	0.136104	0.580377	0.995105	1.33673	1.57415	1.70143	1.68952	1.55743	1.34102	1.04428	0.704393	0.40571	0.209166	0.116593	0.096308	0.116516	0.157496	0.209194	0.266249	0.325077	0.382827	0.437134	0.486109	0.528347	0.56288	0.589051	0.606414	0.614693	0.613773	0.603666	0.584518	0.556636	0.520503	0.47683	0.426661	0.371496	0.313311	0.254506	0.197778	0.145884	0.101233	0.0654469	0.0390213	0.0212472	0.0104738	0.0046416	0.00184003	0.000650584	0.000204948	5.75519e-05	1.44304e-05	3.23886e-06	6.52727e-07	1.18513e-07	1.94548e-08	2.89773e-09	3.92984e-10	4.86908e-11	5.52947e-12	5.77327e-13	5.55816e-14	4.94773e-15	4.08292e-16	3.13101e-17	2.23635e-18	1.49128e-19	9.84053e-21	9.84053e-21	
3.18057	3.18057	2.98107	2.55251	1.97656	1.35583	0.748649	0.198342	-0.302814	-0.733591	-1.08284	-1.31994	-1.4494	-1.46687	-1.40431	-1.28414	-1.15383	-1.03913	-0.956333	-0.919017	-0.911395	-0.929096	-0.98538	-1.08076	-1.20494	-1.33654	-1.4357	-1.47259	-1.40902	-1.24025	-0.955527	-0.579062	-0.136016	0.331061	0.783584	1.18084	1.4764	1.66195	1.70794	1.61754	1.43156	1.16	0.827994	0.51695	0.304124	0.207642	0.19948	0.242534	0.310221	0.387646	0.466959	0.543746	0.615259	0.679676	0.735863	0.783179	0.821261	0.849808	0.868597	0.877519	0.876532	0.865639	0.844894	0.814425	0.774472	0.725347	0.667448	0.601494	0.528727	0.451032	0.370994	0.291948	0.217783	0.152389	0.0988811	0.0588114	0.0317197	0.0153751	0.00665367	0.00256018	0.000874331	0.000265056	7.14421e-05	1.71661e-05	3.68909e-06	7.1168e-07	1.23718e-07	1.94548e-08	2.77787e-09	3.61466e-10	4.3013e-11	4.69615e-12	4.71891e-13	4.37691e-14	3.75759e-15	2.99352e-16	2.21836e-17	1.53298e-18	1.04906e-19	1.04906e-19	
3.2645	3.2645	3.03983	2.57372	1.94205	1.24433	0.574505	-0.0168555	-0.533829	-0.943579	-1.24662	-1.42168	-1.47054	-1.40431	-1.25836	-1.07885	-0.912507	-0.803451	-0.748077	-0.721219	-0.714832	-0.730449	-0.763925	-0.838202	-0.97607	-1.15085	-1.32494	-1.4427	-1.46662	-1.36882	-1.14291	-0.804879	-0.375256	0.104227	0.584014	1.02405	1.37038	1.60801	1.70764	1.65984	1.50665	1.26689	0.958083	0.65477	0.443394	0.354724	0.363883	0.429036	0.51786	0.612279	0.70386	0.788966	0.865913	0.933887	0.992576	1.04181	1.08131	1.11078	1.13009	1.13927	1.13826	1.12706	1.10572	1.07424	1.03275	0.981605	0.921037	0.851218	0.772506	0.685708	0.592171	0.494017	0.394581	0.298474	0.21113	0.13776	0.081808	0.0436996	0.0208094	0.00878213	0.00327528	0.00107905	0.000314502	8.13208e-05	1.8721e-05	3.85255e-06	7.1168e-07	1.18513e-07	1.7864e-08	2.44703e-09	3.05757e-10	3.49726e-11	3.67402e-12	3.55604e-13	3.18031e-14	2.63531e-15	2.02842e-16	1.45406e-17	1.033e-18	1.033e-18	
3.31548	3.31548	3.06951	2.57546	1.90018	1.14381	0.424204	-0.199675	-0.714025	-1.10284	-1.35677	-1.45943	-1.42919	-1.28414	-1.07885	-0.876212	-0.725295	-0.656398	-0.634285	-0.623126	-0.61957	-0.627501	-0.641264	-0.674669	-0.777323	-0.953254	-1.16332	-1.35323	-1.45511	-1.43748	-1.27533	-0.978514	-0.569643	-0.0918825	0.403533	0.877054	1.26516	1.54783	1.69707	1.69276	1.57684	1.37817	1.10904	0.83251	0.635649	0.557314	0.577108	0.652703	0.750169	0.851006	0.947359	1.03619	1.11611	1.18662	1.2474	1.29808	1.33817	1.36769	1.38695	1.39611	1.3951	1.38393	1.36263	1.33101	1.28878	1.23602	1.17326	1.10082	1.01899	0.928199	0.829238	0.722937	0.610593	0.494714	0.379604	0.27162	0.178246	0.10561	0.0557834	0.0260401	0.0106927	0.0038572	0.00122385	0.000342542	8.49054e-05	1.8721e-05	3.68909e-06	6.52727e-07	1.04168e-07	1.50593e-08	1.98026e-09	2.37766e-10	2.61603e-11	2.6464e-12	2.46908e-13	2.13079e-14	1.70547e-15	1.26955e-16	9.37315e-18	9.37315e-18	
3.34244	3.34244	3.08076	2.56525	1.85543	1.0566	0.301317	-0.343829	-0.852249	-1.21007	-1.41195	-1.4566	-1.35229	-1.15383	-0.912507	-0.725295	-0.631121	-0.625262	-0.649088	-0.62412	-0.606074	-0.640724	-0.641514	-0.618504	-0.658673	-0.788043	-1.00948	-1.24074	-1.40968	-1.45921	-1.35557	-1.10388	-0.724413	-0.251544	0.252398	0.750441	1.17075	1.48974	1.68541	1.72863	1.65841	1.51149	1.29354	1.05135	0.867734	0.79035	0.808704	0.885038	0.985748	1.09117	1.19206	1.28412	1.36564	1.43619	1.49539	1.54313	1.57975	1.60649	1.62393	1.63199	1.63109	1.62119	1.60189	1.57323	1.53447	1.48443	1.42295	1.35016	1.2664	1.17195	1.06793	0.955876	0.83697	0.712351	0.583451	0.453152	0.327476	0.215729	0.127193	0.0662166	0.0301971	0.0120262	0.00418499	0.00127625	0.000342542	8.13208e-05	1.71661e-05	3.23886e-06	5.48971e-07	8.39889e-08	1.16509e-08	1.47155e-09	1.69887e-10	1.7992e-11	1.7538e-12	1.57837e-13	1.31526e-14	1.01782e-15	7.81817e-17	7.81817e-17	
3.35472	3.35472	3.08018	2.5475	1.81618	0.99037	0.206217	-0.448934	-0.948545	-1.28272	-1.43451	-1.42679	-1.27021	-1.03913	-0.803451	-0.656398	-0.625262	-0.641154	-0.64892	-0.615682	-0.597555	-0.633237	-0.649586	-0.631655	-0.630155	-0.697705	-0.894781	-1.13375	-1.34894	-1.4488	-1.40257	-1.18951	-0.838079	-0.371635	0.131913	0.64688	1.09724	1.44703	1.68596	1.7829	1.76832	1.67801	1.50783	1.29056	1.10984	1.02688	1.0423	1.1206	1.22525	1.33324	1.43332	1.52104	1.59595	1.65822	1.70836	1.74737	1.77724	1.79901	1.81286	1.8189	1.8182	1.81067	1.79525	1.7719	1.74032	1.69927	1.64675	1.58199	1.50441	1.41362	1.30928	1.19297	1.06695	0.933912	0.796422	0.65588	0.513387	0.37329	0.245851	0.143567	0.0733002	0.0325042	0.0125054	0.00418499	0.00122385	0.000314502	7.14421e-05	1.44304e-05	2.60646e-06	4.2324e-07	6.20929e-08	8.26818e-09	1.00354e-09	1.11457e-10	1.13683e-11	1.06842e-12	9.28061e-14	7.4744e-15	5.98002e-16	5.98002e-16	
3.35829	3.35829	3.07463	2.53202	1.78709	0.940516	0.141072	-0.518548	-1.01175	-1.31851	-1.44584	-1.392	-1.20874	-0.956333	-0.748077	-0.634285	-0.649088	-0.64892	-0.603482	-0.56872	-0.561221	-0.58024	-0.620879	-0.658206	-0.636415	-0.662143	-0.825445	-1.05455	-1.29892	-1.4308	-1.42794	-1.23948	-0.912018	-0.457513	0.0504485	0.574432	1.04842	1.43129	1.71628	1.87126	1.91368	1.86986	1.72942	1.52429	1.34577	1.26341	1.27975	1.35707	1.45703	1.55634	1.64479	1.71981	1.78203	1.8315	1.87018	1.8994	1.92168	1.93647	1.94491	1.94908	1.94858	1.9435	1.93402	1.9178	1.89417	1.86328	1.82255	1.77064	1.70572	1.62745	1.53401	1.42466	1.30003	1.16196	1.0145	0.862827	0.710395	0.557291	0.40541	0.265264	0.152388	0.0758097	0.0325042	0.0120262	0.0038572	0.00107905	0.000265056	5.75519e-05	1.11169e-05	1.92178e-06	2.98963e-07	4.20658e-08	5.37847e-09	6.27559e-10	6.70825e-11	6.59291e-12	5.97703e-13	5.01547e-14	4.18437e-15	4.18437e-15	
3.35844	3.35844	3.06977	2.52169	1.76944	0.912997	0.105102	-0.558514	-1.04549	-1.33701	-1.44479	-1.37133	-1.17239	-0.919017	-0.721219	-0.623126	-0.62412	-0.615682	-0.56872	-0.556124	-0.563408	-0.558442	-0.584713	-0.626485	-0.61695	-0.647343	-0.791112	-1.01701	-1.26624	-1.41866	-1.43417	-1.26628	-0.951949	-0.50399	0.00646661	0.539694	1.03548	1.45445	1.78935	1.9988	2.0838	2.0652	1.94024	1.74798	1.57843	1.49679	1.50553	1.57058	1.6565	1.74133	1.81507	1.87541	1.92184	1.95565	1.97919	1.99476	2.00376	2.00823	2.0101	2.01198	2.01178	2.00973	2.00758	2.00238	1.99226	1.97517	1.94982	1.91357	1.86433	1.80051	1.72167	1.62609	1.51381	1.38414	1.23762	1.0776	0.911553	0.746826	0.583766	0.421862	0.271956	0.152388	0.0733002	0.0301971	0.0106927	0.00327528	0.000874331	0.000204948	4.24905e-05	7.84407e-06	1.2974e-06	1.93345e-07	2.60942e-08	3.20425e-09	3.5952e-10	3.70008e-11	3.50533e-12	3.06805e-13	2.67219e-14	2.67219e-14	
3.35835	3.35835	3.06866	2.51882	1.76428	0.907241	0.0983548	-0.567737	-1.05276	-1.34338	-1.44201	-1.36478	-1.16256	-0.911395	-0.714832	-0.61957	-0.606074	-0.597555	-0.561221	-0.563408	-0.57356	-0.556492	-0.573801	-0.606409	-0.60639	-0.645102	-0.783638	-1.01035	-1.25606	-1.41538	-1.43403	-1.27569	-0.961495	-0.512303	0.00103653	0.549122	1.07034	1.52706	1.90736	2.15395	2.25875	2.25216	2.14274	1.96381	1.79502	1.70337	1.69897	1.7506	1.82161	1.88892	1.94204	1.97984	2.00231	2.01385	2.01569	2.01301	2.00623	2.00028	1.99581	1.99256	1.99302	1.99671	2.00131	2.00763	2.01391	2.01577	2.0124	1.99873	1.97343	1.93181	1.87296	1.79427	1.69598	1.57901	1.44402	1.29118	1.12094	0.94162	0.765118	0.592594	0.421862	0.265264	0.143567	0.0662166	0.0260401	0.00878213	0.00256018	0.000650584	0.000145288	2.87299e-05	5.06548e-06	8.01323e-07	1.1438e-07	1.48069e-08	1.74645e-09	1.8847e-10	1.86802e-11	1.7072e-12	1.55401e-13	1.55401e-13	
3.35846	3.35846	3.07119	2.52525	1.77544	0.920963	0.116531	-0.545495	-1.03827	-1.33215	-1.44369	-1.37626	-1.18279	-0.929096	-0.730449	-0.627501	-0.640724	-0.633237	-0.58024	-0.558442	-0.556492	-0.563319	-0.600257	-0.645496	-0.628726	-0.651138	-0.802729	-1.02642	-1.27625	-1.41996	-1.43183	-1.25938	-0.939407	-0.481915	0.0441217	0.606418	1.15604	1.65096	2.06037	2.31869	2.42942	2.43477	2.33502	2.15288	1.97536	1.87657	1.86235	1.89668	1.94408	1.98354	2.00789	2.01713	2.01288	1.99905	1.9787	1.95605	1.93408	1.91412	1.9003	1.89248	1.8934	1.90265	1.91772	1.93837	1.96051	1.98312	2.0024	2.01471	2.01626	2.00365	1.97338	1.92248	1.84738	1.74802	1.62473	1.48209	1.32244	1.14288	0.951815	0.765118	0.583766	0.40541	0.245851	0.127193	0.0557834	0.0208094	0.00665367	0.00184003	0.000444088	9.43337e-05	1.77734e-05	2.99088e-06	4.52339e-07	6.18298e-08	7.67694e-09	8.69773e-10	9.02895e-11	8.62448e-12	8.21318e-13	8.21318e-13	
3.35753	3.35753	3.07671	2.5375	1.7979	0.958932	0.16408	-0.495641	-0.991528	-1.30584	-1.44311	-1.40669	-1.2303	-0.98538	-0.763925	-0.641264	-0.641514	-0.649586	-0.620879	-0.584713	-0.573801	-0.600257	-0.632601	-0.652232	-0.633174	-0.672446	-0.847446	-1.08326	-1.31705	-1.43975	-1.41875	-1.22064	-0.882007	-0.409204	0.131117	0.720135	1.29801	1.81501	2.23011	2.48405	2.59866	2.60796	2.49728	2.30379	2.12384	2.01724	1.98394	1.99237	2.01138	2.02041	2.0146	1.99208	1.95744	1.91352	1.86692	1.81984	1.7777	1.74326	1.71986	1.70931	1.71046	1.72359	1.74941	1.78554	1.82903	1.87639	1.92275	1.96533	1.99757	2.01648	2.01667	1.99646	1.95162	1.88089	1.78194	1.65266	1.50076	1.33263	1.14288	0.94162	0.746826	0.557291	0.37329	0.215729	0.10561	0.0436996	0.0153751	0.0046416	0.00121407	0.000277711	5.6031e-05	1.00482e-05	1.61273e-06	2.33083e-07	3.05013e-08	3.63183e-09	3.95233e-10	3.94916e-11	3.93803e-12	3.93803e-12	
3.35112	3.35112	3.08118	2.55458	1.83118	1.01532	0.24048	-0.411609	-0.91327	-1.25828	-1.43027	-1.4401	-1.30151	-1.08076	-0.838202	-0.674669	-0.618504	-0.631655	-0.658206	-0.626485	-0.606409	-0.645496	-0.652232	-0.619813	-0.631509	-0.724958	-0.933359	-1.17422	-1.37273	-1.45523	-1.38848	-1.15485	-0.783817	-0.289651	0.272464	0.888157	1.48327	2.00409	2.40667	2.64964	2.76074	2.75398	2.62347	2.42295	2.23255	2.10912	2.05698	2.04085	2.02808	2.00125	1.95724	1.89755	1.82743	1.75212	1.67653	1.60644	1.54478	1.49665	1.46342	1.4455	1.44753	1.46896	1.50512	1.55617	1.61994	1.69141	1.7675	1.84191	1.91039	1.96662	2.00538	2.02127	2.00995	1.96875	1.89796	1.79792	1.66215	1.50076	1.32244	1.12094	0.911553	0.710395	0.513387	0.327476	0.178246	0.081808	0.0317197	0.0104738	0.00297478	0.000734054	0.000158847	3.03997e-05	5.18405e-06	7.93026e-07	1.09474e-07	1.37105e-08	1.56527e-09	1.63708e-10	1.7106e-11	1.7106e-11	
3.33361	3.33361	3.07801	2.57077	1.87319	1.08925	0.347537	-0.291174	-0.802808	-1.17253	-1.39388	-1.46071	-1.38662	-1.20494	-0.97607	-0.777323	-0.658673	-0.630155	-0.636415	-0.61695	-0.60639	-0.628726	-0.633174	-0.631509	-0.696455	-0.847498	-1.06975	-1.28655	-1.4319	-1.45314	-1.32516	-1.05195	-0.640997	-0.122318	0.469096	1.10394	1.69877	2.2055	2.58495	2.81003	2.90085	2.86653	2.71709	2.49807	2.2916	2.16009	2.08631	2.03753	1.98599	1.92001	1.83654	1.73969	1.63368	1.52498	1.42046	1.32406	1.24203	1.17625	1.13265	1.11268	1.11483	1.13949	1.18787	1.2573	1.34241	1.44097	1.54638	1.65517	1.75968	1.85398	1.93235	1.98928	2.01883	2.01711	1.97811	1.90303	1.79792	1.65266	1.48209	1.29118	1.0776	0.862827	0.65588	0.453152	0.27162	0.13776	0.0588114	0.0212472	0.00655769	0.00174712	0.000405837	8.29477e-05	1.50394e-05	2.43656e-06	3.55015e-07	4.67871e-08	5.60583e-09	6.13923e-10	6.72504e-11	6.72504e-11	
3.29813	3.29813	3.06019	2.57676	1.91825	1.18301	0.480481	-0.131788	-0.646821	-1.04389	-1.32048	-1.45219	-1.45171	-1.33654	-1.15085	-0.953254	-0.788043	-0.697705	-0.662143	-0.647343	-0.645102	-0.651138	-0.672446	-0.724958	-0.847499	-1.03109	-1.22923	-1.39489	-1.46557	-1.41715	-1.22379	-0.896618	-0.4494	0.0986302	0.713136	1.35256	1.93237	2.41072	2.75821	2.95287	3.01009	2.94594	2.76818	2.52516	2.3135	2.16511	2.06392	1.98367	1.89357	1.7856	1.66022	1.52115	1.3781	1.23496	1.10058	0.98017	0.878349	0.800698	0.747398	0.720466	0.723463	0.756085	0.814384	0.897002	1.00303	1.12618	1.26286	1.40677	1.54964	1.68609	1.8075	1.90644	1.97829	2.01439	2.0192	1.97811	1.89796	1.78194	1.62473	1.44402	1.23762	1.0145	0.796422	0.583451	0.379604	0.21113	0.0988811	0.0390213	0.013078	0.00376086	0.000937683	0.000204677	3.94575e-05	6.77054e-06	1.04124e-06	1.44404e-07	1.81587e-08	2.08238e-09	2.39165e-10	2.39165e-10	
3.23499	3.23499	3.02031	2.56821	1.95723	1.28805	0.641587	0.06572	-0.446504	-0.86732	-1.18913	-1.38723	-1.47143	-1.4357	-1.32494	-1.16332	-1.00948	-0.894781	-0.825445	-0.791112	-0.783638	-0.802729	-0.847446	-0.93336	-1.06975	-1.22924	-1.378	-1.46157	-1.45223	-1.3209	-1.06688	-0.692515	-0.204738	0.367953	0.995802	1.62435	2.16998	2.60933	2.91629	3.06772	3.0859	2.98668	2.77256	2.51299	2.29125	2.12506	2.00391	1.88281	1.75097	1.5978	1.43074	1.25275	1.07252	0.898669	0.735809	0.591409	0.471097	0.376905	0.315095	0.286309	0.289448	0.324839	0.393449	0.493294	0.618204	0.766743	0.932739	1.10877	1.28861	1.46523	1.62881	1.77431	1.89127	1.97512	2.01439	2.01711	1.96875	1.88089	1.74802	1.57901	1.38414	1.16196	0.933912	0.712351	0.494714	0.298474	0.152389	0.0654469	0.0237641	0.00736479	0.00196866	0.000458511	9.3912e-05	1.70562e-05	2.76713e-06	4.03638e-07	5.32465e-08	6.39142e-09	7.69434e-10	7.69434e-10	
3.13598	3.13598	2.94676	2.53682	1.98736	1.40103	0.823686	0.29335	-0.199904	-0.633086	-0.9946	-1.2599	-1.41738	-1.47259	-1.4427	-1.35323	-1.24074	-1.13375	-1.05455	-1.01701	-1.01035	-1.02642	-1.08326	-1.17423	-1.28657	-1.39493	-1.46164	-1.46325	-1.36407	-1.16356	-0.843501	-0.426717	0.0882096	0.677236	1.30304	1.89959	2.39954	2.79362	3.04821	3.14798	3.12488	2.98294	2.73359	2.46224	2.23104	2.05325	1.89846	1.74174	1.56745	1.37163	1.16067	0.943864	0.727736	0.522209	0.335787	0.171031	0.0349743	-0.0673898	-0.136958	-0.171452	-0.167602	-0.125661	-0.0494644	0.059364	0.201551	0.371475	0.562742	0.770138	0.987222	1.204	1.4108	1.60179	1.7618	1.89127	1.97829	2.01883	2.00995	1.95162	1.84738	1.69598	1.51381	1.30003	1.06695	0.83697	0.610593	0.394581	0.217783	0.101233	0.0396727	0.0132127	0.00377802	0.000937135	0.000203609	3.90864e-05	6.68126e-06	1.02395e-06	1.41561e-07	1.77704e-08	2.24066e-09	2.24066e-09	
2.9948	2.9948	2.82966	2.47394	2.00122	1.51169	1.02166	0.548026	0.0866223	-0.352167	-0.734069	-1.0462	-1.27323	-1.40902	-1.46662	-1.45511	-1.40968	-1.34894	-1.29892	-1.26624	-1.25606	-1.27625	-1.31707	-1.37277	-1.43201	-1.46583	-1.45274	-1.36477	-1.19113	-0.922883	-0.562285	-0.113632	0.424691	1.01156	1.6175	2.16605	2.61217	2.95148	3.14311	3.18941	3.12245	2.93406	2.65703	2.37813	2.14074	1.94759	1.76344	1.56825	1.34705	1.1109	0.859484	0.607369	0.361148	0.128523	-0.0807953	-0.261194	-0.409744	-0.523875	-0.597329	-0.630995	-0.627321	-0.585863	-0.504267	-0.382912	-0.227579	-0.0403768	0.173154	0.408996	0.658356	0.909408	1.15966	1.39054	1.60179	1.77431	1.90644	1.98928	2.02127	1.99646	1.92248	1.79427	1.62609	1.42466	1.19297	0.955876	0.722937	0.494017	0.291948	0.145884	0.0613934	0.0218858	0.00667237	0.00175779	0.000404135	8.18259e-05	1.47086e-05	2.36427e-06	3.42013e-07	4.48352e-08	5.91332e-09	5.91332e-09	
2.8063	2.8063	2.66143	2.37197	1.99533	1.61249	1.22111	0.813152	0.397494	-0.0203221	-0.411348	-0.759652	-1.03387	-1.24025	-1.36882	-1.43748	-1.45921	-1.4488	-1.4308	-1.41866	-1.41539	-1.41999	-1.43983	-1.45545	-1.45368	-1.41836	-1.32328	-1.16749	-0.927471	-0.615329	-0.217334	0.247982	0.78252	1.35569	1.92309	2.4078	2.79537	3.07029	3.19395	3.18953	3.07629	2.84329	2.54836	2.26807	2.02908	1.8184	1.60122	1.36653	1.10711	0.827462	0.541357	0.254252	-0.0178672	-0.271261	-0.496344	-0.688193	-0.842992	-0.958275	-1.03589	-1.07485	-1.07051	-1.02342	-0.938464	-0.815218	-0.652204	-0.454042	-0.222975	0.0358039	0.310685	0.598856	0.884129	1.15966	1.4108	1.62881	1.8075	1.93235	2.00538	2.01667	1.97338	1.87296	1.72167	1.53401	1.30928	1.06793	0.829238	0.592171	0.370994	0.197778	0.0888539	0.0337417	0.0109232	0.00304528	0.000738531	0.00015726	2.96494e-05	4.98665e-06	7.53157e-07	1.029e-07	1.41687e-08	1.41687e-08	
2.56602	2.56602	2.44072	2.2273	1.96315	1.69312	1.40759	1.07812	0.719995	0.330166	-0.0438483	-0.398021	-0.703561	-0.955527	-1.14291	-1.27533	-1.35557	-1.40257	-1.42795	-1.43418	-1.43407	-1.43196	-1.41913	-1.38946	-1.32745	-1.2286	-1.07592	-0.858513	-0.583196	-0.237878	0.161688	0.628183	1.15105	1.68897	2.19688	2.61315	2.93769	3.13896	3.19776	3.14707	2.98578	2.71742	2.41842	2.1433	1.90287	1.67202	1.42406	1.14872	0.849263	0.534856	0.215794	-0.0961124	-0.391277	-0.658964	-0.894469	-1.09148	-1.24747	-1.36406	-1.43723	-1.46933	-1.46597	-1.42617	-1.34421	-1.2193	-1.05523	-0.850168	-0.607973	-0.334206	-0.0347605	0.278917	0.598856	0.909408	1.204	1.46523	1.68609	1.85398	1.96662	2.01648	2.00365	1.93181	1.80051	1.62745	1.41362	1.17195	0.928199	0.685708	0.451032	0.254506	0.121283	0.0487977	0.0166957	0.00490515	0.00125003	0.00027896	5.49873e-05	9.6479e-06	1.51719e-06	2.15481e-07	3.0898e-08	3.0898e-08	
2.27123	2.27123	2.17194	2.04234	1.90116	1.74388	1.56355	1.31794	1.02672	0.699853	0.345622	0.00825282	-0.308842	-0.579062	-0.804879	-0.978514	-1.10388	-1.18951	-1.23949	-1.26634	-1.27588	-1.25998	-1.22225	-1.15872	-1.06033	-0.912971	-0.721378	-0.472612	-0.178162	0.172075	0.565822	1.01941	1.49544	1.989	2.42567	2.77039	3.02497	3.15126	3.15557	3.06137	2.8555	2.568	2.27726	2.01324	1.77038	1.51563	1.23552	0.923911	0.590044	0.241002	-0.103758	-0.437704	-0.745538	-1.02111	-1.25762	-1.45116	-1.60193	-1.71025	-1.78039	-1.81607	-1.81215	-1.76927	-1.69187	-1.57495	-1.41554	-1.21436	-0.969019	-0.685932	-0.373161	-0.0347605	0.310685	0.658356	0.987222	1.28861	1.54964	1.75968	1.91039	1.99757	2.01626	1.97343	1.86433	1.70572	1.50441	1.2664	1.01899	0.772506	0.528727	0.313311	0.157323	0.0666824	0.0239898	0.00739321	0.00197143	0.00045926	9.42975e-05	1.72007e-05	2.80722e-06	4.13194e-07	6.15105e-08	6.15105e-08	
1.92473	1.92473	1.86628	1.82272	1.80401	1.75665	1.67017	1.52362	1.29759	1.03489	0.739086	0.434056	0.136104	-0.136016	-0.375256	-0.569644	-0.724417	-0.838099	-0.912096	-0.952224	-0.962358	-0.941812	-0.887975	-0.797048	-0.667344	-0.496821	-0.282354	-0.0276231	0.268074	0.595318	0.965241	1.36817	1.80762	2.23804	2.5896	2.86788	3.04793	3.10845	3.06973	2.93335	2.69405	2.40857	2.13913	1.88738	1.63676	1.3586	1.04593	0.699552	0.335078	-0.0389328	-0.406599	-0.753205	-1.07037	-1.34535	-1.57528	-1.75814	-1.89178	-1.98432	-2.04059	-2.06475	-2.06234	-2.03223	-1.96864	-1.86851	-1.72582	-1.53297	-1.29372	-1.00998	-0.685932	-0.334206	0.0358039	0.408996	0.770138	1.10877	1.40677	1.65517	1.84191	1.96533	2.01471	1.99873	1.91357	1.77064	1.58199	1.35016	1.10082	0.851218	0.601494	0.371496	0.195246	0.0866645	0.0326091	0.0104898	0.00291348	0.000705487	0.000150281	2.83907e-05	4.79136e-06	7.28372e-07	1.12174e-07	1.12174e-07	
1.53761	1.53761	1.54062	1.58074	1.66348	1.72385	1.71689	1.65607	1.52595	1.32961	1.09611	0.839342	0.580377	0.331061	0.104226	-0.0918875	-0.251568	-0.371731	-0.457866	-0.505138	-0.515614	-0.490373	-0.428393	-0.328488	-0.192933	-0.0177365	0.192566	0.433862	0.700722	0.994878	1.32045	1.67936	2.05928	2.40142	2.6876	2.89678	3.00272	3.01676	2.94145	2.76818	2.51832	2.25647	2.01311	1.77101	1.50794	1.20355	0.862547	0.485975	0.0938618	-0.301073	-0.682883	-1.03704	-1.35308	-1.61954	-1.8355	-1.99625	-2.10962	-2.18023	-2.21621	-2.22987	-2.2286	-2.21131	-2.1691	-2.09027	-1.96822	-1.7972	-1.56963	-1.29372	-0.969019	-0.607973	-0.222975	0.173154	0.562742	0.932739	1.26286	1.54638	1.7675	1.92275	2.0024	2.0124	1.94982	1.82255	1.64675	1.42295	1.17326	0.921037	0.667448	0.426661	0.233177	0.107742	0.0421672	0.0140865	0.00405568	0.00101621	0.000223627	4.3578e-05	7.57583e-06	1.18506e-06	1.88088e-07	1.88088e-07	
1.13396	1.13396	1.20976	1.33197	1.48139	1.62548	1.70664	1.71249	1.66211	1.55347	1.39601	1.20401	0.995105	0.783583	0.584009	0.403508	0.25229	0.131499	0.0490456	0.00227527	-0.0100063	0.0184499	0.0782816	0.175567	0.309211	0.472921	0.663116	0.874183	1.10132	1.34729	1.61406	1.90959	2.21265	2.49265	2.7127	2.84258	2.89928	2.88304	2.77227	2.57985	2.34803	2.12504	1.90748	1.66751	1.38846	1.05926	0.689906	0.290434	-0.124101	-0.534649	-0.92646	-1.28179	-1.59045	-1.84251	-2.0316	-2.16388	-2.24141	-2.27544	-2.28991	-2.29646	-2.29585	-2.28792	-2.27067	-2.23011	-2.14199	-1.9981	-1.7972	-1.53297	-1.21436	-0.850168	-0.454042	-0.0403768	0.371475	0.766743	1.12618	1.44097	1.69141	1.87639	1.98312	2.01577	1.97517	1.86328	1.69927	1.48443	1.23602	0.981605	0.725347	0.47683	0.269285	0.128761	0.052125	0.0179888	0.00534241	0.00137873	0.000312048	6.24607e-05	1.11406e-05	1.78635e-06	2.91025e-07	2.91025e-07	
0.753996	0.753996	0.884848	1.07851	1.27553	1.45992	1.61187	1.69859	1.71735	1.68099	1.59848	1.48004	1.33673	1.18084	1.02402	0.876942	0.749994	0.645304	0.569543	0.526382	0.517335	0.539748	0.596636	0.684147	0.799264	0.93454	1.08911	1.25244	1.42403	1.6058	1.80989	2.04285	2.2865	2.49943	2.64004	2.72004	2.75396	2.70594	2.57148	2.39362	2.20567	2.02383	1.82254	1.5789	1.28133	0.929765	0.536929	0.116079	-0.31344	-0.73533	-1.13108	-1.48234	-1.77979	-2.0086	-2.16876	-2.26259	-2.29491	-2.28464	-2.25377	-2.2287	-2.23191	-2.26047	-2.28885	-2.29225	-2.24961	-2.14199	-1.96822	-1.72582	-1.41554	-1.05523	-0.652204	-0.227579	0.201551	0.618204	1.00303	1.34241	1.61994	1.82903	1.96051	2.01391	1.99226	1.89417	1.74032	1.53447	1.28878	1.03275	0.774472	0.520503	0.301926	0.148528	0.0618491	0.0219345	0.00668586	0.00176867	0.000409849	8.39028e-05	1.52908e-05	2.50332e-06	4.16903e-07	4.16903e-07	
0.442702	0.442702	0.585266	0.811547	1.04772	1.25706	1.4386	1.58502	1.67957	1.71788	1.70602	1.65447	1.57415	1.47638	1.37027	1.26471	1.16912	1.09198	1.03358	0.998968	0.992006	1.00896	1.05413	1.12072	1.20599	1.30711	1.4163	1.5273	1.64128	1.76413	1.90938	2.07991	2.25594	2.39893	2.49407	2.55541	2.56385	2.49044	2.36844	2.23773	2.10124	1.95328	1.75839	1.50519	1.19079	0.81959	0.408433	-0.0287497	-0.470814	-0.898608	-1.29486	-1.63902	-1.91871	-2.12521	-2.24801	-2.29701	-2.28638	-2.22409	-2.14074	-2.08608	-2.09256	-2.15659	-2.23972	-2.29289	-2.29225	-2.23011	-2.09027	-1.86851	-1.57495	-1.2193	-0.815218	-0.382912	0.059364	0.493294	0.897002	1.2573	1.55617	1.78554	1.93837	2.00763	2.00238	1.9178	1.7719	1.57323	1.33101	1.07424	0.814425	0.556636	0.329735	0.165926	0.0706793	0.0256225	0.00797543	0.00215228	0.000508291	0.000105956	1.96475e-05	3.27095e-06	5.54525e-07	5.54525e-07	
0.226324	0.226324	0.340634	0.54374	0.787023	1.02127	1.22433	1.39652	1.53681	1.63862	1.69788	1.71657	1.70141	1.66186	1.6076	1.54628	1.48452	1.43173	1.39231	1.36849	1.3626	1.37588	1.40621	1.45163	1.5086	1.57205	1.63369	1.6917	1.74658	1.80707	1.88791	1.99712	2.12084	2.22858	2.30394	2.34306	2.33046	2.26888	2.19884	2.12856	2.03636	1.90722	1.71065	1.44876	1.11722	0.733632	0.305823	-0.139931	-0.593824	-1.02189	-1.41969	-1.75248	-2.01544	-2.19769	-2.28017	-2.28412	-2.22167	-2.10313	-1.97584	-1.89967	-1.90863	-1.9988	-2.12952	-2.23972	-2.28885	-2.27067	-2.1691	-1.96864	-1.69187	-1.34421	-0.938464	-0.504267	-0.0494644	0.393449	0.814384	1.18787	1.50512	1.74941	1.91772	2.00131	2.00758	1.93402	1.79525	1.60189	1.36263	1.10572	0.844894	0.584518	0.351662	0.179991	0.0779965	0.0287495	0.00909204	0.00249091	0.000596761	0.000126111	2.36932e-05	3.99487e-06	6.86464e-07	6.86464e-07	
0.100089	0.100089	0.171467	0.314339	0.516109	0.745655	0.968134	1.16406	1.32965	1.46552	1.571	1.64523	1.68945	1.7076	1.70628	1.6923	1.6708	1.64726	1.62802	1.61611	1.61293	1.62011	1.63512	1.6566	1.68007	1.69997	1.7123	1.71583	1.71349	1.71883	1.75209	1.8252	1.92243	2.00767	2.06043	2.08684	2.09253	2.08584	2.08295	2.06379	2.00142	1.8804	1.67894	1.40982	1.06626	0.673459	0.235267	-0.217209	-0.676546	-1.10685	-1.5009	-1.82866	-2.07493	-2.2355	-2.29004	-2.24455	-2.12877	-1.96268	-1.78149	-1.66329	-1.67783	-1.81572	-1.9988	-2.15659	-2.26047	-2.28792	-2.21131	-2.03223	-1.76927	-1.42617	-1.02342	-0.585863	-0.125661	0.324839	0.756085	1.13949	1.46896	1.72359	1.90265	1.99671	2.00973	1.9435	1.81067	1.62119	1.38393	1.12706	0.865639	0.603666	0.366945	0.189971	0.0832817	0.0310462	0.00992482	0.00274703	0.000664547	0.000141741	2.68668e-05	4.56905e-06	7.92367e-07	7.92367e-07	
0.0382651	0.0382651	0.0741503	0.154589	0.287422	0.467606	0.674285	0.881272	1.06986	1.23215	1.36679	1.47464	1.55717	1.61645	1.65582	1.67986	1.69291	1.69807	1.69901	1.6987	1.69854	1.6989	1.69895	1.69669	1.68902	1.67276	1.64604	1.6086	1.56693	1.53745	1.54168	1.58967	1.66319	1.72928	1.78009	1.83583	1.90068	1.96342	2.01768	2.03351	1.98552	1.86584	1.66361	1.38745	1.0397	0.640801	0.197977	-0.258524	-0.719374	-1.15274	-1.54041	-1.87069	-2.10119	-2.25216	-2.29293	-2.20782	-2.05989	-1.86508	-1.63163	-1.46625	-1.48707	-1.67783	-1.90863	-2.09256	-2.23191	-2.29585	-2.2286	-2.06234	-1.81215	-1.46597	-1.07051	-0.627321	-0.167602	0.289448	0.723463	1.11483	1.44753	1.71046	1.8934	1.99302	2.01178	1.94858	1.8182	1.63109	1.3951	1.13826	0.876532	0.613773	0.375087	0.195346	0.0861595	0.0323097	0.0103874	0.00289053	0.000702828	0.000150634	2.8685e-05	4.90025e-06	8.53903e-07	8.53903e-07	
0.0126869	0.0126869	0.0275657	0.064572	0.134826	0.246505	0.397771	0.575357	0.760551	0.937029	1.09474	1.22936	1.34021	1.42843	1.49611	1.5462	1.58213	1.60672	1.62206	1.63007	1.63188	1.62759	1.61682	1.59807	1.56946	1.52901	1.47516	1.40901	1.33865	1.28148	1.26032	1.28819	1.35351	1.43263	1.52393	1.64258	1.77596	1.89511	1.98589	2.02097	1.98098	1.86353	1.66204	1.38523	1.03718	0.637759	0.194441	-0.262337	-0.723389	-1.15696	-1.54386	-1.87455	-2.10302	-2.25342	-2.29301	-2.20365	-2.05295	-1.85546	-1.61585	-1.44474	-1.46625	-1.66329	-1.89967	-2.08608	-2.2287	-2.29646	-2.22987	-2.06475	-1.81607	-1.46933	-1.07485	-0.630995	-0.171452	0.286309	0.720466	1.11268	1.4455	1.70931	1.89248	1.99256	2.01198	1.94908	1.8189	1.63199	1.39611	1.13927	0.877519	0.614693	0.375832	0.195841	0.0864256	0.0324271	0.0104305	0.00290395	0.00070642	0.000151471	2.88565e-05	4.93157e-06	8.59737e-07	8.59737e-07	
0.00366705	0.00366705	0.00885159	0.0230259	0.0534458	0.108951	0.196055	0.314858	0.457946	0.613202	0.768169	0.913131	1.04205	1.15206	1.24252	1.31416	1.36872	1.40829	1.43458	1.44894	1.4522	1.44454	1.42555	1.39418	1.34902	1.28859	1.21234	1.12322	1.03139	0.957202	0.92807	0.963266	1.05675	1.18509	1.33876	1.52007	1.70504	1.85925	1.97009	2.01547	1.98289	1.8722	1.67339	1.40364	1.05891	0.664661	0.225116	-0.228446	-0.688233	-1.11917	-1.51176	-1.83973	-2.08244	-2.24001	-2.2908	-2.23566	-2.1114	-1.93812	-1.74493	-1.61585	-1.63163	-1.78149	-1.97584	-2.14074	-2.25377	-2.28991	-2.21621	-2.04059	-1.78039	-1.43723	-1.03589	-0.597329	-0.136958	0.315095	0.747398	1.13265	1.46342	1.71986	1.9003	1.99581	2.0101	1.94491	1.81286	1.62393	1.38695	1.13009	0.868597	0.606414	0.369158	0.19143	0.0840611	0.0313877	0.0100496	0.00278565	0.00067483	0.000144126	2.73534e-05	4.65754e-06	8.08776e-07	8.08776e-07	
