0.0219453	0.0219453	0.0499508	0.121435	0.260648	0.485966	0.793927	1.1565	1.5353	1.89775	2.22299	2.50104	2.72997	2.91277	3.05391	3.15816	3.23085	3.27891	3.30854	3.32369	3.3269	3.31914	3.2985	3.2619	3.20469	3.12021	3.00187	2.84472	2.64391	2.39551	2.09795	1.75607	1.38399	1.00722	0.662106	0.385189	0.195404	0.0857617	0.0325036	0.0106616	0.00304087	0.000758605	0.000166579	3.24002e-05	5.61602e-06	8.72452e-07	1.22192e-07	1.57352e-08	2.51742e-09	2.04577e-09	4.27195e-09	8.83588e-09	1.66985e-08	2.88331e-08	4.56506e-08	6.6503e-08	8.94047e-08	1.11182e-07	1.28128e-07	1.36994e-07	1.35977e-07	1.25285e-07	1.07074e-07	8.477e-08	6.20482e-08	4.18841e-08	2.59929e-08	1.47773e-08	7.66703e-09	3.61726e-09	1.547e-09	5.98234e-10	2.08804e-10	6.57035e-11	1.86285e-11	4.75889e-12	1.09598e-12	2.2778e-13	4.27828e-14	7.27539e-15	1.12253e-15	1.57511e-16	2.01497e-17	2.35607e-18	2.52461e-19	2.48544e-20	2.25379e-21	1.88708e-22	1.46239e-23	1.05127e-24	7.02574e-26	4.37411e-27	2.54192e-28	1.38139e-29	7.03263e-31	3.35965e-32	1.50846e-33	6.37535e-35	2.63503e-36	2.63503e-36	
0.0219453	0.0219453	0.0499508	0.121435	0.260648	0.485966	0.793927	1.1565	1.5353	1.89775	2.22299	2.50104	2.72997	2.91277	3.05391	3.15816	3.23085	3.27891	3.30854	3.32369	3.3269	3.31914	3.2985	3.2619	3.20469	3.12021	3.00187	2.84472	2.64391	2.39551	2.09795	1.75607	1.38399	1.00722	0.662106	0.385189	0.195404	0.0857617	0.0325036	0.0106616	0.00304087	0.000758605	0.000166579	3.24002e-05	5.61602e-06	8.72452e-07	1.22192e-07	1.57352e-08	2.51742e-09	2.04577e-09	4.27195e-09	8.83588e-09	1.66985e-08	2.88331e-08	4.56506e-08	6.6503e-08	8.94047e-08	1.11182e-07	1.28128e-07	1.36994e-07	1.35977e-07	1.25285e-07	1.07074e-07	8.477e-08	6.20482e-08	4.18841e-08	2.59929e-08	1.47773e-08	7.66703e-09	3.61726e-09	1.547e-09	5.98234e-10	2.08804e-10	6.57035e-11	1.86285e-11	4.75889e-12	1.09598e-12	2.2778e-13	4.27828e-14	7.27539e-15	1.12253e-15	1.57511e-16	2.01497e-17	2.35607e-18	2.52461e-19	2.48544e-20	2.25379e-21	1.88708e-22	1.46239e-23	1.05127e-24	7.02574e-26	4.37411e-27	2.54192e-28	1.38139e-29	7.03263e-31	3.35965e-32	1.50846e-33	6.37535e-35	2.63503e-36	2.63503e-36	
0.0499508	0.0499508	0.0991063	0.209817	0.393009	0.642083	0.932763	1.24012	1.54922	1.84917	2.12797	2.37451	2.58125	2.74504	2.86676	2.95192	3.00848	3.04479	3.06531	3.07517	3.07734	3.07209	3.05858	3.03242	2.98856	2.92161	2.82269	2.68472	2.50371	2.28037	2.01988	1.73104	1.42602	1.11632	0.813136	0.535624	0.310575	0.155695	0.0669562	0.0246947	0.00784407	0.00215965	0.000519105	0.000109728	2.05395e-05	3.42709e-06	5.13455e-07	7.15021e-08	1.47674e-08	1.62612e-08	3.37962e-08	6.74603e-08	1.23311e-07	2.06729e-07	3.19078e-07	4.55008e-07	6.01289e-07	7.38174e-07	8.43468e-07	8.98192e-07	8.91924e-07	8.2587e-07	7.12498e-07	5.71905e-07	4.26235e-07	2.9419e-07	1.87449e-07	1.09858e-07	5.89857e-08	2.88996e-08	1.28729e-08	5.19694e-09	1.89689e-09	6.2488e-10	1.85584e-10	4.96683e-11	1.19807e-11	2.60657e-12	5.12123e-13	9.10167e-14	1.46617e-14	2.14564e-15	2.85958e-16	3.47964e-17	3.87602e-18	3.96269e-19	3.72785e-20	3.23503e-21	2.59595e-22	1.93073e-23	1.33388e-24	8.57827e-26	5.14566e-27	2.88449e-28	1.5138e-29	7.45041e-31	3.44435e-32	1.4981e-33	6.37535e-35	6.37535e-35	
0.121435	0.121435	0.209817	0.383685	0.621558	0.882615	1.13477	1.37379	1.60444	1.82202	2.01757	2.18333	2.31529	2.41222	2.47772	2.5186	2.54262	2.55413	2.55731	2.55782	2.5583	2.55748	2.5564	2.55082	2.53497	2.50467	2.45499	2.37747	2.26706	2.1211	1.94287	1.73753	1.51342	1.27958	1.0359	0.777543	0.519571	0.299587	0.146802	0.0609657	0.0215514	0.00653429	0.00171397	0.000392312	7.89992e-05	1.41021e-05	2.25314e-06	3.4226e-07	9.56899e-08	1.31094e-07	2.67716e-07	5.16251e-07	9.14052e-07	1.48985e-06	2.2444e-06	3.13628e-06	4.0778e-06	4.9458e-06	5.60646e-06	5.94771e-06	5.90869e-06	5.49641e-06	4.78383e-06	3.89e-06	2.94913e-06	2.07899e-06	1.35838e-06	8.19546e-07	4.54688e-07	2.3098e-07	1.06995e-07	4.50278e-08	1.71635e-08	5.91186e-09	1.83708e-09	5.14552e-10	1.29876e-10	2.95539e-11	6.06901e-12	1.12639e-12	1.89303e-13	2.88724e-14	4.00605e-15	5.06957e-16	5.86659e-17	6.22451e-18	6.07099e-19	5.45699e-20	4.53164e-21	3.48492e-22	2.48743e-23	1.65146e-24	1.02195e-25	5.90596e-27	3.19335e-28	1.61829e-29	7.69914e-31	3.44435e-32	1.50846e-33	1.50846e-33	
0.260648	0.260648	0.393009	0.621558	0.883052	1.12565	1.34071	1.53519	1.69855	1.82126	1.90489	1.9548	1.97795	1.97939	1.96706	1.94549	1.92049	1.89315	1.87274	1.86004	1.85691	1.86448	1.87989	1.90362	1.93143	1.95498	1.97374	1.98092	1.97179	1.93875	1.8758	1.77755	1.6381	1.46034	1.25771	1.03177	0.774602	0.508311	0.283181	0.132608	0.0523083	0.0175161	0.0050277	0.00124925	0.000271216	5.1904e-05	8.87621e-06	1.51026e-06	6.05245e-07	9.64908e-07	1.91885e-06	3.56868e-06	6.11275e-06	9.67639e-06	1.42148e-05	1.94504e-05	2.48688e-05	2.97881e-05	3.34924e-05	3.53938e-05	3.51768e-05	3.28775e-05	2.8875e-05	2.37957e-05	1.83617e-05	1.32306e-05	8.87294e-06	5.517e-06	3.16676e-06	1.67036e-06	8.05942e-07	3.54204e-07	1.41275e-07	5.09862e-08	1.66134e-08	4.8806e-09	1.29186e-09	3.08119e-10	6.62685e-11	1.28691e-11	2.26057e-12	3.59949e-13	5.20784e-14	6.86405e-15	8.26335e-16	9.11056e-17	9.22353e-18	8.59684e-19	7.39541e-20	5.88598e-21	4.34426e-22	2.97997e-23	1.90381e-24	1.13504e-25	6.32709e-27	3.30349e-28	1.61829e-29	7.45041e-31	3.35965e-32	3.35965e-32	
0.485966	0.485966	0.642083	0.882615	1.12565	1.34258	1.53561	1.68104	1.75948	1.78274	1.76096	1.70614	1.62679	1.53322	1.43463	1.33879	1.2528	1.18267	1.13368	1.1047	1.09649	1.11435	1.1512	1.20878	1.28574	1.37695	1.47422	1.57215	1.6606	1.7319	1.7743	1.77919	1.73607	1.63022	1.46162	1.25674	1.02173	0.749168	0.472431	0.25001	0.110533	0.0410721	0.0129566	0.00350798	0.000823785	0.000169537	3.12429e-05	6.2357e-06	3.68769e-06	6.42498e-06	1.23576e-05	2.21244e-05	3.66072e-05	5.62055e-05	8.04242e-05	0.00010766	0.000135267	0.000159935	0.000178303	0.000187671	0.000186604	0.000175265	0.000155382	0.000129841	0.000102051	7.52326e-05	5.18456e-05	3.32668e-05	1.97859e-05	1.08551e-05	5.46595e-06	2.51403e-06	1.05164e-06	3.9864e-07	1.36547e-07	4.21806e-08	1.17378e-08	2.9415e-09	6.64138e-10	1.35248e-10	2.4883e-11	4.14445e-12	6.26397e-13	8.61317e-14	1.08036e-14	1.23948e-15	1.30424e-16	1.26203e-17	1.12589e-18	9.28353e-20	7.09183e-21	5.03055e-22	3.32064e-23	2.04394e-24	1.17543e-25	6.32709e-27	3.19335e-28	1.5138e-29	7.03263e-31	7.03263e-31	
0.793927	0.793927	0.932763	1.13477	1.34071	1.53561	1.68349	1.74728	1.7453	1.68748	1.57569	1.42724	1.25215	1.07118	0.893874	0.736113	0.600979	0.496603	0.419804	0.377762	0.368271	0.390142	0.447579	0.53549	0.651442	0.797218	0.962728	1.14374	1.32352	1.49015	1.62589	1.71711	1.75263	1.73123	1.63106	1.45362	1.23647	0.982615	0.691103	0.411757	0.204278	0.0844713	0.029378	0.00869255	0.0022138	0.000491462	9.87456e-05	2.48022e-05	2.12208e-05	3.83923e-05	7.10396e-05	0.000122189	0.00019497	0.000289921	0.000403579	0.000527997	0.000651379	0.000759783	0.000839557	0.000879964	0.000875368	0.000826415	0.000739893	0.000627323	0.00050263	0.00037951	0.000269095	0.000178451	0.000110163	6.29832e-05	3.31688e-05	1.60037e-05	7.03921e-06	2.81031e-06	1.0148e-06	3.30577e-07	9.69855e-08	2.56073e-08	6.08551e-09	1.30281e-09	2.51632e-10	4.39348e-11	6.95063e-12	9.98911e-13	1.30766e-13	1.5636e-14	1.71248e-15	1.72257e-16	1.59561e-17	1.36455e-18	1.08e-19	7.9296e-21	5.41292e-22	3.44256e-23	2.04394e-24	1.13504e-25	5.90596e-27	2.88449e-28	1.38139e-29	1.38139e-29	
1.1565	1.1565	1.24012	1.37379	1.53519	1.68104	1.74728	1.73792	1.66637	1.51508	1.31514	1.08069	0.83397	0.590701	0.365691	0.167794	0.00283704	-0.125445	-0.213303	-0.261901	-0.272058	-0.246196	-0.18209	-0.0796219	0.064817	0.242623	0.452583	0.686118	0.93243	1.1769	1.39914	1.58343	1.70324	1.74783	1.72767	1.6137	1.42113	1.18777	0.90892	0.602217	0.333845	0.153543	0.0589239	0.0190786	0.00527773	0.00126824	0.000284031	9.7835e-05	0.000112756	0.000204174	0.000361855	0.000596637	0.00091638	0.0013176	0.00178187	0.00227572	0.00275417	0.00316704	0.00346704	0.00361787	0.00360075	0.00341783	0.00309178	0.00266169	0.00217611	0.00168482	0.00123093	0.000845047	0.000542492	0.000323907	0.000178829	9.07543e-05	4.20957e-05	1.77553e-05	6.78069e-06	2.33687e-06	7.25147e-07	2.02354e-07	5.07667e-08	1.14575e-08	2.32929e-09	4.27362e-10	7.09268e-11	1.06755e-11	1.46127e-12	1.82416e-13	2.08269e-14	2.18089e-15	2.10029e-16	1.86511e-17	1.53113e-18	1.16478e-19	8.23007e-21	5.41292e-22	3.32064e-23	1.90381e-24	1.02195e-25	5.14566e-27	2.54192e-28	2.54192e-28	
1.5353	1.5353	1.54922	1.60444	1.69855	1.75948	1.7453	1.66637	1.49539	1.2599	0.99023	0.690097	0.393025	0.105871	-0.148109	-0.365161	-0.537761	-0.663528	-0.749924	-0.798848	-0.810063	-0.783406	-0.721421	-0.618864	-0.474334	-0.284365	-0.0501633	0.217333	0.511441	0.811033	1.10307	1.35809	1.57454	1.70438	1.75027	1.71412	1.5727	1.3625	1.10567	0.799289	0.490139	0.24956	0.105465	0.0373387	0.0112229	0.00293513	0.00076367	0.000386237	0.000541699	0.000957898	0.0016197	0.00255398	0.0037681	0.00522945	0.00686015	0.0085423	0.0101316	0.0114766	0.0124404	0.0129211	0.0128667	0.0122831	0.0112331	0.00982726	0.00820697	0.00652402	0.00491884	0.00350218	0.00234291	0.00146438	0.000849843	0.000454987	0.000223281	9.9843e-05	4.04728e-05	1.48116e-05	4.87909e-06	1.44409e-06	3.83766e-07	9.15982e-08	1.96584e-08	3.8004e-09	6.63321e-10	1.04801e-10	1.50307e-11	1.9626e-12	2.33992e-13	2.55475e-14	2.56157e-15	2.36517e-16	2.0163e-17	1.59101e-18	1.16478e-19	7.9296e-21	5.03055e-22	2.97997e-23	1.65146e-24	8.57827e-26	4.37411e-27	4.37411e-27	
1.89775	1.89775	1.84917	1.82202	1.82126	1.78274	1.68748	1.51508	1.2599	0.963175	0.617679	0.271208	-0.0667696	-0.365772	-0.625227	-0.827303	-0.986231	-1.09596	-1.16619	-1.2032	-1.21088	-1.19526	-1.14358	-1.05548	-0.928807	-0.751927	-0.526276	-0.251931	0.0672034	0.407557	0.760473	1.08699	1.36801	1.59192	1.71568	1.75203	1.68017	1.50701	1.27443	0.984736	0.658468	0.368023	0.170413	0.065775	0.0214718	0.0061823	0.00199923	0.00149305	0.00231096	0.00392714	0.0063122	0.00949403	0.0134256	0.0179502	0.0228057	0.0276509	0.0321054	0.0357957	0.0384003	0.0396876	0.0395423	0.0379774	0.035133	0.0312612	0.0266973	0.02182	0.0170053	0.0125815	0.00879092	0.00576665	0.0035282	0.0019993	0.00104183	0.00049585	0.000214237	8.36068e-05	2.93596e-05	9.25427e-06	2.61517e-06	6.6252e-07	1.50606e-07	3.07729e-08	5.66444e-09	9.41814e-10	1.41857e-10	1.94146e-11	2.42173e-12	2.76157e-13	2.88737e-14	2.77589e-15	2.46062e-16	2.0163e-17	1.53113e-18	1.08e-19	7.09183e-21	4.34426e-22	2.48743e-23	1.33388e-24	7.02574e-26	7.02574e-26	
2.22299	2.22299	2.12797	2.01757	1.90489	1.76096	1.57569	1.31514	0.99023	0.617679	0.228187	-0.145253	-0.492283	-0.78444	-1.02085	-1.19677	-1.31349	-1.38909	-1.42546	-1.4444	-1.45124	-1.43942	-1.41228	-1.36373	-1.27423	-1.13179	-0.935544	-0.672748	-0.360671	0.00310823	0.381252	0.772189	1.12279	1.42122	1.62831	1.7363	1.73866	1.61837	1.41468	1.14853	0.824373	0.50019	0.251902	0.105508	0.0374313	0.0121654	0.00529852	0.00542546	0.00861942	0.0139253	0.0212011	0.0303356	0.0410239	0.0527423	0.064797	0.0764005	0.0867556	0.0951361	0.100953	0.103801	0.10348	0.100015	0.0936445	0.0848157	0.0741488	0.0623901	0.0503414	0.038778	0.0283648	0.0195812	0.01267	0.00762642	0.00423699	0.00215585	0.000997468	0.000417115	0.000156901	5.29163e-05	1.59721e-05	4.31265e-06	1.04239e-06	2.25898e-07	4.39914e-08	7.71933e-09	1.2242e-09	1.7602e-10	2.30192e-11	2.74675e-12	2.9998e-13	3.0075e-14	2.77589e-15	2.36517e-16	1.86511e-17	1.36455e-18	9.28353e-20	5.88598e-21	3.48492e-22	1.93073e-23	1.05127e-24	1.05127e-24	
2.50104	2.50104	2.37451	2.18333	1.9548	1.70614	1.42724	1.08069	0.690097	0.271208	-0.145253	-0.536064	-0.86629	-1.13159	-1.31531	-1.43424	-1.49351	-1.51445	-1.51995	-1.51303	-1.5082	-1.5153	-1.51972	-1.51146	-1.47429	-1.39458	-1.25108	-1.03338	-0.743198	-0.384439	0.0185711	0.439819	0.84656	1.21178	1.49847	1.67783	1.75161	1.69405	1.52693	1.2872	0.977387	0.63609	0.345362	0.156201	0.060575	0.0232636	0.0142905	0.0177943	0.0277159	0.0422463	0.0607221	0.0824471	0.106414	0.131352	0.155864	0.178557	0.198168	0.213648	0.224206	0.229322	0.228748	0.222514	0.21092	0.194541	0.174221	0.151058	0.126348	0.101494	0.0778794	0.0567249	0.0389381	0.0249893	0.0148656	0.00812568	0.00404731	0.00182357	0.000738855	0.000268064	8.68674e-05	2.51187e-05	6.48378e-06	1.4962e-06	3.09362e-07	5.74748e-08	9.62471e-09	1.45761e-09	2.0031e-10	2.50627e-11	2.86441e-12	2.9998e-13	2.88737e-14	2.56157e-15	2.10029e-16	1.59561e-17	1.12589e-18	7.39541e-20	4.53164e-21	2.59595e-22	1.46239e-23	1.46239e-23	
2.72997	2.72997	2.58125	2.31529	1.97795	1.62679	1.25215	0.83397	0.393025	-0.0667696	-0.492283	-0.86629	-1.16113	-1.36981	-1.48884	-1.53313	-1.5218	-1.47915	-1.43166	-1.40453	-1.39833	-1.4113	-1.4499	-1.49801	-1.53095	-1.52435	-1.45035	-1.29789	-1.05344	-0.724905	-0.328457	0.114922	0.565501	0.982645	1.33816	1.58725	1.72759	1.73527	1.61189	1.4007	1.11172	0.767169	0.445209	0.216883	0.0935166	0.0450086	0.0377013	0.0510301	0.0758579	0.108499	0.146845	0.188881	0.232439	0.275333	0.315527	0.351267	0.381159	0.40418	0.419621	0.427031	0.426205	0.417164	0.400163	0.375703	0.344549	0.307796	0.266912	0.223715	0.180282	0.138796	0.101335	0.0695747	0.0445064	0.0262676	0.014166	0.00691953	0.00303897	0.00119351	0.000417703	0.000130066	3.60356e-05	8.89513e-06	1.96073e-06	3.8708e-07	6.86667e-08	1.09847e-08	1.59035e-09	2.09123e-10	2.50627e-11	2.74675e-12	2.76157e-13	2.55475e-14	2.18089e-15	1.72257e-16	1.26203e-17	8.59684e-19	5.45699e-20	3.23503e-21	1.88708e-22	1.88708e-22	
2.91277	2.91277	2.74504	2.41222	1.97939	1.53322	1.07118	0.590701	0.105871	-0.365772	-0.78444	-1.13159	-1.36981	-1.50653	-1.53829	-1.49411	-1.40676	-1.30637	-1.23034	-1.18354	-1.16931	-1.19696	-1.2578	-1.34685	-1.44455	-1.51969	-1.53591	-1.46447	-1.28718	-1.0043	-0.624526	-0.184281	0.290963	0.750193	1.16295	1.4764	1.67716	1.74687	1.67121	1.49056	1.22543	0.887954	0.547238	0.288225	0.142564	0.0889989	0.0918592	0.125123	0.174872	0.234002	0.298013	0.36332	0.426889	0.486224	0.539375	0.584954	0.622055	0.650098	0.668672	0.677518	0.676535	0.665735	0.645246	0.615359	0.57651	0.529332	0.474816	0.414461	0.350321	0.284982	0.221469	0.163002	0.112503	0.07203	0.0423045	0.0225514	0.010812	0.00462923	0.00176176	0.000594528	0.00017783	4.72011e-05	1.11435e-05	2.34726e-06	4.42708e-07	7.50481e-08	1.14791e-08	1.59035e-09	2.0031e-10	2.30192e-11	2.42173e-12	2.33992e-13	2.08269e-14	1.71248e-15	1.30424e-16	9.22353e-18	6.07099e-19	3.72785e-20	2.25379e-21	2.25379e-21	
3.05391	3.05391	2.86676	2.47772	1.96706	1.43463	0.893874	0.365691	-0.148109	-0.625227	-1.02085	-1.31531	-1.48884	-1.53829	-1.4853	-1.35472	-1.19983	-1.05864	-0.96131	-0.924243	-0.919116	-0.932597	-0.994365	-1.10931	-1.26173	-1.41366	-1.51569	-1.5337	-1.43341	-1.21239	-0.873837	-0.445822	0.0417655	0.530563	0.986357	1.35555	1.61118	1.73687	1.70845	1.55934	1.31962	0.997316	0.65163	0.37597	0.220416	0.173419	0.197212	0.258786	0.337916	0.42357	0.509462	0.5917	0.667761	0.735949	0.795231	0.845072	0.885189	0.915286	0.935097	0.944494	0.943454	0.931979	0.910106	0.877986	0.835903	0.784147	0.723023	0.653155	0.575688	0.492433	0.405956	0.319788	0.238268	0.165944	0.106652	0.0624478	0.0329287	0.0154921	0.00646143	0.00238052	0.000773896	0.00022221	5.64862e-05	1.27544e-05	2.56799e-06	4.62959e-07	7.50481e-08	1.09847e-08	1.45761e-09	1.7602e-10	1.94146e-11	1.9626e-12	1.82416e-13	1.5636e-14	1.23948e-15	9.11056e-17	6.22451e-18	3.96269e-19	2.48544e-20	2.48544e-20	
3.15816	3.15816	2.95192	2.5186	1.94549	1.33879	0.736113	0.167794	-0.365161	-0.827303	-1.19677	-1.43424	-1.53313	-1.49411	-1.35472	-1.15518	-0.966402	-0.832378	-0.763194	-0.73966	-0.734914	-0.744641	-0.783514	-0.878509	-1.03749	-1.23886	-1.4196	-1.52555	-1.50998	-1.35774	-1.06321	-0.65935	-0.175239	0.330849	0.821015	1.23576	1.53842	1.71368	1.72947	1.61148	1.39875	1.10006	0.765799	0.492685	0.343824	0.314447	0.363451	0.450934	0.551852	0.653601	0.750507	0.840103	0.921112	0.992762	1.05475	1.10686	1.14877	1.18001	1.20044	1.21016	1.20909	1.19724	1.17465	1.14126	1.09726	1.04315	0.9792	0.905633	0.822811	0.73155	0.633033	0.52916	0.423171	0.319853	0.225248	0.145522	0.0849758	0.0442906	0.0204186	0.00828116	0.00294853	0.000922145	0.000253928	6.17861e-05	1.3341e-05	2.56799e-06	4.42708e-07	6.86667e-08	9.62471e-09	1.2242e-09	1.41857e-10	1.50307e-11	1.46127e-12	1.30766e-13	1.08036e-14	8.26335e-16	5.86659e-17	3.87602e-18	2.52461e-19	2.52461e-19	
3.23085	3.23085	3.00848	2.54262	1.92049	1.2528	0.600979	0.00283704	-0.537761	-0.986231	-1.31349	-1.49351	-1.5218	-1.40676	-1.19983	-0.966402	-0.77458	-0.690812	-0.677549	-0.677697	-0.678153	-0.678164	-0.680175	-0.709907	-0.841807	-1.05868	-1.28782	-1.46889	-1.52663	-1.44209	-1.19805	-0.827903	-0.350735	0.164318	0.676871	1.12634	1.46625	1.68409	1.74111	1.65449	1.47242	1.2082	0.903687	0.651899	0.520748	0.508909	0.574181	0.674695	0.785071	0.893712	0.996158	1.09052	1.17544	1.25027	1.31467	1.3682	1.41034	1.44115	1.46119	1.47079	1.46974	1.45805	1.43588	1.40283	1.35839	1.30262	1.2361	1.15921	1.0723	0.976096	0.871711	0.76003	0.642243	0.520534	0.398921	0.284025	0.184343	0.107189	0.0550934	0.0248189	0.00976143	0.00335108	0.00100645	0.000265465	6.17861e-05	1.27544e-05	2.34726e-06	3.8708e-07	5.74748e-08	7.71933e-09	9.41814e-10	1.04801e-10	1.06755e-11	9.98911e-13	8.61317e-14	6.86405e-15	5.06957e-16	3.47964e-17	2.35607e-18	2.35607e-18	
3.27891	3.27891	3.04479	2.55413	1.89315	1.18267	0.496603	-0.125445	-0.663528	-1.09596	-1.38909	-1.51445	-1.47915	-1.30637	-1.05864	-0.832378	-0.690812	-0.668452	-0.693631	-0.674499	-0.660056	-0.685959	-0.686689	-0.664525	-0.734358	-0.916042	-1.15853	-1.39145	-1.50868	-1.48836	-1.28921	-0.949286	-0.483639	0.0321978	0.559113	1.03837	1.40549	1.65528	1.75059	1.69922	1.55578	1.33806	1.07651	0.85303	0.735713	0.72986	0.799351	0.905189	1.02214	1.13755	1.24561	1.34317	1.42867	1.5021	1.56321	1.6122	1.64941	1.67658	1.69436	1.70256	1.70166	1.69157	1.67188	1.64278	1.60334	1.55192	1.48837	1.41251	1.32456	1.22459	1.11412	0.995132	0.869403	0.738568	0.603949	0.467804	0.335887	0.218381	0.125983	0.0635905	0.0278781	0.0105949	0.00349689	0.00100645	0.000253928	5.64862e-05	1.11435e-05	1.96073e-06	3.09362e-07	4.39914e-08	5.66444e-09	6.63321e-10	7.09268e-11	6.95063e-12	6.26397e-13	5.20784e-14	4.00605e-15	2.85958e-16	2.01497e-17	2.01497e-17	
3.30854	3.30854	3.06531	2.55731	1.87274	1.13368	0.419804	-0.213303	-0.749924	-1.16619	-1.42546	-1.51995	-1.43166	-1.23034	-0.96131	-0.763194	-0.677549	-0.693631	-0.733098	-0.672528	-0.634948	-0.706815	-0.724546	-0.675525	-0.701754	-0.826604	-1.06989	-1.32279	-1.48474	-1.50609	-1.34299	-1.02585	-0.579197	-0.0581409	0.474511	0.971919	1.36292	1.63874	1.76945	1.75973	1.66472	1.49912	1.27811	1.07339	0.959353	0.954233	1.02852	1.14177	1.26478	1.38225	1.48766	1.57854	1.65539	1.71907	1.77011	1.80981	1.84004	1.86217	1.87625	1.88203	1.88135	1.87405	1.85833	1.83464	1.80266	1.76087	1.70737	1.64113	1.5615	1.46757	1.35869	1.23638	1.10285	0.961671	0.816582	0.669688	0.521572	0.375848	0.243491	0.138549	0.0682741	0.0289752	0.0105949	0.00335108	0.000922145	0.00022221	4.72011e-05	8.89513e-06	1.4962e-06	2.25898e-07	3.07729e-08	3.8004e-09	4.27362e-10	4.39348e-11	4.14445e-12	3.59949e-13	2.88724e-14	2.14564e-15	1.57511e-16	1.57511e-16	
3.32369	3.32369	3.07517	2.55782	1.86004	1.1047	0.377762	-0.261901	-0.798848	-1.2032	-1.4444	-1.51303	-1.40453	-1.18354	-0.924243	-0.73966	-0.677697	-0.674499	-0.672528	-0.62779	-0.603932	-0.650288	-0.677359	-0.671733	-0.6934	-0.796011	-1.02698	-1.27984	-1.46596	-1.50764	-1.37015	-1.0683	-0.630955	-0.11018	0.426846	0.934679	1.34333	1.64413	1.81218	1.85	1.80552	1.682	1.48462	1.28852	1.18009	1.18279	1.26339	1.37723	1.49473	1.60233	1.69548	1.77342	1.8378	1.88853	1.92792	1.95694	1.97875	1.99265	2.00042	2.0042	2.00372	1.99912	1.99039	1.97501	1.95178	1.92098	1.87937	1.82607	1.75891	1.67791	1.58089	1.46748	1.33766	1.1927	1.0368	0.876443	0.716802	0.557929	0.400811	0.256771	0.142963	0.0682741	0.0278781	0.00976143	0.00294853	0.000773896	0.00017783	3.60356e-05	6.48378e-06	1.04239e-06	1.50606e-07	1.96584e-08	2.32929e-09	2.51632e-10	2.4883e-11	2.26057e-12	1.89303e-13	1.46617e-14	1.12253e-15	1.12253e-15	
3.3269	3.3269	3.07734	2.5583	1.85691	1.09649	0.368271	-0.272058	-0.810063	-1.21088	-1.45124	-1.5082	-1.39833	-1.16931	-0.919116	-0.734914	-0.678153	-0.660056	-0.634948	-0.603932	-0.591403	-0.616599	-0.645226	-0.666504	-0.690374	-0.793099	-1.01777	-1.26892	-1.46131	-1.50794	-1.3788	-1.07934	-0.641132	-0.122542	0.419368	0.933237	1.35414	1.68155	1.89024	1.97405	1.96697	1.86454	1.67919	1.49671	1.40142	1.40849	1.48355	1.58679	1.69199	1.78642	1.86504	1.92717	1.97392	2.00643	2.02822	2.04101	2.04781	2.05055	2.05113	2.05277	2.05258	2.05092	2.05023	2.04682	2.03906	2.02463	2.00092	1.96573	1.91599	1.85038	1.76773	1.6671	1.54928	1.41374	1.26082	1.09272	0.917596	0.74519	0.576165	0.409273	0.256771	0.138549	0.0635905	0.0248189	0.00828116	0.00238052	0.000594528	0.000130066	2.51187e-05	4.31265e-06	6.6252e-07	9.15982e-08	1.14575e-08	1.30281e-09	1.35248e-10	1.28691e-11	1.12639e-12	9.10167e-14	7.27539e-15	7.27539e-15	
3.31914	3.31914	3.07209	2.55748	1.86448	1.11435	0.390142	-0.246196	-0.783406	-1.19526	-1.43942	-1.5153	-1.4113	-1.19696	-0.932597	-0.744641	-0.678164	-0.685959	-0.706815	-0.650288	-0.616599	-0.679948	-0.706081	-0.675035	-0.695202	-0.802376	-1.03848	-1.29182	-1.47084	-1.50716	-1.36425	-1.05679	-0.614392	-0.0902559	0.448935	0.967646	1.40566	1.76119	2.00531	2.1201	2.12906	2.03529	1.865	1.69833	1.60681	1.60785	1.67442	1.76725	1.8575	1.93241	1.98718	2.02416	2.04472	2.05363	2.05237	2.04668	2.03723	2.02915	2.02237	2.01803	2.01861	2.02362	2.03061	2.03911	2.04817	2.05306	2.05278	2.04159	2.01821	1.9775	1.91811	1.83626	1.73271	1.60821	1.46532	1.30536	1.12703	0.938698	0.754693	0.576165	0.400811	0.243491	0.125983	0.0550934	0.0204186	0.00646143	0.00176176	0.000417703	8.68674e-05	1.59721e-05	2.61517e-06	3.83766e-07	5.07667e-08	6.08551e-09	6.64138e-10	6.62685e-11	6.06901e-12	5.12123e-13	4.27828e-14	4.27828e-14	
3.2985	3.2985	3.05858	2.5564	1.87989	1.1512	0.447579	-0.18209	-0.721421	-1.14358	-1.41228	-1.51972	-1.4499	-1.2578	-0.994365	-0.783514	-0.680175	-0.686689	-0.724546	-0.677359	-0.645226	-0.706081	-0.716505	-0.669922	-0.710467	-0.854201	-1.10183	-1.34749	-1.4952	-1.5002	-1.32412	-1.00084	-0.545159	-0.0201338	0.524114	1.04802	1.49987	1.88151	2.14714	2.27038	2.28207	2.19757	2.03847	1.87339	1.78048	1.78088	1.83897	1.91223	1.97643	2.02238	2.04777	2.05608	2.04867	2.03074	2.00506	1.97714	1.94991	1.92535	1.90838	1.89986	1.90087	1.91115	1.92977	1.95524	1.98266	2.01059	2.03502	2.05127	2.05573	2.04415	2.01393	1.9613	1.88346	1.77925	1.64775	1.49536	1.32702	1.13855	0.938698	0.74519	0.557929	0.375848	0.218381	0.107189	0.0442906	0.0154921	0.00462923	0.00119351	0.000268064	5.29163e-05	9.25427e-06	1.44409e-06	2.02354e-07	2.56073e-08	2.9415e-09	3.08119e-10	2.95539e-11	2.60657e-12	2.2778e-13	2.2778e-13	
3.2619	3.2619	3.03242	2.55082	1.90362	1.20878	0.53549	-0.0796219	-0.618864	-1.05548	-1.36373	-1.51146	-1.49801	-1.34685	-1.10931	-0.878509	-0.709907	-0.664525	-0.675525	-0.671733	-0.666504	-0.675035	-0.669922	-0.66949	-0.764841	-0.967771	-1.20671	-1.42481	-1.51819	-1.4766	-1.25592	-0.904464	-0.432216	0.0936552	0.643117	1.17179	1.63808	2.03442	2.29825	2.41402	2.42724	2.34601	2.181	2.01512	1.92927	1.92311	1.9607	2.00804	2.04427	2.05857	2.0513	2.02429	1.98309	1.93208	1.87761	1.82352	1.77514	1.73639	1.70962	1.69704	1.69848	1.71395	1.74328	1.78407	1.83406	1.88862	1.94282	1.99239	2.03096	2.05434	2.0567	2.03533	1.98669	1.91068	1.80582	1.66803	1.50532	1.32702	1.12703	0.917596	0.716802	0.521572	0.335887	0.184343	0.0849758	0.0329287	0.010812	0.00303897	0.000738855	0.000156901	2.93596e-05	4.87909e-06	7.25147e-07	9.69855e-08	1.17378e-08	1.29186e-09	1.29876e-10	1.19807e-11	1.09598e-12	1.09598e-12	
3.20469	3.20469	2.98856	2.53497	1.93143	1.28574	0.651442	0.064817	-0.474334	-0.928807	-1.27423	-1.47429	-1.53095	-1.44455	-1.26173	-1.03749	-0.841807	-0.734358	-0.701754	-0.6934	-0.690374	-0.695202	-0.710467	-0.764841	-0.912058	-1.12855	-1.34148	-1.49533	-1.52444	-1.41291	-1.15156	-0.763158	-0.276815	0.254669	0.807535	1.337	1.81173	2.20299	2.44529	2.54918	2.55967	2.46461	2.2888	2.12981	2.04132	2.02108	2.04107	2.06032	2.0606	2.03536	1.98778	1.92237	1.84439	1.76054	1.67532	1.59637	1.52627	1.47034	1.43201	1.41173	1.41407	1.43835	1.48019	1.53932	1.61157	1.69214	1.77773	1.86053	1.93657	1.99859	2.04172	2.05976	2.04763	2.00211	1.9225	1.81411	1.66803	1.49536	1.30536	1.09272	0.876443	0.669688	0.467804	0.284025	0.145522	0.0624478	0.0225514	0.00691953	0.00182357	0.000417115	8.36068e-05	1.48116e-05	2.33687e-06	3.30577e-07	4.21806e-08	4.8806e-09	5.14552e-10	4.96683e-11	4.75889e-12	4.75889e-12	
3.12021	3.12021	2.92161	2.50467	1.95498	1.37695	0.797218	0.242623	-0.284365	-0.751927	-1.13179	-1.39458	-1.52435	-1.51969	-1.41366	-1.23886	-1.05868	-0.916042	-0.826604	-0.796011	-0.793099	-0.802376	-0.854201	-0.967771	-1.12855	-1.31401	-1.46617	-1.53706	-1.48836	-1.30617	-0.990807	-0.574903	-0.0757762	0.458541	1.01067	1.53937	2.00639	2.37016	2.58178	2.67199	2.66619	2.54701	2.36569	2.20659	2.11239	2.08575	2.07719	2.05973	2.02014	1.95479	1.86555	1.75962	1.64199	1.52085	1.40372	1.29552	1.20344	1.13045	1.08189	1.05963	1.06207	1.08954	1.14331	1.22046	1.31615	1.42674	1.54473	1.66587	1.78173	1.88496	1.96922	2.02859	2.05667	2.05268	2.00785	1.9225	1.80582	1.64775	1.46532	1.26082	1.0368	0.816582	0.603949	0.398921	0.225248	0.106652	0.0423045	0.014166	0.00404731	0.000997468	0.000214237	4.04728e-05	6.78069e-06	1.0148e-06	1.36547e-07	1.66134e-08	1.83708e-09	1.85584e-10	1.86285e-11	1.86285e-11	
3.00187	3.00187	2.82269	2.45499	1.97374	1.47422	0.962728	0.452583	-0.0501633	-0.526276	-0.935544	-1.25108	-1.45035	-1.53591	-1.51569	-1.4196	-1.28782	-1.15853	-1.06989	-1.02698	-1.01777	-1.03848	-1.10183	-1.20671	-1.34148	-1.46618	-1.53287	-1.51677	-1.38348	-1.13799	-0.779581	-0.334291	0.17042	0.701896	1.24875	1.76189	2.20235	2.52565	2.70321	2.7722	2.7371	2.59428	2.40682	2.24513	2.15283	2.1063	2.0668	2.0149	1.93079	1.81953	1.68514	1.53492	1.3788	1.22151	1.07211	0.938557	0.824134	0.735484	0.674956	0.643664	0.647208	0.68487	0.751086	0.845239	0.963966	1.10062	1.25228	1.41021	1.56606	1.7132	1.84411	1.94831	2.02276	2.05459	2.05268	2.00211	1.91068	1.77925	1.60821	1.41374	1.1927	0.961671	0.738568	0.520534	0.319853	0.165944	0.07203	0.0262676	0.00812568	0.00215585	0.00049585	9.9843e-05	1.77553e-05	2.81031e-06	3.9864e-07	5.09862e-08	5.91186e-09	6.2488e-10	6.57035e-11	6.57035e-11	
2.84472	2.84472	2.68472	2.37747	1.98092	1.57215	1.14374	0.686118	0.217333	-0.251931	-0.672748	-1.03338	-1.29789	-1.46447	-1.5337	-1.52555	-1.46889	-1.39145	-1.32279	-1.27984	-1.26892	-1.29182	-1.34749	-1.42481	-1.49533	-1.53707	-1.51679	-1.40951	-1.20422	-0.897166	-0.505438	-0.0513284	0.453144	0.974698	1.50453	1.98823	2.38762	2.66077	2.80057	2.8395	2.76988	2.60594	2.41104	2.2526	2.15749	2.0893	2.02097	1.92037	1.79382	1.6351	1.45728	1.26401	1.0665	0.874798	0.693941	0.532628	0.398604	0.294136	0.225442	0.193971	0.197403	0.236243	0.312499	0.423205	0.562628	0.728401	0.912448	1.10658	1.30296	1.49458	1.66864	1.82075	1.93925	2.02276	2.05667	2.04763	1.98669	1.88346	1.73271	1.54928	1.33766	1.10285	0.869403	0.642243	0.423171	0.238268	0.112503	0.0445064	0.0148656	0.00423699	0.00104183	0.000223281	4.20957e-05	7.03921e-06	1.05164e-06	1.41275e-07	1.71635e-08	1.89689e-09	2.08804e-10	2.08804e-10	
2.64391	2.64391	2.50371	2.26706	1.97179	1.6606	1.32352	0.93243	0.511441	0.0672034	-0.360671	-0.743198	-1.05344	-1.28718	-1.43341	-1.50998	-1.52663	-1.50868	-1.48474	-1.46596	-1.46131	-1.47084	-1.49521	-1.5182	-1.52446	-1.48841	-1.3836	-1.20441	-0.93814	-0.594703	-0.185276	0.276042	0.761159	1.2637	1.76382	2.2018	2.54766	2.76542	2.86537	2.86837	2.7639	2.58099	2.38366	2.23395	2.13181	2.04081	1.93307	1.79256	1.61756	1.41217	1.18712	0.953356	0.717566	0.491842	0.28461	0.101711	-0.0517905	-0.168786	-0.247608	-0.287682	-0.283147	-0.234758	-0.148323	-0.0239934	0.135735	0.32426	0.536663	0.763811	1.0003	1.23371	1.45432	1.6554	1.82075	1.94831	2.02859	2.05976	2.03533	1.9613	1.83626	1.6671	1.46748	1.23638	0.995132	0.76003	0.52916	0.319788	0.163002	0.0695747	0.0249893	0.00762642	0.0019993	0.000454987	9.07543e-05	1.60037e-05	2.51403e-06	3.54204e-07	4.50278e-08	5.19694e-09	5.98234e-10	5.98234e-10	
2.39551	2.39551	2.28037	2.1211	1.93875	1.7319	1.49015	1.1769	0.811033	0.407557	0.00310823	-0.384439	-0.724905	-1.0043	-1.21239	-1.35774	-1.44209	-1.48836	-1.50609	-1.50764	-1.50794	-1.50716	-1.50021	-1.47664	-1.41303	-1.30645	-1.13861	-0.898316	-0.596205	-0.226912	0.178969	0.619214	1.07971	1.55267	2.00353	2.38617	2.67118	2.83151	2.89128	2.85574	2.71929	2.52379	2.33333	2.19302	2.08023	1.96411	1.81638	1.6298	1.4077	1.15966	0.890801	0.617507	0.347394	0.0909413	-0.141987	-0.344389	-0.510101	-0.636947	-0.720162	-0.758215	-0.754054	-0.707106	-0.61492	-0.480298	-0.306737	-0.0969854	0.140269	0.400283	0.672823	0.945013	1.21137	1.45432	1.66864	1.84411	1.96922	2.04172	2.0567	2.01393	1.91811	1.76773	1.58089	1.35869	1.11412	0.871711	0.633033	0.405956	0.221469	0.101335	0.0389381	0.01267	0.0035282	0.000849843	0.000178829	3.31688e-05	5.46595e-06	8.05942e-07	1.06995e-07	1.28729e-08	1.547e-09	1.547e-09	
2.09795	2.09795	2.01988	1.94287	1.8758	1.7743	1.62589	1.39914	1.10307	0.760473	0.381252	0.0185711	-0.328457	-0.624526	-0.873837	-1.06321	-1.19805	-1.28921	-1.34299	-1.37015	-1.37881	-1.36427	-1.32419	-1.25614	-1.15212	-0.992128	-0.782339	-0.510511	-0.193122	0.170357	0.556294	0.973168	1.38774	1.81585	2.20801	2.52914	2.74658	2.85262	2.87476	2.8012	2.63956	2.44209	2.26819	2.13682	2.01033	1.86391	1.67506	1.44623	1.17783	0.884989	0.577747	0.267961	-0.0314051	-0.311744	-0.56381	-0.779216	-0.956564	-1.08996	-1.17713	-1.21994	-1.21513	-1.16326	-1.06708	-0.924522	-0.73892	-0.516189	-0.257577	0.0272623	0.329601	0.639536	0.945013	1.23371	1.49458	1.7132	1.88496	1.99859	2.05434	2.04415	1.9775	1.85038	1.67791	1.46757	1.22459	0.976096	0.73155	0.492433	0.284982	0.138796	0.0567249	0.0195812	0.00576665	0.00146438	0.000323907	6.29832e-05	1.08551e-05	1.67036e-06	2.3098e-07	2.88996e-08	3.61726e-09	3.61726e-09	
1.75607	1.75607	1.73104	1.73753	1.77755	1.77919	1.71711	1.58343	1.35809	1.08699	0.772189	0.439819	0.114922	-0.184281	-0.445822	-0.65935	-0.827903	-0.949286	-1.02585	-1.06831	-1.07937	-1.05691	-1.0012	-0.905455	-0.765564	-0.580141	-0.344547	-0.0693512	0.248044	0.582664	0.939555	1.29308	1.66498	2.03739	2.36051	2.61633	2.76587	2.82737	2.81485	2.70665	2.53233	2.34885	2.19855	2.07038	1.92695	1.74778	1.51787	1.24523	0.936746	0.604567	0.261153	-0.0793096	-0.403963	-0.703157	-0.967517	-1.19094	-1.36814	-1.50003	-1.58806	-1.62967	-1.6251	-1.57421	-1.4772	-1.33654	-1.14956	-0.917379	-0.646535	-0.3406	-0.0120936	0.329601	0.672823	1.0003	1.30296	1.56606	1.78173	1.93657	2.03096	2.05573	2.01821	1.91599	1.75891	1.5615	1.32456	1.0723	0.822811	0.575688	0.350321	0.180282	0.0778794	0.0283648	0.00879092	0.00234291	0.000542492	0.000110163	1.97859e-05	3.16676e-06	4.54688e-07	5.89857e-08	7.66703e-09	7.66703e-09	
1.38399	1.38399	1.42602	1.51342	1.6381	1.73607	1.75263	1.70324	1.57454	1.36801	1.12279	0.84656	0.565501	0.290963	0.0417655	-0.175239	-0.350736	-0.483642	-0.579209	-0.631004	-0.641309	-0.614955	-0.546742	-0.43618	-0.285685	-0.0935956	0.138089	0.399956	0.68207	0.975481	1.27282	1.57675	1.89401	2.18755	2.45144	2.63852	2.72761	2.75751	2.71179	2.57896	2.41183	2.25659	2.12976	2.0002	1.83522	1.62083	1.35394	1.04021	0.69266	0.325623	-0.0471426	-0.412344	-0.755861	-1.06519	-1.33633	-1.55842	-1.73366	-1.86076	-1.9388	-1.9726	-1.96897	-1.92708	-1.83936	-1.70216	-1.51774	-1.28628	-1.00606	-0.689436	-0.3406	0.0272623	0.400283	0.763811	1.10658	1.41021	1.66587	1.86053	1.99239	2.05127	2.04159	1.96573	1.82607	1.64113	1.41251	1.15921	0.905633	0.653155	0.414461	0.223715	0.101494	0.038778	0.0125815	0.00350218	0.000845047	0.000178451	3.32668e-05	5.517e-06	8.19546e-07	1.09858e-07	1.47773e-08	1.47773e-08	
1.00722	1.00722	1.11632	1.27958	1.46034	1.63022	1.73123	1.74783	1.70438	1.59192	1.42122	1.21178	0.982645	0.750193	0.530563	0.330848	0.164315	0.0321824	-0.0582054	-0.11042	-0.123334	-0.0925652	-0.0261001	0.0799703	0.226659	0.407008	0.615945	0.843741	1.08087	1.32055	1.55501	1.79435	2.03168	2.2701	2.47368	2.58683	2.63835	2.64502	2.56895	2.43232	2.29513	2.17709	2.06835	1.92922	1.74051	1.49136	1.18801	0.839718	0.458505	0.0603563	-0.336783	-0.720895	-1.07471	-1.39	-1.6552	-1.86959	-2.0311	-2.14236	-2.21503	-2.25131	-2.24722	-2.20346	-2.12357	-2.00301	-1.83067	-1.60631	-1.3311	-1.00606	-0.646535	-0.257577	0.140269	0.536663	0.912448	1.25228	1.54473	1.77773	1.94282	2.03502	2.05278	2.00092	1.87937	1.70737	1.48837	1.2361	0.9792	0.723023	0.474816	0.266912	0.126348	0.0503414	0.0170053	0.00491884	0.00123093	0.000269095	5.18456e-05	8.87294e-06	1.35838e-06	1.87449e-07	2.59929e-08	2.59929e-08	
0.662106	0.662106	0.813136	1.0359	1.25771	1.46162	1.63106	1.72767	1.75027	1.71568	1.62831	1.49847	1.33816	1.16295	0.986357	0.821012	0.676854	0.559036	0.474215	0.425827	0.416282	0.440703	0.504749	0.602767	0.73255	0.88516	1.05735	1.23576	1.41386	1.58177	1.74474	1.91282	2.09564	2.27821	2.40564	2.47263	2.5083	2.48967	2.39905	2.28943	2.19876	2.11464	2.01407	1.86107	1.64616	1.36593	1.02993	0.649189	0.241261	-0.181826	-0.598288	-0.994176	-1.35466	-1.66453	-1.92035	-2.11619	-2.25084	-2.33833	-2.38758	-2.40655	-2.40459	-2.38059	-2.32412	-2.22786	-2.08249	-1.87383	-1.60631	-1.28628	-0.917379	-0.516189	-0.0969854	0.32426	0.728401	1.10062	1.42674	1.69214	1.88862	2.01059	2.05306	2.02463	1.92098	1.76087	1.55192	1.30262	1.04315	0.784147	0.529332	0.307796	0.151058	0.0623901	0.02182	0.00652402	0.00168482	0.00037951	7.52326e-05	1.32306e-05	2.07899e-06	2.9419e-07	4.18841e-08	4.18841e-08	
0.385189	0.385189	0.535624	0.777543	1.03177	1.25674	1.45362	1.6137	1.71412	1.75203	1.7363	1.67783	1.58725	1.4764	1.35554	1.23575	1.12626	1.03803	0.970717	0.930896	0.922801	0.942416	0.994428	1.07117	1.16832	1.2835	1.4054	1.52569	1.6377	1.73894	1.83809	1.94617	2.069	2.18362	2.26602	2.3182	2.33535	2.2994	2.22838	2.172	2.1302	2.07081	1.96871	1.79725	1.55872	1.24968	0.887173	0.478643	0.0477621	-0.394469	-0.823538	-1.22698	-1.58492	-1.88645	-2.12402	-2.29263	-2.39872	-2.45026	-2.46314	-2.46189	-2.46219	-2.46246	-2.44395	-2.38186	-2.2639	-2.08249	-1.83067	-1.51774	-1.14956	-0.73892	-0.306737	0.135735	0.562628	0.963966	1.31615	1.61157	1.83406	1.98266	2.04817	2.03906	1.95178	1.80266	1.60334	1.35839	1.09726	0.835903	0.57651	0.344549	0.174221	0.0741488	0.0266973	0.00820697	0.00217611	0.00050263	0.000102051	1.83617e-05	2.94913e-06	4.26235e-07	6.20482e-08	6.20482e-08	
0.195404	0.195404	0.310575	0.519571	0.774602	1.02173	1.23647	1.42113	1.5727	1.68017	1.73866	1.75161	1.72759	1.67716	1.61117	1.53834	1.4659	1.40419	1.35867	1.33115	1.32379	1.33975	1.37454	1.42736	1.49384	1.56812	1.6395	1.70357	1.75354	1.79028	1.82271	1.86795	1.93693	2.01793	2.08518	2.11956	2.1222	2.10395	2.08803	2.09387	2.08901	2.04014	1.9312	1.74163	1.48123	1.14959	0.764043	0.335258	-0.115258	-0.570535	-1.01047	-1.41353	-1.76835	-2.05402	-2.2643	-2.40401	-2.46785	-2.47083	-2.45235	-2.44032	-2.44172	-2.45604	-2.47326	-2.46099	-2.38186	-2.22786	-2.00301	-1.70216	-1.33654	-0.924522	-0.480298	-0.0239934	0.423205	0.845239	1.22046	1.53932	1.78407	1.95524	2.03911	2.04682	1.97501	1.83464	1.64278	1.40283	1.14126	0.877986	0.615359	0.375703	0.194541	0.0848157	0.0312612	0.00982726	0.00266169	0.000627323	0.000129841	2.37957e-05	3.89e-06	5.71905e-07	8.477e-08	8.477e-08	
0.0857617	0.0857617	0.155695	0.299587	0.508311	0.749168	0.982615	1.18777	1.3625	1.50701	1.61837	1.69405	1.73526	1.74685	1.7368	1.71335	1.6828	1.65087	1.62563	1.61036	1.60623	1.61547	1.63485	1.66326	1.69546	1.72407	1.74386	1.74946	1.73697	1.71153	1.68966	1.69597	1.74193	1.80736	1.85538	1.87888	1.90435	1.94363	1.99586	2.05154	2.0673	2.02122	1.90089	1.69639	1.41921	1.06827	0.667316	0.220913	-0.241078	-0.70761	-1.15268	-1.55388	-1.90343	-2.17016	-2.35459	-2.45689	-2.46928	-2.41499	-2.34076	-2.29257	-2.29851	-2.35493	-2.42885	-2.47326	-2.44395	-2.32412	-2.12357	-1.83936	-1.4772	-1.06708	-0.61492	-0.148323	0.312499	0.751086	1.14331	1.48019	1.74328	1.92977	2.03061	2.05023	1.99039	1.85833	1.67188	1.43588	1.17465	0.910106	0.645246	0.400163	0.21092	0.0936445	0.035133	0.0112331	0.00309178	0.000739893	0.000155382	2.8875e-05	4.78383e-06	7.12498e-07	1.07074e-07	1.07074e-07	
0.0325036	0.0325036	0.0669562	0.146802	0.283181	0.472431	0.691103	0.90892	1.10567	1.27443	1.41468	1.52693	1.61188	1.67115	1.70816	1.7283	1.73693	1.73759	1.73464	1.73198	1.7314	1.73293	1.73605	1.73794	1.73472	1.72217	1.69694	1.65486	1.59677	1.53211	1.48087	1.46608	1.49397	1.54251	1.5874	1.64129	1.7295	1.83965	1.94806	2.03302	2.05616	2.00914	1.87931	1.66403	1.37492	1.01177	0.598737	0.142569	-0.329517	-0.800402	-1.25009	-1.64935	-1.9892	-2.24719	-2.40384	-2.46841	-2.44348	-2.32503	-2.16042	-2.0478	-2.06168	-2.19268	-2.35493	-2.45604	-2.46246	-2.38059	-2.20346	-1.92708	-1.57421	-1.16326	-0.707106	-0.234758	0.236243	0.68487	1.08954	1.43835	1.71395	1.91115	2.02362	2.05092	1.99912	1.87405	1.69157	1.45805	1.19724	0.931979	0.665735	0.417164	0.222514	0.100015	0.0379774	0.0122831	0.00341783	0.000826415	0.000175265	3.28775e-05	5.49641e-06	8.2587e-07	1.25285e-07	1.25285e-07	
0.0106616	0.0106616	0.0246947	0.0609657	0.132608	0.25001	0.411757	0.602217	0.799289	0.984736	1.14853	1.28719	1.40065	1.49034	1.55837	1.60782	1.6426	1.66596	1.68009	1.68724	1.68889	1.68501	1.67529	1.65777	1.63028	1.59029	1.53479	1.46192	1.37458	1.28337	1.20883	1.17535	1.19436	1.25388	1.33907	1.45887	1.6184	1.78463	1.92638	2.02568	2.05316	2.00284	1.86679	1.64789	1.34901	0.983188	0.559896	0.102868	-0.379024	-0.846929	-1.30354	-1.69803	-2.03171	-2.28947	-2.42215	-2.46537	-2.42394	-2.25504	-2.01453	-1.85033	-1.87044	-2.06168	-2.29851	-2.44172	-2.46219	-2.40459	-2.24722	-1.96897	-1.6251	-1.21513	-0.754054	-0.283147	0.197403	0.647208	1.06207	1.41407	1.69848	1.90087	2.01861	2.05258	2.00372	1.88135	1.70166	1.46974	1.20909	0.943454	0.676535	0.426205	0.228748	0.10348	0.0395423	0.0128667	0.00360075	0.000875368	0.000186604	3.51768e-05	5.90869e-06	8.91924e-07	1.35977e-07	1.35977e-07	
0.00304087	0.00304087	0.00784407	0.0215514	0.0523083	0.110533	0.204278	0.333845	0.490139	0.658467	0.824367	0.977354	1.11156	1.22469	1.31668	1.38873	1.44299	1.48202	1.50781	1.5218	1.52495	1.5175	1.49894	1.4681	1.42331	1.36246	1.28357	1.18677	1.07676	0.966937	0.882341	0.853853	0.899444	1.00888	1.15985	1.34597	1.558	1.7574	1.91595	2.02212	2.05221	2.0022	1.86561	1.64657	1.34657	0.980689	0.556283	0.0993673	-0.38361	-0.850951	-1.30845	-1.70213	-2.03542	-2.29344	-2.42343	-2.46486	-2.42214	-2.24771	-1.99902	-1.82954	-1.85033	-2.0478	-2.29257	-2.44032	-2.46189	-2.40655	-2.25131	-1.9726	-1.62967	-1.21994	-0.758215	-0.287682	0.193971	0.643664	1.05963	1.41173	1.69704	1.89986	2.01803	2.05277	2.0042	1.88203	1.70256	1.47079	1.21016	0.944494	0.677518	0.427031	0.229322	0.103801	0.0396876	0.0129211	0.00361787	0.000879964	0.000187671	3.53938e-05	5.94771e-06	8.98192e-07	1.36994e-07	1.36994e-07	
0.000758605	0.000758605	0.00215965	0.00653429	0.0175161	0.0410721	0.0844713	0.153543	0.24956	0.368019	0.50017	0.635981	0.76665	0.885799	0.989547	1.07597	1.14459	1.19592	1.2309	1.25035	1.2548	1.24441	1.21885	1.17746	1.11935	1.04383	0.951225	0.844401	0.731292	0.629039	0.566281	0.575937	0.674362	0.844357	1.05244	1.28265	1.52334	1.73923	1.90686	2.0184	2.05124	2.0065	1.87575	1.65943	1.36806	1.00382	0.588382	0.131565	-0.342808	-0.813333	-1.26442	-1.66275	-2.00078	-2.25837	-2.40935	-2.46811	-2.43855	-2.30774	-2.12446	-1.99902	-2.01453	-2.16042	-2.34076	-2.45235	-2.46314	-2.38758	-2.21503	-1.9388	-1.58806	-1.17713	-0.720162	-0.247608	0.225442	0.674956	1.08189	1.43201	1.70962	1.90838	2.02237	2.05113	2.00042	1.87625	1.69436	1.46119	1.20044	0.935097	0.668672	0.419621	0.224206	0.100953	0.0384003	0.0124404	0.00346704	0.000839557	0.000178303	3.34924e-05	5.60646e-06	8.43468e-07	1.28128e-07	1.28128e-07	
