3.63137e-29	3.63137e-29	3.67102e-27	3.16549e-25	2.29737e-23	1.39427e-21	7.01958e-20	2.90347e-18	9.75393e-17	2.6261e-15	5.58215e-14	9.21801e-13	1.16334e-11	1.10424e-10	7.74583e-10	3.91268e-09	1.37238e-08	3.28468e-08	5.57791e-08	7.50743e-08	8.09459e-08	6.78388e-08	4.64217e-08	2.42594e-08	8.4275e-09	2.08526e-09	3.69753e-10	4.65914e-11	4.22863e-12	2.8365e-13	1.44492e-14	5.7263e-16	1.80169e-17	4.57597e-19	9.50961e-21	1.63484e-22	2.34553e-24	2.82804e-26	2.88105e-28	2.48974e-30	1.82999e-32	1.1456e-34	6.10872e-37	2.77119e-39	1.06658e-41	3.46741e-44	9.46081e-47	1.72421e-48	1.13542e-46	6.20774e-45	2.39327e-43	6.27173e-42	1.09748e-40	1.3855e-39	1.38632e-38	6.38058e-38	1.53071e-37	4.57205e-37	1.73081e-36	2.80989e-36	2.67366e-36	1.44448e-36	3.24427e-37	1.26693e-37	5.09602e-38	8.35382e-39	8.21422e-40	5.78284e-41	3.02176e-42	1.12294e-43	2.93634e-45	5.48793e-47	7.48371e-49	7.57037e-51	5.73778e-53	3.26711e-55	1.38998e-57	4.35016e-60	9.71638e-63	1.46507e-65	1.33581e-68	5.56028e-72	0	0	0	0	0	0	0	0	0	0	0	0	0	0	0	0	0	0	
3.63137e-29	3.63137e-29	3.67102e-27	3.16549e-25	2.29737e-23	1.39427e-21	7.01958e-20	2.90347e-18	9.75393e-17	2.6261e-15	5.58215e-14	9.21801e-13	1.16334e-11	1.10424e-10	7.74583e-10	3.91268e-09	1.37238e-08	3.28468e-08	5.57791e-08	7.50743e-08	8.09459e-08	6.78388e-08	4.64217e-08	2.42594e-08	8.4275e-09	2.08526e-09	3.69753e-10	4.65914e-11	4.22863e-12	2.8365e-13	1.44492e-14	5.7263e-16	1.80169e-17	4.57597e-19	9.50961e-21	1.63484e-22	2.34553e-24	2.82804e-26	2.88105e-28	2.48974e-30	1.82999e-32	1.1456e-34	6.10872e-37	2.77119e-39	1.06658e-41	3.46741e-44	9.46081e-47	1.72421e-48	1.13542e-46	6.20774e-45	2.39327e-43	6.27173e-42	1.09748e-40	1.3855e-39	1.38632e-38	6.38058e-38	1.53071e-37	4.57205e-37	1.73081e-36	2.80989e-36	2.67366e-36	1.44448e-36	3.24427e-37	1.26693e-37	5.09602e-38	8.35382e-39	8.21422e-40	5.78284e-41	3.02176e-42	1.12294e-43	2.93634e-45	5.48793e-47	7.48371e-49	7.57037e-51	5.73778e-53	3.26711e-55	1.38998e-57	4.35016e-60	9.71638e-63	1.46507e-65	1.33581e-68	5.56028e-72	0	0	0	0	0	0	0	0	0	0	0	0	0	0	0	0	0	0	
3.67102e-27	3.67102e-27	3.38946e-25	2.67382e-23	1.77584e-21	9.86042e-20	4.53834e-18	1.71382e-16	5.24666e-15	1.28421e-13	2.47468e-12	3.69304e-11	4.19851e-10	3.57991e-09	2.2525e-08	1.02392e-07	3.28599e-07	7.45376e-07	1.23519e-06	1.62818e-06	1.73945e-06	1.48721e-06	1.03753e-06	5.59294e-07	2.09874e-07	5.69855e-08	1.12228e-08	1.58093e-09	1.60506e-10	1.20141e-11	6.80551e-13	2.9888e-14	1.03892e-15	2.90798e-17	6.64752e-19	1.25548e-20	1.97751e-22	2.61742e-24	2.92871e-26	2.78304e-28	2.25341e-30	1.55798e-32	9.2063e-35	4.64832e-37	2.00224e-39	7.3358e-42	2.27614e-44	7.36618e-46	4.52964e-44	2.22139e-42	7.7488e-41	1.85672e-39	3.01322e-38	3.56414e-37	3.30599e-36	1.48152e-35	3.52601e-35	1.00444e-34	3.57581e-34	5.74851e-34	5.47417e-34	2.99951e-34	7.30709e-35	2.93058e-35	1.18544e-35	2.02781e-36	2.14001e-37	1.61718e-38	9.11482e-40	3.69494e-41	1.06531e-42	2.21589e-44	3.39383e-46	3.89493e-48	3.38976e-50	2.25024e-52	1.13865e-54	4.35658e-57	1.23835e-59	2.53302e-62	3.52241e-65	2.97978e-68	1.15681e-71	0	0	0	0	0	0	0	0	0	0	0	0	0	0	0	0	0	
3.16549e-25	3.16549e-25	2.67382e-23	1.93194e-21	1.17499e-19	5.96984e-18	2.51085e-16	8.64797e-15	2.40856e-13	5.34666e-12	9.30989e-11	1.25035e-09	1.27406e-08	9.7022e-08	5.44337e-07	2.21566e-06	6.484e-06	1.38638e-05	2.2337e-05	2.88669e-05	3.06117e-05	2.66115e-05	1.89553e-05	1.0594e-05	4.31111e-06	1.29081e-06	2.83776e-07	4.49366e-08	5.13117e-09	4.30639e-10	2.72343e-11	1.32957e-12	5.11789e-14	1.58124e-15	3.97982e-17	8.26023e-19	1.42804e-20	2.07326e-22	2.54448e-24	2.65355e-26	2.36076e-28	1.79672e-30	1.17175e-32	6.55179e-35	3.13905e-37	1.28634e-39	4.49723e-42	2.74541e-43	1.56488e-41	6.92402e-40	2.19562e-38	4.82796e-37	7.28289e-36	8.07835e-35	6.9666e-34	3.03763e-33	7.16936e-33	1.95245e-32	6.53828e-32	1.04009e-31	9.91316e-32	5.514e-32	1.45341e-32	5.98351e-33	2.43541e-33	4.34824e-34	4.91291e-35	3.97958e-36	2.4144e-37	1.06404e-38	3.36706e-40	7.74949e-42	1.32342e-43	1.70752e-45	1.68681e-47	1.28611e-49	7.58796e-52	3.45309e-54	1.19992e-56	3.12332e-59	5.89147e-62	7.60055e-65	5.99608e-68	2.18068e-71	0	0	0	0	0	0	0	0	0	0	0	0	0	0	0	0	
2.29737e-23	2.29737e-23	1.77584e-21	1.17499e-19	6.53865e-18	3.03542e-16	1.16411e-14	3.646e-13	9.2023e-12	1.84347e-10	2.88261e-09	3.45786e-08	3.12966e-07	2.10693e-06	1.04286e-05	3.76506e-05	9.97365e-05	0.000199331	0.000310396	0.000393061	0.000414241	0.00036538	0.000266576	0.000155671	6.91976e-05	2.30575e-05	5.71314e-06	1.02734e-06	1.33236e-07	1.26472e-08	8.99541e-10	4.9113e-11	2.10364e-12	7.20159e-14	2.00146e-15	4.5747e-17	8.69233e-19	1.38518e-20	1.8647e-22	2.13288e-24	2.08236e-26	1.74124e-28	1.24995e-30	7.71282e-33	4.09196e-35	1.86496e-37	7.29898e-40	8.9394e-41	4.69229e-39	1.88149e-37	5.44256e-36	1.10113e-34	1.54627e-33	1.60904e-32	1.29277e-31	5.47968e-31	1.28192e-30	3.34376e-30	1.05325e-29	1.65653e-29	1.58035e-29	8.93294e-30	2.54297e-30	1.07436e-30	4.40285e-31	8.20904e-32	9.91343e-33	8.6004e-34	5.60921e-35	2.68097e-36	9.27959e-38	2.35279e-39	4.45523e-41	6.41735e-43	7.13249e-45	6.17582e-47	4.18639e-49	2.22185e-51	9.18465e-54	2.92306e-56	7.0172e-59	1.22809e-61	1.47762e-64	1.09209e-67	3.73586e-71	0	0	0	0	0	0	0	0	0	0	0	0	0	0	0	
1.39427e-21	1.39427e-21	9.86042e-20	5.96984e-18	3.03542e-16	1.28478e-14	4.47964e-13	1.27092e-11	2.89245e-10	5.19611e-09	7.23925e-08	7.6815e-07	6.10461e-06	3.58592e-05	0.000154487	0.000488912	0.00116148	0.00214795	0.0032062	0.00397063	0.00416204	0.00372029	0.00279383	0.00172209	0.000843265	0.000316308	8.94141e-05	1.84957e-05	2.75881e-06	2.99504e-07	2.41834e-08	1.48798e-09	7.1358e-11	2.72002e-12	8.37904e-14	2.11514e-15	4.42615e-17	7.75214e-19	1.14541e-20	1.43695e-22	1.53857e-24	1.41169e-26	1.11327e-28	7.56047e-31	4.42603e-33	2.23348e-35	9.74392e-38	2.54575e-38	1.22502e-36	4.46692e-35	1.18191e-33	2.20447e-32	2.88465e-31	2.81637e-30	2.11156e-29	8.69186e-29	2.0144e-28	5.04073e-28	1.49334e-27	2.31996e-27	2.2156e-27	1.27415e-27	3.91096e-28	1.69535e-28	7.00028e-29	1.36391e-29	1.75828e-30	1.63293e-31	1.1439e-32	5.91893e-34	2.235e-35	6.22094e-37	1.30043e-38	2.07956e-40	2.58228e-42	2.51685e-44	1.93818e-46	1.18215e-48	5.70028e-51	2.15844e-53	6.33615e-56	1.41141e-58	2.3039e-61	2.59716e-64	1.80562e-67	5.83059e-71	0	0	0	0	0	0	0	0	0	0	0	0	0	0	
7.01958e-20	7.01958e-20	4.53834e-18	2.51085e-16	1.16411e-14	4.47964e-13	1.41464e-11	3.61766e-10	7.37741e-09	1.17899e-07	1.44884e-06	1.34306e-05	9.23267e-05	0.000465252	0.00171479	0.00468859	0.00987337	0.0166981	0.023626	0.0284941	0.0297086	0.0269198	0.0209653	0.0138186	0.00752572	0.00322307	0.00105563	0.000255392	4.453e-05	5.60889e-06	5.20333e-07	3.64321e-08	1.97141e-09	8.41895e-11	2.88857e-12	8.08305e-14	1.86804e-15	3.60298e-17	5.8502e-19	8.05423e-21	9.45707e-23	9.51469e-25	8.2319e-27	6.14053e-29	3.95575e-31	2.20231e-33	1.07026e-35	6.34085e-36	2.79039e-34	9.27757e-33	2.24988e-31	3.87404e-30	4.72656e-29	4.32907e-28	3.03233e-27	1.21076e-26	2.77815e-26	6.67846e-26	1.86058e-25	2.85218e-25	2.72701e-25	1.59756e-25	5.27957e-26	2.34805e-26	9.77636e-27	1.99216e-27	2.73935e-28	2.72297e-29	2.0479e-30	1.14575e-31	4.71056e-33	1.43553e-34	3.30128e-36	5.83512e-38	8.05037e-40	8.77078e-42	7.60551e-44	5.27121e-46	2.92162e-48	1.29064e-50	4.50831e-53	1.22813e-55	2.55182e-58	3.90294e-61	4.13885e-64	2.71633e-67	8.30625e-71	0	0	0	0	0	0	0	0	0	0	0	0	0	
2.90347e-18	2.90347e-18	1.71382e-16	8.64797e-15	3.646e-13	1.27092e-11	3.61766e-10	8.28753e-09	1.50237e-07	2.11429e-06	2.26231e-05	0.000180259	0.00105099	0.00444346	0.0137085	0.0318289	0.0585939	0.0895288	0.118399	0.138025	0.142965	0.131704	0.107525	0.0769268	0.0470545	0.0233946	0.00905176	0.00261636	0.00054468	8.11031e-05	8.77876e-06	7.08152e-07	4.36634e-08	2.10522e-09	8.0938e-11	2.52252e-12	6.46145e-14	1.37606e-15	2.45992e-17	3.72079e-19	4.79323e-21	5.28705e-23	5.01451e-25	4.10278e-27	2.90241e-29	1.77776e-31	9.69544e-34	1.38088e-33	5.55202e-32	1.68645e-30	3.75361e-29	5.97186e-28	6.7945e-27	5.83547e-26	3.82172e-25	1.47821e-24	3.35584e-24	7.75906e-24	2.03244e-23	3.07087e-23	2.93985e-23	1.75684e-23	6.24261e-24	2.84846e-24	1.19696e-24	2.55358e-25	3.74381e-26	3.9838e-27	3.21653e-28	1.94439e-29	8.69208e-31	2.89448e-32	7.30338e-34	1.42193e-35	2.17006e-37	2.62819e-39	2.54842e-41	1.98941e-43	1.25322e-45	6.36455e-48	2.59399e-50	8.40938e-53	2.13702e-55	4.1608e-58	5.98681e-61	5.99346e-64	3.72504e-67	1.08174e-70	0	0	0	0	0	0	0	0	0	0	0	0	
9.75393e-17	9.75393e-17	5.24666e-15	2.40856e-13	9.2023e-12	2.89245e-10	7.37741e-09	1.50237e-07	2.39705e-06	2.93247e-05	0.000268677	0.00180123	0.00867734	0.0299007	0.0752105	0.145671	0.231343	0.316865	0.387072	0.431957	0.443218	0.417554	0.361446	0.283772	0.196267	0.115077	0.0537994	0.0190769	0.00487442	0.000879334	0.000113301	1.0697e-05	7.60819e-07	4.18131e-08	1.81482e-09	6.33606e-11	1.80692e-12	4.2633e-14	8.41155e-16	1.40018e-17	1.98089e-19	2.39629e-21	2.49083e-23	2.23334e-25	1.73237e-27	1.16488e-29	7.34945e-32	2.62787e-31	9.65249e-30	2.68215e-28	5.48353e-27	8.06363e-26	8.55348e-25	6.88368e-24	4.21666e-23	1.57757e-22	3.54059e-22	7.88149e-22	1.94086e-21	2.88677e-21	2.76749e-21	1.68957e-21	6.44686e-22	3.01833e-22	1.28137e-22	2.86551e-23	4.47909e-24	5.10485e-25	4.42639e-26	2.89037e-27	1.40381e-28	5.10128e-30	1.40953e-31	3.01492e-33	5.07236e-35	6.79917e-37	7.33157e-39	6.40169e-41	4.54316e-43	2.62278e-45	1.22907e-47	4.64956e-50	1.40624e-52	3.34884e-55	6.13425e-58	8.33287e-61	7.90029e-64	4.66311e-67	1.28926e-70	0	0	0	0	0	0	0	0	0	0	0	
2.6261e-15	2.6261e-15	1.28421e-13	5.34666e-12	1.84347e-10	5.19611e-09	1.17899e-07	2.11429e-06	2.93247e-05	0.000306794	0.00235528	0.0129168	0.0496833	0.134689	0.269454	0.43189	0.59218	0.733704	0.835746	0.893617	0.906978	0.87561	0.80017	0.681547	0.529433	0.366275	0.21062	0.0942472	0.0305829	0.00690031	0.00108611	0.00012244	1.02004e-05	6.46525e-07	3.19658e-08	1.25893e-09	4.01861e-11	1.05479e-12	2.30396e-14	4.22989e-16	6.58148e-18	8.7384e-20	9.95621e-22	9.77859e-24	8.30845e-26	6.12332e-28	4.92839e-30	4.3667e-29	1.4656e-27	3.72808e-26	7.00289e-25	9.51698e-24	9.40587e-23	7.08585e-22	4.05978e-21	1.46662e-20	3.25108e-20	6.97355e-20	1.61427e-19	2.36038e-19	2.26636e-19	1.41578e-19	5.79378e-20	2.78377e-20	1.19531e-20	2.80609e-21	4.67801e-22	5.71525e-23	5.32601e-24	3.75765e-25	1.9823e-26	7.85492e-28	2.37366e-29	5.56729e-31	1.02989e-32	1.52273e-34	1.81801e-36	1.76582e-38	1.40201e-40	9.11988e-43	4.85876e-45	2.11359e-47	7.4601e-50	2.11452e-52	4.73773e-55	8.19353e-58	1.05411e-60	9.49123e-64	5.3338e-67	1.40725e-70	0	0	0	0	0	0	0	0	0	0	
5.58215e-14	5.58215e-14	2.47468e-12	9.30989e-11	2.88261e-09	7.23925e-08	1.44884e-06	2.26231e-05	0.000268677	0.00235528	0.0147399	0.0638023	0.188122	0.3893	0.621981	0.851611	1.05535	1.22632	1.35613	1.4293	1.44551	1.40704	1.31086	1.16241	0.977459	0.761252	0.528594	0.301521	0.128439	0.0376539	0.00747785	0.00103187	0.000102581	7.60401e-06	4.32837e-07	1.93858e-08	6.96958e-10	2.04474e-11	4.96226e-13	1.00744e-14	1.72711e-16	2.51967e-18	3.14829e-20	3.38675e-22	3.14987e-24	2.54143e-26	3.38381e-28	6.32835e-27	1.94103e-25	4.52039e-24	7.79938e-23	9.78952e-22	9.00515e-21	6.34171e-20	3.3971e-19	1.18267e-18	2.5866e-18	5.34997e-18	1.16415e-17	1.67095e-17	1.60716e-17	1.02906e-17	4.51073e-18	2.2248e-18	9.67514e-19	2.38847e-19	4.2498e-20	5.57261e-21	5.58768e-22	4.26249e-23	2.44306e-24	1.05542e-25	3.48571e-27	8.95367e-29	1.81784e-30	2.95703e-32	3.89579e-34	4.19094e-36	3.70227e-38	2.69479e-40	1.61792e-42	8.00242e-45	3.24821e-47	1.07453e-49	2.86571e-52	6.06236e-55	9.92969e-58	1.21324e-60	1.0401e-63	5.5778e-67	1.40725e-70	0	0	0	0	0	0	0	0	0	
9.21801e-13	9.21801e-13	3.69304e-11	1.25035e-09	3.45786e-08	7.6815e-07	1.34306e-05	0.000180259	0.00180123	0.0129168	0.0638023	0.209645	0.460384	0.745361	1.03567	1.31187	1.56255	1.75514	1.88955	1.96633	1.98394	1.94267	1.8429	1.68533	1.46773	1.20328	0.920846	0.629785	0.350682	0.137872	0.0357788	0.00621643	0.000753208	6.63284e-05	4.3978e-06	2.25975e-07	9.21148e-09	3.03599e-10	8.21725e-12	1.84998e-13	3.50125e-15	5.61959e-17	7.70496e-19	9.07868e-21	9.23807e-23	8.1545e-25	2.84016e-26	7.98491e-25	2.23766e-23	4.76883e-22	7.55131e-21	8.74396e-20	7.47509e-19	4.91243e-18	2.45833e-17	8.22907e-17	1.77348e-16	3.539e-16	7.23997e-16	1.01851e-15	9.81491e-16	6.45274e-16	3.02558e-16	1.53247e-16	6.7602e-17	1.75849e-17	3.34326e-18	4.71292e-19	5.09297e-20	4.20578e-21	2.62108e-22	1.23498e-23	4.45736e-25	1.25317e-26	2.78902e-28	4.9823e-30	7.22488e-32	8.5793e-34	8.39615e-36	6.80096e-38	4.56966e-40	2.54738e-42	1.17577e-44	4.47328e-47	1.39242e-49	3.50631e-52	7.0253e-55	1.09286e-57	1.27137e-60	1.0401e-63	5.3338e-67	1.28926e-70	0	0	0	0	0	0	0	0	
1.16334e-11	1.16334e-11	4.19851e-10	1.27406e-08	3.12966e-07	6.10461e-06	9.23267e-05	0.00105099	0.00867734	0.0496833	0.188122	0.460384	0.786825	1.13484	1.48612	1.79411	2.0439	2.24275	2.38522	2.46257	2.48002	2.4391	2.33652	2.16944	1.95019	1.67824	1.348	0.992988	0.653329	0.337867	0.116912	0.0262054	0.00394699	0.000419078	3.27235e-05	1.94491e-06	9.04404e-08	3.36389e-09	1.01882e-10	2.54958e-12	5.33541e-14	9.42982e-16	1.41922e-17	1.83129e-19	2.03733e-21	1.96948e-23	2.82561e-24	8.75105e-23	2.23904e-21	4.362e-20	6.32999e-19	6.75059e-18	5.35258e-17	3.27538e-16	1.52937e-15	4.90957e-15	1.04104e-14	2.00508e-14	3.85775e-14	5.31031e-14	5.12811e-14	3.46799e-14	1.73684e-14	9.0387e-15	4.05208e-15	1.11326e-15	2.26516e-16	3.44004e-17	4.01485e-18	3.59539e-19	2.43971e-20	1.25495e-21	4.9524e-23	1.52394e-24	3.71589e-26	7.28147e-28	1.16011e-29	1.51681e-31	1.63899e-33	1.47103e-35	1.10011e-37	6.86397e-40	3.57099e-42	1.54499e-44	5.5312e-47	1.62572e-49	3.87741e-52	7.37853e-55	1.09286e-57	1.21324e-60	9.49123e-64	4.66311e-67	1.08174e-70	0	0	0	0	0	0	0	
1.10424e-10	1.10424e-10	3.57991e-09	9.7022e-08	2.10693e-06	3.58592e-05	0.000465252	0.00444346	0.0299007	0.134689	0.3893	0.745361	1.13484	1.54136	1.90779	2.21982	2.4669	2.63261	2.72169	2.76079	2.76881	2.74952	2.69376	2.5771	2.37622	2.10277	1.76653	1.382	0.974566	0.598123	0.26814	0.0777454	0.014681	0.00189419	0.000175242	1.21006e-05	6.43899e-07	2.70841e-08	9.19086e-10	2.55814e-11	5.91961e-13	1.1516e-14	1.90087e-16	2.68269e-18	3.25765e-20	3.4947e-22	2.80162e-22	8.30418e-21	1.93736e-19	3.44426e-18	4.57113e-17	4.47941e-16	3.28587e-15	1.86727e-14	8.12119e-14	2.49262e-13	5.19078e-13	9.65181e-13	1.74753e-12	2.34987e-12	2.27452e-12	1.58508e-12	8.465e-13	4.52926e-13	2.06807e-13	6.01754e-14	1.31308e-14	2.15399e-15	2.72232e-16	2.64992e-17	1.96175e-18	1.10339e-19	4.7663e-21	1.60629e-22	4.29142e-24	9.21974e-26	1.61212e-27	2.31668e-29	2.757e-31	2.73268e-33	2.26477e-35	1.57294e-37	9.15999e-40	4.46729e-42	1.81883e-44	6.14865e-47	1.7117e-49	3.87741e-52	7.0253e-55	9.92969e-58	1.05411e-60	7.90029e-64	3.72504e-67	8.30625e-71	0	0	0	0	0	0	
7.74583e-10	7.74583e-10	2.2525e-08	5.44337e-07	1.04286e-05	0.000154487	0.00171479	0.0137085	0.0752105	0.269454	0.621981	1.03567	1.48612	1.90779	2.27418	2.56495	2.74012	2.82143	2.85532	2.86962	2.87265	2.86544	2.84515	2.79745	2.68365	2.45954	2.13705	1.74406	1.30128	0.867015	0.46821	0.170504	0.0398788	0.00621077	0.00067751	5.41304e-05	3.2837e-06	1.55635e-07	5.89646e-09	1.81891e-10	4.63744e-12	9.89342e-14	1.78419e-15	2.74306e-17	3.62075e-19	4.85034e-21	2.49484e-20	6.79578e-19	1.44282e-17	2.33506e-16	2.82638e-15	2.53744e-14	1.71653e-13	9.02908e-13	3.64954e-12	1.06722e-11	2.17775e-11	3.90944e-11	6.66759e-11	8.74393e-11	8.48513e-11	6.10367e-11	3.46921e-11	1.91014e-11	8.90709e-12	2.75369e-12	6.46118e-13	1.14857e-13	1.57722e-14	1.67382e-15	1.35549e-16	8.35534e-18	3.95785e-19	1.46266e-20	4.2846e-22	1.00936e-23	1.93606e-25	3.05459e-27	3.99657e-29	4.36373e-31	3.99453e-33	3.07488e-35	1.9934e-37	1.08827e-39	4.99473e-42	1.92028e-44	6.14865e-47	1.62572e-49	3.50631e-52	6.06236e-55	8.19353e-58	8.33287e-61	5.99346e-64	2.71633e-67	5.83059e-71	0	0	0	0	0	
3.91268e-09	3.91268e-09	1.02392e-07	2.21566e-06	3.76506e-05	0.000488912	0.00468859	0.0318289	0.145671	0.43189	0.851611	1.31187	1.79411	2.21982	2.56495	2.76845	2.85341	2.88928	2.91174	2.92628	2.92994	2.92159	2.90367	2.87785	2.82951	2.70469	2.43861	2.05464	1.60986	1.1226	0.676104	0.295461	0.0834866	0.0154214	0.00195497	0.000178429	1.21974e-05	6.44492e-07	2.69898e-08	9.14003e-10	2.54421e-11	5.89965e-13	1.1523e-14	1.91316e-16	2.72242e-18	9.49073e-20	1.9261e-18	4.77224e-17	9.19521e-16	1.35034e-14	1.48531e-13	1.21707e-12	7.56276e-12	3.66764e-11	1.37375e-10	3.81167e-10	7.60038e-10	1.31702e-09	2.11884e-09	2.70583e-09	2.63302e-09	1.95791e-09	1.18176e-09	6.70344e-10	3.2028e-10	1.05599e-10	2.67314e-11	5.16988e-12	7.74539e-13	8.99575e-14	7.99648e-15	5.41839e-16	2.82168e-17	1.14574e-18	3.68503e-20	9.52649e-22	2.00483e-23	3.47127e-25	4.9879e-27	5.98886e-29	6.04004e-31	5.13599e-33	3.6906e-35	2.24308e-37	1.15246e-39	4.99473e-42	1.81883e-44	5.5312e-47	1.39242e-49	2.86571e-52	4.73773e-55	6.13425e-58	5.98681e-61	4.13885e-64	1.80562e-67	3.73586e-71	0	0	0	0	
1.37238e-08	1.37238e-08	3.28599e-07	6.484e-06	9.97365e-05	0.00116148	0.00987337	0.0585939	0.231343	0.59218	1.05535	1.56255	2.0439	2.4669	2.74012	2.85341	2.89952	2.93569	2.96979	2.99355	2.99954	2.98586	2.95686	2.92133	2.88435	2.82201	2.65289	2.31006	1.8602	1.35364	0.867495	0.429064	0.141188	0.030244	0.00438689	0.000451917	3.44629e-05	2.01192e-06	9.23609e-08	3.40673e-09	1.02741e-10	2.56989e-12	5.39465e-14	9.59706e-16	1.47141e-17	4.67923e-18	1.27367e-16	2.85823e-15	4.98002e-14	6.60826e-13	6.57542e-12	4.89451e-11	2.78013e-10	1.23705e-09	4.27813e-09	1.12088e-08	2.17628e-08	3.63833e-08	5.53235e-08	6.87136e-08	6.70636e-08	5.16054e-08	3.29919e-08	1.93094e-08	9.49159e-09	3.35215e-09	9.1926e-10	1.94362e-10	3.19302e-11	4.07788e-12	3.99644e-13	2.98853e-14	1.71674e-15	7.68016e-17	2.71785e-18	7.7216e-20	1.78437e-21	3.39124e-23	5.34933e-25	7.05535e-27	7.82598e-29	7.33255e-31	5.82075e-33	3.92149e-35	2.24308e-37	1.08827e-39	4.46729e-42	1.54499e-44	4.47328e-47	1.07453e-49	2.11452e-52	3.34884e-55	4.1608e-58	3.90294e-61	2.59716e-64	1.09209e-67	2.18068e-71	0	0	0	
3.28468e-08	3.28468e-08	7.45376e-07	1.38638e-05	0.000199331	0.00214795	0.0166981	0.0895288	0.316865	0.733704	1.22632	1.75514	2.24275	2.63261	2.82143	2.88928	2.93569	2.98774	3.03709	3.07037	3.07863	3.0597	3.01858	2.96649	2.9167	2.8686	2.76778	2.50074	2.05358	1.54575	1.0234	0.549415	0.202108	0.0485499	0.00785955	0.000898307	7.5588e-05	4.84558e-06	2.43243e-07	9.77576e-09	3.20255e-10	8.67953e-12	1.96998e-13	3.78306e-15	7.07077e-17	2.79955e-16	7.15971e-15	1.44931e-13	2.27279e-12	2.7107e-11	2.42599e-10	1.63084e-09	8.41685e-09	3.41611e-08	1.08582e-07	2.67109e-07	5.02717e-07	8.10094e-07	1.16723e-06	1.40894e-06	1.37942e-06	1.09895e-06	7.41951e-07	4.48971e-07	2.28228e-07	8.67818e-08	2.59134e-08	6.0253e-09	1.0922e-09	1.5429e-10	1.67629e-11	1.39035e-12	8.84862e-14	4.37736e-15	1.70935e-16	5.3488e-18	1.35932e-19	2.83814e-21	4.91565e-23	7.11884e-25	8.67531e-27	8.9406e-29	7.8207e-31	5.82075e-33	3.6906e-35	1.9934e-37	9.15999e-40	3.57099e-42	1.17577e-44	3.24821e-47	7.4601e-50	1.40624e-52	2.13702e-55	2.55182e-58	2.3039e-61	1.47762e-64	5.99608e-68	1.15681e-71	0	0	
5.57791e-08	5.57791e-08	1.23519e-06	2.2337e-05	0.000310396	0.0032062	0.023626	0.118399	0.387072	0.835746	1.35613	1.88955	2.38522	2.72169	2.85532	2.91174	2.96979	3.03709	3.09868	3.13929	3.14928	3.12634	3.0758	3.00989	2.9449	2.89107	2.81902	2.61733	2.19467	1.67693	1.14132	0.643089	0.253243	0.0659035	0.0115738	0.00142816	0.000128813	8.78499e-06	4.65886e-07	1.96581e-08	6.72522e-10	1.89466e-11	4.45269e-13	8.83801e-15	6.57621e-16	1.46978e-14	3.3944e-13	6.16678e-12	8.65251e-11	9.21326e-10	7.36333e-09	4.43771e-08	2.06555e-07	7.59176e-07	2.20518e-06	5.05926e-06	9.17604e-06	1.42301e-05	1.94909e-05	2.28644e-05	2.24574e-05	1.85159e-05	1.31579e-05	8.25531e-06	4.36841e-06	1.79912e-06	5.88713e-07	1.5163e-07	3.0563e-08	4.81097e-09	5.83463e-10	5.40161e-11	3.82999e-12	2.10499e-13	9.10548e-15	3.14765e-16	8.81702e-18	2.02554e-19	3.8554e-21	6.13192e-23	8.20615e-25	9.29201e-27	8.9406e-29	7.33255e-31	5.13599e-33	3.07488e-35	1.57294e-37	6.86397e-40	2.54738e-42	8.00242e-45	2.11359e-47	4.64956e-50	8.40938e-53	1.22813e-55	1.41141e-58	1.22809e-61	7.60055e-65	2.97978e-68	5.56028e-72	5.56028e-72	
7.50743e-08	7.50743e-08	1.62818e-06	2.88669e-05	0.000393061	0.00397063	0.0284941	0.138025	0.431957	0.893617	1.4293	1.96633	2.46257	2.76079	2.86962	2.92628	2.99355	3.07037	3.13929	3.18424	3.19526	3.16994	3.11381	3.03955	2.96466	2.90355	2.83936	2.67243	2.27742	1.75117	1.21371	0.696612	0.284833	0.0778779	0.0143441	0.00184318	0.000171816	1.20324e-05	6.51888e-07	2.79893e-08	9.71366e-10	2.76947e-11	6.57467e-13	1.39205e-14	2.52577e-14	6.50038e-13	1.34465e-11	2.17846e-10	2.71429e-09	2.55862e-08	1.80969e-07	9.68889e-07	4.0294e-06	1.32926e-05	3.50321e-05	7.43679e-05	0.000128985	0.000192013	0.000250959	0.000286373	0.000282169	0.000240413	0.000179186	0.000117024	6.50108e-05	2.92034e-05	1.05557e-05	3.03858e-06	6.87613e-07	1.21728e-07	1.66232e-08	1.73151e-09	1.37747e-10	8.46159e-12	4.07465e-13	1.56228e-14	4.83843e-16	1.2258e-17	2.56802e-19	4.48946e-21	6.59908e-23	8.20615e-25	8.67531e-27	7.82598e-29	6.04004e-31	3.99453e-33	2.26477e-35	1.10011e-37	4.56966e-40	1.61792e-42	4.85876e-45	1.22907e-47	2.59399e-50	4.50831e-53	6.33615e-56	7.0172e-59	5.89147e-62	3.52241e-65	1.33581e-68	1.33581e-68	
8.09459e-08	8.09459e-08	1.73945e-06	3.06117e-05	0.000414241	0.00416204	0.0297086	0.142965	0.443218	0.906978	1.44551	1.98394	2.48002	2.76881	2.87265	2.92994	2.99954	3.07863	3.14928	3.19526	3.20651	3.18063	3.12318	3.04695	2.96968	2.90657	2.84334	2.68369	2.29639	1.76852	1.23065	0.708631	0.292397	0.080911	0.0150664	0.00195299	0.000183278	1.29014e-05	7.0177e-07	3.0226e-08	1.05163e-09	3.00446e-11	7.15448e-13	5.00263e-14	1.03049e-12	2.39192e-11	4.40141e-10	6.30741e-09	6.91283e-08	5.70734e-07	3.53203e-06	1.6606e-05	6.09838e-05	0.000178595	0.0004232	0.000823659	0.0013523	0.00192468	0.0024102	0.00268113	0.00264962	0.00232651	0.0018125	0.00123917	0.00073063	0.000360871	0.000145533	4.73411e-05	1.21736e-05	2.4522e-06	3.81239e-07	4.51334e-08	4.06451e-09	2.81186e-10	1.51687e-11	6.48356e-13	2.22907e-14	6.24712e-16	1.44375e-17	2.77848e-19	4.48946e-21	6.13192e-23	7.11884e-25	7.05535e-27	5.98886e-29	4.36373e-31	2.73268e-33	1.47103e-35	6.80096e-38	2.69479e-40	9.11988e-43	2.62278e-45	6.36455e-48	1.29064e-50	2.15844e-53	2.92306e-56	3.12332e-59	2.53302e-62	1.46507e-65	1.46507e-65	
6.78388e-08	6.78388e-08	1.48721e-06	2.66115e-05	0.00036538	0.00372029	0.0269198	0.131704	0.417554	0.87561	1.40704	1.94267	2.4391	2.74952	2.86544	2.92159	2.98586	3.0597	3.12634	3.16994	3.18063	3.15605	3.10167	3.03001	2.95824	2.89958	2.83352	2.65637	2.25204	1.72818	1.1913	0.680287	0.274837	0.0739734	0.0134269	0.00170475	0.000157418	1.0943e-05	5.89433e-07	2.51906e-08	8.70962e-10	2.47567e-11	6.29145e-13	1.37467e-12	3.51055e-11	7.23733e-10	1.17463e-08	1.47374e-07	1.40369e-06	1.00127e-05	5.34369e-05	0.000217409	0.000694596	0.00178156	0.00375295	0.00662795	0.0101668	0.013749	0.0165574	0.0180153	0.0178495	0.0160893	0.0130689	0.00942943	0.00598179	0.00327787	0.00149337	0.000556477	0.000165107	3.8413e-05	6.8951e-06	9.39792e-07	9.68996e-08	7.6225e-09	4.64319e-10	2.22679e-11	8.54252e-13	2.65907e-14	6.79982e-16	1.44375e-17	2.56802e-19	3.8554e-21	4.91565e-23	5.34933e-25	4.9879e-27	3.99657e-29	2.757e-31	1.63899e-33	8.39615e-36	3.70227e-38	1.40201e-40	4.54316e-43	1.25322e-45	2.92162e-48	5.70028e-51	9.18465e-54	1.19992e-56	1.23835e-59	9.71638e-63	9.71638e-63	
4.64217e-08	4.64217e-08	1.03753e-06	1.89553e-05	0.000266576	0.00279383	0.0209653	0.107525	0.361446	0.80017	1.31086	1.8429	2.33652	2.69376	2.84515	2.90367	2.95686	3.01858	3.0758	3.11381	3.12318	3.10167	3.05448	2.99351	2.93418	2.8834	2.80338	2.57913	2.14454	1.6312	1.09864	0.610093	0.234729	0.0593312	0.0101177	0.00121559	0.000107134	7.16405e-06	3.73638e-07	1.55437e-08	5.25358e-10	1.46906e-11	1.85408e-12	4.28406e-11	9.7856e-10	1.77592e-08	2.51515e-07	2.72692e-06	2.22248e-05	0.000134586	0.000608038	0.00210098	0.00573098	0.0126682	0.0234049	0.0371222	0.0523966	0.0667384	0.0774399	0.0827372	0.0821436	0.0756928	0.0640816	0.0493191	0.0341798	0.020969	0.0109534	0.00475258	0.00165845	0.000454299	9.5874e-05	1.52966e-05	1.83223e-06	1.65903e-07	1.15263e-08	6.25259e-10	2.69379e-11	9.36053e-13	2.65907e-14	6.24712e-16	1.2258e-17	2.02554e-19	2.83814e-21	3.39124e-23	3.47127e-25	3.05459e-27	2.31668e-29	1.51681e-31	8.5793e-34	4.19094e-36	1.76582e-38	6.40169e-41	1.98941e-43	5.27121e-46	1.18215e-48	2.22185e-51	3.45309e-54	4.35658e-57	4.35016e-60	4.35016e-60	
2.42594e-08	2.42594e-08	5.59294e-07	1.0594e-05	0.000155671	0.00172209	0.0138186	0.0769268	0.283772	0.681547	1.16241	1.68533	2.16944	2.5771	2.79745	2.87785	2.92133	2.96649	3.00989	3.03955	3.04695	3.03001	2.99351	2.94797	2.90426	2.85418	2.73162	2.43361	1.98251	1.47639	0.965288	0.503242	0.178128	0.0410598	0.00637557	0.000699352	5.65415e-05	3.48757e-06	1.68715e-07	6.54454e-09	2.0729e-10	6.84936e-12	4.37429e-11	1.09497e-09	2.19979e-08	3.47647e-07	4.23848e-06	3.90526e-05	0.000266955	0.00134162	0.00501086	0.0143632	0.0327091	0.0612733	0.0979942	0.138678	0.178111	0.211901	0.236618	0.248917	0.247531	0.232581	0.205756	0.170523	0.130475	0.090166	0.054781	0.0281678	0.0118281	0.00390945	0.000993015	0.000189503	2.68687e-05	2.8445e-06	2.28273e-07	1.41488e-08	6.90076e-10	2.69379e-11	8.54252e-13	2.22907e-14	4.83843e-16	8.81702e-18	1.35932e-19	1.78437e-21	2.00483e-23	1.93606e-25	1.61212e-27	1.16011e-29	7.22488e-32	3.89579e-34	1.81801e-36	7.33157e-39	2.54842e-41	7.60551e-44	1.93818e-46	4.18639e-49	7.58796e-52	1.13865e-54	1.38998e-57	1.38998e-57	
8.4275e-09	8.4275e-09	2.09874e-07	4.31111e-06	6.91976e-05	0.000843265	0.00752572	0.0470545	0.196267	0.529433	0.977459	1.46773	1.95019	2.37622	2.68365	2.82951	2.88435	2.9167	2.9449	2.96466	2.96968	2.95824	2.93418	2.90426	2.86726	2.78719	2.58078	2.21511	1.76744	1.26437	0.795039	0.376503	0.116887	0.0236292	0.00325114	0.000319479	2.33558e-05	1.31256e-06	5.82064e-08	2.07998e-09	6.20259e-11	3.85791e-11	1.01647e-09	2.24336e-08	3.92151e-07	5.32428e-06	5.49303e-05	0.000420977	0.0023519	0.009529	0.0285808	0.0661609	0.123183	0.1939	0.268381	0.341458	0.403886	0.452403	0.486567	0.504095	0.502087	0.480967	0.443795	0.392461	0.327492	0.253358	0.17922	0.1104	0.0570161	0.0234053	0.00737004	0.00172971	0.000297448	3.75628e-05	3.53803e-06	2.5374e-07	1.41488e-08	6.25259e-10	2.22679e-11	6.48356e-13	1.56228e-14	3.14765e-16	5.3488e-18	7.7216e-20	9.52649e-22	1.00936e-23	9.21974e-26	7.28147e-28	4.9823e-30	2.95703e-32	1.52273e-34	6.79917e-37	2.62819e-39	8.77078e-42	2.51685e-44	6.17582e-47	1.28611e-49	2.25024e-52	3.26711e-55	3.26711e-55	
2.08526e-09	2.08526e-09	5.69855e-08	1.29081e-06	2.30575e-05	0.000316308	0.00322307	0.0233946	0.115077	0.366275	0.761252	1.20328	1.67824	2.10277	2.45954	2.70469	2.82201	2.8686	2.89107	2.90355	2.90657	2.89958	2.8834	2.85418	2.78719	2.62478	2.32584	1.93656	1.49186	1.02306	0.593929	0.242794	0.063761	0.0110018	0.0013122	0.000113426	7.38475e-06	3.73357e-07	1.50181e-08	4.90804e-10	3.94358e-11	7.81809e-10	1.88447e-08	3.62078e-07	5.43648e-06	6.23582e-05	0.000532748	0.00330426	0.0145999	0.0460646	0.107725	0.197685	0.302044	0.410048	0.512453	0.607055	0.690675	0.755738	0.798913	0.819773	0.817434	0.792039	0.744403	0.675281	0.588812	0.492484	0.388681	0.28071	0.17815	0.0929505	0.0374855	0.0111952	0.00240831	0.000372162	4.19778e-05	3.53803e-06	2.28273e-07	1.15263e-08	4.64319e-10	1.51687e-11	4.07465e-13	9.10548e-15	1.70935e-16	2.71785e-18	3.68503e-20	4.2846e-22	4.29142e-24	3.71589e-26	2.78902e-28	1.81784e-30	1.02989e-32	5.07236e-35	2.17006e-37	8.05037e-40	2.58228e-42	7.13249e-45	1.68681e-47	3.38976e-50	5.73778e-53	5.73778e-53	
3.69753e-10	3.69753e-10	1.12228e-08	2.83776e-07	5.71314e-06	8.94141e-05	0.00105563	0.00905176	0.0537994	0.21062	0.528594	0.920846	1.348	1.76653	2.13705	2.43861	2.65289	2.76778	2.81902	2.83936	2.84334	2.83352	2.80338	2.73162	2.58078	2.32584	1.99738	1.60515	1.17063	0.759046	0.385499	0.128616	0.0275533	0.00396505	0.000403539	3.03359e-05	1.74372e-06	7.87628e-08	2.85769e-09	1.00084e-10	4.9698e-10	1.29873e-08	2.73121e-07	4.51486e-06	5.73302e-05	0.000544309	0.00374913	0.0181953	0.0612323	0.14594	0.264539	0.396839	0.535105	0.673785	0.810286	0.930172	1.03042	1.10868	1.16247	1.18923	1.1862	1.15377	1.0949	1.01204	0.907653	0.784	0.646022	0.507475	0.369587	0.239461	0.125633	0.0493685	0.0137763	0.00268809	0.000372162	3.75628e-05	2.8445e-06	1.65903e-07	7.6225e-09	2.81186e-10	8.46159e-12	2.10499e-13	4.37736e-15	7.68016e-17	1.14574e-18	1.46266e-20	1.60629e-22	1.52394e-24	1.25317e-26	8.95367e-29	5.56729e-31	3.01492e-33	1.42193e-35	5.83512e-38	2.07956e-40	6.41735e-43	1.70752e-45	3.89493e-48	7.57037e-51	7.57037e-51	
4.65914e-11	4.65914e-11	1.58093e-09	4.49366e-08	1.02734e-06	1.84957e-05	0.000255392	0.00261636	0.0190769	0.0942472	0.301521	0.629785	0.992988	1.382	1.74406	2.05464	2.31006	2.50074	2.61733	2.67243	2.68369	2.65637	2.57913	2.43361	2.21511	1.93656	1.60515	1.22694	0.844492	0.492048	0.199679	0.0520865	0.00895848	0.0010677	9.23365e-05	6.0164e-06	3.04336e-07	1.22409e-08	4.06422e-10	2.66336e-10	7.28207e-09	1.67179e-07	3.03534e-06	4.25933e-05	0.000449294	0.00344764	0.0185625	0.0680012	0.169529	0.309059	0.466614	0.637047	0.817358	0.9887	1.14532	1.28741	1.40926	1.50185	1.56318	1.59237	1.58912	1.55345	1.4858	1.38706	1.26032	1.11508	0.955732	0.781478	0.601934	0.433703	0.279627	0.144823	0.0540456	0.0137763	0.00240831	0.000297448	2.68687e-05	1.83223e-06	9.68996e-08	4.06451e-09	1.37747e-10	3.82999e-12	8.84862e-14	1.71674e-15	2.82168e-17	3.95785e-19	4.7663e-21	4.9524e-23	4.45736e-25	3.48571e-27	2.37366e-29	1.40953e-31	7.30338e-34	3.30128e-36	1.30043e-38	4.45523e-41	1.32342e-43	3.39383e-46	7.48371e-49	7.48371e-49	
4.22863e-12	4.22863e-12	1.60506e-10	5.13117e-09	1.33236e-07	2.75881e-06	4.453e-05	0.00054468	0.00487442	0.0305829	0.128439	0.350682	0.653329	0.974566	1.30128	1.60986	1.8602	2.05358	2.19467	2.27742	2.29639	2.25204	2.14454	1.98251	1.76744	1.49186	1.17063	0.844492	0.529865	0.246103	0.0756902	0.0153305	0.00212521	0.000210733	1.5536e-05	8.7899e-07	3.91549e-08	1.40481e-09	1.47268e-10	3.28135e-09	8.21212e-08	1.63649e-06	2.53841e-05	0.000298148	0.00256384	0.0155133	0.0634246	0.171806	0.326132	0.505216	0.70749	0.91883	1.12525	1.32555	1.51074	1.66848	1.79295	1.88496	1.94563	1.97452	1.9713	1.93601	1.86905	1.77068	1.63953	1.4756	1.28649	1.08436	0.876611	0.665591	0.467411	0.293266	0.144823	0.0493685	0.0111952	0.00172971	0.000189503	1.52966e-05	9.39792e-07	4.51334e-08	1.73151e-09	5.40161e-11	1.39035e-12	2.98853e-14	5.41839e-16	8.35534e-18	1.10339e-19	1.25495e-21	1.23498e-23	1.05542e-25	7.85492e-28	5.10128e-30	2.89448e-32	1.43553e-34	6.22094e-37	2.35279e-39	7.74949e-42	2.21589e-44	5.48793e-47	5.48793e-47	
2.8365e-13	2.8365e-13	1.20141e-11	4.30639e-10	1.26472e-08	2.99504e-07	5.60889e-06	8.11031e-05	0.000879334	0.00690031	0.0376539	0.137872	0.337867	0.598123	0.867015	1.1226	1.35364	1.54575	1.67693	1.75117	1.76852	1.72818	1.6312	1.47639	1.26437	1.02306	0.759046	0.492048	0.246103	0.0856078	0.0200221	0.00320434	0.000363627	3.03454e-05	1.92274e-06	9.49964e-08	3.7417e-09	1.54455e-10	1.17174e-09	3.19089e-08	6.98555e-07	1.20024e-05	0.000157623	0.001531	0.0105654	0.0495125	0.15213	0.314745	0.508782	0.734251	0.973626	1.21588	1.45319	1.67597	1.86662	2.02548	2.15631	2.2588	2.32916	2.36347	2.35963	2.31786	2.24073	2.13231	1.99596	1.83113	1.63388	1.40627	1.16757	0.925406	0.687301	0.467411	0.279627	0.125633	0.0374855	0.00737004	0.000993015	9.5874e-05	6.8951e-06	3.81239e-07	1.66232e-08	5.83463e-10	1.67629e-11	3.99644e-13	7.99648e-15	1.35549e-16	1.96175e-18	2.43971e-20	2.62108e-22	2.44306e-24	1.9823e-26	1.40381e-28	8.69208e-31	4.71056e-33	2.235e-35	9.27959e-38	3.36706e-40	1.06531e-42	2.93634e-45	2.93634e-45	
1.44492e-14	1.44492e-14	6.80551e-13	2.72343e-11	8.99541e-10	2.41834e-08	5.20333e-07	8.77876e-06	0.000113301	0.00108611	0.00747785	0.0357788	0.116912	0.26814	0.46821	0.676104	0.867495	1.0234	1.14132	1.21371	1.23065	1.1913	1.09864	0.965288	0.795039	0.593929	0.385499	0.199679	0.0756902	0.0200221	0.00367301	0.000477	4.51942e-05	3.21972e-06	1.77156e-07	7.70156e-09	2.78487e-10	3.31357e-10	9.65868e-09	2.32933e-07	4.45046e-06	6.57266e-05	0.000727577	0.00581039	0.0319842	0.116048	0.275479	0.477006	0.716432	0.978639	1.25004	1.52235	1.77875	2.00332	2.2031	2.38433	2.5434	2.67188	2.76117	2.80494	2.80002	2.74679	2.64906	2.51373	2.3496	2.1646	1.96074	1.73016	1.46787	1.19564	0.925406	0.665591	0.433703	0.239461	0.0929505	0.0234053	0.00390945	0.000454299	3.8413e-05	2.4522e-06	1.21728e-07	4.81097e-09	1.5429e-10	4.07788e-12	8.99575e-14	1.67382e-15	2.64992e-17	3.59539e-19	4.20578e-21	4.26249e-23	3.75765e-25	2.89037e-27	1.94439e-29	1.14575e-31	5.91893e-34	2.68097e-36	1.06404e-38	3.69494e-41	1.12294e-43	1.12294e-43	
5.7263e-16	5.7263e-16	2.9888e-14	1.32957e-12	4.9113e-11	1.48798e-09	3.64321e-08	7.08152e-07	1.0697e-05	0.00012244	0.00103187	0.00621643	0.0262054	0.0777454	0.170504	0.295461	0.429064	0.549415	0.643089	0.696612	0.708631	0.680287	0.610093	0.503242	0.376503	0.242794	0.128616	0.0520865	0.0153305	0.00320434	0.000477	5.15819e-05	4.15849e-06	2.56458e-07	1.2381e-08	4.78997e-10	8.37171e-11	2.25282e-09	6.01135e-08	1.28401e-06	2.14647e-05	0.000273093	0.00255343	0.0168051	0.0741738	0.212266	0.413063	0.654205	0.933654	1.2273	1.52872	1.81736	2.07682	2.32018	2.55678	2.78072	2.97932	3.13951	3.25047	3.30473	3.29864	3.23263	3.11111	2.94228	2.73752	2.5101	2.27204	2.02686	1.76223	1.46787	1.16757	0.876611	0.601934	0.369587	0.17815	0.0570161	0.0118281	0.00165845	0.000165107	1.21736e-05	6.87613e-07	3.0563e-08	1.0922e-09	3.19302e-11	7.74539e-13	1.57722e-14	2.72232e-16	4.01485e-18	5.09297e-20	5.58768e-22	5.32601e-24	4.42639e-26	3.21653e-28	2.0479e-30	1.1439e-32	5.60921e-35	2.4144e-37	9.11482e-40	3.02176e-42	3.02176e-42	
1.80169e-17	1.80169e-17	1.03892e-15	5.11789e-14	2.10364e-12	7.1358e-11	1.97141e-09	4.36634e-08	7.60819e-07	1.02004e-05	0.000102581	0.000753208	0.00394699	0.014681	0.0398788	0.0834866	0.141188	0.202108	0.253243	0.284833	0.292397	0.274837	0.234729	0.178128	0.116887	0.063761	0.0275533	0.00895848	0.00212521	0.000363627	4.51942e-05	4.15849e-06	2.89921e-07	1.56672e-08	6.70053e-10	3.42677e-11	4.05325e-10	1.20058e-08	2.88021e-07	5.47648e-06	8.05011e-05	0.000886646	0.00703693	0.0384044	0.137662	0.32253	0.557439	0.841372	1.14756	1.47189	1.79163	2.08359	2.36603	2.65416	2.9423	3.21481	3.45473	3.64694	3.77946	3.84409	3.83685	3.75819	3.61294	3.41012	3.16239	2.88537	2.5961	2.30919	2.02686	1.73016	1.40627	1.08436	0.781478	0.507475	0.28071	0.1104	0.0281678	0.00475258	0.000556477	4.73411e-05	3.03858e-06	1.5163e-07	6.0253e-09	1.94362e-10	5.16988e-12	1.14857e-13	2.15399e-15	3.44004e-17	4.71292e-19	5.57261e-21	5.71525e-23	5.10485e-25	3.9838e-27	2.72297e-29	1.63293e-31	8.6004e-34	3.97958e-36	1.61718e-38	5.78284e-41	5.78284e-41	
4.57597e-19	4.57597e-19	2.90798e-17	1.58124e-15	7.20159e-14	2.72002e-12	8.41895e-11	2.10522e-09	4.18131e-08	6.46525e-07	7.60401e-06	6.63284e-05	0.000419078	0.00189419	0.00621077	0.0154214	0.030244	0.0485499	0.0659035	0.0778779	0.080911	0.0739734	0.0593312	0.0410598	0.0236292	0.0110018	0.00396505	0.0010677	0.000210733	3.03454e-05	3.21972e-06	2.56458e-07	1.56672e-08	7.4946e-10	3.00071e-11	5.71329e-11	1.85728e-09	5.00957e-08	1.08446e-06	1.84348e-05	0.000239475	0.00229791	0.0156215	0.071779	0.215249	0.436574	0.704416	1.01914	1.35563	1.70165	2.02322	2.33534	2.66327	3.00615	3.34752	3.66742	3.94691	4.16961	4.3226	4.39706	4.38873	4.29807	4.13029	3.89508	3.60609	3.28032	2.93707	2.5961	2.27204	1.96074	1.63388	1.28649	0.955732	0.646022	0.388681	0.17922	0.054781	0.0109534	0.00149337	0.000145533	1.05557e-05	5.88713e-07	2.59134e-08	9.1926e-10	2.67314e-11	6.46118e-13	1.31308e-14	2.26516e-16	3.34326e-18	4.2498e-20	4.67801e-22	4.47909e-24	3.74381e-26	2.73935e-28	1.75828e-30	9.91343e-33	4.91291e-35	2.14001e-37	8.21422e-40	8.21422e-40	
9.50961e-21	9.50961e-21	6.64752e-19	3.97982e-17	2.00146e-15	8.37904e-14	2.88857e-12	8.0938e-11	1.81482e-09	3.19658e-08	4.32837e-07	4.3978e-06	3.27235e-05	0.000175242	0.00067751	0.00195497	0.00438689	0.00785955	0.0115738	0.0143441	0.0150664	0.0134269	0.0101177	0.00637557	0.00325114	0.0013122	0.000403539	9.23365e-05	1.5536e-05	1.92274e-06	1.77156e-07	1.2381e-08	6.69797e-10	2.87267e-11	6.77851e-12	2.13846e-10	6.51059e-09	1.61191e-07	3.18423e-06	4.9031e-05	0.000571594	0.00486489	0.028927	0.114715	0.297212	0.54577	0.849135	1.18428	1.5484	1.8989	2.23175	2.58284	2.96338	3.35991	3.75099	4.11461	4.43049	4.68118	4.85295	4.93643	4.92708	4.82543	4.63698	4.37202	4.04509	3.67428	3.28032	2.88537	2.5101	2.1646	1.83113	1.4756	1.11508	0.784	0.492484	0.253358	0.090166	0.020969	0.00327787	0.000360871	2.92034e-05	1.79912e-06	8.67818e-08	3.35215e-09	1.05599e-10	2.75369e-12	6.01754e-14	1.11326e-15	1.75849e-17	2.38847e-19	2.80609e-21	2.86551e-23	2.55358e-25	1.99216e-27	1.36391e-29	8.20904e-32	4.34824e-34	2.02781e-36	8.35382e-39	8.35382e-39	
1.63484e-22	1.63484e-22	1.25548e-20	8.26023e-19	4.5747e-17	2.11514e-15	8.08305e-14	2.52252e-12	6.33606e-11	1.25893e-09	1.93858e-08	2.25975e-07	1.94491e-06	1.21006e-05	5.41304e-05	0.000178429	0.000451917	0.000898307	0.00142816	0.00184318	0.00195299	0.00170475	0.00121559	0.000699352	0.000319479	0.000113426	3.03359e-05	6.0164e-06	8.7899e-07	9.49964e-08	7.70136e-09	4.7726e-10	2.30647e-11	1.27592e-12	1.66282e-11	5.85953e-10	1.69857e-08	3.97757e-07	7.37333e-06	0.000105517	0.00112989	0.00871222	0.0462541	0.162251	0.376429	0.648106	0.976231	1.33603	1.71279	2.06536	2.42391	2.81996	3.25035	3.69504	4.13023	4.53254	4.88058	5.15599	5.34433	5.43576	5.42553	5.31417	5.10747	4.81625	4.45577	4.04509	3.60609	3.16239	2.73752	2.3496	1.99596	1.63953	1.26032	0.907653	0.588812	0.327492	0.130475	0.0341798	0.00598179	0.00073063	6.50108e-05	4.36841e-06	2.28228e-07	9.49159e-09	3.2028e-10	8.90709e-12	2.06807e-13	4.05208e-15	6.7602e-17	9.67514e-19	1.19531e-20	1.28137e-22	1.19696e-24	9.77636e-27	7.00028e-29	4.40285e-31	2.43541e-33	1.18544e-35	5.09602e-38	5.09602e-38	
2.34553e-24	2.34553e-24	1.97751e-22	1.42804e-20	8.69233e-19	4.42615e-17	1.86804e-15	6.46145e-14	1.80692e-12	4.01861e-11	6.96958e-10	9.21148e-09	9.04404e-08	6.43899e-07	3.2837e-06	1.21974e-05	3.44629e-05	7.5588e-05	0.000128813	0.000171816	0.000183278	0.000157418	0.000107134	5.65415e-05	2.33558e-05	7.38475e-06	1.74372e-06	3.04336e-07	3.91548e-08	3.74083e-09	2.69581e-10	1.49379e-11	6.68942e-13	9.97601e-13	3.95617e-11	1.33298e-09	3.67788e-08	8.16764e-07	1.42913e-05	0.000191872	0.00191216	0.01358	0.0656147	0.207979	0.444185	0.739309	1.0839	1.46582	1.84378	2.20544	2.59555	3.03332	3.50653	3.99192	4.46425	4.89911	5.27418	5.57036	5.77263	5.87075	5.85977	5.74025	5.51823	5.20492	4.81625	4.37202	3.89508	3.41012	2.94228	2.51373	2.13231	1.77068	1.38706	1.01204	0.675281	0.392461	0.170523	0.0493191	0.00942943	0.00123917	0.000117024	8.25531e-06	4.48971e-07	1.93094e-08	6.70344e-10	1.91014e-11	4.52926e-13	9.0387e-15	1.53247e-16	2.2248e-18	2.78377e-20	3.01833e-22	2.84846e-24	2.34805e-26	1.69535e-28	1.07436e-30	5.98351e-33	2.93058e-35	1.26693e-37	1.26693e-37	
2.82804e-26	2.82804e-26	2.61742e-24	2.07326e-22	1.38518e-20	7.75214e-19	3.60298e-17	1.37606e-15	4.2633e-14	1.05479e-12	2.04474e-11	3.03599e-10	3.36389e-09	2.70841e-08	1.55635e-07	6.44492e-07	2.01192e-06	4.84558e-06	8.78499e-06	1.20324e-05	1.29014e-05	1.0943e-05	7.16405e-06	3.48757e-06	1.31256e-06	3.73357e-07	7.87628e-08	1.22407e-08	1.40198e-09	1.19541e-10	7.7193e-12	3.85984e-13	6.92671e-14	2.42412e-12	9.11249e-11	2.84543e-09	7.27687e-08	1.49845e-06	2.43294e-05	0.000303431	0.00281286	0.0186055	0.0837744	0.247643	0.498818	0.810584	1.1702	1.56546	1.94279	2.31818	2.73731	3.209	3.716	4.23332	4.73476	5.19511	5.59134	5.90378	6.11694	6.22028	6.20873	6.08283	5.84881	5.51823	5.10747	4.63698	4.13029	3.61294	3.11111	2.64906	2.24073	1.86905	1.4858	1.0949	0.744403	0.443795	0.205756	0.0640816	0.0130689	0.0018125	0.000179186	1.31579e-05	7.41951e-07	3.29919e-08	1.18176e-09	3.46921e-11	8.465e-13	1.73684e-14	3.02558e-16	4.51073e-18	5.79378e-20	6.44686e-22	6.24261e-24	5.27957e-26	3.91096e-28	2.54297e-30	1.45341e-32	7.30709e-35	3.24427e-37	3.24427e-37	
