0.00231477	0.00231477	0.00688162	0.0213993	0.0581334	0.136211	0.275947	0.487762	0.76395	1.08133	1.41147	1.72939	2.01764	2.26689	2.47459	2.64195	2.77152	2.86598	2.92884	2.96329	2.97113	2.95264	2.90701	2.83192	2.72388	2.57957	2.39638	2.17202	1.90657	1.60491	1.27958	0.951294	0.647057	0.394563	0.211815	0.0988191	0.039795	0.0138135	0.00414284	0.00107854	0.000245162	4.89634e-05	8.64615e-06	1.3581e-06	1.90843e-07	2.41193e-08	2.7564e-09	2.91028e-10	4.41074e-11	5.12438e-11	1.2543e-10	2.87702e-10	5.94264e-10	1.10764e-09	1.87032e-09	2.87279e-09	4.02803e-09	5.16925e-09	6.08221e-09	6.56792e-09	6.51198e-09	5.92773e-09	4.95115e-09	3.79017e-09	2.65399e-09	1.69505e-09	9.83751e-10	5.16659e-10	2.44585e-10	1.04034e-10	3.96701e-11	1.35422e-11	4.13578e-12	1.12988e-12	2.76248e-13	6.04988e-14	1.18841e-14	2.09761e-15	3.33393e-16	4.78316e-17	6.21091e-18	7.31964e-19	7.85163e-20	7.68799e-21	6.89095e-22	5.66969e-23	4.29352e-24	3.00022e-25	1.93929e-26	1.16222e-27	6.47217e-29	3.35607e-30	1.62363e-31	7.3422e-33	3.1089e-34	1.23467e-35	4.60606e-37	1.61659e-38	5.51135e-40	5.51135e-40	
0.00231477	0.00231477	0.00688162	0.0213993	0.0581334	0.136211	0.275947	0.487762	0.76395	1.08133	1.41147	1.72939	2.01764	2.26689	2.47459	2.64195	2.77152	2.86598	2.92884	2.96329	2.97113	2.95264	2.90701	2.83192	2.72388	2.57957	2.39638	2.17202	1.90657	1.60491	1.27958	0.951294	0.647057	0.394563	0.211815	0.0988191	0.039795	0.0138135	0.00414284	0.00107854	0.000245162	4.89634e-05	8.64615e-06	1.3581e-06	1.90843e-07	2.41193e-08	2.7564e-09	2.91028e-10	4.41074e-11	5.12438e-11	1.2543e-10	2.87702e-10	5.94264e-10	1.10764e-09	1.87032e-09	2.87279e-09	4.02803e-09	5.16925e-09	6.08221e-09	6.56792e-09	6.51198e-09	5.92773e-09	4.95115e-09	3.79017e-09	2.65399e-09	1.69505e-09	9.83751e-10	5.16659e-10	2.44585e-10	1.04034e-10	3.96701e-11	1.35422e-11	4.13578e-12	1.12988e-12	2.76248e-13	6.04988e-14	1.18841e-14	2.09761e-15	3.33393e-16	4.78316e-17	6.21091e-18	7.31964e-19	7.85163e-20	7.68799e-21	6.89095e-22	5.66969e-23	4.29352e-24	3.00022e-25	1.93929e-26	1.16222e-27	6.47217e-29	3.35607e-30	1.62363e-31	7.3422e-33	3.1089e-34	1.23467e-35	4.60606e-37	1.61659e-38	5.51135e-40	5.51135e-40	
0.00688162	0.00688162	0.01806	0.0496337	0.11848	0.242278	0.427576	0.663037	0.926994	1.20025	1.46974	1.72589	1.96098	2.16926	2.34674	2.49099	2.60201	2.68226	2.73606	2.76546	2.77202	2.7566	2.7176	2.65344	2.56136	2.43724	2.27964	2.08945	1.86982	1.62553	1.36293	1.09067	0.819304	0.56406	0.346403	0.185466	0.085353	0.0335806	0.0113052	0.00327211	0.00081956	0.000178928	3.42982e-05	5.81265e-06	8.76611e-07	1.18353e-07	1.43996e-08	1.64042e-09	3.39401e-10	5.11723e-10	1.22446e-09	2.70667e-09	5.40419e-09	9.77497e-09	1.60844e-08	2.41749e-08	3.33045e-08	4.21693e-08	4.91701e-08	5.28652e-08	5.24405e-08	4.79905e-08	4.04856e-08	3.14394e-08	2.24256e-08	1.46503e-08	8.73352e-09	4.73108e-09	2.31918e-09	1.02495e-09	4.07187e-10	1.45112e-10	4.63292e-11	1.32423e-11	3.38847e-12	7.76607e-13	1.59591e-13	2.94504e-14	4.88998e-15	7.32254e-16	9.91465e-17	1.21717e-17	1.35869e-18	1.38304e-19	1.28748e-20	1.09913e-21	8.62861e-23	6.24519e-24	4.17777e-25	2.58921e-26	1.49001e-27	7.97879e-29	3.98364e-30	1.85799e-31	8.10973e-33	3.31818e-34	1.27472e-35	4.60492e-37	1.61659e-38	1.61659e-38	
0.0213993	0.0213993	0.0496337	0.120322	0.25163	0.447107	0.684354	0.929192	1.16121	1.37706	1.57699	1.75924	1.92071	2.05872	2.17059	2.25615	2.318	2.36169	2.39011	2.4049	2.40787	2.40051	2.38065	2.3463	2.2956	2.22494	2.12898	2.00672	1.85883	1.68878	1.49908	1.2925	1.07035	0.831991	0.586397	0.361936	0.191032	0.0853309	0.0322427	0.010359	0.00285182	0.000678513	0.000140707	2.56374e-05	4.13472e-06	5.94278e-07	7.67645e-08	9.54155e-09	2.83349e-09	5.07963e-09	1.18108e-08	2.51873e-08	4.86696e-08	8.55251e-08	1.37272e-07	2.02066e-07	2.73737e-07	3.42227e-07	3.95687e-07	4.23707e-07	4.20492e-07	3.86713e-07	3.29292e-07	2.59202e-07	1.88181e-07	1.25634e-07	7.68504e-08	4.28911e-08	2.17447e-08	9.9724e-09	4.12267e-09	1.53214e-09	5.10864e-10	1.5264e-10	4.08459e-11	9.79026e-12	2.10337e-12	4.05577e-13	7.03135e-14	1.09841e-14	1.55003e-15	1.98126e-16	2.30039e-17	2.43319e-18	2.35135e-19	2.08187e-20	1.69348e-21	1.26896e-22	8.78129e-24	5.62548e-25	3.34385e-26	1.84826e-27	9.51916e-29	4.57715e-30	2.05848e-31	8.67361e-33	3.42975e-34	1.27472e-35	4.60606e-37	4.60606e-37	
0.0581334	0.0581334	0.11848	0.25163	0.459873	0.713962	0.967004	1.19349	1.39462	1.5699	1.71297	1.82084	1.895	1.94024	1.9615	1.96699	1.96323	1.95702	1.94788	1.94178	1.94063	1.94325	1.95136	1.96005	1.96522	1.96627	1.9552	1.92546	1.86931	1.78196	1.66034	1.50345	1.31713	1.10657	0.868206	0.609424	0.368123	0.187301	0.0798331	0.0286189	0.00870077	0.0022653	0.000510023	0.000100214	1.73293e-05	2.65774e-06	3.65801e-07	5.1167e-08	2.30217e-08	4.59787e-08	1.03326e-07	2.12258e-07	3.96442e-07	6.76068e-07	1.05747e-06	1.52334e-06	2.02818e-06	2.50287e-06	2.86913e-06	3.05978e-06	3.03795e-06	2.80787e-06	2.41372e-06	1.92657e-06	1.42443e-06	9.72629e-07	6.1109e-07	3.51773e-07	1.84676e-07	8.8017e-08	3.79264e-08	1.47249e-08	5.13753e-09	1.60786e-09	4.50881e-10	1.13252e-10	2.54894e-11	5.14557e-12	9.33161e-13	1.52342e-13	2.24423e-14	2.99134e-15	3.61775e-16	3.98151e-17	3.99906e-18	3.67634e-19	3.10196e-20	2.40875e-21	1.72586e-22	1.14379e-23	7.02804e-25	4.01265e-26	2.13328e-27	1.05814e-28	4.90605e-30	2.12998e-31	8.67361e-33	3.31818e-34	1.23467e-35	1.23467e-35	
0.136211	0.136211	0.242278	0.447107	0.713962	0.983012	1.2201	1.42997	1.60786	1.73397	1.80507	1.82685	1.81074	1.76656	1.7058	1.63842	1.5729	1.51433	1.46894	1.44266	1.43775	1.45065	1.48486	1.53645	1.599	1.66549	1.73175	1.78668	1.82157	1.82331	1.78315	1.6908	1.5419	1.3494	1.12978	0.878125	0.602022	0.349687	0.169171	0.0681323	0.0230196	0.0065942	0.0016193	0.000344448	6.40728e-05	1.05166e-05	1.55174e-06	2.57983e-07	1.78946e-07	3.76844e-07	8.14967e-07	1.60991e-06	2.90216e-06	4.79676e-06	7.30342e-06	1.02869e-05	1.34517e-05	1.63785e-05	1.86105e-05	1.97646e-05	1.96326e-05	1.82386e-05	1.5832e-05	1.28196e-05	9.6596e-06	6.75229e-06	4.36239e-06	2.59351e-06	1.41204e-06	7.00553e-07	3.15232e-07	1.28124e-07	4.68805e-08	1.54035e-08	4.53721e-09	1.1971e-09	2.82897e-10	5.99209e-11	1.13912e-11	1.94726e-12	3.00022e-13	4.17728e-14	5.27075e-15	6.04445e-16	6.31869e-17	6.03881e-18	5.29137e-19	4.26259e-20	3.16532e-21	2.17217e-22	1.38085e-23	8.15007e-25	4.4758e-26	2.29169e-27	1.09609e-28	4.90605e-30	2.05848e-31	8.10973e-33	3.1089e-34	3.1089e-34	
0.275947	0.275947	0.427576	0.684354	0.967004	1.2201	1.44429	1.63422	1.75489	1.80492	1.79779	1.74037	1.64628	1.52393	1.39022	1.25424	1.13167	1.02763	0.955003	0.910902	0.899866	0.925527	0.980391	1.06612	1.17945	1.3078	1.44503	1.57507	1.68805	1.7689	1.80686	1.79269	1.71602	1.56431	1.35789	1.12316	0.852346	0.560667	0.308179	0.140042	0.0528421	0.0167311	0.00449905	0.00103954	0.000208614	3.67531e-05	5.87641e-06	1.26485e-06	1.30355e-06	2.77818e-06	5.76064e-06	1.09224e-05	1.89729e-05	3.03494e-05	4.49255e-05	6.18073e-05	7.93202e-05	9.52411e-05	0.000107238	0.000113398	0.000112695	0.000105247	9.22858e-05	7.58505e-05	5.82938e-05	4.17597e-05	2.7778e-05	1.70809e-05	9.66051e-06	4.99859e-06	2.35377e-06	1.00383e-06	3.86152e-07	1.33552e-07	4.14307e-08	1.15124e-08	2.86395e-09	6.38068e-10	1.27452e-10	2.28641e-11	3.69194e-12	5.37983e-13	7.09444e-14	8.49146e-15	9.25255e-16	9.20551e-17	8.38702e-18	7.01726e-19	5.40636e-20	3.84543e-21	2.53137e-22	1.54579e-23	8.77582e-25	4.64164e-26	2.29169e-27	1.05814e-28	4.57715e-30	1.85799e-31	7.3422e-33	7.3422e-33	
0.487762	0.487762	0.663037	0.929192	1.19349	1.42997	1.63422	1.7614	1.80357	1.78597	1.69957	1.56061	1.38161	1.18251	0.979804	0.789932	0.624734	0.491429	0.394259	0.338707	0.324797	0.355794	0.4287	0.541645	0.687103	0.864098	1.05979	1.26347	1.45634	1.6216	1.7417	1.80029	1.79514	1.72148	1.55789	1.3366	1.08335	0.789452	0.489105	0.250573	0.105793	0.0371218	0.0109595	0.00275715	0.000598194	0.000113477	2.00847e-05	6.23217e-06	8.72134e-06	1.82927e-05	3.62473e-05	6.58265e-05	0.000109982	0.000169991	0.000244306	0.000327929	0.000412667	0.00048833	0.000544634	0.000573338	0.000570069	0.000535327	0.000474373	0.000396021	0.000310712	0.000228374	0.000156631	9.97804e-05	5.8732e-05	3.17605e-05	1.56875e-05	7.03836e-06	2.85444e-06	1.04219e-06	3.41524e-07	1.00245e-07	2.63286e-08	6.18721e-09	1.302e-09	2.45724e-10	4.16792e-11	6.36983e-12	8.79622e-13	1.10083e-13	1.25233e-14	1.29904e-15	1.23232e-16	1.07223e-17	8.58067e-19	6.33265e-20	4.32095e-21	2.73241e-22	1.60499e-23	8.77582e-25	4.4758e-26	2.13328e-27	9.51916e-29	3.98364e-30	1.62363e-31	1.62363e-31	
0.76395	0.76395	0.926994	1.16121	1.39462	1.60786	1.75489	1.80357	1.78333	1.67828	1.49759	1.27533	1.02017	0.7611	0.507935	0.280309	0.0852403	-0.0700109	-0.178398	-0.237582	-0.250591	-0.218952	-0.139311	-0.0135713	0.158381	0.367999	0.606026	0.864467	1.12331	1.36867	1.57543	1.7311	1.79905	1.79408	1.70628	1.52151	1.2845	1.00674	0.690696	0.395924	0.186592	0.0725401	0.0235256	0.00644928	0.00151442	0.000310723	6.35846e-05	3.11168e-05	5.26621e-05	0.000106749	0.00020149	0.00034966	0.000560763	0.000835985	0.00116468	0.00152336	0.00187789	0.00218846	0.00241649	0.00253184	0.00251873	0.00237896	0.00213155	0.00180888	0.00145036	0.00109518	0.000775691	0.000512875	0.000314836	0.000178353	9.2649e-05	4.38581e-05	1.88113e-05	7.27481e-06	2.52682e-06	7.86113e-07	2.18703e-07	5.43829e-08	1.20925e-08	2.40765e-09	4.30089e-10	6.91025e-11	1.00144e-11	1.31302e-12	1.56236e-13	1.69245e-14	1.67423e-15	1.51698e-16	1.26258e-17	9.67936e-19	6.85304e-20	4.49205e-21	2.73241e-22	1.54579e-23	8.15007e-25	4.01265e-26	1.84826e-27	7.97879e-29	3.35607e-30	3.35607e-30	
1.08133	1.08133	1.20025	1.37706	1.5699	1.73397	1.80492	1.78597	1.67828	1.47292	1.22151	0.920115	0.605876	0.290074	0.00257526	-0.252229	-0.455541	-0.611074	-0.71784	-0.778267	-0.793073	-0.758005	-0.681351	-0.556814	-0.379775	-0.156298	0.113291	0.415245	0.731018	1.04578	1.32688	1.56343	1.73396	1.80143	1.78665	1.66607	1.45653	1.19847	0.889989	0.563039	0.294089	0.126207	0.0448721	0.0133893	0.0034031	0.000762215	0.000195431	0.000153275	0.000282783	0.000547411	0.000981002	0.00162258	0.00249211	0.00357635	0.00482188	0.0061371	0.00740276	0.00848886	0.00927475	0.00966888	0.00962419	0.00914605	0.00829132	0.00715881	0.00587271	0.00456243	0.0033429	0.0022987	0.00147504	0.000877651	0.000480902	0.000240979	0.000109703	4.51064e-05	1.66707e-05	5.51843e-06	1.63242e-06	4.31075e-07	1.0163e-07	2.14149e-08	4.04055e-09	6.84322e-10	1.04331e-10	1.43627e-11	1.79113e-12	2.02996e-13	2.09751e-14	1.98208e-15	1.71807e-16	1.36993e-17	1.00757e-18	6.85304e-20	4.32095e-21	2.53137e-22	1.38085e-23	7.02804e-25	3.34385e-26	1.49001e-27	6.47217e-29	6.47217e-29	
1.41147	1.41147	1.46974	1.57699	1.71297	1.80507	1.79779	1.69957	1.49759	1.22151	0.886084	0.517342	0.153636	-0.191222	-0.493417	-0.742206	-0.940833	-1.07973	-1.17353	-1.22113	-1.23064	-1.20874	-1.1437	-1.02921	-0.86687	-0.650046	-0.376155	-0.058796	0.299716	0.664252	1.02876	1.33771	1.59145	1.74941	1.80677	1.75984	1.59657	1.3618	1.0717	0.735619	0.42121	0.198162	0.0768854	0.0248939	0.00684841	0.00171218	0.000616772	0.000712244	0.00133279	0.00244335	0.00414304	0.00651277	0.00955611	0.0131728	0.0171572	0.0212178	0.0250135	0.0281979	0.030465	0.0315912	0.0314639	0.0300958	0.0276235	0.0242899	0.0204124	0.0163405	0.0124086	0.00889338	0.00598046	0.00374825	0.0021735	0.00115716	0.000561374	0.000246463	9.73543e-05	3.44431e-05	1.08806e-05	3.06403e-06	7.68906e-07	1.72087e-07	3.44088e-08	6.16143e-09	9.90917e-10	1.43587e-10	1.88084e-11	2.23466e-12	2.4162e-13	2.38518e-14	2.15639e-15	1.79079e-16	1.36993e-17	9.67936e-19	6.33265e-20	3.84543e-21	2.17217e-22	1.14379e-23	5.62548e-25	2.58921e-26	1.16222e-27	1.16222e-27	
1.72939	1.72939	1.72589	1.75924	1.82084	1.82685	1.74037	1.56061	1.27533	0.920115	0.517342	0.111643	-0.286847	-0.635409	-0.934263	-1.15925	-1.32205	-1.42817	-1.48366	-1.5143	-1.5244	-1.50652	-1.46486	-1.39043	-1.26621	-1.07668	-0.822551	-0.503367	-0.130438	0.272454	0.681545	1.06889	1.39907	1.64371	1.77638	1.80281	1.70004	1.49673	1.22917	0.900043	0.557652	0.28495	0.119836	0.0419145	0.0125178	0.00367236	0.00204339	0.00299542	0.0054453	0.00939272	0.0150153	0.0223657	0.0312703	0.0413159	0.0518918	0.0622626	0.0716539	0.0793378	0.084711	0.0873519	0.0870544	0.0838417	0.0779648	0.0698851	0.0602363	0.0497621	0.0392362	0.0293754	0.0207562	0.0137452	0.00846491	0.00480751	0.00249666	0.00117613	0.000499061	0.000189677	6.43105e-05	1.94053e-05	5.20667e-06	1.24284e-06	2.64344e-07	5.02177e-08	8.54576e-09	1.30701e-09	1.80277e-10	2.25043e-11	2.55131e-12	2.63576e-13	2.48949e-14	2.15639e-15	1.71807e-16	1.26258e-17	8.58067e-19	5.40636e-20	3.16532e-21	1.72586e-22	8.78129e-24	4.17777e-25	1.93929e-26	1.93929e-26	
2.01764	2.01764	1.96098	1.92071	1.895	1.81074	1.64628	1.38161	1.02017	0.605876	0.153636	-0.286847	-0.68862	-1.02347	-1.2807	-1.45806	-1.56251	-1.61464	-1.63333	-1.62969	-1.62749	-1.63313	-1.62848	-1.60011	-1.52865	-1.39454	-1.18907	-0.896798	-0.535728	-0.113284	0.335545	0.77719	1.17236	1.49658	1.70617	1.80258	1.76582	1.60314	1.36084	1.04773	0.693185	0.380685	0.172141	0.0647676	0.0212754	0.00799141	0.00683059	0.0110536	0.0190468	0.0307432	0.0461672	0.0649688	0.086348	0.109146	0.132001	0.153495	0.172297	0.187267	0.197535	0.202526	0.201966	0.195886	0.18462	0.168804	0.149364	0.127487	0.10453	0.081911	0.0609641	0.0427866	0.0280865	0.0170894	0.00954733	0.00485219	0.00222457	0.000913652	0.000334418	0.000108728	3.13544e-05	8.02057e-06	1.82251e-06	3.68739e-07	6.66286e-08	1.07891e-08	1.57136e-09	2.06604e-10	2.46134e-11	2.66643e-12	2.63576e-13	2.38518e-14	1.98208e-15	1.51698e-16	1.07223e-17	7.01726e-19	4.26259e-20	2.40875e-21	1.26896e-22	6.24519e-24	3.00022e-25	3.00022e-25	
2.26689	2.26689	2.16926	2.05872	1.94024	1.76656	1.52393	1.18251	0.7611	0.290074	-0.191222	-0.635409	-1.02347	-1.31887	-1.51969	-1.62499	-1.65111	-1.62964	-1.58714	-1.55767	-1.55294	-1.5668	-1.6036	-1.64232	-1.64833	-1.5935	-1.45173	-1.21238	-0.878572	-0.463176	-0.00194228	0.482654	0.93434	1.32531	1.60722	1.76914	1.79745	1.68175	1.46739	1.17458	0.819743	0.478726	0.230905	0.0934197	0.0349527	0.0184492	0.021491	0.034992	0.0563313	0.0846861	0.119093	0.157984	0.199304	0.240814	0.280331	0.315901	0.345913	0.369158	0.384806	0.392335	0.391494	0.382312	0.365092	0.340416	0.309184	0.272685	0.232605	0.190955	0.149943	0.111793	0.0784726	0.0513656	0.0310274	0.0171125	0.00853163	0.00381211	0.00151646	0.000534691	0.000166722	4.59566e-05	1.1212e-05	2.42675e-06	4.67443e-07	8.04211e-08	1.2406e-08	1.72276e-09	2.16199e-10	2.46134e-11	2.55131e-12	2.4162e-13	2.09751e-14	1.67423e-15	1.23232e-16	8.38702e-18	5.29137e-19	3.10196e-20	1.69348e-21	8.62861e-23	4.29352e-24	4.29352e-24	
2.47459	2.47459	2.34674	2.17059	1.9615	1.7058	1.39022	0.979804	0.507935	0.00257526	-0.493417	-0.934263	-1.2807	-1.51969	-1.63653	-1.6547	-1.59394	-1.49576	-1.40559	-1.34127	-1.32396	-1.36152	-1.43858	-1.53916	-1.62472	-1.65731	-1.60437	-1.43622	-1.15593	-0.765477	-0.300247	0.206963	0.699681	1.14458	1.49206	1.71441	1.8021	1.73486	1.55041	1.27953	0.932124	0.57327	0.293241	0.128857	0.0584399	0.0442398	0.0600161	0.0934192	0.139278	0.194428	0.25571	0.319732	0.383231	0.443376	0.497857	0.544936	0.58343	0.612611	0.631992	0.641242	0.640213	0.628922	0.607552	0.576468	0.536191	0.487522	0.431752	0.370735	0.306888	0.243138	0.182785	0.129093	0.0846854	0.05098	0.0278291	0.0136294	0.00593776	0.00228746	0.000776642	0.000232169	6.11656e-05	1.42348e-05	2.93607e-06	5.38814e-07	8.83439e-08	1.29966e-08	1.72276e-09	2.06604e-10	2.25043e-11	2.23466e-12	2.02996e-13	1.69245e-14	1.29904e-15	9.20551e-17	6.03881e-18	3.67634e-19	2.08187e-20	1.09913e-21	5.66969e-23	5.66969e-23	
2.64195	2.64195	2.49099	2.25615	1.96699	1.63842	1.25424	0.789932	0.280309	-0.252229	-0.742206	-1.15925	-1.45806	-1.62499	-1.6547	-1.57429	-1.42347	-1.25777	-1.13235	-1.07465	-1.06574	-1.08945	-1.17539	-1.32177	-1.48763	-1.61764	-1.65802	-1.57468	-1.35526	-1.00354	-0.554945	-0.0399401	0.48389	0.972317	1.37294	1.64844	1.78895	1.76722	1.61231	1.36325	1.02791	0.660838	0.358529	0.175877	0.1028	0.102274	0.143297	0.207853	0.285949	0.370939	0.457613	0.541861	0.6207	0.692028	0.754398	0.806988	0.849383	0.881306	0.902395	0.912391	0.911282	0.899071	0.875797	0.841758	0.797305	0.742717	0.67847	0.605501	0.525385	0.440372	0.353628	0.269335	0.192244	0.12686	0.0763042	0.0412788	0.0198615	0.00843108	0.00314221	0.00102627	0.000293909	7.39777e-05	1.64229e-05	3.22916e-06	5.64928e-07	8.83439e-08	1.2406e-08	1.57136e-09	1.80277e-10	1.88084e-11	1.79113e-12	1.56236e-13	1.25233e-14	9.25255e-16	6.31869e-17	3.99906e-18	2.35135e-19	1.28748e-20	6.89095e-22	6.89095e-22	
2.77152	2.77152	2.60201	2.318	1.96323	1.5729	1.13167	0.624734	0.0852403	-0.455541	-0.940833	-1.32205	-1.56251	-1.65111	-1.59394	-1.42347	-1.21126	-1.0092	-0.883159	-0.85078	-0.850354	-0.853985	-0.920795	-1.08704	-1.29605	-1.5019	-1.63323	-1.63315	-1.48595	-1.18309	-0.75884	-0.242473	0.297607	0.816271	1.26048	1.58038	1.76635	1.7851	1.65682	1.42791	1.10761	0.742083	0.431486	0.245967	0.185623	0.212184	0.287018	0.384487	0.490053	0.595675	0.6968	0.790911	0.876602	0.952787	1.01885	1.07451	1.1195	1.15327	1.17538	1.18582	1.18467	1.17192	1.14747	1.11142	1.06424	1.00648	0.938352	0.860194	0.772714	0.677056	0.57472	0.46835	0.362143	0.261858	0.174152	0.104749	0.0561364	0.0265003	0.0109405	0.00393724	0.00123508	0.000338481	8.13474e-05	1.7224e-05	3.22916e-06	5.38814e-07	8.04211e-08	1.07891e-08	1.30701e-09	1.43587e-10	1.43627e-11	1.31302e-12	1.10083e-13	8.49146e-15	6.04445e-16	3.98151e-17	2.43319e-18	1.38304e-19	7.68799e-21	7.68799e-21	
2.86598	2.86598	2.68226	2.36169	1.95702	1.51433	1.02763	0.491429	-0.0700109	-0.611074	-1.07973	-1.42817	-1.61464	-1.62964	-1.49576	-1.25777	-1.0092	-0.838481	-0.767548	-0.781271	-0.794307	-0.770051	-0.783973	-0.895675	-1.10181	-1.36091	-1.56488	-1.64281	-1.56218	-1.30468	-0.906402	-0.399569	0.148862	0.689998	1.16728	1.51791	1.73924	1.79348	1.68867	1.47786	1.17586	0.823942	0.523891	0.355128	0.321586	0.37956	0.48259	0.601083	0.720916	0.836309	0.944871	1.04537	1.13655	1.21717	1.28687	1.34513	1.39152	1.42543	1.44733	1.45789	1.45674	1.4439	1.41965	1.38325	1.3344	1.27381	1.20188	1.11909	1.02593	0.923704	0.813585	0.696639	0.574615	0.450555	0.329945	0.221064	0.132792	0.070333	0.0324777	0.0130005	0.00450559	0.00135467	0.000354776	8.13474e-05	1.64229e-05	2.93607e-06	4.67443e-07	6.66286e-08	8.54576e-09	9.90917e-10	1.04331e-10	1.00144e-11	8.79622e-13	7.09444e-14	5.27075e-15	3.61775e-16	2.30039e-17	1.35869e-18	7.85163e-20	7.85163e-20	
2.92884	2.92884	2.73606	2.39011	1.94788	1.46894	0.955003	0.394259	-0.178398	-0.71784	-1.17353	-1.48366	-1.63333	-1.58714	-1.40559	-1.13235	-0.883159	-0.767548	-0.74989	-0.794315	-0.814842	-0.771491	-0.74981	-0.799217	-0.967171	-1.24992	-1.48866	-1.62818	-1.59434	-1.37909	-1.00428	-0.512347	0.0465394	0.595786	1.09701	1.47255	1.71599	1.79608	1.71211	1.52021	1.24288	0.919717	0.649694	0.511272	0.505037	0.583494	0.700364	0.829286	0.958642	1.08311	1.19958	1.30573	1.39941	1.48015	1.54798	1.60289	1.64487	1.67515	1.69491	1.7046	1.70354	1.69179	1.66996	1.63743	1.59293	1.5354	1.46501	1.38167	1.28543	1.17699	1.05865	0.932416	0.800467	0.664535	0.526151	0.389023	0.261788	0.156451	0.0815249	0.0366535	0.0141664	0.00471232	0.00135467	0.000338481	7.39777e-05	1.42348e-05	2.42675e-06	3.68739e-07	5.02177e-08	6.16143e-09	6.84322e-10	6.91025e-11	6.36983e-12	5.37983e-13	4.17728e-14	2.99134e-15	1.98126e-16	1.21717e-17	7.31964e-19	7.31964e-19	
2.96329	2.96329	2.76546	2.4049	1.94178	1.44266	0.910902	0.338707	-0.237582	-0.778267	-1.22113	-1.5143	-1.62969	-1.55767	-1.34127	-1.07465	-0.85078	-0.781271	-0.794315	-0.780178	-0.768411	-0.786931	-0.789963	-0.791085	-0.924969	-1.18536	-1.43687	-1.61094	-1.60433	-1.41973	-1.05838	-0.574566	-0.0136361	0.542583	1.05497	1.44553	1.70289	1.79942	1.73354	1.56528	1.32295	1.04217	0.811235	0.700077	0.708918	0.797109	0.924711	1.06575	1.20528	1.33536	1.45213	1.55388	1.64009	1.71251	1.7711	1.81748	1.85213	1.87793	1.89471	1.9017	1.90092	1.89211	1.87342	1.84593	1.80916	1.76038	1.69916	1.624	1.53482	1.42995	1.31023	1.17736	1.03438	0.88578	0.735316	0.584282	0.433799	0.291524	0.172215	0.0876986	0.0381544	0.0141664	0.00450559	0.00123508	0.000293909	6.11656e-05	1.1212e-05	1.82251e-06	2.64344e-07	3.44088e-08	4.04055e-09	4.30089e-10	4.16792e-11	3.69194e-12	3.00022e-13	2.24423e-14	1.55003e-15	9.91465e-17	6.21091e-18	6.21091e-18	
2.97113	2.97113	2.77202	2.40787	1.94063	1.43775	0.899866	0.324797	-0.250591	-0.793073	-1.23064	-1.5244	-1.62749	-1.55294	-1.32396	-1.06574	-0.850354	-0.794307	-0.814842	-0.768411	-0.740681	-0.793229	-0.812067	-0.796684	-0.922451	-1.16915	-1.42369	-1.60634	-1.60587	-1.42964	-1.0691	-0.586841	-0.0277784	0.532158	1.04407	1.43842	1.70328	1.81007	1.76245	1.62577	1.42712	1.19049	0.990273	0.894846	0.915199	1.01791	1.1593	1.30713	1.44535	1.56834	1.67499	1.76514	1.84001	1.90074	1.94798	1.98381	2.01015	2.02799	2.03875	2.04244	2.04197	2.03711	2.02498	2.00559	1.97744	1.93958	1.88972	1.82625	1.74836	1.65504	1.54487	1.41823	1.27499	1.11786	0.95253	0.786569	0.623273	0.461412	0.30713	0.177741	0.0876986	0.0366535	0.0130005	0.00393724	0.00102627	0.000232169	4.59566e-05	8.02057e-06	1.24284e-06	1.72087e-07	2.14149e-08	2.40765e-09	2.45724e-10	2.28641e-11	1.94726e-12	1.52342e-13	1.09841e-14	7.32254e-16	4.78316e-17	4.78316e-17	
2.95264	2.95264	2.7566	2.40051	1.94325	1.45065	0.925527	0.355794	-0.218952	-0.758005	-1.20874	-1.50652	-1.63313	-1.5668	-1.36152	-1.08945	-0.853985	-0.770051	-0.771491	-0.786931	-0.793229	-0.780752	-0.766719	-0.786651	-0.932299	-1.2048	-1.45304	-1.61738	-1.60333	-1.40952	-1.04219	-0.554359	0.00614812	0.558456	1.06876	1.45811	1.71969	1.83351	1.80905	1.7105	1.55285	1.34627	1.16426	1.08677	1.12817	1.24492	1.38752	1.52837	1.65701	1.76898	1.8632	1.93833	1.99685	2.03887	2.06891	2.08728	2.09934	2.10493	2.10781	2.11031	2.10995	2.10721	2.10414	2.09747	2.08425	2.06393	2.0315	1.98656	1.92462	1.84589	1.74781	1.63187	1.49809	1.34699	1.17921	0.998983	0.817893	0.642785	0.470708	0.30713	0.172215	0.0815249	0.0324777	0.0109405	0.00314221	0.000776642	0.000166722	3.13544e-05	5.20667e-06	7.68906e-07	1.0163e-07	1.20925e-08	1.302e-09	1.27452e-10	1.13912e-11	9.33161e-13	7.03135e-14	4.88998e-15	3.33393e-16	3.33393e-16	
2.90701	2.90701	2.7176	2.38065	1.95136	1.48486	0.980391	0.4287	-0.139311	-0.681351	-1.1437	-1.46486	-1.62848	-1.6036	-1.43858	-1.17539	-0.920795	-0.783973	-0.74981	-0.789963	-0.812067	-0.766719	-0.753031	-0.82611	-1.00972	-1.29066	-1.51636	-1.63554	-1.58373	-1.35485	-0.972568	-0.473151	0.083514	0.630156	1.12437	1.49914	1.7571	1.87803	1.87931	1.81584	1.683	1.49103	1.33021	1.28104	1.33865	1.45479	1.59109	1.72443	1.84086	1.93515	2.00682	2.05692	2.08984	2.1076	2.11474	2.11385	2.10878	2.10355	2.09775	2.09476	2.09511	2.09875	2.10462	2.10985	2.11454	2.11398	2.10508	2.08446	2.04849	1.99419	1.91817	1.81862	1.69643	1.55305	1.39312	1.21605	1.02287	0.828478	0.642785	0.461412	0.291524	0.156451	0.070333	0.0265003	0.00843108	0.00228746	0.000534691	0.000108728	1.94053e-05	3.06403e-06	4.31075e-07	5.43829e-08	6.18721e-09	6.38068e-10	5.99209e-11	5.14557e-12	4.05577e-13	2.94504e-14	2.09761e-15	2.09761e-15	
2.83192	2.83192	2.65344	2.3463	1.96005	1.53645	1.06612	0.541645	-0.0135713	-0.556814	-1.02921	-1.39043	-1.60011	-1.64232	-1.53916	-1.32177	-1.08704	-0.895675	-0.799217	-0.791085	-0.796684	-0.786651	-0.82611	-0.962955	-1.17783	-1.41683	-1.59735	-1.64279	-1.53842	-1.25933	-0.854256	-0.343432	0.203679	0.739753	1.21021	1.566	1.81749	1.94509	1.96963	1.92683	1.80101	1.62295	1.49208	1.46444	1.52643	1.64328	1.77398	1.89023	1.98156	2.04872	2.09125	2.1135	2.11736	2.10797	2.0881	2.06424	2.03901	2.01629	1.99973	1.99138	1.99236	2.00244	2.0204	2.04401	2.06916	2.09257	2.11083	2.1178	2.11075	2.0845	2.03733	1.96488	1.86665	1.73988	1.58629	1.4155	1.22822	1.02287	0.817893	0.623273	0.433799	0.261788	0.132792	0.0561364	0.0198615	0.00593776	0.00151646	0.000334418	6.43105e-05	1.08806e-05	1.63242e-06	2.18703e-07	2.63286e-08	2.86395e-09	2.82897e-10	2.54894e-11	2.10337e-12	1.59591e-13	1.18841e-14	1.18841e-14	
2.72388	2.72388	2.56136	2.2956	1.96522	1.599	1.17945	0.687103	0.158381	-0.379775	-0.86687	-1.26621	-1.52865	-1.64833	-1.62472	-1.48763	-1.29605	-1.10181	-0.967171	-0.924969	-0.922451	-0.932299	-1.00972	-1.17783	-1.3755	-1.5531	-1.65106	-1.61718	-1.44214	-1.11989	-0.681623	-0.167129	0.368898	0.881292	1.32089	1.65761	1.89972	2.03039	2.06735	2.02753	1.90264	1.74465	1.63819	1.62334	1.69621	1.81026	1.91983	2.01048	2.07483	2.11129	2.12018	2.10628	2.07444	2.03014	1.9798	1.9275	1.88044	1.84156	1.81397	1.80184	1.80322	1.81833	1.84853	1.88924	1.93771	1.99023	2.03968	2.08219	2.11064	2.1205	2.10607	2.06394	1.99241	1.89207	1.76142	1.59765	1.4155	1.21605	0.998983	0.786569	0.584282	0.389023	0.221064	0.104749	0.0412788	0.0136294	0.00381211	0.000913652	0.000189677	3.44431e-05	5.51843e-06	7.86113e-07	1.00245e-07	1.15124e-08	1.1971e-09	1.13252e-10	9.79026e-12	7.76607e-13	6.04988e-14	6.04988e-14	
2.57957	2.57957	2.43724	2.22494	1.96627	1.66549	1.3078	0.864098	0.367999	-0.156298	-0.650046	-1.07668	-1.39454	-1.5935	-1.65731	-1.61764	-1.5019	-1.36091	-1.24992	-1.18536	-1.16915	-1.2048	-1.29066	-1.41683	-1.5531	-1.64494	-1.6463	-1.5294	-1.28222	-0.915835	-0.460562	0.0550534	0.569691	1.05103	1.45566	1.76677	1.9964	2.12333	2.15744	2.10992	1.98845	1.84832	1.759	1.76384	1.8428	1.93829	2.02817	2.09062	2.11881	2.11477	2.08342	2.02922	1.95923	1.87918	1.79504	1.71487	1.64222	1.58428	1.54323	1.52214	1.52461	1.54999	1.59454	1.65575	1.73046	1.81179	1.89597	1.97417	2.04152	2.09144	2.11794	2.1152	2.07988	2.00618	1.89953	1.76142	1.58629	1.39312	1.17921	0.95253	0.735316	0.526151	0.329945	0.174152	0.0763042	0.0278291	0.00853163	0.00222457	0.000499061	9.73543e-05	1.66707e-05	2.52682e-06	3.41524e-07	4.14307e-08	4.53721e-09	4.50881e-10	4.08459e-11	3.38847e-12	2.76248e-13	2.76248e-13	
2.39638	2.39638	2.27964	2.12898	1.9552	1.73175	1.44503	1.05979	0.606026	0.113291	-0.376155	-0.822551	-1.18907	-1.45173	-1.60437	-1.65802	-1.63323	-1.56488	-1.48866	-1.43687	-1.42369	-1.45304	-1.51636	-1.59735	-1.65106	-1.6463	-1.55819	-1.35784	-1.05556	-0.650145	-0.183652	0.314609	0.797821	1.23872	1.60138	1.88697	2.09905	2.20891	2.22824	2.17147	2.05386	1.926	1.8584	1.88304	1.95488	2.03636	2.0975	2.11941	2.10887	2.06346	1.98809	1.89076	1.77634	1.65595	1.53582	1.42311	1.32616	1.24851	1.19586	1.17211	1.17479	1.20414	1.26221	1.34412	1.44463	1.55974	1.68015	1.79981	1.91145	2.00534	2.07472	2.11403	2.11647	2.08529	2.00618	1.89207	1.73988	1.55305	1.34699	1.11786	0.88578	0.664535	0.450555	0.261858	0.12686	0.05098	0.0171125	0.00485219	0.00117613	0.000246463	4.51064e-05	7.27481e-06	1.04219e-06	1.33552e-07	1.54035e-08	1.60786e-09	1.5264e-10	1.32423e-11	1.12988e-12	1.12988e-12	
2.17202	2.17202	2.08945	2.00672	1.92546	1.78668	1.57507	1.26347	0.864467	0.415245	-0.058796	-0.503367	-0.896798	-1.21238	-1.43622	-1.57468	-1.63315	-1.64281	-1.62818	-1.61094	-1.60634	-1.61738	-1.63554	-1.64279	-1.61718	-1.5294	-1.35784	-1.09694	-0.747654	-0.330408	0.129499	0.603939	1.04126	1.43413	1.75158	2.00739	2.19077	2.27303	2.2742	2.20895	2.09232	1.97887	1.93952	1.97553	2.03911	2.0984	2.12031	2.10803	2.04922	1.95708	1.83315	1.68928	1.53282	1.37052	1.21383	1.07059	0.946015	0.848979	0.781565	0.747582	0.751506	0.79256	0.866075	0.969003	1.09812	1.24425	1.40254	1.56437	1.71977	1.85975	1.97829	2.06416	2.11361	2.11647	2.07988	1.99241	1.86665	1.69643	1.49809	1.27499	1.03438	0.800467	0.574615	0.362143	0.192244	0.0846854	0.0310274	0.00954733	0.00249666	0.000561374	0.000109703	1.88113e-05	2.85444e-06	3.86152e-07	4.68805e-08	5.13753e-09	5.10864e-10	4.63292e-11	4.13578e-12	4.13578e-12	
1.90657	1.90657	1.86982	1.85883	1.86931	1.82157	1.68805	1.45634	1.12331	0.731018	0.299716	-0.130438	-0.535728	-0.878572	-1.15593	-1.35526	-1.48595	-1.56218	-1.59434	-1.60433	-1.60587	-1.60333	-1.58373	-1.53842	-1.44214	-1.28222	-1.05557	-0.747671	-0.379846	0.0408984	0.476387	0.900115	1.28699	1.62257	1.89028	2.11231	2.25684	2.30752	2.29179	2.21761	2.1029	2.01306	2.00212	2.04274	2.09508	2.12321	2.1092	2.04788	1.94368	1.80262	1.63105	1.43762	1.23518	1.03281	0.838119	0.662448	0.514617	0.398404	0.31995	0.284054	0.288076	0.332328	0.418885	0.541886	0.695504	0.875569	1.07241	1.27672	1.47761	1.66698	1.83435	1.96688	2.06416	2.11403	2.1152	2.06394	1.96488	1.81862	1.63187	1.41823	1.17736	0.932416	0.696639	0.46835	0.269335	0.129093	0.0513656	0.0170894	0.00480751	0.00115716	0.000240979	4.38581e-05	7.03836e-06	1.00383e-06	1.28124e-07	1.47249e-08	1.53214e-09	1.45112e-10	1.35422e-11	1.35422e-11	
1.60491	1.60491	1.62553	1.68878	1.78196	1.82331	1.7689	1.6216	1.36867	1.04578	0.664252	0.272454	-0.113284	-0.463176	-0.765477	-1.00354	-1.18309	-1.30468	-1.37909	-1.41973	-1.42964	-1.40952	-1.35485	-1.25933	-1.1199	-0.915859	-0.650205	-0.33054	0.0406948	0.428082	0.824567	1.19323	1.51507	1.78549	2.00622	2.18657	2.28521	2.30802	2.27792	2.19538	2.09061	2.03374	2.04761	2.0892	2.12343	2.11543	2.06051	1.95298	1.80005	1.60574	1.38592	1.14563	0.898259	0.655563	0.427248	0.22218	0.0477878	-0.0861545	-0.17682	-0.221509	-0.216379	-0.162164	-0.0627183	0.0797033	0.260707	0.470882	0.704015	0.947988	1.19387	1.43247	1.64657	1.83435	1.97829	2.07472	2.11794	2.10607	2.03733	1.91817	1.74781	1.54487	1.31023	1.05865	0.813585	0.57472	0.353628	0.182785	0.0784726	0.0280865	0.00846491	0.0021735	0.000480902	9.2649e-05	1.56875e-05	2.35377e-06	3.15232e-07	3.79264e-08	4.12267e-09	4.07187e-10	3.96701e-11	3.96701e-11	
1.27958	1.27958	1.36293	1.49908	1.66034	1.78315	1.80686	1.7417	1.57543	1.32688	1.02876	0.681545	0.335545	-0.00194228	-0.300247	-0.554945	-0.75884	-0.906402	-1.00428	-1.05838	-1.0691	-1.04219	-0.972573	-0.854271	-0.681672	-0.460698	-0.183986	0.128778	0.475077	0.822865	1.16166	1.44951	1.70792	1.91076	2.08342	2.21427	2.27067	2.27346	2.23022	2.14482	2.06422	2.04702	2.07967	2.11593	2.12502	2.08	1.98101	1.82471	1.62305	1.3815	1.11024	0.825168	0.534741	0.253893	-0.00676736	-0.238698	-0.430949	-0.579818	-0.681712	-0.729663	-0.724259	-0.665431	-0.553609	-0.396072	-0.195493	0.0437651	0.308808	0.592182	0.883144	1.16622	1.43247	1.66698	1.85975	2.00534	2.09144	2.1205	2.0845	1.99419	1.84589	1.65504	1.42995	1.17699	0.923704	0.677056	0.440372	0.243138	0.111793	0.0427866	0.0137452	0.00374825	0.000877651	0.000178353	3.17605e-05	4.99859e-06	7.00553e-07	8.8017e-08	9.9724e-09	1.02495e-09	1.04034e-10	1.04034e-10	
0.951294	0.951294	1.09067	1.2925	1.50345	1.6908	1.79269	1.80029	1.7311	1.56343	1.33771	1.06889	0.77719	0.482654	0.206963	-0.0399401	-0.242473	-0.399569	-0.512347	-0.574566	-0.586843	-0.554367	-0.473178	-0.343522	-0.167391	0.0543737	0.313041	0.600714	0.894269	1.1843	1.43979	1.66704	1.84402	1.98053	2.10883	2.18785	2.21424	2.20257	2.14904	2.07525	2.03501	2.05705	2.10052	2.12644	2.10469	2.02102	1.87785	1.67558	1.42339	1.13413	0.818271	0.489156	0.160755	-0.154431	-0.443712	-0.697134	-0.90925	-1.07062	-1.17537	-1.22422	-1.21869	-1.15883	-1.04291	-0.870674	-0.649699	-0.388441	-0.0925573	0.225486	0.555418	0.883144	1.19387	1.47761	1.71977	1.91145	2.04152	2.11064	2.11075	2.04849	1.92462	1.74836	1.53482	1.28543	1.02593	0.772714	0.525385	0.306888	0.149943	0.0609641	0.0207562	0.00598046	0.00147504	0.000314836	5.8732e-05	9.66051e-06	1.41204e-06	1.84676e-07	2.17447e-08	2.31918e-09	2.44585e-10	2.44585e-10	
0.647057	0.647057	0.819304	1.07035	1.31713	1.5419	1.71602	1.79514	1.79905	1.73396	1.59145	1.39907	1.17236	0.93434	0.699681	0.48389	0.297607	0.148862	0.0465389	-0.0136387	-0.0277898	0.00610405	0.0833631	0.203222	0.367667	0.566744	0.791516	1.02915	1.26609	1.48312	1.66675	1.80653	1.90185	1.99571	2.06994	2.10716	2.11897	2.09439	2.04226	2.00205	2.0129	2.06784	2.11382	2.12134	2.06674	1.94527	1.75665	1.51123	1.21343	0.878647	0.519437	0.151787	-0.210053	-0.55485	-0.865255	-1.13713	-1.35887	-1.52735	-1.64306	-1.70097	-1.69433	-1.62423	-1.498	-1.31901	-1.0863	-0.80551	-0.488758	-0.138787	0.225486	0.592182	0.947988	1.27672	1.56437	1.79981	1.97417	2.08219	2.1178	2.08446	1.98656	1.82625	1.624	1.38167	1.11909	0.860194	0.605501	0.370735	0.190955	0.081911	0.0293754	0.00889338	0.0022987	0.000512875	9.97804e-05	1.70809e-05	2.59351e-06	3.51773e-07	4.28911e-08	4.73108e-09	5.16659e-10	5.16659e-10	
0.394563	0.394563	0.56406	0.831991	1.10657	1.3494	1.56431	1.72148	1.79408	1.80143	1.74941	1.64371	1.49658	1.32531	1.14458	0.972317	0.816271	0.689997	0.595783	0.542567	0.532094	0.558228	0.629433	0.737736	0.876308	1.04008	1.21718	1.39588	1.56095	1.69556	1.79403	1.85334	1.89895	1.93626	1.96054	1.98427	1.98541	1.95366	1.92806	1.94219	2.00395	2.07928	2.11912	2.10493	2.01675	1.85856	1.62917	1.34022	1.00147	0.626236	0.22888	-0.173258	-0.565004	-0.930451	-1.25998	-1.53937	-1.76487	-1.93638	-2.04672	-2.09637	-2.09086	-2.02958	-1.90698	-1.72401	-1.4878	-1.19771	-0.859699	-0.488758	-0.0925573	0.308808	0.704015	1.07241	1.40254	1.68015	1.89597	2.03968	2.11083	2.10508	2.0315	1.88972	1.69916	1.46501	1.20188	0.938352	0.67847	0.431752	0.232605	0.10453	0.0392362	0.0124086	0.0033429	0.000775691	0.000156631	2.7778e-05	4.36239e-06	6.1109e-07	7.68504e-08	8.73352e-09	9.83751e-10	9.83751e-10	
0.211815	0.211815	0.346403	0.586397	0.868206	1.12978	1.35789	1.55789	1.70628	1.78665	1.80677	1.77638	1.70617	1.60722	1.49206	1.37294	1.26047	1.16728	1.09699	1.05488	1.04376	1.06772	1.12136	1.20255	1.30364	1.42113	1.53936	1.65063	1.73994	1.80048	1.82634	1.82336	1.80629	1.7927	1.80592	1.82489	1.81328	1.79978	1.8305	1.9064	2.00797	2.09156	2.11888	2.07933	1.96046	1.7674	1.50105	1.17463	0.796778	0.386762	-0.042877	-0.473707	-0.886663	-1.27085	-1.60842	-1.89112	-2.11767	-2.28103	-2.38312	-2.43065	-2.42533	-2.36715	-2.25367	-2.07741	-1.8384	-1.5454	-1.19771	-0.80551	-0.388441	0.0437651	0.470882	0.875569	1.24425	1.55974	1.81179	1.99023	2.09257	2.11398	2.06393	1.93958	1.76038	1.5354	1.27381	1.00648	0.742717	0.487522	0.272685	0.127487	0.0497621	0.0163405	0.00456243	0.00109518	0.000228374	4.17597e-05	6.75229e-06	9.72629e-07	1.25634e-07	1.46503e-08	1.69505e-09	1.69505e-09	
0.0988191	0.0988191	0.185466	0.361936	0.609424	0.878125	1.12316	1.3366	1.52151	1.66607	1.75984	1.80281	1.80258	1.76914	1.71441	1.64844	1.58037	1.51789	1.47245	1.44513	1.43706	1.45403	1.4884	1.5412	1.60715	1.67545	1.73821	1.78638	1.80909	1.79931	1.75429	1.68759	1.62673	1.60402	1.61642	1.62287	1.6221	1.66522	1.76749	1.89587	2.02051	2.10074	2.11276	2.05013	1.90218	1.67934	1.37994	1.02143	0.610924	0.170297	-0.286799	-0.738973	-1.17034	-1.56204	-1.90237	-2.18213	-2.39317	-2.54428	-2.64716	-2.69922	-2.69337	-2.63045	-2.51812	-2.35646	-2.13151	-1.8384	-1.4878	-1.0863	-0.649699	-0.195493	0.260707	0.695504	1.09812	1.44463	1.73046	1.93771	2.06916	2.11454	2.08425	1.97744	1.80916	1.59293	1.3344	1.06424	0.797305	0.536191	0.309184	0.149364	0.0602363	0.0204124	0.00587271	0.00145036	0.000310712	5.82938e-05	9.6596e-06	1.42443e-06	1.88181e-07	2.24256e-08	2.65399e-09	2.65399e-09	
0.039795	0.039795	0.085353	0.191032	0.368123	0.602022	0.852346	1.08335	1.2845	1.45653	1.59657	1.70004	1.76582	1.79745	1.8021	1.78895	1.76632	1.73913	1.71554	1.70127	1.69822	1.70591	1.72443	1.74982	1.77628	1.79562	1.80316	1.78897	1.7464	1.67257	1.57518	1.47588	1.40436	1.37786	1.382	1.39981	1.45393	1.57548	1.74022	1.90145	2.03558	2.10787	2.10347	2.01984	1.84882	1.59906	1.27382	0.886909	0.451844	-0.0154495	-0.491317	-0.963493	-1.40376	-1.79934	-2.13976	-2.40249	-2.58987	-2.71874	-2.79676	-2.8302	-2.82674	-2.78515	-2.69717	-2.55737	-2.35646	-2.07741	-1.72401	-1.31901	-0.870674	-0.396072	0.0797033	0.541886	0.969003	1.34412	1.65575	1.88924	2.04401	2.10985	2.09747	2.00559	1.84593	1.63743	1.38325	1.11142	0.841758	0.576468	0.340416	0.168804	0.0698851	0.0242899	0.00715881	0.00180888	0.000396021	7.58505e-05	1.28196e-05	1.92657e-06	2.59202e-07	3.14394e-08	3.79017e-09	3.79017e-09	
0.0138135	0.0138135	0.0335806	0.0853309	0.187301	0.349687	0.560667	0.789452	1.00674	1.19847	1.3618	1.49673	1.60314	1.68175	1.73485	1.7672	1.78499	1.79301	1.79433	1.7937	1.79387	1.79392	1.79428	1.79074	1.77937	1.75645	1.71666	1.6542	1.56693	1.45689	1.33438	1.21909	1.13709	1.10779	1.13283	1.20757	1.34084	1.532	1.73678	1.91421	2.04898	2.11067	2.09463	1.99325	1.80374	1.53456	1.18725	0.780658	0.324368	-0.160589	-0.652393	-1.13753	-1.58372	-1.98181	-2.31349	-2.56107	-2.72311	-2.80668	-2.83425	-2.83777	-2.83772	-2.83173	-2.79551	-2.69717	-2.51812	-2.25367	-1.90698	-1.498	-1.04291	-0.553609	-0.0627183	0.418885	0.866075	1.26221	1.59454	1.84853	2.0204	2.10462	2.10414	2.02498	1.87342	1.66996	1.41965	1.14747	0.875797	0.607552	0.365092	0.18462	0.0779648	0.0276235	0.00829132	0.00213155	0.000474373	9.22858e-05	1.5832e-05	2.41372e-06	3.29292e-07	4.04856e-08	4.95115e-09	4.95115e-09	
0.00414284	0.00414284	0.0113052	0.0322427	0.0798331	0.169171	0.308179	0.489105	0.690696	0.889989	1.0717	1.22917	1.36084	1.46738	1.55039	1.61221	1.65638	1.68693	1.70618	1.71605	1.7182	1.713	1.69956	1.67616	1.64054	1.58988	1.52003	1.42845	1.31444	1.18106	1.03921	0.912526	0.836287	0.840818	0.929046	1.08094	1.28286	1.51835	1.74278	1.92683	2.05926	2.11175	2.08672	1.97297	1.77093	1.48708	1.12655	0.703956	0.235953	-0.263192	-0.764765	-1.2551	-1.71117	-2.10215	-2.4267	-2.67122	-2.80188	-2.83254	-2.82204	-2.8124	-2.81347	-2.82482	-2.83173	-2.78515	-2.63045	-2.36715	-2.02958	-1.62423	-1.15883	-0.665431	-0.162164	0.332328	0.79256	1.20414	1.54999	1.81833	2.00244	2.09875	2.10721	2.03711	1.89211	1.69179	1.4439	1.17192	0.899071	0.628922	0.382312	0.195886	0.0838417	0.0300958	0.00914605	0.00237896	0.000535327	0.000105247	1.82386e-05	2.80787e-06	3.86713e-07	4.79905e-08	5.92773e-09	5.92773e-09	
0.00107854	0.00107854	0.00327211	0.010359	0.0286189	0.0681323	0.140042	0.250573	0.395924	0.563039	0.735619	0.900043	1.04773	1.17457	1.27945	1.36287	1.42634	1.47224	1.50288	1.51962	1.52335	1.5145	1.49233	1.45584	1.40321	1.33205	1.24029	1.12726	0.994381	0.848331	0.706045	0.599072	0.568018	0.639281	0.800679	1.01473	1.25861	1.51609	1.74896	1.93428	2.06293	2.11271	2.08282	1.96061	1.75496	1.45958	1.09594	0.660664	0.190941	-0.320175	-0.823099	-1.3173	-1.78093	-2.16114	-2.48617	-2.73225	-2.83622	-2.83307	-2.81003	-2.80267	-2.80314	-2.81347	-2.83772	-2.82674	-2.69337	-2.42533	-2.09086	-1.69433	-1.21869	-0.724259	-0.216379	0.288076	0.751506	1.17479	1.52461	1.80322	1.99236	2.09511	2.10995	2.04197	1.90092	1.70354	1.45674	1.18467	0.911282	0.640213	0.391494	0.201966	0.0870544	0.0314639	0.00962419	0.00251873	0.000570069	0.000112695	1.96326e-05	3.03795e-06	4.20492e-07	5.24405e-08	6.51198e-09	6.51198e-09	
0.000245162	0.000245162	0.00081956	0.00285182	0.00870077	0.0230196	0.0528421	0.105793	0.186592	0.294089	0.42121	0.55765	0.693174	0.819683	0.931827	1.02662	1.10274	1.16007	1.19933	1.22125	1.22628	1.21456	1.1858	1.13941	1.07461	0.990967	0.889126	0.771381	0.643039	0.515087	0.407867	0.352938	0.38515	0.519892	0.733532	0.982741	1.24603	1.51235	1.74862	1.93479	2.063	2.11267	2.08248	1.95936	1.75361	1.45699	1.09325	0.656622	0.186926	-0.325549	-0.8284	-1.32323	-1.78755	-2.16637	-2.49175	-2.73798	-2.8389	-2.83254	-2.8089	-2.80229	-2.80267	-2.8124	-2.83777	-2.8302	-2.69922	-2.43065	-2.09637	-1.70097	-1.22422	-0.729663	-0.221509	0.284054	0.747582	1.17211	1.52214	1.80184	1.99138	2.09476	2.11031	2.04244	1.9017	1.7046	1.45789	1.18582	0.912391	0.641242	0.392335	0.202526	0.0873519	0.0315912	0.00966888	0.00253184	0.000573338	0.000113398	1.97646e-05	3.05978e-06	4.23707e-07	5.28652e-08	6.56792e-09	6.56792e-09	
4.89634e-05	4.89634e-05	0.000178928	0.000678513	0.0022653	0.0065942	0.0167311	0.0371218	0.07254	0.126207	0.198161	0.284943	0.380645	0.478514	0.572298	0.656975	0.728887	0.785597	0.825708	0.848558	0.853859	0.841539	0.811745	0.764879	0.701868	0.624507	0.535789	0.440273	0.344924	0.260701	0.205179	0.204114	0.285097	0.457943	0.697289	0.96118	1.23127	1.50072	1.73897	1.9275	2.06014	2.11184	2.08563	1.96973	1.7664	1.47975	1.11801	0.692335	0.223479	-0.27855	-0.780843	-1.27201	-1.73009	-2.11872	-2.44292	-2.68766	-2.8117	-2.83328	-2.8186	-2.8089	-2.81003	-2.82204	-2.83425	-2.79676	-2.64716	-2.38312	-2.04672	-1.64306	-1.17537	-0.681712	-0.17682	0.31995	0.781565	1.19586	1.54323	1.81397	1.99973	2.09775	2.10781	2.03875	1.89471	1.69491	1.44733	1.17538	0.902395	0.631992	0.384806	0.197535	0.084711	0.030465	0.00927475	0.00241649	0.000544634	0.000107238	1.86105e-05	2.86913e-06	3.95687e-07	4.91701e-08	6.08221e-09	6.08221e-09	
