1.12201	1.12201	1.33322	1.67556	2.05138	2.40062	2.69933	2.93468	3.09867	3.18973	3.21209	3.17448	3.08972	2.97476	2.84593	2.71638	2.5952	2.4937	2.4185	2.37437	2.36394	2.38814	2.44526	2.53149	2.64191	2.76817	2.89855	3.02352	3.12826	3.19612	3.21127	3.16212	3.04211	2.84815	2.58289	2.25211	1.85885	1.41555	0.96686	0.579741	0.30175	0.135952	0.0531543	0.0181303	0.00542991	0.00143773	0.000339166	7.26115e-05	1.60408e-05	7.10821e-06	8.91506e-06	1.43089e-05	2.22281e-05	3.24879e-05	4.46888e-05	5.79973e-05	7.11766e-05	8.27536e-05	9.12751e-05	9.55925e-05	9.51011e-05	8.98701e-05	8.06279e-05	6.86058e-05	5.52842e-05	4.21078e-05	3.02416e-05	2.04225e-05	1.29269e-05	7.64256e-06	4.20475e-06	2.1447e-06	1.01053e-06	4.38378e-07	1.74595e-07	6.36943e-08	2.12479e-08	6.47451e-09	1.80118e-09	4.575e-10	1.06158e-10	2.25249e-11	4.37624e-12	7.79766e-13	1.27655e-13	1.92385e-14	2.6745e-15	3.43685e-16	4.09099e-17	4.52005e-18	4.64501e-19	4.44852e-20	3.97795e-21	3.32748e-22	2.60827e-23	1.91913e-24	1.32762e-25	8.64996e-27	5.62085e-28	5.62085e-28	
1.12201	1.12201	1.33322	1.67556	2.05138	2.40062	2.69933	2.93468	3.09867	3.18973	3.21209	3.17448	3.08972	2.97476	2.84593	2.71638	2.5952	2.4937	2.4185	2.37437	2.36394	2.38814	2.44526	2.53149	2.64191	2.76817	2.89855	3.02352	3.12826	3.19612	3.21127	3.16212	3.04211	2.84815	2.58289	2.25211	1.85885	1.41555	0.96686	0.579741	0.30175	0.135952	0.0531543	0.0181303	0.00542991	0.00143773	0.000339166	7.26115e-05	1.60408e-05	7.10821e-06	8.91506e-06	1.43089e-05	2.22281e-05	3.24879e-05	4.46888e-05	5.79973e-05	7.11766e-05	8.27536e-05	9.12751e-05	9.55925e-05	9.51011e-05	8.98701e-05	8.06279e-05	6.86058e-05	5.52842e-05	4.21078e-05	3.02416e-05	2.04225e-05	1.29269e-05	7.64256e-06	4.20475e-06	2.1447e-06	1.01053e-06	4.38378e-07	1.74595e-07	6.36943e-08	2.12479e-08	6.47451e-09	1.80118e-09	4.575e-10	1.06158e-10	2.25249e-11	4.37624e-12	7.79766e-13	1.27655e-13	1.92385e-14	2.6745e-15	3.43685e-16	4.09099e-17	4.52005e-18	4.64501e-19	4.44852e-20	3.97795e-21	3.32748e-22	2.60827e-23	1.91913e-24	1.32762e-25	8.64996e-27	5.62085e-28	5.62085e-28	
1.33322	1.33322	1.46316	1.69666	1.99678	2.31486	2.59456	2.80084	2.92758	2.98168	2.97543	2.92127	2.8326	2.72092	2.59717	2.47212	2.35829	2.26414	2.19401	2.15305	2.14412	2.16571	2.21926	2.2997	2.40218	2.52147	2.64772	2.76769	2.87164	2.94766	2.98439	2.9679	2.88534	2.72562	2.48154	2.16204	1.79805	1.41929	1.04196	0.690296	0.402224	0.203269	0.0887645	0.0335829	0.011072	0.00320416	0.000821833	0.00019261	5.04845e-05	3.01014e-05	4.09601e-05	6.41808e-05	9.6593e-05	0.000137194	0.000184116	0.000234078	0.000282589	0.000324558	0.000355121	0.000370509	0.000368761	0.0003501	0.000316894	0.000273195	0.000223985	0.000174298	0.000128418	8.93201e-05	5.8454e-05	3.58602e-05	2.05408e-05	1.09405e-05	5.39634e-06	2.4555e-06	1.02725e-06	3.93978e-07	1.38218e-07	4.42876e-08	1.29494e-08	3.45432e-09	8.40936e-10	1.86985e-10	3.80216e-11	7.08116e-12	1.21006e-12	1.90105e-13	2.75141e-14	3.67634e-15	4.54469e-16	5.20886e-17	5.54672e-18	5.49879e-19	5.085e-20	4.3947e-21	3.5561e-22	2.69887e-23	1.92431e-24	1.29132e-25	8.64996e-27	8.64996e-27	
1.67556	1.67556	1.69666	1.78401	1.95744	2.16956	2.35903	2.49929	2.5795	2.5985	2.5637	2.48609	2.38059	2.25806	2.13132	2.00981	1.90498	1.81763	1.75489	1.71854	1.71034	1.73009	1.77679	1.85023	1.94529	2.05643	2.18177	2.30789	2.42528	2.521	2.58284	2.59743	2.55284	2.44342	2.26828	2.02732	1.74039	1.44742	1.16097	0.867028	0.576701	0.331812	0.163367	0.0688873	0.025038	0.00791446	0.00220568	0.000569866	0.000182165	0.000139084	0.000196813	0.000300314	0.00043862	0.000606464	0.000795263	0.00099174	0.00117898	0.00133864	0.00145372	0.00151131	0.00150478	0.00143488	0.00130964	0.00114297	0.000952396	0.000756171	0.000570624	0.00040804	0.000275533	0.000175017	0.000104134	5.77813e-05	2.97658e-05	1.41746e-05	6.21521e-06	2.50083e-06	9.20897e-07	3.09722e-07	9.50208e-08	2.65773e-08	6.7778e-09	1.57701e-09	3.35148e-10	6.51538e-11	1.16068e-11	1.89848e-12	2.85714e-13	3.96486e-14	5.08444e-15	6.03844e-16	6.65585e-17	6.82316e-18	6.51855e-19	5.81496e-20	4.85273e-21	3.79531e-22	2.7866e-23	1.92431e-24	1.32762e-25	1.32762e-25	
2.05138	2.05138	1.99678	1.95744	1.96424	1.99711	2.04535	2.0881	2.09511	2.06088	1.98546	1.88138	1.76026	1.6349	1.51473	1.40648	1.31404	1.23985	1.18905	1.1599	1.15193	1.16956	1.20611	1.26656	1.34856	1.44781	1.56092	1.68465	1.80924	1.92545	2.01895	2.07816	2.09312	2.05919	1.98252	1.87216	1.71399	1.51237	1.29467	1.05647	0.783673	0.506082	0.27859	0.130275	0.0520416	0.0179426	0.00544512	0.00157761	0.000636576	0.000593887	0.000851311	0.00126048	0.00178447	0.00239981	0.00307271	0.00375643	0.00439539	0.00493201	0.00531465	0.00550496	0.00548342	0.00525226	0.00483508	0.00427343	0.00362078	0.0029349	0.00227008	0.00167035	0.00116504	0.000767172	0.000474827	0.000274927	0.000148192	7.40068e-05	3.40889e-05	1.44253e-05	5.5896e-06	1.9783e-06	6.38436e-07	1.877e-07	5.02635e-08	1.22654e-08	2.73014e-09	5.5511e-10	1.03281e-10	1.76184e-11	2.76148e-12	3.98569e-13	5.30921e-14	6.54174e-15	7.47228e-16	7.92949e-17	7.83388e-18	7.21975e-19	6.21899e-20	5.01618e-21	3.79531e-22	2.69887e-23	1.91913e-24	1.91913e-24	
2.40062	2.40062	2.31486	2.16956	1.99711	1.85035	1.7473	1.64621	1.53633	1.41737	1.28733	1.15782	1.02961	0.913419	0.808043	0.721266	0.651356	0.602298	0.567835	0.549274	0.544254	0.55354	0.579425	0.619383	0.676102	0.75419	0.847702	0.958876	1.07977	1.20953	1.33924	1.4636	1.57186	1.65857	1.7044	1.71306	1.68542	1.58786	1.4264	1.22821	0.985711	0.702138	0.42878	0.221747	0.0973415	0.0366768	0.0122166	0.00408496	0.00212882	0.00229808	0.00327408	0.00468828	0.00642294	0.00839021	0.0104777	0.0125453	0.0144373	0.0160006	0.0171024	0.0176467	0.0175853	0.0169235	0.0157199	0.0140791	0.0121391	0.0100552	0.00798106	0.00605107	0.00436627	0.00298593	0.0019263	0.00116645	0.000659517	0.000346341	0.000168073	7.50266e-05	3.06871e-05	1.14651e-05	3.90414e-06	1.21011e-06	3.41242e-07	8.75672e-08	2.04661e-08	4.36243e-09	8.49515e-10	1.51435e-10	2.47649e-11	3.72381e-12	5.16042e-13	6.60597e-14	7.82951e-15	8.61089e-16	8.80678e-17	8.39357e-18	7.46972e-19	6.21899e-20	4.85273e-21	3.5561e-22	2.60827e-23	2.60827e-23	
2.69933	2.69933	2.59456	2.35903	2.04535	1.7473	1.47294	1.21875	0.997703	0.785438	0.59416	0.422197	0.277905	0.161263	0.0744671	0.0144351	-0.0227974	-0.0465256	-0.0591962	-0.0642708	-0.0657785	-0.0643336	-0.0554486	-0.0394656	-0.00931195	0.0356937	0.10608	0.204921	0.332397	0.488513	0.666769	0.86391	1.06525	1.2619	1.44226	1.56314	1.63002	1.63087	1.53694	1.37394	1.16272	0.895698	0.60037	0.341799	0.164701	0.0679998	0.0251822	0.0100667	0.00672835	0.00795013	0.0110999	0.0153252	0.0202825	0.025699	0.0312636	0.0366252	0.0414216	0.0453153	0.0480256	0.0493546	0.049205	0.0475876	0.0446211	0.0405215	0.0355833	0.0301516	0.0245889	0.0192373	0.0143847	0.010236	0.00689811	0.0043793	0.00260439	0.00144252	0.000739913	0.000349617	0.00015148	5.99567e-05	2.16188e-05	7.08856e-06	2.11177e-06	5.71604e-07	1.40671e-07	3.15161e-08	6.43895e-09	1.20207e-09	2.05516e-10	3.22536e-11	4.65771e-12	6.20402e-13	7.64036e-14	8.71974e-15	9.24312e-16	9.12009e-17	8.39357e-18	7.21975e-19	5.81496e-20	4.3947e-21	3.32748e-22	3.32748e-22	
2.93468	2.93468	2.80084	2.49929	2.0881	1.64621	1.21875	0.854162	0.526753	0.231413	-0.0172131	-0.226104	-0.379709	-0.490115	-0.554639	-0.588072	-0.598523	-0.593103	-0.584103	-0.576376	-0.573492	-0.576192	-0.58781	-0.597014	-0.595909	-0.578425	-0.532465	-0.451987	-0.32369	-0.149725	0.0749691	0.332434	0.621313	0.898877	1.1668	1.3946	1.54414	1.6236	1.6066	1.49001	1.3097	1.07031	0.776702	0.483173	0.254928	0.11579	0.0485837	0.0239251	0.0196869	0.0242776	0.0328764	0.0436466	0.0557083	0.0683708	0.0809336	0.0926831	0.10294	0.11111	0.11672	0.11945	0.119144	0.115819	0.109664	0.101034	0.090427	0.078458	0.0658164	0.0532098	0.0413004	0.0306409	0.0216199	0.0144278	0.00905172	0.00530535	0.0028867	0.00144937	0.000667879	0.000281189	0.000107789	3.75329e-05	1.18564e-05	3.39676e-06	8.83037e-07	2.08551e-07	4.48229e-08	8.78489e-09	1.57369e-09	2.58291e-10	3.89397e-11	5.40588e-12	6.92802e-13	8.21627e-14	9.03824e-15	9.24312e-16	8.80678e-17	7.83388e-18	6.51855e-19	5.085e-20	3.97795e-21	3.97795e-21	
3.09867	3.09867	2.92758	2.5795	2.09511	1.53633	0.997703	0.526753	0.113919	-0.219349	-0.499472	-0.709036	-0.861076	-0.948794	-0.992003	-0.989494	-0.969033	-0.93512	-0.907737	-0.890099	-0.882075	-0.894875	-0.91804	-0.947996	-0.98061	-0.994781	-0.979655	-0.92174	-0.806606	-0.636184	-0.399294	-0.114757	0.212253	0.561628	0.88904	1.19038	1.42023	1.56898	1.62752	1.57137	1.42722	1.21907	0.944076	0.635936	0.366379	0.184349	0.089643	0.0547283	0.0520836	0.0646727	0.084311	0.107381	0.131986	0.156735	0.180388	0.201817	0.220044	0.234273	0.243909	0.248559	0.248039	0.242369	0.231776	0.216693	0.197755	0.175797	0.151827	0.126983	0.102456	0.0793927	0.0587808	0.0413415	0.0274455	0.0170821	0.00989816	0.00530324	0.00261075	0.00117456	0.000480862	0.000178602	6.00762e-05	1.82888e-05	5.04057e-06	1.2591e-06	2.85536e-07	5.89119e-08	1.10847e-08	1.90695e-09	3.00738e-10	4.35938e-11	5.82352e-12	7.1875e-13	8.21627e-14	8.71974e-15	8.61089e-16	7.92949e-17	6.82316e-18	5.49879e-19	4.44852e-20	4.44852e-20	
3.18973	3.18973	2.98168	2.5985	2.06088	1.41737	0.785438	0.231413	-0.219349	-0.577481	-0.853219	-1.04128	-1.15794	-1.20177	-1.19566	-1.15368	-1.09588	-1.04295	-0.992236	-0.964057	-0.96056	-0.974836	-1.00927	-1.06255	-1.12122	-1.17168	-1.2049	-1.1901	-1.12196	-0.976644	-0.765108	-0.475207	-0.143005	0.230036	0.60497	0.960637	1.26059	1.47496	1.60288	1.61493	1.51615	1.34169	1.0954	0.79231	0.497969	0.280421	0.160592	0.118142	0.121941	0.148751	0.185741	0.226625	0.268084	0.307963	0.344625	0.376776	0.403418	0.423809	0.437426	0.443947	0.443221	0.435265	0.420262	0.398573	0.370763	0.33762	0.300193	0.259809	0.218049	0.176671	0.137474	0.102125	0.0719439	0.0477137	0.0295623	0.0169792	0.0089741	0.00433661	0.00190595	0.000758937	0.000273142	8.87556e-05	2.60413e-05	6.90593e-06	1.65811e-06	3.61236e-07	7.15889e-08	1.29406e-08	2.1396e-09	3.24488e-10	4.52646e-11	5.82352e-12	6.92802e-13	7.64036e-14	7.82951e-15	7.47228e-16	6.65585e-17	5.54672e-18	4.64501e-19	4.64501e-19	
3.21209	3.21209	2.97543	2.5637	1.98546	1.28733	0.59416	-0.0172131	-0.499472	-0.853219	-1.08965	-1.22992	-1.28102	-1.2683	-1.20366	-1.11866	-1.02593	-0.947657	-0.894214	-0.86083	-0.853711	-0.872241	-0.91088	-0.976996	-1.06186	-1.1545	-1.23483	-1.2797	-1.27209	-1.1887	-1.02509	-0.776492	-0.453614	-0.075518	0.323382	0.716007	1.07419	1.35128	1.54185	1.62258	1.57801	1.442	1.23154	0.951385	0.653437	0.415388	0.278653	0.233874	0.2486	0.293401	0.350101	0.409383	0.466648	0.519419	0.566211	0.606072	0.638372	0.662685	0.678739	0.686378	0.685531	0.676206	0.65849	0.632556	0.598706	0.557398	0.509304	0.455403	0.397085	0.336188	0.274961	0.21594	0.161718	0.114602	0.0762042	0.0471331	0.0268855	0.0140339	0.00666016	0.0028596	0.00110725	0.000386022	0.000121144	3.42532e-05	8.74085e-06	2.01771e-06	4.22454e-07	8.04588e-08	1.39811e-08	2.22324e-09	3.24488e-10	4.35938e-11	5.40588e-12	6.20402e-13	6.60597e-14	6.54174e-15	6.03844e-16	5.20886e-17	4.52005e-18	4.52005e-18	
3.17448	3.17448	2.92127	2.48609	1.88138	1.15782	0.422197	-0.226104	-0.709036	-1.04128	-1.22992	-1.30367	-1.28288	-1.19812	-1.07605	-0.950902	-0.845302	-0.768941	-0.71655	-0.688439	-0.682642	-0.697496	-0.735311	-0.795986	-0.883107	-1.00025	-1.12653	-1.23876	-1.30233	-1.29389	-1.19556	-0.997932	-0.714224	-0.355264	0.0548262	0.472452	0.873934	1.20791	1.45564	1.6015	1.61773	1.52818	1.36197	1.12169	0.84294	0.602893	0.458783	0.414064	0.437992	0.49664	0.567278	0.638192	0.704184	0.76312	0.814134	0.856841	0.891004	0.91648	0.933201	0.941133	0.940258	0.930575	0.912106	0.884888	0.849002	0.804605	0.751932	0.691331	0.623427	0.549317	0.470714	0.39001	0.310285	0.235133	0.168187	0.112444	0.0695677	0.0394555	0.0203471	0.00948077	0.0039743	0.00149533	0.000504654	0.000152879	4.1644e-05	1.02251e-05	2.26958e-06	4.56819e-07	8.36514e-08	1.39811e-08	2.1396e-09	3.00738e-10	3.89397e-11	4.65771e-12	5.16042e-13	5.30921e-14	5.08444e-15	4.54469e-16	4.09099e-17	4.09099e-17	
3.08972	3.08972	2.8326	2.38059	1.76026	1.02961	0.277905	-0.379709	-0.861076	-1.15794	-1.28102	-1.28288	-1.18511	-1.04292	-0.884135	-0.751533	-0.657163	-0.598012	-0.569047	-0.550612	-0.544969	-0.556783	-0.577888	-0.617672	-0.689164	-0.800603	-0.947243	-1.10424	-1.23648	-1.30675	-1.28566	-1.16042	-0.921116	-0.591989	-0.190102	0.240198	0.672147	1.05532	1.35647	1.56409	1.64649	1.61448	1.5036	1.31797	1.07647	0.847592	0.69892	0.648243	0.670949	0.732147	0.806387	0.880285	0.948279	1.00849	1.06033	1.10354	1.13792	1.16346	1.18018	1.1881	1.18723	1.17756	1.15907	1.13177	1.09561	1.05064	0.997041	0.934943	0.864452	0.785805	0.699628	0.607103	0.51019	0.411941	0.316567	0.22905	0.154231	0.0955382	0.0538802	0.0274342	0.0125373	0.00512478	0.00187138	0.000610768	0.000178474	4.68159e-05	1.10584e-05	2.36028e-06	4.56819e-07	8.04588e-08	1.29406e-08	1.90695e-09	2.58291e-10	3.22536e-11	3.72381e-12	3.98569e-13	3.96486e-14	3.67634e-15	3.43685e-16	3.43685e-16	
2.97476	2.97476	2.72092	2.25806	1.6349	0.913419	0.161263	-0.490115	-0.948794	-1.20177	-1.2683	-1.19812	-1.04292	-0.857844	-0.697105	-0.588697	-0.544269	-0.524793	-0.509147	-0.502916	-0.500365	-0.503033	-0.517285	-0.532105	-0.555586	-0.62561	-0.755065	-0.934348	-1.11506	-1.25607	-1.30907	-1.25232	-1.07442	-0.787567	-0.404218	0.029667	0.481404	0.904679	1.25707	1.52723	1.68266	1.72008	1.67386	1.54907	1.34961	1.13245	0.973124	0.905838	0.916324	0.971546	1.04393	1.11784	1.18648	1.2473	1.29933	1.34213	1.37578	1.40058	1.41671	1.42428	1.42344	1.41417	1.39631	1.36976	1.33429	1.28961	1.23568	1.1728	1.10122	1.02113	0.93276	0.836599	0.73331	0.624041	0.511081	0.398396	0.291753	0.197918	0.122704	0.0687342	0.0344963	0.0154317	0.00613926	0.0021722	0.00068471	0.000192819	4.86775e-05	1.10584e-05	2.26958e-06	4.22454e-07	7.15889e-08	1.10847e-08	1.57369e-09	2.05516e-10	2.47649e-11	2.76148e-12	2.85714e-13	2.75141e-14	2.6745e-15	2.6745e-15	
2.84593	2.84593	2.59717	2.13132	1.51473	0.808043	0.0744671	-0.554639	-0.992003	-1.19566	-1.20366	-1.07605	-0.884135	-0.697105	-0.573959	-0.522828	-0.521332	-0.518727	-0.506211	-0.504882	-0.506183	-0.504104	-0.511049	-0.521296	-0.518596	-0.535208	-0.613869	-0.768903	-0.969874	-1.16029	-1.28157	-1.29795	-1.17915	-0.936365	-0.579933	-0.152869	0.312082	0.770808	1.17405	1.51073	1.74661	1.86019	1.87734	1.8046	1.63776	1.4257	1.25112	1.16389	1.16015	1.2084	1.27811	1.35068	1.41761	1.47554	1.5235	1.56178	1.59136	1.61282	1.62653	1.63292	1.6322	1.62434	1.60912	1.58607	1.55481	1.51465	1.46456	1.40415	1.33351	1.25295	1.1628	1.06385	0.957181	0.843677	0.724117	0.599762	0.473373	0.350432	0.239173	0.148121	0.0822039	0.0405503	0.0177073	0.00683922	0.00233994	0.000711268	0.000192819	4.68159e-05	1.02251e-05	2.01771e-06	3.61236e-07	5.89119e-08	8.78489e-09	1.20207e-09	1.51435e-10	1.76184e-11	1.89848e-12	1.90105e-13	1.92385e-14	1.92385e-14	
2.71638	2.71638	2.47212	2.00981	1.40648	0.721266	0.0144351	-0.588072	-0.989494	-1.15368	-1.11866	-0.950902	-0.751533	-0.588697	-0.522828	-0.527336	-0.541828	-0.52721	-0.490606	-0.494063	-0.502836	-0.485399	-0.505	-0.537536	-0.53796	-0.522625	-0.536574	-0.649397	-0.836547	-1.0564	-1.22693	-1.30265	-1.24028	-1.0476	-0.720069	-0.30083	0.174857	0.6706	1.12857	1.53407	1.84964	2.03264	2.09816	2.06014	1.91595	1.70891	1.52382	1.42036	1.40231	1.4396	1.50004	1.56352	1.62055	1.66794	1.7057	1.73527	1.75775	1.77353	1.78329	1.78793	1.78739	1.7817	1.77081	1.75376	1.72993	1.6988	1.65906	1.60893	1.54734	1.4738	1.38803	1.28998	1.18092	1.06286	0.937901	0.807789	0.673519	0.536271	0.400098	0.273872	0.16881	0.0924483	0.0446457	0.0189625	0.00708936	0.00233994	0.00068471	0.000178474	4.1644e-05	8.74085e-06	1.65811e-06	2.85536e-07	4.48229e-08	6.43895e-09	8.49515e-10	1.03281e-10	1.16068e-11	1.21006e-12	1.27655e-13	1.27655e-13	
2.5952	2.5952	2.35829	1.90498	1.31404	0.651356	-0.0227974	-0.598523	-0.969033	-1.09588	-1.02593	-0.845302	-0.657163	-0.544269	-0.521332	-0.541828	-0.517396	-0.472644	-0.452442	-0.454266	-0.457228	-0.452024	-0.458026	-0.488342	-0.533065	-0.53568	-0.520445	-0.583122	-0.734339	-0.958813	-1.1578	-1.28608	-1.27328	-1.12128	-0.821341	-0.408021	0.0792189	0.61752	1.13737	1.60711	1.98558	2.21798	2.31537	2.30316	2.18109	1.98268	1.78868	1.66534	1.62479	1.64131	1.68372	1.7311	1.77303	1.80689	1.83303	1.85292	1.86655	1.87528	1.88057	1.88304	1.88277	1.87974	1.8738	1.86424	1.84946	1.82829	1.80052	1.76407	1.71713	1.65803	1.58602	1.49971	1.39824	1.28237	1.15415	1.01709	0.875208	0.730881	0.584284	0.437325	0.298757	0.182297	0.0979827	0.0460944	0.0189625	0.00683922	0.0021722	0.000610768	0.000152879	3.42532e-05	6.90593e-06	1.2591e-06	2.08551e-07	3.15161e-08	4.36243e-09	5.5511e-10	6.51538e-11	7.08116e-12	7.79766e-13	7.79766e-13	
2.4937	2.4937	2.26414	1.81763	1.23985	0.602298	-0.0465256	-0.593103	-0.93512	-1.04295	-0.947657	-0.768941	-0.598012	-0.524793	-0.518727	-0.52721	-0.472644	-0.420673	-0.428772	-0.426677	-0.418717	-0.43003	-0.424623	-0.431778	-0.502847	-0.52654	-0.516934	-0.546618	-0.668399	-0.882155	-1.10068	-1.2598	-1.28561	-1.16251	-0.887128	-0.468841	0.0427577	0.624248	1.20087	1.7197	2.13718	2.40196	2.52662	2.53902	2.43382	2.23532	2.02357	1.8732	1.80521	1.79816	1.82085	1.85013	1.87522	1.89345	1.90503	1.91085	1.9122	1.912	1.91186	1.911	1.91115	1.91203	1.91208	1.91212	1.91007	1.90315	1.89001	1.86928	1.8388	1.79636	1.74057	1.67082	1.58536	1.48333	1.36426	1.22895	1.08099	0.926782	0.771809	0.616384	0.460206	0.311706	0.186977	0.0979827	0.0446457	0.0177073	0.00613926	0.00187138	0.000504654	0.000121144	2.60413e-05	5.04057e-06	8.83037e-07	1.40671e-07	2.04661e-08	2.73014e-09	3.35148e-10	3.80216e-11	4.37624e-12	4.37624e-12	
2.4185	2.4185	2.19401	1.75489	1.18905	0.567835	-0.0591962	-0.584103	-0.907737	-0.992236	-0.894214	-0.71655	-0.569047	-0.509147	-0.506211	-0.490606	-0.452442	-0.428772	-0.455828	-0.439521	-0.419767	-0.452061	-0.444716	-0.43112	-0.470743	-0.498764	-0.508119	-0.526111	-0.632893	-0.829623	-1.05688	-1.23097	-1.28648	-1.18155	-0.909051	-0.476992	0.0684333	0.693043	1.30848	1.85394	2.29597	2.58917	2.73707	2.76063	2.6547	2.44476	2.21268	2.03709	1.94312	1.91102	1.90922	1.91414	1.91641	1.91256	1.9042	1.89205	1.88055	1.87055	1.8631	1.85891	1.85938	1.8644	1.87246	1.88273	1.89446	1.90614	1.91332	1.91479	1.90693	1.8877	1.85337	1.80305	1.73527	1.64956	1.54618	1.42474	1.2848	1.12799	0.962052	0.796428	0.632409	0.467906	0.311706	0.182297	0.0924483	0.0405503	0.0154317	0.00512478	0.00149533	0.000386022	8.87556e-05	1.82888e-05	3.39676e-06	5.71604e-07	8.75672e-08	1.22654e-08	1.57701e-09	1.86985e-10	2.25249e-11	2.25249e-11	
2.37437	2.37437	2.15305	1.71854	1.1599	0.549274	-0.0642708	-0.576376	-0.890099	-0.964057	-0.86083	-0.688439	-0.550612	-0.502916	-0.504882	-0.494063	-0.454266	-0.426677	-0.439521	-0.426146	-0.413364	-0.437681	-0.433434	-0.431909	-0.473194	-0.500929	-0.504432	-0.515087	-0.609882	-0.799835	-1.02765	-1.21234	-1.27759	-1.17344	-0.888379	-0.427913	0.154164	0.80999	1.4446	2.00496	2.46835	2.78065	2.93208	2.9484	2.83326	2.61057	2.35779	2.15434	2.02885	1.96492	1.93241	1.90914	1.88546	1.85813	1.82934	1.80045	1.77483	1.75336	1.73727	1.73072	1.73139	1.73974	1.75736	1.77965	1.80604	1.83504	1.86343	1.88872	1.90709	1.91564	1.91069	1.88874	1.84738	1.78372	1.69789	1.59101	1.46537	1.32105	1.15662	0.980044	0.80466	0.632409	0.460206	0.298757	0.16881	0.0822039	0.0344963	0.0125373	0.0039743	0.00110725	0.000273142	6.00762e-05	1.18564e-05	2.11177e-06	3.41242e-07	5.02635e-08	6.7778e-09	8.40936e-10	1.06158e-10	1.06158e-10	
2.36394	2.36394	2.14412	1.71034	1.15193	0.544254	-0.0657785	-0.573492	-0.882075	-0.96056	-0.853711	-0.682642	-0.544969	-0.500365	-0.506183	-0.502836	-0.457228	-0.418717	-0.419767	-0.413364	-0.404075	-0.41669	-0.418623	-0.427052	-0.480232	-0.507855	-0.503771	-0.512444	-0.603851	-0.794878	-1.02093	-1.20375	-1.25688	-1.13538	-0.822969	-0.322209	0.2899	0.958967	1.60305	2.17789	2.65175	2.95906	3.09802	3.10361	2.97401	2.72806	2.44528	2.20931	2.05106	1.95603	1.89302	1.84115	1.78932	1.7372	1.68461	1.63604	1.59249	1.55909	1.53617	1.52523	1.52649	1.53983	1.56493	1.60058	1.64547	1.69485	1.74738	1.7979	1.84468	1.88184	1.90716	1.91583	1.90613	1.87388	1.81646	1.73209	1.62078	1.48876	1.33866	1.1662	0.980044	0.796428	0.616384	0.437325	0.273872	0.148121	0.0687342	0.0274342	0.00948077	0.0028596	0.000758937	0.000178602	3.75329e-05	7.08856e-06	1.21011e-06	1.877e-07	2.65773e-08	3.45432e-09	4.575e-10	4.575e-10	
2.38814	2.38814	2.16571	1.73009	1.16956	0.55354	-0.0643336	-0.576192	-0.894875	-0.974836	-0.872241	-0.697496	-0.556783	-0.503033	-0.504104	-0.485399	-0.452024	-0.43003	-0.452061	-0.437681	-0.41669	-0.450106	-0.444714	-0.43166	-0.468315	-0.494141	-0.505592	-0.515853	-0.618009	-0.806638	-1.03158	-1.19826	-1.22648	-1.06744	-0.70885	-0.174485	0.458534	1.13716	1.78832	2.36729	2.82895	3.11688	3.2411	3.2245	3.06264	2.78391	2.47118	2.20555	2.01634	1.88815	1.79094	1.70592	1.62331	1.54327	1.46659	1.3979	1.34022	1.29482	1.26417	1.24862	1.2504	1.26908	1.30279	1.35096	1.41086	1.48144	1.55856	1.63792	1.71589	1.78727	1.84747	1.89107	1.9143	1.91422	1.88789	1.83484	1.75199	1.63592	1.49643	1.33866	1.15662	0.962052	0.771809	0.584284	0.400098	0.239173	0.122704	0.0538802	0.0203471	0.00666016	0.00190595	0.000480862	0.000107789	2.16188e-05	3.90414e-06	6.38436e-07	9.50208e-08	1.29494e-08	1.80118e-09	1.80118e-09	
2.44526	2.44526	2.21926	1.77679	1.20611	0.579425	-0.0554486	-0.58781	-0.91804	-1.00927	-0.91088	-0.735311	-0.577888	-0.517285	-0.511049	-0.505	-0.458026	-0.424623	-0.444716	-0.433434	-0.418623	-0.444714	-0.434931	-0.429244	-0.481863	-0.510265	-0.512074	-0.533961	-0.642484	-0.84289	-1.053	-1.19478	-1.18061	-0.965589	-0.556022	0.0119868	0.656875	1.3409	1.99442	2.55943	2.99464	3.25903	3.35228	3.29526	3.0976	2.78517	2.43965	2.14082	1.91846	1.75548	1.62539	1.50805	1.39662	1.28972	1.1908	1.10255	1.02845	0.970473	0.931387	0.913945	0.915864	0.937486	0.980713	1.04215	1.11925	1.20963	1.31003	1.41689	1.52479	1.62977	1.72572	1.80817	1.87105	1.90958	1.9189	1.8956	1.84255	1.75837	1.63592	1.48876	1.32105	1.12799	0.926782	0.730881	0.536271	0.350432	0.197918	0.0955382	0.0394555	0.0140339	0.00433661	0.00117456	0.000281189	5.99567e-05	1.14651e-05	1.9783e-06	3.09722e-07	4.42876e-08	6.47451e-09	6.47451e-09	
2.53149	2.53149	2.2997	1.85023	1.26656	0.619383	-0.0394656	-0.597014	-0.947996	-1.06255	-0.976996	-0.795986	-0.617672	-0.532105	-0.521296	-0.537536	-0.488342	-0.431778	-0.43112	-0.431909	-0.427052	-0.43166	-0.429244	-0.446814	-0.516835	-0.534632	-0.518162	-0.558446	-0.687404	-0.899095	-1.0901	-1.18689	-1.10681	-0.82981	-0.368224	0.224533	0.880622	1.57105	2.21119	2.74651	3.15031	3.37489	3.42004	3.32371	3.08254	2.72497	2.34457	2.01621	1.76498	1.57074	1.40752	1.25794	1.11592	0.983004	0.860358	0.753818	0.665302	0.598611	0.554287	0.531557	0.534201	0.561537	0.610183	0.681393	0.77359	0.883448	1.00851	1.14224	1.28198	1.42088	1.55332	1.67314	1.77444	1.85307	1.9027	1.92129	1.89841	1.84255	1.75199	1.62078	1.46537	1.2848	1.08099	0.875208	0.673519	0.473373	0.291753	0.154231	0.0695677	0.0268855	0.0089741	0.00261075	0.000667879	0.00015148	3.06871e-05	5.5896e-06	9.20897e-07	1.38218e-07	2.12479e-08	2.12479e-08	
2.64191	2.64191	2.40218	1.94529	1.34856	0.676102	-0.00931195	-0.595909	-0.98061	-1.12122	-1.06186	-0.883107	-0.689164	-0.555586	-0.518596	-0.53796	-0.533065	-0.502847	-0.470743	-0.473194	-0.480232	-0.468316	-0.481865	-0.516839	-0.539117	-0.529602	-0.520979	-0.600938	-0.763114	-0.973995	-1.12864	-1.16577	-1.00434	-0.659852	-0.148947	0.463094	1.13133	1.81822	2.42843	2.92785	3.28828	3.45537	3.45193	3.30551	3.00629	2.60947	2.19693	1.84173	1.56072	1.33552	1.13975	0.960818	0.792	0.635774	0.495548	0.373415	0.273577	0.196028	0.144883	0.121396	0.124021	0.152948	0.209522	0.291556	0.39587	0.522327	0.665751	0.823833	0.991395	1.16231	1.33125	1.49102	1.63373	1.75418	1.84326	1.89913	1.92129	1.8956	1.83484	1.73209	1.59101	1.42474	1.22895	1.01709	0.807789	0.599762	0.398396	0.22905	0.112444	0.0471331	0.0169792	0.00530324	0.00144937	0.000349617	7.50266e-05	1.44253e-05	2.50083e-06	3.93978e-07	6.36943e-08	6.36943e-08	
2.76817	2.76817	2.52147	2.05643	1.44781	0.75419	0.0356937	-0.578425	-0.994781	-1.17168	-1.1545	-1.00025	-0.800603	-0.62561	-0.535208	-0.522625	-0.53568	-0.52654	-0.498765	-0.500929	-0.507857	-0.494147	-0.51028	-0.534666	-0.529658	-0.522708	-0.558064	-0.68866	-0.874698	-1.06274	-1.1606	-1.1094	-0.869004	-0.45526	0.0971278	0.728116	1.40673	2.07262	2.6422	3.09909	3.39929	3.50177	3.44286	3.23349	2.88358	2.44253	1.99712	1.62002	1.31486	1.0633	0.839922	0.632531	0.440499	0.262943	0.105748	-0.0279946	-0.137622	-0.218815	-0.272212	-0.298604	-0.295583	-0.263657	-0.205126	-0.118212	-0.00287259	0.135782	0.296802	0.476773	0.669676	0.870354	1.07291	1.2673	1.45103	1.61063	1.74773	1.84326	1.9027	1.9189	1.88789	1.81646	1.69789	1.54618	1.36426	1.15415	0.937901	0.724117	0.511081	0.316567	0.168187	0.0762042	0.0295623	0.00989816	0.0028867	0.000739913	0.000168073	3.40889e-05	6.21521e-06	1.02725e-06	1.74595e-07	1.74595e-07	
2.89855	2.89855	2.64772	2.18177	1.56092	0.847702	0.10608	-0.532465	-0.979655	-1.2049	-1.23483	-1.12653	-0.947243	-0.755065	-0.613869	-0.536574	-0.520445	-0.516934	-0.50812	-0.504435	-0.503781	-0.505622	-0.512153	-0.518348	-0.521347	-0.558581	-0.66096	-0.823766	-1.00809	-1.14378	-1.16513	-1.02	-0.688792	-0.213691	0.3728	1.02142	1.69559	2.32662	2.85043	3.25183	3.478	3.51214	3.38937	3.11686	2.71004	2.22489	1.76206	1.3635	1.03975	0.761239	0.513934	0.283546	0.0722269	-0.118327	-0.286962	-0.427723	-0.540067	-0.626482	-0.682649	-0.70877	-0.705941	-0.674085	-0.611818	-0.519519	-0.401323	-0.255401	-0.0825466	0.112787	0.325175	0.552517	0.783906	1.01561	1.23545	1.43832	1.61063	1.75418	1.85307	1.90958	1.91422	1.87388	1.78372	1.64956	1.48333	1.28237	1.06286	0.843677	0.624041	0.411941	0.235133	0.114602	0.0477137	0.0170821	0.00530535	0.00144252	0.000346341	7.40068e-05	1.41746e-05	2.4555e-06	4.38378e-07	4.38378e-07	
3.02352	3.02352	2.76769	2.30789	1.68465	0.958876	0.204921	-0.451987	-0.92174	-1.1901	-1.2797	-1.23876	-1.10424	-0.934348	-0.768903	-0.649397	-0.583122	-0.546619	-0.526115	-0.515104	-0.512496	-0.515999	-0.534332	-0.559291	-0.602636	-0.691517	-0.827167	-0.994979	-1.13483	-1.19771	-1.11882	-0.874696	-0.467109	0.0635035	0.679533	1.33526	1.99236	2.57758	3.04519	3.37699	3.52221	3.48423	3.29189	2.95415	2.4917	1.97532	1.49177	1.08206	0.742514	0.446073	0.177773	-0.0688602	-0.29502	-0.494659	-0.667377	-0.811674	-0.924626	-1.00584	-1.05896	-1.08504	-1.08224	-1.05071	-0.991924	-0.904201	-0.785255	-0.635722	-0.456329	-0.252221	-0.0232992	0.223406	0.47939	0.741129	0.993683	1.23545	1.45103	1.63373	1.77444	1.87105	1.9143	1.90613	1.84738	1.73527	1.58536	1.39824	1.18092	0.957181	0.73331	0.51019	0.310285	0.161718	0.0719439	0.0274455	0.00905172	0.00260439	0.000659517	0.000148192	2.97658e-05	5.39634e-06	1.01053e-06	1.01053e-06	
3.12826	3.12826	2.87164	2.42528	1.80924	1.07977	0.332397	-0.32369	-0.806606	-1.12196	-1.27209	-1.30233	-1.23648	-1.11506	-0.969875	-0.836548	-0.734341	-0.668406	-0.632918	-0.609964	-0.604091	-0.618646	-0.64401	-0.690704	-0.769512	-0.885625	-1.0237	-1.15049	-1.22539	-1.1923	-1.01528	-0.673702	-0.190453	0.379436	1.0136	1.66534	2.28881	2.81546	3.21784	3.46951	3.5292	3.41578	3.15289	2.75093	2.23672	1.69587	1.20573	0.790566	0.436737	0.126356	-0.158176	-0.415131	-0.646925	-0.848824	-1.01826	-1.15587	-1.26249	-1.34094	-1.39002	-1.41231	-1.40999	-1.38252	-1.32736	-1.24342	-1.13132	-0.986535	-0.810876	-0.603676	-0.366584	-0.108382	0.169995	0.454907	0.741129	1.01561	1.2673	1.49102	1.67314	1.80817	1.89107	1.91583	1.88874	1.80305	1.67082	1.49971	1.28998	1.06385	0.836599	0.607103	0.39001	0.21594	0.102125	0.0413415	0.0144278	0.0043793	0.00116645	0.000274927	5.77813e-05	1.09405e-05	2.1447e-06	2.1447e-06	
3.19612	3.19612	2.94766	2.521	1.92545	1.20953	0.488513	-0.149725	-0.636184	-0.976644	-1.1887	-1.29389	-1.30675	-1.25607	-1.16029	-1.0564	-0.958823	-0.88219	-0.829743	-0.800199	-0.795876	-0.809107	-0.848408	-0.910258	-0.994433	-1.09639	-1.19257	-1.25666	-1.2419	-1.1097	-0.830154	-0.403999	0.126975	0.730775	1.36968	1.99914	2.5744	3.03349	3.36155	3.52417	3.49682	3.30735	2.97427	2.50998	1.95546	1.40322	0.910312	0.494794	0.13519	-0.18587	-0.477559	-0.740523	-0.970405	-1.16674	-1.3269	-1.45221	-1.54526	-1.60781	-1.64684	-1.66637	-1.66416	-1.64052	-1.59726	-1.52932	-1.42982	-1.29783	-1.13042	-0.927343	-0.691023	-0.424323	-0.134853	0.169995	0.47939	0.783906	1.07291	1.33125	1.55332	1.72572	1.84747	1.90716	1.91069	1.85337	1.74057	1.58602	1.38803	1.1628	0.93276	0.699628	0.470714	0.274961	0.137474	0.0587808	0.0216199	0.00689811	0.0019263	0.000474827	0.000104134	2.05408e-05	4.20475e-06	4.20475e-06	
3.21127	3.21127	2.98439	2.58284	2.01895	1.33924	0.666769	0.0749691	-0.399294	-0.765108	-1.02509	-1.19556	-1.28566	-1.30907	-1.28157	-1.22695	-1.15784	-1.10084	-1.05739	-1.0291	-1.0246	-1.03999	-1.07041	-1.12277	-1.18441	-1.24715	-1.28626	-1.2679	-1.16704	-0.936602	-0.572882	-0.0782796	0.495616	1.1093	1.73239	2.3285	2.84012	3.22233	3.46825	3.53626	3.42261	3.1595	2.76032	2.24001	1.65842	1.10605	0.622879	0.209311	-0.155242	-0.480813	-0.775164	-1.0337	-1.25468	-1.43562	-1.57681	-1.68125	-1.75441	-1.80296	-1.82895	-1.83782	-1.8369	-1.82516	-1.79497	-1.74226	-1.66341	-1.55105	-1.40277	-1.21377	-0.98484	-0.721285	-0.424323	-0.108382	0.223406	0.552517	0.870354	1.16231	1.42088	1.62977	1.78727	1.88184	1.91564	1.8877	1.79636	1.65803	1.4738	1.25295	1.02113	0.785805	0.549317	0.336188	0.176671	0.0793927	0.0306409	0.010236	0.00298593	0.000767172	0.000175017	3.58602e-05	7.64256e-06	7.64256e-06	
3.16212	3.16212	2.9679	2.59743	2.07816	1.4636	0.86391	0.332434	-0.114757	-0.475207	-0.776492	-0.997932	-1.16042	-1.25232	-1.29797	-1.3027	-1.28628	-1.26046	-1.2329	-1.21739	-1.21561	-1.22326	-1.24237	-1.26912	-1.29553	-1.29711	-1.26839	-1.17143	-0.983949	-0.669981	-0.23456	0.306911	0.888185	1.50014	2.09519	2.63812	3.07179	3.37372	3.53033	3.5014	3.30796	2.97663	2.5144	1.95018	1.36017	0.818195	0.347883	-0.0593563	-0.422576	-0.749769	-1.03862	-1.2881	-1.49109	-1.64934	-1.76415	-1.83832	-1.88212	-1.90233	-1.91061	-1.9153	-1.91455	-1.90912	-1.8998	-1.87577	-1.82575	-1.74462	-1.62144	-1.45396	-1.24219	-0.98484	-0.691023	-0.366584	-0.0232992	0.325175	0.669676	0.991395	1.28198	1.52479	1.71589	1.84468	1.90709	1.90693	1.8388	1.71713	1.54734	1.33351	1.10122	0.864452	0.623427	0.397085	0.218049	0.102456	0.0413004	0.0143847	0.00436627	0.00116504	0.000275533	5.8454e-05	1.29269e-05	1.29269e-05	
3.04211	3.04211	2.88534	2.55284	2.09312	1.57186	1.06525	0.621313	0.212253	-0.143005	-0.453614	-0.714224	-0.921119	-1.07443	-1.17921	-1.24052	-1.27407	-1.288	-1.29293	-1.29311	-1.29023	-1.29077	-1.29241	-1.2837	-1.26122	-1.21387	-1.1175	-0.956954	-0.694865	-0.325266	0.162689	0.716085	1.30684	1.88963	2.43382	2.9123	3.26074	3.47909	3.53988	3.41906	3.1552	2.76034	2.24432	1.65362	1.07202	0.55178	0.0978451	-0.304515	-0.664873	-0.986685	-1.26523	-1.49585	-1.67466	-1.80144	-1.88058	-1.91989	-1.92845	-1.91937	-1.90288	-1.88879	-1.8904	-1.9062	-1.92205	-1.92878	-1.91475	-1.86785	-1.78048	-1.64286	-1.45396	-1.21377	-0.927343	-0.603676	-0.252221	0.112787	0.476773	0.823833	1.14224	1.41689	1.63792	1.7979	1.88872	1.91479	1.86928	1.76407	1.60893	1.40415	1.1728	0.934943	0.691331	0.455403	0.259809	0.126983	0.0532098	0.0192373	0.00605107	0.00167035	0.00040804	8.93201e-05	2.04225e-05	2.04225e-05	
2.84815	2.84815	2.72562	2.44342	2.05919	1.65857	1.2619	0.898877	0.561628	0.230036	-0.0755186	-0.355267	-0.592003	-0.787631	-0.936617	-1.04848	-1.12404	-1.17017	-1.20048	-1.21497	-1.21652	-1.2094	-1.19006	-1.15429	-1.094	-0.998338	-0.851404	-0.635963	-0.326554	0.0894676	0.597689	1.15333	1.71505	2.24457	2.74203	3.13617	3.39502	3.52867	3.49194	3.29255	2.96939	2.51665	1.96022	1.36669	0.809178	0.313131	-0.123774	-0.518895	-0.874805	-1.18839	-1.4509	-1.65788	-1.8052	-1.89324	-1.93081	-1.92325	-1.89056	-1.84685	-1.80678	-1.78428	-1.78664	-1.81363	-1.85604	-1.89823	-1.92703	-1.92775	-1.87987	-1.78048	-1.62144	-1.40277	-1.13042	-0.810876	-0.456329	-0.0825466	0.296802	0.665751	1.00851	1.31003	1.55856	1.74738	1.86343	1.91332	1.89001	1.80052	1.65906	1.46456	1.23568	0.997041	0.751932	0.509304	0.300193	0.151827	0.0658164	0.0245889	0.00798106	0.00227008	0.000570624	0.000128418	3.02416e-05	3.02416e-05	
2.58289	2.58289	2.48154	2.26828	1.98252	1.7044	1.44226	1.1668	0.88904	0.60497	0.323379	0.0548126	-0.190164	-0.404468	-0.580841	-0.723012	-0.829808	-0.908666	-0.957436	-0.984481	-0.992536	-0.977076	-0.941561	-0.880047	-0.786616	-0.657176	-0.477564	-0.228813	0.107084	0.538451	1.03932	1.57106	2.08479	2.57124	2.99116	3.28855	3.47097	3.51497	3.38877	3.12961	2.75261	2.25115	1.67875	1.10408	0.581381	0.110703	-0.314872	-0.703068	-1.05118	-1.35276	-1.59494	-1.77454	-1.88502	-1.93207	-1.92111	-1.86682	-1.78604	-1.70064	-1.63345	-1.59779	-1.60168	-1.64452	-1.71699	-1.80355	-1.88036	-1.9272	-1.92775	-1.86785	-1.74462	-1.55105	-1.29783	-0.986535	-0.635722	-0.255401	0.135782	0.522327	0.883448	1.20963	1.48144	1.69485	1.83504	1.90614	1.90315	1.82829	1.6988	1.51465	1.28961	1.05064	0.804605	0.557398	0.33762	0.175797	0.078458	0.0301516	0.0100552	0.0029349	0.000756171	0.000174298	4.21078e-05	4.21078e-05	
2.25211	2.25211	2.16204	2.02732	1.87216	1.71306	1.56314	1.3946	1.19037	0.960635	0.715996	0.472398	0.239969	0.0287996	-0.155791	-0.309541	-0.430912	-0.521695	-0.58417	-0.619417	-0.626353	-0.610299	-0.562815	-0.488137	-0.381647	-0.2374	-0.0419867	0.216781	0.558063	0.981106	1.4624	1.95218	2.41217	2.82481	3.15369	3.37848	3.48056	3.43132	3.2392	2.9349	2.50934	1.97906	1.41905	0.881488	0.393922	-0.0555252	-0.470997	-0.855885	-1.19442	-1.4822	-1.70145	-1.84956	-1.92287	-1.9219	-1.86462	-1.76166	-1.6366	-1.52463	-1.43865	-1.39037	-1.39586	-1.45337	-1.54547	-1.66116	-1.78523	-1.88036	-1.92703	-1.91475	-1.82575	-1.66341	-1.42982	-1.13132	-0.785255	-0.401323	-0.00287259	0.39587	0.77359	1.11925	1.41086	1.64547	1.80604	1.89446	1.91007	1.84946	1.72993	1.55481	1.33429	1.09561	0.849002	0.598706	0.370763	0.197755	0.090427	0.0355833	0.0121391	0.00362078	0.000952396	0.000223985	5.52842e-05	5.52842e-05	
1.85885	1.85885	1.79805	1.74039	1.71399	1.68542	1.63002	1.54414	1.42022	1.26058	1.07415	0.873739	0.671379	0.47871	0.303735	0.152121	0.0250197	-0.0700447	-0.136845	-0.175002	-0.182628	-0.163179	-0.112606	-0.0337957	0.0773497	0.227127	0.420019	0.672625	0.999166	1.39612	1.83376	2.26185	2.65145	2.98762	3.24769	3.39454	3.40567	3.28954	3.05686	2.71031	2.24786	1.72259	1.20113	0.706534	0.25022	-0.187148	-0.594337	-0.975664	-1.30492	-1.57843	-1.7754	-1.89303	-1.92918	-1.88374	-1.778	-1.62954	-1.46725	-1.33383	-1.25571	-1.22712	-1.22984	-1.2668	-1.35693	-1.49878	-1.66116	-1.80355	-1.89823	-1.92878	-1.87577	-1.74226	-1.52932	-1.24342	-0.904201	-0.519519	-0.118212	0.291556	0.681393	1.04215	1.35096	1.60058	1.77965	1.88273	1.91212	1.86424	1.75376	1.58607	1.36976	1.13177	0.884888	0.632556	0.398573	0.216693	0.101034	0.0405215	0.0140791	0.00427343	0.00114297	0.000273195	6.86058e-05	6.86058e-05	
1.41555	1.41555	1.41929	1.44742	1.51237	1.58786	1.63087	1.6236	1.56898	1.47493	1.35113	1.20728	1.05301	0.897233	0.749704	0.618408	0.505355	0.414898	0.351634	0.315715	0.306655	0.327816	0.374582	0.450216	0.554285	0.688948	0.861218	1.08826	1.37942	1.73167	2.11278	2.47865	2.80229	3.06992	3.25175	3.31353	3.26353	3.1112	2.84153	2.46024	1.99467	1.50782	1.0363	0.58263	0.145694	-0.282769	-0.688461	-1.06328	-1.38656	-1.64301	-1.82379	-1.91013	-1.91664	-1.83264	-1.68443	-1.5084	-1.32055	-1.17783	-1.12301	-1.12087	-1.12025	-1.1278	-1.19948	-1.35693	-1.54547	-1.71699	-1.85604	-1.92205	-1.8998	-1.79497	-1.59726	-1.32736	-0.991924	-0.611818	-0.205126	0.209522	0.610183	0.980713	1.30279	1.56493	1.75736	1.87246	1.91208	1.8738	1.77081	1.60912	1.39631	1.15907	0.912106	0.65849	0.420262	0.231776	0.109664	0.0446211	0.0157199	0.00483508	0.00130964	0.000316894	8.06279e-05	8.06279e-05	
0.96686	0.96686	1.04196	1.16097	1.29467	1.4264	1.53694	1.6066	1.6275	1.60276	1.54137	1.45381	1.35029	1.23878	1.12688	1.02321	0.934099	0.860823	0.807953	0.777844	0.77037	0.78739	0.826816	0.889772	0.974916	1.08466	1.22888	1.41993	1.66892	1.9723	2.29695	2.59852	2.85034	3.04237	3.152	3.16234	3.08141	2.89624	2.59424	2.20843	1.78079	1.35226	0.926966	0.50423	0.0775791	-0.345634	-0.75148	-1.12184	-1.44006	-1.68379	-1.85054	-1.91451	-1.8954	-1.78406	-1.6065	-1.41505	-1.23335	-1.11105	-1.08428	-1.10405	-1.10039	-1.0832	-1.1278	-1.2668	-1.45337	-1.64452	-1.81363	-1.9062	-1.90912	-1.82516	-1.64052	-1.38252	-1.05071	-0.674085	-0.263657	0.152948	0.561537	0.937486	1.26908	1.53983	1.73974	1.8644	1.91203	1.87974	1.7817	1.62434	1.41417	1.17756	0.930575	0.676206	0.435265	0.242369	0.115819	0.0475876	0.0169235	0.00525226	0.00143488	0.0003501	8.98701e-05	8.98701e-05	
0.579741	0.579741	0.690296	0.867028	1.05647	1.22821	1.37394	1.49	1.57129	1.6146	1.62123	1.59673	1.54929	1.48726	1.41737	1.34636	1.28195	1.22853	1.18879	1.16557	1.1603	1.17266	1.2032	1.25031	1.31378	1.39624	1.5053	1.65296	1.85251	2.09895	2.35947	2.59239	2.77846	2.91545	2.98512	2.96626	2.85482	2.64211	2.3411	1.99667	1.63082	1.2571	0.869221	0.462911	0.042809	-0.37836	-0.784547	-1.152	-1.46779	-1.70479	-1.86148	-1.91669	-1.87636	-1.75553	-1.559	-1.35884	-1.20246	-1.10813	-1.10732	-1.15157	-1.14421	-1.10039	-1.12025	-1.22984	-1.39586	-1.60168	-1.78664	-1.8904	-1.91455	-1.8369	-1.66416	-1.40999	-1.08224	-0.705941	-0.295583	0.124021	0.534201	0.915864	1.2504	1.52649	1.73139	1.85938	1.91115	1.88277	1.78739	1.6322	1.42344	1.18723	0.940258	0.685531	0.443221	0.248039	0.119144	0.049205	0.0175853	0.00548342	0.00150478	0.000368761	9.51011e-05	9.51011e-05	
0.30175	0.30175	0.402224	0.576701	0.783672	0.985709	1.16271	1.30965	1.427	1.51523	1.5746	1.60659	1.61482	1.6048	1.58219	1.55185	1.51918	1.48965	1.46662	1.45262	1.44945	1.4571	1.47546	1.50294	1.53924	1.58646	1.65201	1.75059	1.89663	2.08676	2.29187	2.47475	2.61968	2.7236	2.76376	2.71633	2.58656	2.38428	2.12928	1.85087	1.54649	1.21512	0.850805	0.454624	0.0382848	-0.381596	-0.78761	-1.15448	-1.47023	-1.70653	-1.86234	-1.91697	-1.87423	-1.75317	-1.55465	-1.3536	-1.2007	-1.10935	-1.11144	-1.15924	-1.15157	-1.10405	-1.12087	-1.22712	-1.39037	-1.59779	-1.78428	-1.88879	-1.9153	-1.83782	-1.66637	-1.41231	-1.08504	-0.70877	-0.298604	0.121396	0.531557	0.913945	1.24862	1.52523	1.73072	1.85891	1.911	1.88304	1.78793	1.63292	1.42428	1.1881	0.941133	0.686378	0.443947	0.248559	0.11945	0.0493546	0.0176467	0.00550496	0.00151131	0.000370509	9.55925e-05	9.55925e-05	
0.135952	0.135952	0.203269	0.331812	0.506081	0.702133	0.895672	1.07018	1.2185	1.33943	1.4342	1.50476	1.55357	1.58399	1.60012	1.60576	1.60424	1.59919	1.59368	1.58978	1.58883	1.59121	1.59633	1.60338	1.61225	1.62581	1.65318	1.71069	1.81393	1.96231	2.12913	2.27766	2.39072	2.46514	2.48266	2.42931	2.32232	2.17395	1.98828	1.77278	1.51503	1.21326	0.862319	0.475028	0.0621814	-0.356178	-0.76067	-1.13001	-1.44757	-1.68965	-1.85399	-1.91527	-1.89118	-1.77654	-1.59438	-1.40052	-1.22372	-1.10748	-1.08628	-1.11144	-1.10732	-1.08428	-1.12301	-1.25571	-1.43865	-1.63345	-1.80678	-1.90288	-1.91061	-1.82895	-1.64684	-1.39002	-1.05896	-0.682649	-0.272212	0.144883	0.554287	0.931387	1.26417	1.53617	1.73727	1.8631	1.91186	1.88057	1.78329	1.62653	1.41671	1.18018	0.933201	0.678739	0.437426	0.243909	0.11672	0.0480256	0.0171024	0.00531465	0.00145372	0.000355121	9.12751e-05	9.12751e-05	
0.0531543	0.0531543	0.0887645	0.163367	0.278588	0.428766	0.600297	0.776365	0.942687	1.09034	1.21544	1.31745	1.39769	1.45851	1.50296	1.53432	1.55546	1.56885	1.5767	1.58058	1.58141	1.57951	1.5745	1.56598	1.55434	1.54308	1.54179	1.56687	1.63501	1.74807	1.8817	2.00055	2.08961	2.15243	2.18009	2.16328	2.11542	2.03623	1.91394	1.74794	1.52154	1.23796	0.900649	0.519806	0.114062	-0.302167	-0.704504	-1.07757	-1.39975	-1.65303	-1.83097	-1.91144	-1.9129	-1.822	-1.66698	-1.48715	-1.2973	-1.15684	-1.10748	-1.10935	-1.10813	-1.11105	-1.17783	-1.33383	-1.52463	-1.70064	-1.84685	-1.91937	-1.90233	-1.80296	-1.60781	-1.34094	-1.00584	-0.626482	-0.218815	0.196027	0.598611	0.970472	1.29482	1.55909	1.75336	1.87055	1.912	1.87528	1.77353	1.61282	1.40058	1.16346	0.91648	0.662685	0.423809	0.234273	0.11111	0.0453153	0.0160006	0.00493201	0.00133864	0.000324558	8.27536e-05	8.27536e-05	
