1.84096	1.84096	1.98106	2.21114	2.47537	2.73304	2.949	3.09663	3.16544	3.15722	3.08182	2.95352	2.79078	2.61163	2.4305	2.25768	2.10441	1.98037	1.88991	1.83751	1.8258	1.85379	1.92223	2.02662	2.16284	2.32529	2.50307	2.68459	2.85905	3.00994	3.11934	3.16924	3.1467	3.04347	2.85679	2.59315	2.26166	1.86374	1.41113	0.953803	0.564164	0.289374	0.128581	0.049677	0.0167868	0.00499587	0.00132014	0.000315571	7.62114e-05	3.2057e-05	3.56061e-05	5.38885e-05	8.05981e-05	0.000114214	0.000153087	0.000194495	0.000234725	0.00026955	0.000294923	0.000307702	0.00030625	0.000290754	0.000263189	0.000226932	0.000186128	0.00014495	0.000106938	7.45394e-05	4.89382e-05	3.01608e-05	1.73853e-05	9.33728e-06	4.65501e-06	2.1465e-06	9.12552e-07	3.56713e-07	1.27931e-07	4.20301e-08	1.26375e-08	3.47633e-09	8.7502e-10	2.01665e-10	4.26003e-11	8.25949e-12	1.47214e-12	2.41645e-13	3.65985e-14	5.12468e-15	6.64752e-16	8.00413e-17	8.96379e-18	9.35487e-19	9.11534e-20	8.30791e-21	7.09513e-22	5.68738e-23	4.28601e-24	3.04204e-25	2.16358e-26	2.16358e-26	
1.84096	1.84096	1.98106	2.21114	2.47537	2.73304	2.949	3.09663	3.16544	3.15722	3.08182	2.95352	2.79078	2.61163	2.4305	2.25768	2.10441	1.98037	1.88991	1.83751	1.8258	1.85379	1.92223	2.02662	2.16284	2.32529	2.50307	2.68459	2.85905	3.00994	3.11934	3.16924	3.1467	3.04347	2.85679	2.59315	2.26166	1.86374	1.41113	0.953803	0.564164	0.289374	0.128581	0.049677	0.0167868	0.00499587	0.00132014	0.000315571	7.62114e-05	3.2057e-05	3.56061e-05	5.38885e-05	8.05981e-05	0.000114214	0.000153087	0.000194495	0.000234725	0.00026955	0.000294923	0.000307702	0.00030625	0.000290754	0.000263189	0.000226932	0.000186128	0.00014495	0.000106938	7.45394e-05	4.89382e-05	3.01608e-05	1.73853e-05	9.33728e-06	4.65501e-06	2.1465e-06	9.12552e-07	3.56713e-07	1.27931e-07	4.20301e-08	1.26375e-08	3.47633e-09	8.7502e-10	2.01665e-10	4.26003e-11	8.25949e-12	1.47214e-12	2.41645e-13	3.65985e-14	5.12468e-15	6.64752e-16	8.00413e-17	8.96379e-18	9.35487e-19	9.11534e-20	8.30791e-21	7.09513e-22	5.68738e-23	4.28601e-24	3.04204e-25	2.16358e-26	2.16358e-26	
1.98106	1.98106	2.05298	2.2078	2.42709	2.65055	2.82291	2.92537	2.95786	2.92768	2.84493	2.72089	2.56828	2.3988	2.22634	2.06365	1.92256	1.80654	1.72302	1.67476	1.66352	1.68999	1.75235	1.84981	1.97678	2.12672	2.29497	2.46775	2.63207	2.77468	2.88335	2.94627	2.95065	2.88508	2.73767	2.49746	2.17353	1.80131	1.41207	1.02407	0.666959	0.381167	0.188998	0.0811509	0.0302826	0.00988503	0.00285073	0.000748532	0.000212518	0.000118094	0.000145141	0.00021563	0.000312666	0.000430643	0.00056321	0.000701047	0.000832337	0.000944261	0.00102493	0.0010653	0.00106072	0.00101172	0.000923929	0.000807091	0.000673449	0.000535766	0.000405436	0.000291031	0.00019753	0.000126312	7.58022e-05	4.2516e-05	2.21942e-05	1.07393e-05	4.79879e-06	1.97369e-06	7.45163e-07	2.57728e-07	8.155e-08	2.35903e-08	6.23812e-09	1.50863e-09	3.33979e-10	6.77672e-11	1.26232e-11	2.16245e-12	3.41337e-13	4.97465e-14	6.70771e-15	8.38529e-16	9.73828e-17	1.05278e-17	1.06153e-18	1.0002e-19	8.82254e-21	7.29807e-22	5.67098e-23	4.14722e-24	3.04204e-25	3.04204e-25	
2.21114	2.21114	2.2078	2.24978	2.34508	2.4537	2.54538	2.59794	2.59406	2.53527	2.42945	2.29222	2.13607	1.97409	1.8171	1.67542	1.55349	1.45495	1.38573	1.34606	1.3358	1.35886	1.40954	1.49093	1.59966	1.72997	1.8779	2.03865	2.19937	2.3499	2.47558	2.56317	2.59718	2.56504	2.46185	2.2863	2.03542	1.7359	1.43337	1.13707	0.834173	0.542469	0.304907	0.146954	0.0608767	0.0218425	0.00688461	0.00200171	0.00068444	0.000482431	0.000625765	0.00090852	0.00127907	0.00171524	0.00219216	0.00267672	0.00312961	0.00351006	0.00378142	0.00391641	0.00390113	0.00373716	0.00344132	0.00304314	0.00258056	0.00209447	0.00162319	0.00119773	0.00083869	0.000555226	0.000346081	0.000202217	0.000110259	5.5849e-05	2.61679e-05	1.12985e-05	4.48099e-06	1.6283e-06	5.41163e-07	1.64324e-07	4.55722e-08	1.1546e-08	2.67448e-09	5.67081e-10	1.10234e-10	1.96801e-11	3.23316e-12	4.89788e-13	6.85622e-14	8.88753e-15	1.06908e-15	1.19583e-16	1.24634e-17	1.2127e-18	1.10366e-19	9.41166e-21	7.53342e-22	5.67098e-23	4.28601e-24	4.28601e-24	
2.47537	2.47537	2.42709	2.34508	2.25312	2.19254	2.17034	2.14146	2.08197	1.986	1.85827	1.71445	1.56396	1.42023	1.28663	1.1712	1.07367	1.00128	0.949787	0.921053	0.913938	0.928979	0.967622	1.02691	1.10908	1.21529	1.3375	1.47654	1.62355	1.77285	1.91107	2.02463	2.0978	2.11959	2.08127	1.99585	1.87352	1.69941	1.48779	1.2645	1.01742	0.737775	0.463916	0.248865	0.113823	0.0447538	0.0154369	0.00504394	0.00213376	0.00182826	0.00242833	0.00342961	0.00468255	0.006109	0.00762506	0.00912872	0.0105066	0.0116465	0.0124507	0.0128481	0.0128033	0.01232	0.0114417	0.0102455	0.00883311	0.00731794	0.0058118	0.00441176	0.00319015	0.00218889	0.00141899	0.000865082	0.000493558	0.000262227	0.000129122	5.86682e-05	2.45042e-05	9.37959e-06	3.28284e-06	1.04908e-06	3.05892e-07	8.13845e-08	1.97696e-08	4.38959e-09	8.92212e-10	1.66305e-10	2.84837e-11	4.49213e-12	6.53754e-13	8.79902e-14	1.09763e-14	1.27177e-15	1.37149e-16	1.37939e-17	1.29638e-18	1.1406e-19	9.41166e-21	7.29807e-22	5.68738e-23	5.68738e-23	
2.73304	2.73304	2.65055	2.4537	2.19254	1.96004	1.76736	1.60224	1.46141	1.31946	1.17985	1.04036	0.909982	0.791899	0.692037	0.612496	0.553594	0.511416	0.483043	0.468028	0.464923	0.470816	0.492276	0.525531	0.574997	0.641548	0.729871	0.837192	0.961033	1.0953	1.23374	1.36908	1.49209	1.59674	1.67629	1.70867	1.70851	1.66809	1.5561	1.38914	1.18568	0.933281	0.646483	0.383189	0.192982	0.0832222	0.031653	0.0119147	0.00634179	0.00628306	0.00835982	0.0114394	0.0151211	0.0191673	0.0233391	0.0273713	0.0309885	0.0339317	0.035984	0.0369915	0.036878	0.0356521	0.0334064	0.0303088	0.0265866	0.0225041	0.0183358	0.014338	0.0107229	0.0076389	0.00516059	0.00328995	0.00196895	0.00110026	0.000571043	0.000273895	0.00012087	4.8896e-05	1.80813e-05	6.10037e-06	1.87588e-06	5.25619e-07	1.34261e-07	3.12958e-08	6.66667e-09	1.30016e-09	2.32609e-10	3.8259e-11	5.79819e-12	8.11497e-13	1.05123e-13	1.26325e-14	1.41123e-15	1.46869e-16	1.4268e-17	1.29638e-18	1.10366e-19	8.82254e-21	7.09513e-22	7.09513e-22	
2.949	2.949	2.82291	2.54538	2.17034	1.76736	1.38899	1.09002	0.845668	0.638441	0.467617	0.322538	0.212662	0.129595	0.0781363	0.0476287	0.0330841	0.0286444	0.0300462	0.0320281	0.0332167	0.0330815	0.0286337	0.0289048	0.0379212	0.0573284	0.096532	0.158799	0.253342	0.375502	0.528717	0.701305	0.894297	1.08355	1.27519	1.44409	1.55468	1.61627	1.60203	1.49563	1.32822	1.10814	0.831577	0.539867	0.298431	0.141443	0.0600459	0.0267684	0.0177539	0.0192961	0.0253012	0.033428	0.0427064	0.0525269	0.0623268	0.0715383	0.0796146	0.08607	0.090515	0.092681	0.0924377	0.0897997	0.084926	0.0781108	0.0697656	0.0603907	0.0505383	0.040765	0.0315814	0.0234027	0.0165112	0.011034	0.0069458	0.00409468	0.00224735	0.00114189	0.000534376	0.000229318	8.99291e-05	3.21492e-05	1.0462e-05	3.09738e-06	8.34494e-07	2.04783e-07	4.58376e-08	9.37543e-09	1.7559e-09	3.01797e-10	4.77145e-11	6.95555e-12	9.37089e-13	1.16951e-13	1.35512e-14	1.461e-15	1.46869e-16	1.37939e-17	1.2127e-18	1.0002e-19	8.30791e-21	8.30791e-21	
3.09663	3.09663	2.92537	2.59794	2.14146	1.60224	1.09002	0.659352	0.300968	0.0325319	-0.176474	-0.31955	-0.413652	-0.45805	-0.470321	-0.45274	-0.424298	-0.387531	-0.359093	-0.341582	-0.334097	-0.345509	-0.368974	-0.401085	-0.438343	-0.462358	-0.468921	-0.44612	-0.381742	-0.272654	-0.108051	0.10263	0.357209	0.639666	0.911905	1.1786	1.39298	1.53596	1.60482	1.56879	1.44239	1.25498	1.00344	0.705981	0.426578	0.222977	0.107355	0.0577369	0.045903	0.0522526	0.0667187	0.0848635	0.104626	0.124721	0.144082	0.161745	0.176856	0.188708	0.196761	0.200654	0.200218	0.195472	0.186624	0.174071	0.158387	0.140311	0.120715	0.100559	0.0808199	0.0624077	0.0460795	0.0323595	0.0214869	0.0134062	0.00780898	0.00421963	0.00210267	0.000961242	0.000401455	0.000152701	5.27958e-05	1.65773e-05	4.72709e-06	1.22513e-06	2.88989e-07	6.21561e-08	1.22156e-08	2.19881e-09	3.63378e-10	5.5272e-11	7.75714e-12	1.00693e-12	1.2118e-13	1.35512e-14	1.41123e-15	1.37149e-16	1.24634e-17	1.06153e-18	9.11534e-20	9.11534e-20	
3.16544	3.16544	2.95786	2.59406	2.08197	1.46141	0.845668	0.300968	-0.122534	-0.437537	-0.663355	-0.802648	-0.8771	-0.888581	-0.858054	-0.799054	-0.729232	-0.669474	-0.616224	-0.585916	-0.580774	-0.597674	-0.634353	-0.691463	-0.758536	-0.823929	-0.875969	-0.889213	-0.857371	-0.758796	-0.600622	-0.367199	-0.0895422	0.241459	0.583837	0.913204	1.2065	1.42314	1.56269	1.60045	1.5262	1.37399	1.1548	0.871292	0.573363	0.332405	0.184244	0.118941	0.107168	0.123301	0.152036	0.185785	0.220825	0.254986	0.286709	0.314761	0.338163	0.356166	0.368234	0.374024	0.373378	0.366315	0.353027	0.333895	0.309496	0.280621	0.248287	0.213729	0.178365	0.143706	0.111239	0.0822724	0.0577822	0.0382802	0.0237535	0.0137075	0.00730629	0.00357509	0.00159777	0.000649685	0.000239737	8.01729e-05	2.42925e-05	6.67343e-06	1.66435e-06	3.77546e-07	7.8071e-08	1.47526e-08	2.55401e-09	4.06154e-10	5.94849e-11	8.0442e-12	1.00693e-12	1.16951e-13	1.26325e-14	1.27177e-15	1.19583e-16	1.05278e-17	9.35487e-19	9.35487e-19	
3.15722	3.15722	2.92768	2.53527	1.986	1.31946	0.638441	0.0325319	-0.437537	-0.777471	-0.987194	-1.10316	-1.12969	-1.10091	-1.02348	-0.934731	-0.838677	-0.75689	-0.696541	-0.659797	-0.654023	-0.672185	-0.71607	-0.787681	-0.875397	-0.971346	-1.05879	-1.11792	-1.13107	-1.07398	-0.942774	-0.728446	-0.440128	-0.10103	0.272565	0.64535	0.997239	1.28056	1.48294	1.5914	1.57896	1.46865	1.28685	1.03314	0.739181	0.478082	0.306109	0.229473	0.221488	0.251325	0.29775	0.349328	0.400464	0.448292	0.49114	0.527925	0.557904	0.580565	0.595572	0.602723	0.601929	0.593201	0.576647	0.552493	0.521106	0.483034	0.439055	0.390242	0.338018	0.284165	0.230748	0.179973	0.133969	0.0945048	0.0626938	0.0388022	0.0222299	0.0117035	0.0056273	0.00245919	0.000973509	0.000348436	0.00011269	3.29483e-05	8.72046e-06	2.09334e-06	4.56827e-07	9.08665e-08	1.65191e-08	2.75242e-09	4.21496e-10	5.94849e-11	7.75714e-12	9.37089e-13	1.05123e-13	1.09763e-14	1.06908e-15	9.73828e-17	8.96379e-18	8.96379e-18	
3.08182	3.08182	2.84493	2.42945	1.85827	1.17985	0.467617	-0.176474	-0.663355	-0.987194	-1.16403	-1.22781	-1.20226	-1.12016	-1.00389	-0.881834	-0.775842	-0.693084	-0.639178	-0.608094	-0.598666	-0.6172	-0.659109	-0.723043	-0.813871	-0.931723	-1.05141	-1.16083	-1.22346	-1.22788	-1.14677	-0.980971	-0.726544	-0.39788	-0.0139654	0.382514	0.773845	1.11543	1.37611	1.54957	1.60437	1.54584	1.40885	1.19902	0.931853	0.671885	0.488364	0.40453	0.400088	0.441306	0.501739	0.566372	0.628133	0.683993	0.732668	0.773562	0.806347	0.830834	0.846921	0.854555	0.853711	0.844392	0.826625	0.800472	0.766046	0.723551	0.673312	0.615832	0.551934	0.482906	0.410596	0.337415	0.26626	0.200274	0.142409	0.0948838	0.058703	0.0334341	0.0173971	0.00822	0.00351139	0.00135258	0.000469322	0.000146731	4.13874e-05	1.05531e-05	2.43861e-06	5.12112e-07	9.80242e-08	1.71534e-08	2.75242e-09	4.06154e-10	5.5272e-11	6.95555e-12	8.11497e-13	8.79902e-14	8.88753e-15	8.38529e-16	8.00413e-17	8.00413e-17	
2.95352	2.95352	2.72089	2.29222	1.71445	1.04036	0.322538	-0.31955	-0.802648	-1.10316	-1.22781	-1.22887	-1.13771	-1.00364	-0.856986	-0.73249	-0.639842	-0.575493	-0.534652	-0.513804	-0.509488	-0.519866	-0.549229	-0.597188	-0.672489	-0.778167	-0.914901	-1.0619	-1.18775	-1.26019	-1.25172	-1.14763	-0.93824	-0.645957	-0.27568	0.132627	0.549729	0.938466	1.25383	1.48796	1.61313	1.6182	1.53728	1.38425	1.16233	0.920764	0.733601	0.640316	0.63114	0.673459	0.737777	0.806386	0.871112	0.928888	0.978714	1.02024	1.05331	1.07789	1.09399	1.10162	1.10078	1.09147	1.07367	1.04739	1.01262	0.969392	0.91782	0.85803	0.790189	0.714689	0.632373	0.544719	0.453995	0.363399	0.276954	0.199019	0.133452	0.0826408	0.0468152	0.0240707	0.0111683	0.004659	0.00174456	0.000586341	0.000177097	4.81703e-05	1.18311e-05	2.63187e-06	5.31979e-07	9.80242e-08	1.65191e-08	2.55401e-09	3.63378e-10	4.77145e-11	5.79819e-12	6.53754e-13	6.85622e-14	6.70771e-15	6.64752e-16	6.64752e-16	
2.79078	2.79078	2.56828	2.13607	1.56396	0.909982	0.212662	-0.413652	-0.8771	-1.12969	-1.20226	-1.13771	-0.997341	-0.830223	-0.684971	-0.579683	-0.525071	-0.49442	-0.477572	-0.469626	-0.464272	-0.470139	-0.484888	-0.505367	-0.541552	-0.617411	-0.738326	-0.901323	-1.06663	-1.20514	-1.26745	-1.23877	-1.09562	-0.845187	-0.500703	-0.09499	0.33625	0.761528	1.12909	1.42398	1.62373	1.70431	1.69067	1.60151	1.43153	1.2133	1.02088	0.909544	0.883956	0.916583	0.97667	1.04392	1.10847	1.1664	1.21628	1.25758	1.29024	1.31439	1.33013	1.33756	1.33674	1.32766	1.31024	1.28439	1.25	1.20692	1.15518	1.09497	1.02647	0.949747	0.864957	0.772551	0.673381	0.569015	0.462242	0.357333	0.259813	0.175481	0.108785	0.0612586	0.0310864	0.014142	0.00575229	0.00209088	0.0006799	0.000198219	5.19639e-05	1.22903e-05	2.63187e-06	5.12112e-07	9.08665e-08	1.47526e-08	2.19881e-09	3.01797e-10	3.8259e-11	4.49213e-12	4.89788e-13	4.97465e-14	5.12468e-15	5.12468e-15	
2.61163	2.61163	2.3988	1.97409	1.42023	0.791899	0.129595	-0.45805	-0.888581	-1.10091	-1.12016	-1.00364	-0.830223	-0.661938	-0.551666	-0.504345	-0.493723	-0.486219	-0.470952	-0.471237	-0.474214	-0.469771	-0.477676	-0.489299	-0.496896	-0.515583	-0.588117	-0.727574	-0.913446	-1.09771	-1.2302	-1.2702	-1.191	-0.994746	-0.687534	-0.293977	0.145085	0.599935	1.01816	1.37785	1.65807	1.82156	1.87768	1.84654	1.72027	1.5195	1.31728	1.18306	1.13659	1.15641	1.21058	1.27557	1.33897	1.39541	1.44302	1.48154	1.51151	1.53336	1.54741	1.55399	1.55325	1.54517	1.52959	1.50614	1.47449	1.43412	1.38442	1.32521	1.25672	1.17927	1.09315	0.998841	0.897006	0.788235	0.673358	0.55415	0.43416	0.319268	0.217069	0.134548	0.075176	0.0375671	0.016718	0.00661604	0.00233019	0.000732056	0.0002058	5.19639e-05	1.18311e-05	2.43861e-06	4.56827e-07	7.8071e-08	1.22156e-08	1.7559e-09	2.32609e-10	2.84837e-11	3.23316e-12	3.41337e-13	3.65985e-14	3.65985e-14	
2.4305	2.4305	2.22634	1.8171	1.28663	0.692037	0.0781363	-0.470321	-0.858054	-1.02348	-1.00389	-0.856986	-0.684971	-0.551666	-0.498409	-0.499453	-0.504535	-0.494701	-0.478386	-0.479095	-0.480811	-0.475353	-0.483953	-0.500549	-0.504021	-0.496876	-0.510947	-0.603141	-0.766628	-0.973287	-1.15125	-1.25666	-1.24441	-1.10202	-0.832217	-0.455911	-0.0136569	0.470646	0.94235	1.37004	1.73078	1.97253	2.08691	2.09726	2.0018	1.81491	1.60596	1.45292	1.38717	1.39273	1.43716	1.49452	1.55031	1.59849	1.63771	1.66872	1.69237	1.70918	1.71974	1.72471	1.72413	1.71803	1.70627	1.68816	1.66308	1.63043	1.58907	1.53757	1.47522	1.40184	1.31752	1.22257	1.11815	1.00582	0.886912	0.762418	0.633247	0.501455	0.372157	0.25413	0.157063	0.0867932	0.0425691	0.0184737	0.00709403	0.00241578	0.000732056	0.000198219	4.81703e-05	1.05531e-05	2.09334e-06	3.77546e-07	6.21561e-08	9.37543e-09	1.30016e-09	1.66305e-10	1.96801e-11	2.16245e-12	2.41645e-13	2.41645e-13	
2.25768	2.25768	2.06365	1.67542	1.1712	0.612496	0.0476287	-0.45274	-0.799054	-0.934731	-0.881834	-0.73249	-0.579683	-0.504345	-0.499453	-0.523211	-0.497631	-0.457013	-0.443429	-0.441262	-0.44026	-0.442711	-0.446596	-0.469511	-0.515931	-0.514913	-0.496907	-0.529984	-0.654107	-0.855161	-1.0637	-1.21898	-1.26033	-1.16787	-0.939193	-0.57803	-0.128994	0.389651	0.92035	1.41294	1.83962	2.14068	2.29641	2.33645	2.26758	2.09731	1.88612	1.71504	1.62533	1.6083	1.63376	1.67482	1.71571	1.75052	1.7783	1.79989	1.81537	1.82574	1.83216	1.83511	1.83478	1.83114	1.82396	1.81268	1.79604	1.77313	1.74348	1.70524	1.65657	1.59605	1.52297	1.43646	1.33621	1.22348	1.10054	0.970291	0.835317	0.696851	0.555441	0.414472	0.283132	0.173713	0.0945072	0.0452972	0.0190973	0.00709403	0.00233019	0.0006799	0.000177097	4.13874e-05	8.72046e-06	1.66435e-06	2.88989e-07	4.58376e-08	6.66667e-09	8.92212e-10	1.10234e-10	1.26232e-11	1.47214e-12	1.47214e-12	
2.10441	2.10441	1.92256	1.55349	1.07367	0.553594	0.0330841	-0.424298	-0.729232	-0.838677	-0.775842	-0.639842	-0.525071	-0.493723	-0.504535	-0.497631	-0.446488	-0.407278	-0.42031	-0.409677	-0.39545	-0.418448	-0.414058	-0.415201	-0.471908	-0.504046	-0.502479	-0.503967	-0.586884	-0.762986	-0.981003	-1.16518	-1.25591	-1.20318	-1.00611	-0.650884	-0.186415	0.367842	0.954875	1.49983	1.96882	2.30926	2.4988	2.56708	2.52183	2.3625	2.14218	1.94572	1.82506	1.7799	1.78247	1.80433	1.82879	1.84933	1.86453	1.87416	1.87913	1.88166	1.88316	1.88335	1.88336	1.88304	1.88128	1.87838	1.87261	1.86176	1.84478	1.82075	1.78758	1.74328	1.68642	1.61618	1.5308	1.42934	1.31201	1.18059	1.03906	0.89257	0.744401	0.594367	0.443699	0.301518	0.182551	0.0972101	0.0452972	0.0184737	0.00661604	0.00209088	0.000586341	0.000146731	3.29483e-05	6.67343e-06	1.22513e-06	2.04783e-07	3.12958e-08	4.38959e-09	5.67081e-10	6.77672e-11	8.25949e-12	8.25949e-12	
1.98037	1.98037	1.80654	1.45495	1.00128	0.511416	0.0286444	-0.387531	-0.669474	-0.75689	-0.693084	-0.575493	-0.49442	-0.486219	-0.494701	-0.457013	-0.407278	-0.388481	-0.419323	-0.402242	-0.380787	-0.418536	-0.405365	-0.388409	-0.428128	-0.473627	-0.500425	-0.487759	-0.548642	-0.693941	-0.915206	-1.11606	-1.24028	-1.21163	-1.03018	-0.673368	-0.179761	0.410991	1.03565	1.61134	2.10722	2.48048	2.70099	2.7886	2.75126	2.58858	2.35186	2.1289	1.97869	1.90607	1.884	1.88329	1.88732	1.88843	1.88549	1.87838	1.87084	1.86411	1.8589	1.85597	1.85631	1.85984	1.86545	1.8723	1.87985	1.8862	1.88748	1.88266	1.86903	1.84464	1.80656	1.75404	1.68611	1.60162	1.50006	1.38067	1.24367	1.09239	0.934293	0.776055	0.617727	0.458556	0.307806	0.182551	0.0945072	0.0425691	0.016718	0.00575229	0.00174456	0.000469322	0.00011269	2.42925e-05	4.72709e-06	8.34494e-07	1.34261e-07	1.97696e-08	2.67448e-09	3.33979e-10	4.26003e-11	4.26003e-11	
1.88991	1.88991	1.72302	1.38573	0.949787	0.483043	0.0300462	-0.359093	-0.616224	-0.696541	-0.639178	-0.534652	-0.477572	-0.470952	-0.478386	-0.443429	-0.42031	-0.419323	-0.41507	-0.401938	-0.39503	-0.407959	-0.416942	-0.419752	-0.427089	-0.45978	-0.482982	-0.476841	-0.524329	-0.654234	-0.868133	-1.07607	-1.21227	-1.19912	-1.01358	-0.636435	-0.113702	0.503306	1.14736	1.74059	2.26004	2.65959	2.8944	2.98189	2.93915	2.76793	2.51458	2.26561	2.08386	1.97875	1.92546	1.89656	1.87488	1.85284	1.82956	1.8064	1.78604	1.76896	1.75587	1.75049	1.75105	1.75789	1.77217	1.78987	1.81081	1.83396	1.85625	1.87471	1.8864	1.88837	1.87734	1.84987	1.8045	1.73932	1.65459	1.55109	1.42922	1.28817	1.1288	0.959863	0.791903	0.625502	0.458556	0.301518	0.173713	0.0867932	0.0375671	0.014142	0.004659	0.00135258	0.000348436	8.01729e-05	1.65773e-05	3.09738e-06	5.25619e-07	8.13845e-08	1.1546e-08	1.50863e-09	2.01665e-10	2.01665e-10	
1.83751	1.83751	1.67476	1.34606	0.921053	0.468028	0.0320281	-0.341582	-0.585916	-0.659797	-0.608094	-0.513804	-0.469626	-0.471237	-0.479095	-0.441262	-0.409677	-0.402242	-0.401938	-0.388603	-0.383098	-0.396591	-0.402003	-0.403239	-0.418777	-0.459032	-0.483607	-0.474965	-0.511859	-0.631383	-0.837875	-1.04413	-1.18136	-1.15972	-0.952697	-0.547096	-0.000889934	0.628165	1.28291	1.89318	2.42856	2.83249	3.06176	3.14158	3.0897	2.90272	2.62398	2.34207	2.12446	1.98492	1.8999	1.84287	1.79481	1.75003	1.70577	1.66539	1.62874	1.59996	1.58021	1.57103	1.57208	1.58333	1.60499	1.63562	1.67321	1.71412	1.75779	1.79936	1.83733	1.86658	1.88515	1.88835	1.87389	1.83802	1.77811	1.69373	1.58629	1.4598	1.31419	1.1472	0.968499	0.791903	0.617727	0.443699	0.283132	0.157063	0.075176	0.0310864	0.0111683	0.00351139	0.000973509	0.000239737	5.27958e-05	1.0462e-05	1.87588e-06	3.05892e-07	4.55722e-08	6.23812e-09	8.7502e-10	8.7502e-10	
1.8258	1.8258	1.66352	1.3358	0.913938	0.464923	0.0332167	-0.334097	-0.580774	-0.654023	-0.598666	-0.509488	-0.464272	-0.474214	-0.480811	-0.44026	-0.39545	-0.380787	-0.39503	-0.383098	-0.369996	-0.391942	-0.388406	-0.382365	-0.412824	-0.458905	-0.489144	-0.473486	-0.508351	-0.623112	-0.827363	-1.02565	-1.14621	-1.09125	-0.851799	-0.418823	0.14518	0.780868	1.44555	2.06598	2.59677	2.98778	3.20685	3.27202	3.19565	2.97847	2.66785	2.35326	2.10319	1.93104	1.81397	1.72586	1.64895	1.57762	1.50992	1.44927	1.39803	1.35814	1.33188	1.31795	1.31958	1.33614	1.36504	1.40754	1.46072	1.52282	1.59029	1.65904	1.72596	1.78649	1.83637	1.87144	1.88819	1.88448	1.85657	1.80263	1.71965	1.6075	1.47459	1.32269	1.1472	0.959863	0.776055	0.594367	0.414472	0.25413	0.134548	0.0612586	0.0240707	0.00822	0.00245919	0.000649685	0.000152701	3.21492e-05	6.10037e-06	1.04908e-06	1.64324e-07	2.35903e-08	3.47633e-09	3.47633e-09	
1.85379	1.85379	1.68999	1.35886	0.928979	0.470816	0.0330815	-0.345509	-0.597674	-0.672185	-0.6172	-0.519866	-0.470139	-0.469771	-0.475353	-0.442711	-0.418448	-0.418536	-0.407959	-0.396591	-0.391942	-0.402094	-0.412074	-0.419332	-0.423662	-0.458415	-0.479791	-0.474176	-0.511292	-0.633116	-0.828344	-1.01224	-1.09624	-1.00014	-0.718009	-0.259366	0.31243	0.959946	1.63407	2.24523	2.75655	3.13148	3.3274	3.35805	3.24694	2.99649	2.65272	2.30403	2.01979	1.81226	1.66194	1.54183	1.43688	1.33954	1.25116	1.17277	1.10775	1.0561	1.02125	1.0053	1.00704	1.02671	1.06525	1.11978	1.18749	1.26777	1.357	1.45245	1.54848	1.64221	1.72739	1.79997	1.85358	1.88481	1.88962	1.86603	1.81501	1.73233	1.61466	1.47459	1.31419	1.1288	0.934293	0.744401	0.555441	0.372157	0.217069	0.108785	0.0468152	0.0173971	0.0056273	0.00159777	0.000401455	8.99291e-05	1.80813e-05	3.28284e-06	5.41163e-07	8.155e-08	1.26375e-08	1.26375e-08	
1.92223	1.92223	1.75235	1.40954	0.967622	0.492276	0.0286337	-0.368974	-0.634353	-0.71607	-0.659109	-0.549229	-0.484888	-0.477676	-0.483953	-0.446596	-0.414058	-0.405365	-0.416942	-0.402003	-0.388406	-0.412074	-0.412544	-0.405791	-0.42464	-0.46438	-0.489315	-0.480756	-0.528996	-0.654233	-0.846243	-0.995207	-1.03565	-0.886892	-0.563119	-0.080817	0.507894	1.167	1.83365	2.42244	2.91275	3.25672	3.40811	3.40082	3.25165	2.95778	2.57295	2.1887	1.87261	1.63473	1.45427	1.30489	1.1721	1.05057	0.940034	0.843671	0.762982	0.702271	0.662272	0.642379	0.644658	0.668787	0.712787	0.777629	0.861653	0.960636	1.0729	1.1933	1.31864	1.44344	1.56259	1.67101	1.76325	1.83461	1.87932	1.89296	1.87055	1.81862	1.73233	1.6075	1.4598	1.28817	1.09239	0.89257	0.696851	0.501455	0.319268	0.175481	0.0826408	0.0334341	0.0117035	0.00357509	0.000961242	0.000229318	4.8896e-05	9.37959e-06	1.6283e-06	2.57728e-07	4.20301e-08	4.20301e-08	
2.02662	2.02662	1.84981	1.49093	1.02691	0.525531	0.0289048	-0.401085	-0.691463	-0.787681	-0.723043	-0.597188	-0.505367	-0.489299	-0.500549	-0.469511	-0.415201	-0.388409	-0.419752	-0.403239	-0.382365	-0.419333	-0.405792	-0.389778	-0.439993	-0.484386	-0.50315	-0.489754	-0.553005	-0.690098	-0.87078	-0.982199	-0.960051	-0.75254	-0.389077	0.120722	0.72665	1.39043	2.0382	2.60052	3.05838	3.35112	3.45572	3.40398	3.1995	2.85793	2.43346	2.01856	1.67353	1.40706	1.19598	1.0183	0.859179	0.714947	0.586424	0.475419	0.38527	0.315567	0.269542	0.247015	0.249558	0.276953	0.327675	0.401473	0.495701	0.610659	0.741705	0.88614	1.03918	1.19567	1.35029	1.4962	1.62663	1.73675	1.82006	1.8741	1.89425	1.87055	1.81501	1.71965	1.58629	1.42922	1.24367	1.03906	0.835317	0.633247	0.43416	0.259813	0.133452	0.058703	0.0222299	0.00730629	0.00210267	0.000534376	0.00012087	2.45042e-05	4.48099e-06	7.45163e-07	1.27931e-07	1.27931e-07	
2.16284	2.16284	1.97678	1.59966	1.10908	0.574997	0.0379212	-0.438343	-0.758536	-0.875397	-0.813871	-0.672489	-0.541552	-0.496896	-0.504021	-0.515931	-0.471908	-0.428128	-0.427089	-0.418777	-0.412826	-0.423666	-0.42465	-0.440011	-0.496109	-0.51443	-0.498001	-0.506399	-0.590649	-0.749581	-0.89941	-0.961231	-0.868807	-0.602451	-0.195356	0.346018	0.966819	1.62512	2.24592	2.77494	3.1838	3.41832	3.46859	3.35492	3.09792	2.70729	2.24026	1.79543	1.42504	1.13429	0.899329	0.696812	0.516826	0.353139	0.209722	0.0867571	-0.0141951	-0.0898292	-0.139405	-0.162308	-0.159781	-0.131603	-0.0769991	0.00367704	0.109795	0.236948	0.383687	0.54833	0.724523	0.908747	1.09484	1.27564	1.4465	1.59672	1.72458	1.81474	1.8741	1.89296	1.86603	1.80263	1.69373	1.55109	1.38067	1.18059	0.970291	0.762418	0.55415	0.357333	0.199019	0.0948838	0.0388022	0.0137075	0.00421963	0.00114189	0.000273895	5.86682e-05	1.12985e-05	1.97369e-06	3.56713e-07	3.56713e-07	
2.32529	2.32529	2.12672	1.72997	1.21529	0.641548	0.0573284	-0.462358	-0.823929	-0.971346	-0.931723	-0.778167	-0.617411	-0.515583	-0.496876	-0.514913	-0.504046	-0.473627	-0.459781	-0.459035	-0.458913	-0.458439	-0.46444	-0.484514	-0.514623	-0.506254	-0.494873	-0.54207	-0.666064	-0.825239	-0.936216	-0.925432	-0.753115	-0.432241	0.0228762	0.593099	1.22422	1.8683	2.4543	2.93826	3.2866	3.45602	3.43867	3.26478	2.95003	2.5001	2.00001	1.53054	1.14384	0.832102	0.576277	0.352444	0.153667	-0.0235366	-0.179308	-0.308657	-0.411997	-0.49017	-0.541313	-0.567013	-0.564187	-0.533323	-0.477001	-0.393226	-0.284444	-0.150229	0.00934368	0.189462	0.385902	0.595964	0.810724	1.02537	1.2305	1.42022	1.58555	1.72458	1.82006	1.87932	1.88962	1.85657	1.77811	1.65459	1.50006	1.31201	1.10054	0.886912	0.673358	0.462242	0.276954	0.142409	0.0626938	0.0237535	0.00780898	0.00224735	0.000571043	0.000129122	2.61679e-05	4.79879e-06	9.12552e-07	9.12552e-07	
2.50307	2.50307	2.29497	1.8779	1.3375	0.729871	0.096532	-0.468921	-0.875969	-1.05879	-1.05141	-0.914901	-0.738326	-0.588117	-0.510947	-0.496907	-0.50248	-0.500426	-0.482986	-0.483622	-0.489188	-0.479911	-0.489608	-0.503783	-0.499147	-0.496341	-0.527614	-0.630113	-0.775639	-0.912677	-0.956419	-0.866283	-0.6166	-0.232108	0.268421	0.86494	1.49713	2.11422	2.65766	3.08567	3.36482	3.45967	3.3698	3.13214	2.75098	2.25481	1.72152	1.23414	0.834267	0.509084	0.237442	0.000740497	-0.210689	-0.395668	-0.554934	-0.688935	-0.793954	-0.871313	-0.921642	-0.944153	-0.941902	-0.914084	-0.857926	-0.774793	-0.664354	-0.525757	-0.360799	-0.17223	0.0386284	0.266785	0.504253	0.749253	0.986519	1.21633	1.42022	1.59672	1.73675	1.83461	1.88481	1.88448	1.83802	1.73932	1.60162	1.42934	1.22348	1.00582	0.788235	0.569015	0.363399	0.200274	0.0945048	0.0382802	0.0134062	0.00409468	0.00110026	0.000262227	5.5849e-05	1.07393e-05	2.1465e-06	2.1465e-06	
2.68459	2.68459	2.46775	2.03865	1.47654	0.837192	0.158799	-0.44612	-0.889213	-1.11792	-1.16083	-1.0619	-0.901323	-0.727574	-0.603141	-0.529984	-0.503969	-0.487766	-0.476864	-0.475037	-0.473691	-0.474705	-0.481988	-0.49233	-0.511141	-0.549374	-0.638037	-0.770776	-0.910543	-0.99038	-0.952858	-0.766081	-0.440025	-0.000734554	0.544458	1.1583	1.77745	2.3609	2.85257	3.2125	3.41401	3.42643	3.26259	2.95884	2.51428	1.97074	1.41242	0.921075	0.513229	0.182189	-0.101775	-0.347247	-0.564045	-0.752147	-0.909173	-1.03687	-1.13624	-1.20761	-1.25319	-1.27666	-1.27414	-1.24587	-1.19519	-1.11858	-1.01425	-0.87991	-0.716788	-0.524973	-0.304992	-0.0656552	0.194092	0.459314	0.728732	0.986519	1.2305	1.4465	1.62663	1.76325	1.85358	1.88819	1.87389	1.8045	1.68611	1.5308	1.33621	1.11815	0.897006	0.673381	0.453995	0.26626	0.133969	0.0577822	0.0214869	0.0069458	0.00196895	0.000493558	0.000110259	2.21942e-05	4.65501e-06	4.65501e-06	
2.85905	2.85905	2.63207	2.19937	1.62355	0.961033	0.253342	-0.381742	-0.857371	-1.13107	-1.22346	-1.18775	-1.06663	-0.913446	-0.766629	-0.65411	-0.586893	-0.548675	-0.524437	-0.512178	-0.509205	-0.513358	-0.533519	-0.561962	-0.60658	-0.691011	-0.808218	-0.940284	-1.0305	-1.03364	-0.895951	-0.624802	-0.223113	0.272894	0.851376	1.4682	2.06483	2.60393	3.03005	3.31327	3.43082	3.357	3.1201	2.74707	2.2411	1.66171	1.09107	0.5972	0.1922	-0.142896	-0.427536	-0.676322	-0.889462	-1.07187	-1.22039	-1.33794	-1.42651	-1.48865	-1.5265	-1.5423	-1.54065	-1.52058	-1.47805	-1.41137	-1.31675	-1.19296	-1.03876	-0.850099	-0.632815	-0.385841	-0.117301	0.167613	0.459314	0.749253	1.02537	1.27564	1.4962	1.67101	1.79997	1.87144	1.88835	1.84987	1.75404	1.61618	1.43646	1.22257	0.998841	0.772551	0.544719	0.337415	0.179973	0.0822724	0.0323595	0.011034	0.00328995	0.000865082	0.000202217	4.2516e-05	9.33728e-06	9.33728e-06	
3.00994	3.00994	2.77468	2.3499	1.77285	1.0953	0.375502	-0.272654	-0.758796	-1.07398	-1.22788	-1.26019	-1.20514	-1.09771	-0.97329	-0.855173	-0.76303	-0.694092	-0.654694	-0.632652	-0.626271	-0.640225	-0.668732	-0.716947	-0.794685	-0.89344	-1.00337	-1.09038	-1.10994	-1.01371	-0.77969	-0.416233	0.0472984	0.582617	1.18596	1.79017	2.35134	2.83339	3.18413	3.38533	3.41205	3.25058	2.94244	2.50155	1.94243	1.33457	0.763644	0.281041	-0.11766	-0.449046	-0.732498	-0.975278	-1.17989	-1.34709	-1.47863	-1.57584	-1.64506	-1.69134	-1.71815	-1.73162	-1.73001	-1.71368	-1.68375	-1.63339	-1.55906	-1.45512	-1.31658	-1.14252	-0.931586	-0.687543	-0.412316	-0.117301	0.194092	0.504253	0.810724	1.09484	1.35029	1.56259	1.72739	1.83637	1.88515	1.87734	1.80656	1.68642	1.52297	1.31752	1.09315	0.864957	0.632373	0.410596	0.230748	0.111239	0.0460795	0.0165112	0.00516059	0.00141899	0.000346081	7.58022e-05	1.73853e-05	1.73853e-05	
3.11934	3.11934	2.88335	2.47558	1.91107	1.23374	0.528717	-0.108051	-0.600622	-0.942774	-1.14677	-1.25172	-1.26745	-1.2302	-1.15126	-1.06376	-0.981198	-0.91582	-0.86988	-0.842344	-0.837659	-0.84976	-0.886618	-0.940072	-1.00798	-1.09127	-1.15605	-1.17806	-1.10484	-0.912503	-0.583977	-0.152325	0.362461	0.934812	1.53861	2.11378	2.63017	3.04148	3.30943	3.42248	3.35367	3.10979	2.73311	2.22679	1.62502	1.00568	0.446441	-0.022742	-0.406694	-0.730909	-1.00311	-1.23426	-1.42013	-1.56598	-1.67238	-1.74477	-1.78919	-1.81297	-1.82288	-1.82504	-1.82475	-1.82137	-1.80966	-1.78269	-1.73229	-1.65375	-1.54047	-1.38602	-1.19335	-0.95691	-0.687543	-0.385841	-0.0656552	0.266785	0.595964	0.908747	1.19567	1.44344	1.64221	1.78649	1.86658	1.88837	1.84464	1.74328	1.59605	1.40184	1.17927	0.949747	0.714689	0.482906	0.284165	0.143706	0.0624077	0.0234027	0.0076389	0.00218889	0.000555226	0.000126312	3.01608e-05	3.01608e-05	
3.16924	3.16924	2.94627	2.56317	2.02463	1.36908	0.701305	0.10263	-0.367199	-0.728446	-0.980971	-1.14763	-1.23877	-1.27021	-1.25672	-1.21922	-1.16594	-1.11829	-1.08194	-1.05798	-1.055	-1.06827	-1.0922	-1.13547	-1.18364	-1.22252	-1.22974	-1.16658	-1.00921	-0.717916	-0.315716	0.181242	0.727887	1.3085	1.89803	2.43432	2.88871	3.21757	3.3997	3.4192	3.2555	2.9358	2.49382	1.93078	1.29966	0.683521	0.147776	-0.298896	-0.668715	-0.979199	-1.23823	-1.44756	-1.60952	-1.72282	-1.79602	-1.83311	-1.84518	-1.8445	-1.83657	-1.83048	-1.83111	-1.83814	-1.84556	-1.84393	-1.82797	-1.78469	-1.70348	-1.5813	-1.41025	-1.19335	-0.931586	-0.632815	-0.304992	0.0386284	0.385902	0.724523	1.03918	1.31864	1.54848	1.72596	1.83733	1.8864	1.86903	1.78758	1.65657	1.47522	1.25672	1.02647	0.790189	0.551934	0.338018	0.178365	0.0808199	0.0315814	0.0107229	0.00319015	0.00083869	0.00019753	4.89382e-05	4.89382e-05	
3.1467	3.1467	2.95065	2.59718	2.0978	1.49209	0.894297	0.357209	-0.0895422	-0.440128	-0.726544	-0.938244	-1.09564	-1.19107	-1.24467	-1.2612	-1.25857	-1.24747	-1.22965	-1.21888	-1.21876	-1.22261	-1.2355	-1.24985	-1.25768	-1.23867	-1.1798	-1.03993	-0.797255	-0.431433	0.0302726	0.56098	1.11602	1.70238	2.25314	2.73299	3.11284	3.35529	3.44803	3.36925	3.1182	2.733	2.22972	1.62081	0.980688	0.384314	-0.123065	-0.545795	-0.896104	-1.19058	-1.42826	-1.61286	-1.74145	-1.81923	-1.85168	-1.8488	-1.82261	-1.7861	-1.75432	-1.73814	-1.73983	-1.75945	-1.79361	-1.82923	-1.85121	-1.84864	-1.80763	-1.7197	-1.5813	-1.38602	-1.14252	-0.850099	-0.524973	-0.17223	0.189462	0.54833	0.88614	1.1933	1.45245	1.65904	1.79936	1.87471	1.88266	1.82075	1.70524	1.53757	1.32521	1.09497	0.85803	0.615832	0.390242	0.213729	0.100559	0.040765	0.014338	0.00441176	0.00119773	0.000291031	7.45394e-05	7.45394e-05	
3.04347	3.04347	2.88508	2.56504	2.11959	1.59674	1.08355	0.639666	0.241459	-0.101031	-0.397883	-0.645972	-0.845255	-0.995012	-1.10295	-1.1708	-1.21139	-1.232	-1.24405	-1.24789	-1.2459	-1.24471	-1.23975	-1.22338	-1.19077	-1.12581	-1.00307	-0.800791	-0.489257	-0.0725729	0.432285	0.972559	1.53439	2.0837	2.58031	2.99975	3.29145	3.44615	3.44578	3.2723	2.94802	2.50351	1.94601	1.30992	0.679348	0.116549	-0.357499	-0.756891	-1.08967	-1.36341	-1.57762	-1.72878	-1.8209	-1.85361	-1.84084	-1.7935	-1.72697	-1.6625	-1.60953	-1.57802	-1.58169	-1.61884	-1.67462	-1.74046	-1.80545	-1.8467	-1.85084	-1.80763	-1.70348	-1.54047	-1.31658	-1.03876	-0.716788	-0.360799	0.00934368	0.383687	0.741705	1.0729	1.357	1.59029	1.75779	1.85625	1.88748	1.84478	1.74348	1.58907	1.38442	1.15518	0.91782	0.673312	0.439055	0.248287	0.120715	0.0505383	0.0183358	0.0058118	0.00162319	0.000405436	0.000106938	0.000106938	
2.85679	2.85679	2.73767	2.46185	2.08127	1.67629	1.27519	0.911905	0.583837	0.272562	-0.0139793	-0.275743	-0.500957	-0.688462	-0.835236	-0.947921	-1.02844	-1.08069	-1.11449	-1.13152	-1.13523	-1.12522	-1.10267	-1.06021	-0.990108	-0.878741	-0.708414	-0.454753	-0.0990896	0.354008	0.867961	1.40063	1.93134	2.43256	2.87985	3.21079	3.41221	3.48452	3.38732	3.13143	2.74859	2.25113	1.65177	1.01238	0.412637	-0.112814	-0.554662	-0.931349	-1.24566	-1.49877	-1.68521	-1.80255	-1.85307	-1.83997	-1.77894	-1.68273	-1.57498	-1.47822	-1.4129	-1.38418	-1.38714	-1.42301	-1.4958	-1.59639	-1.70345	-1.79476	-1.8467	-1.84864	-1.78469	-1.65375	-1.45512	-1.19296	-0.87991	-0.525757	-0.150229	0.236948	0.610659	0.960636	1.26777	1.52282	1.71412	1.83396	1.8862	1.86176	1.77313	1.63043	1.43412	1.20692	0.969392	0.723551	0.483034	0.280621	0.140311	0.0603907	0.0225041	0.00731794	0.00209447	0.000535766	0.00014495	0.00014495	
2.59315	2.59315	2.49746	2.2863	1.99585	1.70867	1.44409	1.1786	0.913202	0.645339	0.382461	0.132401	-0.095846	-0.296869	-0.464578	-0.600961	-0.704244	-0.782429	-0.832638	-0.860179	-0.868398	-0.852401	-0.815951	-0.751705	-0.65494	-0.517555	-0.318188	-0.0364099	0.339784	0.799404	1.30066	1.80861	2.29666	2.74775	3.11021	3.34906	3.47839	3.45939	3.27142	2.95698	2.5241	1.98023	1.36239	0.745298	0.18862	-0.29686	-0.71434	-1.0717	-1.36875	-1.59893	-1.75788	-1.83807	-1.8475	-1.7886	-1.67909	-1.54544	-1.40375	-1.28666	-1.21832	-1.19076	-1.19363	-1.22842	-1.30643	-1.4313	-1.57381	-1.70345	-1.80545	-1.85121	-1.82797	-1.73229	-1.55906	-1.31675	-1.01425	-0.664354	-0.284444	0.109795	0.495701	0.861653	1.18749	1.46072	1.67321	1.81081	1.87985	1.87261	1.79604	1.66308	1.47449	1.25	1.01262	0.766046	0.521106	0.309496	0.158387	0.0697656	0.0265866	0.00883311	0.00258056	0.000673449	0.000186128	0.000186128	
2.26166	2.26166	2.17353	2.03542	1.87352	1.70851	1.55468	1.39298	1.20649	0.997196	0.773659	0.548995	0.333672	0.137052	-0.0357016	-0.18203	-0.297908	-0.384642	-0.444893	-0.47889	-0.4855	-0.46946	-0.423216	-0.349721	-0.242389	-0.0908547	0.122938	0.41298	0.791433	1.23851	1.71369	2.17598	2.60506	2.97981	3.25811	3.42859	3.47509	3.36154	3.11219	2.75468	2.27565	1.70525	1.09798	0.525912	0.013268	-0.437843	-0.835635	-1.17883	-1.46068	-1.66931	-1.802	-1.84679	-1.81721	-1.71529	-1.56384	-1.39791	-1.24259	-1.13281	-1.08522	-1.0768	-1.07704	-1.09068	-1.15001	-1.27066	-1.4313	-1.59639	-1.74046	-1.82923	-1.84393	-1.78269	-1.63339	-1.41137	-1.11858	-0.774793	-0.393226	0.00367704	0.401473	0.777629	1.11978	1.40754	1.63562	1.78987	1.8723	1.87838	1.81268	1.68816	1.50614	1.28439	1.04739	0.800472	0.552493	0.333895	0.174071	0.0781108	0.0303088	0.0102455	0.00304314	0.000807091	0.000226932	0.000226932	
1.86374	1.86374	1.80131	1.73589	1.69941	1.66809	1.61627	1.53596	1.42311	1.28042	1.11484	0.936328	0.754584	0.580095	0.421062	0.281789	0.163936	0.0745181	0.0117026	-0.0243615	-0.0315164	-0.0128061	0.0356153	0.111853	0.222152	0.375536	0.58294	0.862616	1.22072	1.63389	2.05989	2.46095	2.82432	3.12859	3.3372	3.42715	3.38451	3.20938	2.92444	2.52504	2.01267	1.44703	0.881154	0.361604	-0.112868	-0.539287	-0.925005	-1.25491	-1.52604	-1.71467	-1.82484	-1.84117	-1.77474	-1.64307	-1.45654	-1.27214	-1.12375	-1.02961	-1.01598	-1.04404	-1.03923	-1.01276	-1.04246	-1.15001	-1.30643	-1.4958	-1.67462	-1.79361	-1.84556	-1.80966	-1.68375	-1.47805	-1.19519	-0.857926	-0.477001	-0.0769991	0.327675	0.712787	1.06525	1.36504	1.60499	1.77217	1.86545	1.88128	1.82396	1.70627	1.52959	1.31024	1.07367	0.826625	0.576647	0.353027	0.186624	0.084926	0.0334064	0.0114417	0.00344132	0.000923929	0.000263189	0.000263189	
1.41113	1.41113	1.41207	1.43337	1.48779	1.5561	1.60202	1.6048	1.56259	1.48251	1.37446	1.24824	1.11239	0.974599	0.843671	0.726966	0.626292	0.54555	0.488603	0.456051	0.448153	0.466993	0.51014	0.580296	0.67985	0.815687	1.00102	1.25393	1.5754	1.94326	2.31518	2.65753	2.95651	3.18859	3.31727	3.32946	3.23313	3.0252	2.70362	2.271	1.76097	1.2342	0.725693	0.253612	-0.193571	-0.60427	-0.9841	-1.30445	-1.56725	-1.74107	-1.83331	-1.82885	-1.73579	-1.58334	-1.38095	-1.1956	-1.07051	-1.00531	-1.00574	-1.03517	-1.03059	-1.00112	-1.01276	-1.09068	-1.22842	-1.42301	-1.61884	-1.75945	-1.83814	-1.82137	-1.71368	-1.52058	-1.24587	-0.914084	-0.533323	-0.131603	0.276953	0.668787	1.02671	1.33614	1.58333	1.75789	1.85984	1.88304	1.83114	1.71803	1.54517	1.32766	1.09147	0.844392	0.593201	0.366315	0.195472	0.0897997	0.0356521	0.01232	0.00373716	0.00101172	0.000290754	0.000290754	
0.953803	0.953803	1.02407	1.13707	1.2645	1.38913	1.49562	1.56872	1.60016	1.59022	1.54537	1.47483	1.38807	1.29263	1.19557	1.10489	1.02632	0.961907	0.915334	0.888674	0.882144	0.897272	0.93286	0.990657	1.07231	1.18508	1.34334	1.56101	1.83975	2.15746	2.47107	2.74756	2.9746	3.13465	3.20081	3.16982	3.04329	2.80248	2.45285	2.02207	1.55238	1.08706	0.632409	0.193861	-0.233984	-0.639315	-1.01268	-1.33221	-1.58586	-1.75603	-1.83344	-1.82055	-1.71182	-1.54563	-1.34579	-1.16239	-1.06516	-1.03633	-1.02993	-1.0313	-1.03102	-1.03059	-1.03923	-1.07704	-1.19363	-1.38714	-1.58169	-1.73983	-1.83111	-1.82475	-1.73001	-1.54065	-1.27414	-0.941902	-0.564187	-0.159781	0.249558	0.644658	1.00704	1.31958	1.57208	1.75105	1.85631	1.88336	1.83478	1.72413	1.55325	1.33674	1.10078	0.853711	0.601929	0.373378	0.200218	0.0924377	0.036878	0.0128033	0.00390113	0.00106072	0.00030625	0.00030625	
0.564164	0.564164	0.666959	0.834172	1.01742	1.18568	1.32818	1.4422	1.52542	1.57603	1.59474	1.58541	1.55445	1.50881	1.45442	1.39736	1.34432	1.2996	1.26614	1.24653	1.24203	1.25284	1.27931	1.32132	1.38094	1.46502	1.58626	1.75837	1.98523	2.24479	2.49587	2.70929	2.8789	2.99246	3.02367	2.96333	2.80675	2.54438	2.20316	1.8178	1.4128	1.00708	0.592974	0.175953	-0.241811	-0.643887	-1.01537	-1.33492	-1.58742	-1.75768	-1.83329	-1.81993	-1.70946	-1.5418	-1.34301	-1.15969	-1.06593	-1.04172	-1.03368	-1.03088	-1.0313	-1.03517	-1.04404	-1.0768	-1.19076	-1.38418	-1.57802	-1.73814	-1.83048	-1.82504	-1.73162	-1.5423	-1.27666	-0.944153	-0.567013	-0.162308	0.247015	0.642379	1.0053	1.31795	1.57103	1.75049	1.85597	1.88335	1.83511	1.72471	1.55399	1.33756	1.10162	0.854555	0.602723	0.374024	0.200654	0.092681	0.0369915	0.0128481	0.00391641	0.0010653	0.000307702	0.000307702	
0.289373	0.289373	0.381167	0.542468	0.737771	0.933259	1.10803	1.25449	1.37209	1.46209	1.52586	1.56535	1.58371	1.58542	1.57509	1.55682	1.53512	1.51442	1.49778	1.48755	1.48525	1.49111	1.50522	1.52732	1.55954	1.60854	1.68735	1.81212	1.98874	2.19758	2.40069	2.57123	2.70409	2.78587	2.7876	2.7015	2.53471	2.29202	2.00152	1.68432	1.34411	0.982888	0.595316	0.1929	-0.221074	-0.618567	-0.993337	-1.31207	-1.57288	-1.74517	-1.83405	-1.82676	-1.72973	-1.57374	-1.37088	-1.18595	-1.06667	-1.00953	-1.00947	-1.03368	-1.02993	-1.00574	-1.01598	-1.08522	-1.21832	-1.4129	-1.60953	-1.75432	-1.83657	-1.82288	-1.71815	-1.5265	-1.25319	-0.921642	-0.541314	-0.139405	0.269542	0.662272	1.02125	1.33188	1.58021	1.75587	1.8589	1.88316	1.83216	1.71974	1.54741	1.33013	1.09399	0.846921	0.595572	0.368234	0.196761	0.090515	0.035984	0.0124507	0.00378142	0.00102493	0.000294923	0.000294923	
0.128581	0.128581	0.188997	0.304905	0.463905	0.646424	0.831303	1.00231	1.15064	1.27345	1.37117	1.4457	1.49962	1.53619	1.55906	1.5716	1.57678	1.57757	1.57645	1.57517	1.57487	1.57593	1.57826	1.58213	1.58996	1.60895	1.6532	1.74022	1.87759	2.04839	2.21615	2.35327	2.45442	2.50943	2.49539	2.41308	2.27834	2.09443	1.87537	1.62323	1.32961	1.00032	0.629807	0.237048	-0.171201	-0.567879	-0.94334	-1.26799	-1.53667	-1.7213	-1.82744	-1.83885	-1.76608	-1.63007	-1.43815	-1.25276	-1.1075	-1.01752	-1.00953	-1.04172	-1.03633	-1.00531	-1.02961	-1.13281	-1.28666	-1.47822	-1.6625	-1.7861	-1.8445	-1.81297	-1.69134	-1.48865	-1.20761	-0.871313	-0.490171	-0.0898299	0.315566	0.70227	1.0561	1.35813	1.59996	1.76896	1.86411	1.88166	1.82574	1.70918	1.53336	1.31439	1.07789	0.830834	0.580565	0.356166	0.188708	0.08607	0.0339317	0.0116465	0.00351006	0.000944261	0.00026955	0.00026955	
