4.23374	4.23374	4.08567	3.85093	3.59232	3.34433	3.11133	2.87368	2.61293	2.3236	2.01304	1.69465	1.38021	1.08226	0.812367	0.580604	0.387699	0.238956	0.13489	0.0760589	0.06223	0.0942037	0.171286	0.293032	0.459926	0.669132	0.91581	1.19838	1.50432	1.82147	2.13646	2.43359	2.69417	2.89687	3.02263	3.05413	2.97545	2.78774	2.51439	2.1669	1.73949	1.25883	0.801312	0.44345	0.212961	0.0891062	0.0327542	0.0107832	0.0034321	0.00142532	0.00116375	0.00145703	0.00195603	0.00255526	0.00320322	0.0038528	0.00445321	0.00495341	0.00530814	0.00548402	0.00546413	0.00525039	0.00486328	0.00433902	0.00372449	0.00307097	0.00242758	0.00183544	0.0013237	0.000907784	0.000589974	0.000362024	0.000208935	0.000112962	5.69928e-05	2.67351e-05	1.16224e-05	4.6694e-06	1.72988e-06	5.90032e-07	1.85103e-07	5.33895e-08	1.41597e-08	3.45507e-09	7.76374e-10	1.60855e-10	3.07743e-11	5.44552e-12	8.92778e-13	1.35859e-13	1.92251e-14	2.53449e-15	3.11847e-16	3.58756e-17	3.86565e-18	3.90792e-19	3.71258e-20	3.32134e-21	3.02072e-22	3.02072e-22	
4.23374	4.23374	4.08567	3.85093	3.59232	3.34433	3.11133	2.87368	2.61293	2.3236	2.01304	1.69465	1.38021	1.08226	0.812367	0.580604	0.387699	0.238956	0.13489	0.0760589	0.06223	0.0942037	0.171286	0.293032	0.459926	0.669132	0.91581	1.19838	1.50432	1.82147	2.13646	2.43359	2.69417	2.89687	3.02263	3.05413	2.97545	2.78774	2.51439	2.1669	1.73949	1.25883	0.801312	0.44345	0.212961	0.0891062	0.0327542	0.0107832	0.0034321	0.00142532	0.00116375	0.00145703	0.00195603	0.00255526	0.00320322	0.0038528	0.00445321	0.00495341	0.00530814	0.00548402	0.00546413	0.00525039	0.00486328	0.00433902	0.00372449	0.00307097	0.00242758	0.00183544	0.0013237	0.000907784	0.000589974	0.000362024	0.000208935	0.000112962	5.69928e-05	2.67351e-05	1.16224e-05	4.6694e-06	1.72988e-06	5.90032e-07	1.85103e-07	5.33895e-08	1.41597e-08	3.45507e-09	7.76374e-10	1.60855e-10	3.07743e-11	5.44552e-12	8.92778e-13	1.35859e-13	1.92251e-14	2.53449e-15	3.11847e-16	3.58756e-17	3.86565e-18	3.90792e-19	3.71258e-20	3.32134e-21	3.02072e-22	3.02072e-22	
4.08567	4.08567	3.99007	3.78563	3.51073	3.23314	2.97529	2.72358	2.46067	2.17582	1.87492	1.56899	1.27402	1.00078	0.757191	0.546161	0.373944	0.24229	0.150061	0.0978549	0.0865313	0.113224	0.182132	0.289971	0.43771	0.625839	0.851156	1.1066	1.38975	1.68945	1.99212	2.27766	2.52582	2.71742	2.83628	2.87364	2.82935	2.68775	2.43229	2.08619	1.6909	1.27482	0.870647	0.526208	0.277905	0.127945	0.0517115	0.0188597	0.0069338	0.00358048	0.00334497	0.00420499	0.00549412	0.00698099	0.0085422	0.0100693	0.0114527	0.0125873	0.0133831	0.0137751	0.0137309	0.0132541	0.0123841	0.0111917	0.00977055	0.00822709	0.00666825	0.00519006	0.00386818	0.00275181	0.00186185	0.0011934	0.000721635	0.000409883	0.000217733	0.000107718	4.94418e-05	2.0984e-05	8.21274e-06	2.95806e-06	9.79156e-07	2.9766e-07	8.30939e-08	2.13099e-08	5.0249e-09	1.09077e-09	2.1829e-10	4.03415e-11	6.89709e-12	1.09292e-12	1.60821e-13	2.20174e-14	2.80984e-15	3.34883e-16	3.73415e-17	3.90248e-18	3.82891e-19	3.5346e-20	3.32134e-21	3.32134e-21	
3.85093	3.85093	3.78563	3.62058	3.36498	3.05522	2.72919	2.42362	2.13903	1.86662	1.60097	1.3411	1.09591	0.870358	0.672845	0.50428	0.371117	0.268041	0.197647	0.157837	0.148715	0.169939	0.221007	0.305259	0.420581	0.567286	0.749107	0.957716	1.19162	1.44137	1.69752	1.94672	2.17548	2.36768	2.50777	2.57396	2.55507	2.45397	2.25312	1.96016	1.63335	1.31022	0.986039	0.668835	0.397407	0.2048	0.0922729	0.0378804	0.0164109	0.0103294	0.0105169	0.0131125	0.016673	0.0206315	0.0246707	0.028527	0.0319511	0.0347159	0.0366337	0.0375723	0.0374667	0.0363241	0.0342238	0.0313101	0.0277797	0.0238643	0.0198087	0.0158482	0.0121859	0.00897517	0.00630823	0.00421365	0.00266295	0.00158487	0.000884066	0.000460059	0.000222375	9.94541e-05	4.10223e-05	1.55664e-05	5.42466e-06	1.73434e-06	5.08546e-07	1.36798e-07	3.37844e-08	7.6691e-09	1.60251e-09	3.08759e-10	5.4954e-11	9.05269e-12	1.38297e-12	1.96319e-13	2.5947e-14	3.19906e-15	3.68625e-16	3.97711e-17	4.02472e-18	3.82891e-19	3.71258e-20	3.71258e-20	
3.59232	3.59232	3.51073	3.36498	3.12903	2.78109	2.39245	2.03322	1.71941	1.45588	1.2231	1.0178	0.833965	0.676838	0.546174	0.442309	0.360693	0.300611	0.260891	0.239042	0.233825	0.247223	0.27419	0.322269	0.390445	0.481412	0.595227	0.736684	0.903048	1.09164	1.29437	1.5039	1.70948	1.89729	2.04856	2.15188	2.17315	2.11374	1.99883	1.82221	1.59922	1.36569	1.1177	0.838374	0.553792	0.31691	0.158788	0.0738277	0.0378705	0.02799	0.0298901	0.0366222	0.0452543	0.0545182	0.0637011	0.0722533	0.0796932	0.0856055	0.0896604	0.0916321	0.0914108	0.0890088	0.0845599	0.0783119	0.0706125	0.0618879	0.0526137	0.0432782	0.0343427	0.0262008	0.0191438	0.0133386	0.00882119	0.00550955	0.00323324	0.00177361	0.000904983	0.000427613	0.000186394	7.47248e-05	2.74913e-05	9.26893e-06	2.86226e-06	8.09602e-07	2.09896e-07	4.99337e-08	1.09163e-08	2.19682e-09	4.07735e-10	6.99343e-11	1.11077e-11	1.6371e-12	2.24355e-13	2.8647e-14	3.41472e-15	3.80703e-16	3.97711e-17	3.90248e-18	3.90792e-19	3.90792e-19	
3.34433	3.34433	3.23314	3.05522	2.78109	2.40565	1.99268	1.58816	1.25065	0.990254	0.791379	0.645262	0.534507	0.458153	0.403375	0.368297	0.346849	0.335838	0.330132	0.328372	0.328396	0.328972	0.333896	0.340019	0.353115	0.380317	0.421685	0.484891	0.570474	0.68713	0.828591	0.995317	1.16926	1.34535	1.49495	1.6147	1.70552	1.73781	1.72998	1.68823	1.58558	1.43235	1.24436	1.00737	0.728183	0.459669	0.256734	0.136525	0.0826206	0.0688687	0.0750345	0.0897249	0.107549	0.126019	0.143781	0.159895	0.173613	0.184333	0.191598	0.195107	0.194714	0.190437	0.182451	0.171089	0.156835	0.140313	0.122258	0.103487	0.0848456	0.0671434	0.0510845	0.0372012	0.0258035	0.0169573	0.0104998	0.00609107	0.00329227	0.00164954	0.000762699	0.000324248	0.0001264	4.51011e-05	1.47163e-05	4.39068e-06	1.19845e-06	2.99588e-07	6.86894e-08	1.44704e-08	2.80639e-09	5.02109e-10	8.30548e-11	1.27288e-11	1.81132e-12	2.3983e-13	2.96077e-14	3.41472e-15	3.68625e-16	3.73415e-17	3.86565e-18	3.86565e-18	
3.11133	3.11133	2.97529	2.72919	2.39245	1.99268	1.53763	1.09471	0.749754	0.503657	0.359695	0.279304	0.251307	0.251544	0.276266	0.309123	0.348353	0.379514	0.405524	0.421805	0.422311	0.414869	0.396765	0.367604	0.333736	0.293882	0.263094	0.246475	0.250367	0.283827	0.3472	0.445312	0.57258	0.72119	0.894224	1.05577	1.22075	1.37333	1.48527	1.56109	1.57037	1.49416	1.35634	1.1625	0.907774	0.629647	0.393575	0.240328	0.168001	0.151397	0.164817	0.191365	0.222194	0.253074	0.281867	0.307292	0.32846	0.344718	0.355604	0.360825	0.360243	0.353874	0.341885	0.324602	0.302518	0.276306	0.246825	0.215112	0.182359	0.149855	0.118893	0.0906573	0.0660999	0.0458276	0.0300325	0.0184886	0.0106263	0.00566862	0.00279196	0.00126407	0.000524324	0.000198789	6.88005e-05	2.17288e-05	6.26469e-06	1.65054e-06	3.97979e-07	8.79827e-08	1.78701e-08	3.34197e-09	5.76774e-10	9.20716e-11	1.36253e-11	1.87338e-12	2.3983e-13	2.8647e-14	3.19906e-15	3.34883e-16	3.58756e-17	3.58756e-17	
2.87368	2.87368	2.72358	2.42362	2.03322	1.58816	1.09471	0.636212	0.268209	0.0356986	-0.0666407	-0.0776872	-0.0228109	0.0639886	0.165844	0.264527	0.348478	0.421056	0.468315	0.496037	0.502781	0.488159	0.450282	0.394073	0.318377	0.225151	0.12457	0.0217073	-0.0610014	-0.11971	-0.131057	-0.102744	-0.0111891	0.121498	0.311015	0.542675	0.789114	1.04451	1.26454	1.43415	1.53653	1.53827	1.45304	1.30514	1.09113	0.828762	0.579476	0.402062	0.313218	0.293866	0.314939	0.35393	0.397963	0.440812	0.479636	0.513053	0.540294	0.560881	0.574511	0.581006	0.580286	0.572358	0.557321	0.535375	0.506841	0.472199	0.432122	0.387524	0.339591	0.289806	0.239896	0.191739	0.147195	0.107905	0.075056	0.0492034	0.0301906	0.0172225	0.00907799	0.00439806	0.00195031	0.000789292	0.000291008	9.76814e-05	2.98582e-05	8.31913e-06	2.11599e-06	4.92266e-07	1.04973e-07	2.05661e-08	3.71084e-09	6.18141e-10	9.52881e-11	1.36253e-11	1.81132e-12	2.24355e-13	2.5947e-14	2.80984e-15	3.11847e-16	3.11847e-16	
2.61293	2.61293	2.46067	2.13903	1.71941	1.25065	0.749754	0.268209	-0.122704	-0.349679	-0.428418	-0.378346	-0.261942	-0.105059	0.0470493	0.192289	0.307891	0.397793	0.45692	0.488037	0.499792	0.480303	0.434997	0.366077	0.264669	0.13678	-0.0142437	-0.176889	-0.333447	-0.467199	-0.55149	-0.572879	-0.517965	-0.375747	-0.165342	0.112353	0.423804	0.752785	1.05656	1.30161	1.48127	1.56313	1.54186	1.44814	1.28819	1.0643	0.823254	0.632398	0.527514	0.500816	0.523688	0.569364	0.621118	0.670755	0.714856	0.752106	0.781996	0.804317	0.818975	0.825928	0.82516	0.816671	0.80048	0.776633	0.745221	0.706408	0.660475	0.607875	0.549309	0.485842	0.418991	0.350751	0.28353	0.219984	0.162723	0.113918	0.0748991	0.0458934	0.0260166	0.0135582	0.00646184	0.00280596	0.00110753	0.000396933	0.000129176	3.82072e-05	1.02868e-05	2.52613e-06	5.67129e-07	1.16691e-07	2.20619e-08	3.84257e-09	6.18141e-10	9.20716e-11	1.27288e-11	1.6371e-12	1.96319e-13	2.20174e-14	2.53449e-15	2.53449e-15	
2.3236	2.3236	2.17582	1.86662	1.45588	0.990254	0.503657	0.0356986	-0.349679	-0.583547	-0.650286	-0.579179	-0.428432	-0.244661	-0.0692839	0.0775394	0.190881	0.269515	0.326284	0.355678	0.360055	0.346118	0.307153	0.241051	0.148356	0.0246399	-0.141075	-0.327642	-0.527456	-0.701913	-0.835948	-0.893415	-0.867803	-0.743495	-0.527255	-0.226883	0.119791	0.490692	0.854927	1.16597	1.41575	1.58054	1.63737	1.60934	1.51223	1.34018	1.1214	0.922872	0.797476	0.753138	0.766492	0.808921	0.860397	0.910567	0.955114	0.992518	1.02234	1.0445	1.05899	1.06585	1.0651	1.05671	1.04069	1.01699	0.985583	0.946444	0.89959	0.845097	0.783115	0.713958	0.638289	0.557304	0.472869	0.387589	0.304765	0.228094	0.161104	0.106434	0.0652043	0.0367515	0.0189341	0.00887293	0.00377017	0.00145023	0.000504883	0.000159212	4.55499e-05	1.18484e-05	2.80913e-06	6.08695e-07	1.20879e-07	2.20619e-08	3.71084e-09	5.76774e-10	8.30548e-11	1.11077e-11	1.38297e-12	1.60821e-13	1.92251e-14	1.92251e-14	
2.01304	2.01304	1.87492	1.60097	1.2231	0.791379	0.359695	-0.0666407	-0.428418	-0.650286	-0.711358	-0.634056	-0.483429	-0.315861	-0.172978	-0.0645944	0.0150198	0.0710391	0.10601	0.125955	0.131165	0.119873	0.0956587	0.0502078	-0.0140298	-0.105028	-0.230461	-0.397135	-0.594026	-0.792756	-0.959092	-1.05923	-1.07088	-0.97376	-0.781255	-0.493624	-0.136093	0.257496	0.665677	1.03957	1.36041	1.61094	1.75547	1.80009	1.7652	1.64429	1.44989	1.24332	1.09124	1.01953	1.01391	1.04603	1.09271	1.14068	1.18395	1.22036	1.24932	1.27076	1.28473	1.29133	1.2906	1.28253	1.26706	1.2441	1.21354	1.17525	1.12915	1.07525	1.01361	0.944252	0.867211	0.782719	0.691432	0.594637	0.494558	0.394602	0.299265	0.213551	0.141899	0.0869411	0.0487047	0.0247851	0.0114072	0.00473705	0.00177373	0.000599253	0.000182975	5.06099e-05	1.27152e-05	2.91029e-06	6.08695e-07	1.16691e-07	2.05661e-08	3.34197e-09	5.02109e-10	6.99343e-11	9.05269e-12	1.09292e-12	1.35859e-13	1.35859e-13	
1.69465	1.69465	1.56899	1.3411	1.0178	0.645262	0.279304	-0.0776872	-0.378346	-0.579179	-0.634056	-0.575249	-0.457354	-0.344461	-0.26065	-0.210929	-0.173176	-0.147483	-0.126349	-0.115171	-0.116029	-0.119604	-0.133009	-0.157577	-0.188953	-0.229225	-0.297499	-0.407731	-0.570566	-0.759553	-0.94809	-1.08573	-1.1489	-1.10779	-0.953728	-0.69533	-0.346157	0.0597741	0.504471	0.9414	1.33666	1.67141	1.90125	2.01345	2.02949	1.94915	1.77572	1.56223	1.38376	1.28269	1.25535	1.27491	1.31508	1.35926	1.3996	1.43337	1.45995	1.47938	1.49192	1.49781	1.49714	1.48992	1.47601	1.45513	1.42695	1.39111	1.34719	1.29491	1.23426	1.16546	1.0887	1.00411	0.911945	0.812571	0.706619	0.595458	0.481837	0.370307	0.267007	0.178407	0.109236	0.0607401	0.0304793	0.0137522	0.00557164	0.00202774	0.000664016	0.00019614	5.24173e-05	1.27152e-05	2.80913e-06	5.67129e-07	1.04973e-07	1.78701e-08	2.80639e-09	4.07735e-10	5.4954e-11	6.89709e-12	8.92778e-13	8.92778e-13	
1.38021	1.38021	1.27402	1.09591	0.833965	0.534507	0.251307	-0.0228109	-0.261942	-0.428432	-0.483429	-0.457354	-0.397443	-0.361739	-0.348858	-0.341105	-0.319617	-0.295557	-0.288398	-0.277865	-0.273724	-0.283344	-0.28845	-0.304377	-0.329258	-0.34881	-0.361362	-0.402474	-0.502879	-0.665877	-0.857903	-1.03484	-1.14674	-1.16083	-1.05976	-0.841025	-0.506428	-0.0884032	0.392365	0.889934	1.35497	1.76164	2.06133	2.22737	2.2817	2.23389	2.08236	1.86878	1.66986	1.54089	1.48932	1.49157	1.51956	1.55427	1.58666	1.61361	1.63441	1.64928	1.65873	1.66312	1.66262	1.65721	1.64668	1.63062	1.60836	1.57923	1.54247	1.49702	1.44204	1.37725	1.30278	1.21896	1.12631	1.02574	0.918108	0.804025	0.684177	0.560138	0.435559	0.316932	0.212617	0.129831	0.0714822	0.0352789	0.0155662	0.00613942	0.00216781	0.000687102	0.00019614	5.06099e-05	1.18484e-05	2.52613e-06	4.92266e-07	8.79827e-08	1.44704e-08	2.19682e-09	3.08759e-10	4.03415e-11	5.44552e-12	5.44552e-12	
1.08226	1.08226	1.00078	0.870358	0.676838	0.458153	0.251544	0.0639886	-0.105059	-0.244661	-0.315861	-0.344461	-0.361739	-0.392746	-0.41389	-0.401654	-0.374358	-0.354138	-0.345979	-0.334765	-0.329969	-0.339442	-0.348902	-0.360667	-0.387154	-0.414693	-0.422891	-0.419101	-0.457975	-0.567485	-0.744506	-0.936754	-1.09432	-1.16579	-1.11354	-0.928993	-0.605898	-0.173819	0.342369	0.891364	1.40846	1.86476	2.21617	2.42711	2.51584	2.49871	2.37023	2.15935	1.94035	1.77944	1.69622	1.6726	1.68077	1.70034	1.72088	1.73809	1.7509	1.75974	1.76526	1.76771	1.76744	1.7644	1.75821	1.74854	1.73452	1.71511	1.68948	1.65657	1.61464	1.56216	1.49821	1.4224	1.33454	1.23523	1.12612	1.00918	0.886158	0.758085	0.625593	0.490719	0.359356	0.241327	0.146472	0.0795681	0.0384906	0.0165574	0.00634092	0.00216781	0.000664016	0.000182975	4.55499e-05	1.02868e-05	2.11599e-06	3.97979e-07	6.86894e-08	1.09163e-08	1.60251e-09	2.1829e-10	3.07743e-11	3.07743e-11	
0.812367	0.812367	0.757191	0.672845	0.546174	0.403375	0.276266	0.165844	0.0470493	-0.0692839	-0.172978	-0.26065	-0.348858	-0.41389	-0.431048	-0.388131	-0.354459	-0.343836	-0.337577	-0.32661	-0.322639	-0.332412	-0.340143	-0.347835	-0.363605	-0.415126	-0.447981	-0.441857	-0.438239	-0.497116	-0.640248	-0.835541	-1.01878	-1.12923	-1.11481	-0.958319	-0.638447	-0.190382	0.35016	0.931884	1.48071	1.96913	2.36286	2.61671	2.73708	2.74281	2.6281	2.413	2.16936	1.97256	1.85357	1.80064	1.78703	1.7904	1.79792	1.80386	1.80761	1.80971	1.81062	1.81089	1.81088	1.81054	1.80943	1.80688	1.80221	1.79395	1.78043	1.76099	1.73425	1.69828	1.65115	1.59168	1.51873	1.4311	1.32875	1.21311	1.08698	0.953971	0.816916	0.676556	0.533191	0.391368	0.261935	0.157279	0.0839113	0.0396206	0.0165574	0.00613942	0.00202774	0.000599253	0.000159212	3.82072e-05	8.31913e-06	1.65054e-06	2.99588e-07	4.99337e-08	7.6691e-09	1.09077e-09	1.60855e-10	1.60855e-10	
0.580604	0.580604	0.546161	0.50428	0.442309	0.368297	0.309123	0.264527	0.192289	0.0775394	-0.0645944	-0.210929	-0.341105	-0.401654	-0.388131	-0.344514	-0.339358	-0.355028	-0.3317	-0.331196	-0.340923	-0.324967	-0.343292	-0.352885	-0.336378	-0.368991	-0.420099	-0.448061	-0.43816	-0.461453	-0.563308	-0.741709	-0.929289	-1.06723	-1.07132	-0.924422	-0.603187	-0.145677	0.398866	0.992464	1.56429	2.08098	2.50987	2.79592	2.93419	2.94766	2.83515	2.61144	2.34431	2.11391	1.96005	1.87744	1.84012	1.82392	1.8142	1.80589	1.79855	1.7922	1.78713	1.78487	1.78513	1.78797	1.79342	1.7998	1.80665	1.81275	1.81552	1.81268	1.80313	1.78502	1.75629	1.71497	1.66039	1.59119	1.50588	1.40363	1.28457	1.151	1.00795	0.861123	0.712749	0.561777	0.41117	0.272677	0.161023	0.0839113	0.0384906	0.0155662	0.00557164	0.00177373	0.000504883	0.000129176	2.98582e-05	6.26469e-06	1.19845e-06	2.09896e-07	3.37844e-08	5.0249e-09	7.76374e-10	7.76374e-10	
0.387699	0.387699	0.373944	0.371117	0.360693	0.346849	0.348353	0.348478	0.307891	0.190881	0.0150198	-0.173176	-0.319617	-0.374358	-0.354459	-0.339358	-0.350852	-0.360172	-0.332762	-0.336954	-0.351196	-0.328407	-0.345662	-0.361181	-0.344406	-0.35289	-0.387897	-0.435437	-0.429385	-0.441061	-0.505718	-0.663564	-0.840322	-0.978221	-0.983118	-0.834153	-0.518416	-0.0637156	0.475465	1.0733	1.66521	2.20281	2.64894	2.94791	3.09114	3.10476	2.99028	2.75666	2.46573	2.20026	2.00871	1.89224	1.82597	1.78562	1.75613	1.733	1.71338	1.69741	1.68632	1.68112	1.68171	1.68806	1.70017	1.71685	1.73631	1.75757	1.77969	1.79858	1.81213	1.81763	1.81293	1.79475	1.76125	1.71167	1.64505	1.56109	1.45925	1.33866	1.19976	1.04756	0.890859	0.734354	0.5761	0.417859	0.272677	0.157279	0.0795681	0.0352789	0.0137522	0.00473705	0.00145023	0.000396933	9.76814e-05	2.17288e-05	4.39068e-06	8.09602e-07	1.36798e-07	2.13099e-08	3.45507e-09	3.45507e-09	
0.238956	0.238956	0.24229	0.268041	0.300611	0.335838	0.379514	0.421056	0.397793	0.269515	0.0710391	-0.147483	-0.295557	-0.354138	-0.343836	-0.355028	-0.360172	-0.340558	-0.322909	-0.325745	-0.331514	-0.321651	-0.330205	-0.348873	-0.365163	-0.356798	-0.37738	-0.41781	-0.423307	-0.425706	-0.468225	-0.593316	-0.745236	-0.862105	-0.860403	-0.707125	-0.400308	0.0400203	0.574709	1.17986	1.78066	2.31911	2.76549	3.06837	3.21189	3.21924	3.09346	2.84064	2.51963	2.21636	1.98675	1.83595	1.74119	1.67775	1.63021	1.59146	1.55856	1.53272	1.51621	1.5074	1.50842	1.51888	1.53704	1.56438	1.59759	1.63454	1.67424	1.71451	1.75198	1.78385	1.80698	1.81852	1.8143	1.79213	1.74955	1.68568	1.60137	1.49792	1.37546	1.23224	1.07183	0.905871	0.741538	0.5761	0.41117	0.261935	0.146472	0.0714822	0.0304793	0.0114072	0.00377017	0.00110753	0.000291008	6.88005e-05	1.47163e-05	2.86226e-06	5.08546e-07	8.30939e-08	1.41597e-08	1.41597e-08	
0.13489	0.13489	0.150061	0.197647	0.260891	0.330132	0.405524	0.468315	0.45692	0.326284	0.10601	-0.126349	-0.288398	-0.345979	-0.337577	-0.3317	-0.332762	-0.322909	-0.317609	-0.317898	-0.317841	-0.315678	-0.320169	-0.327424	-0.335635	-0.342408	-0.373164	-0.416063	-0.420789	-0.412083	-0.432354	-0.524166	-0.643499	-0.731323	-0.711154	-0.561215	-0.268828	0.164973	0.699732	1.30131	1.89296	2.42261	2.86509	3.16333	3.29373	3.28078	3.13232	2.85425	2.50302	2.16521	1.90068	1.71723	1.59485	1.50705	1.43919	1.38205	1.33625	1.30116	1.27782	1.26612	1.2674	1.28158	1.30726	1.34424	1.39137	1.44696	1.5067	1.56984	1.6317	1.69049	1.74145	1.78231	1.80898	1.81869	1.80841	1.77448	1.71503	1.62982	1.52253	1.39652	1.24834	1.08	0.905871	0.734354	0.561777	0.391368	0.241327	0.129831	0.0607401	0.0247851	0.00887293	0.00280596	0.000789292	0.000198789	4.51011e-05	9.26893e-06	1.73434e-06	2.9766e-07	5.33895e-08	5.33895e-08	
0.0760589	0.0760589	0.0978549	0.157837	0.239042	0.328372	0.421805	0.496037	0.488037	0.355678	0.125955	-0.115171	-0.277865	-0.334765	-0.32661	-0.331196	-0.336954	-0.325745	-0.317898	-0.317951	-0.321367	-0.317773	-0.320408	-0.331708	-0.339987	-0.338559	-0.361738	-0.407408	-0.412468	-0.396984	-0.394046	-0.45328	-0.534423	-0.58997	-0.557538	-0.411868	-0.125498	0.309876	0.838689	1.42255	2.00059	2.52044	2.94613	3.22129	3.32616	3.28704	3.11211	2.80588	2.42207	2.04889	1.74884	1.53328	1.38248	1.27097	1.18346	1.11187	1.05415	1.01023	0.979742	0.966299	0.967721	0.984528	1.01799	1.06424	1.12368	1.19429	1.27423	1.36057	1.44943	1.53723	1.62013	1.69341	1.75311	1.79473	1.81639	1.81488	1.78807	1.73337	1.6471	1.53465	1.40334	1.24834	1.07183	0.890859	0.712749	0.533191	0.359356	0.212617	0.109236	0.0487047	0.0189341	0.00646184	0.00195031	0.000524324	0.0001264	2.74913e-05	5.42466e-06	9.79156e-07	1.85103e-07	1.85103e-07	
0.06223	0.06223	0.0865313	0.148715	0.233825	0.328396	0.422311	0.502781	0.499792	0.360055	0.131165	-0.116029	-0.273724	-0.329969	-0.322639	-0.340923	-0.351196	-0.331514	-0.317841	-0.321367	-0.323519	-0.316589	-0.323726	-0.338893	-0.355645	-0.340036	-0.35683	-0.399149	-0.40482	-0.376324	-0.34956	-0.371839	-0.416253	-0.450078	-0.413464	-0.261276	0.031482	0.462319	0.975763	1.54494	2.10926	2.60294	2.99627	3.24249	3.31738	3.24491	3.03412	2.69166	2.27184	1.86562	1.53466	1.29237	1.11737	0.986612	0.88183	0.796127	0.725794	0.673537	0.639031	0.622163	0.624112	0.644611	0.682491	0.738081	0.810408	0.895803	0.993287	1.09953	1.21268	1.32717	1.4405	1.54704	1.64303	1.72225	1.78036	1.81332	1.81764	1.79411	1.7418	1.65292	1.53465	1.39652	1.23224	1.04756	0.861123	0.676556	0.490719	0.316932	0.178407	0.0869411	0.0367515	0.0135582	0.00439806	0.00126407	0.000324248	7.47248e-05	1.55664e-05	2.95806e-06	5.90032e-07	5.90032e-07	
0.0942037	0.0942037	0.113224	0.169939	0.247223	0.328972	0.414869	0.488159	0.480303	0.346118	0.119873	-0.119604	-0.283344	-0.339442	-0.332412	-0.324967	-0.328407	-0.321651	-0.315678	-0.317773	-0.316589	-0.316484	-0.319168	-0.324604	-0.331202	-0.33562	-0.365352	-0.401877	-0.392501	-0.344141	-0.291877	-0.287111	-0.303696	-0.324994	-0.275838	-0.112447	0.189468	0.61548	1.11461	1.66968	2.20593	2.6633	3.02507	3.23274	3.26387	3.14845	2.89715	2.51725	2.0645	1.62894	1.2718	1.00553	0.809705	0.65989	0.53977	0.441302	0.363707	0.305239	0.266239	0.247735	0.249816	0.272392	0.315268	0.377113	0.45773	0.556924	0.670616	0.797261	0.932867	1.07399	1.21603	1.35396	1.48301	1.59795	1.69432	1.76672	1.81087	1.81925	1.79578	1.7418	1.6471	1.52253	1.37546	1.19976	1.00795	0.816916	0.625593	0.435559	0.267007	0.141899	0.0652043	0.0260166	0.00907799	0.00279196	0.000762699	0.000186394	4.10223e-05	8.21274e-06	1.72988e-06	1.72988e-06	
0.171286	0.171286	0.182132	0.221007	0.27419	0.333896	0.396765	0.450282	0.434997	0.307153	0.0956587	-0.133009	-0.28845	-0.348902	-0.340143	-0.343292	-0.345662	-0.330205	-0.32017	-0.320409	-0.323729	-0.319174	-0.32309	-0.336559	-0.349768	-0.347623	-0.367281	-0.395732	-0.367678	-0.300655	-0.226568	-0.200992	-0.208001	-0.213004	-0.146754	0.0358705	0.345593	0.763228	1.25474	1.78962	2.28853	2.71184	3.02904	3.18272	3.16772	3.00714	2.71274	2.2913	1.80481	1.34204	0.964675	0.680492	0.46968	0.307354	0.177244	0.0719438	-0.0127746	-0.0760478	-0.118197	-0.137055	-0.135029	-0.111817	-0.0653912	0.00205242	0.0901872	0.196494	0.321577	0.462656	0.61702	0.781041	0.949998	1.11932	1.28282	1.43385	1.56682	1.67619	1.75746	1.80982	1.81925	1.79411	1.73337	1.62982	1.49792	1.33866	1.151	0.953971	0.758085	0.560138	0.370307	0.213551	0.106434	0.0458934	0.0172225	0.00566862	0.00164954	0.000427613	9.94541e-05	2.0984e-05	4.6694e-06	4.6694e-06	
0.293032	0.293032	0.289971	0.305259	0.322269	0.340019	0.367604	0.394073	0.366077	0.241051	0.0502078	-0.157577	-0.304377	-0.360667	-0.347835	-0.352885	-0.361181	-0.348874	-0.327426	-0.331716	-0.338912	-0.324646	-0.336626	-0.355615	-0.361758	-0.352403	-0.367598	-0.38747	-0.338994	-0.250369	-0.160374	-0.12579	-0.122983	-0.118318	-0.0270792	0.177207	0.494931	0.91367	1.39561	1.90036	2.36291	2.7422	3.00215	3.10528	3.03579	2.82264	2.48023	2.01764	1.50223	1.02151	0.631009	0.3371	0.115866	-0.0542051	-0.192073	-0.303094	-0.389572	-0.453154	-0.494592	-0.515442	-0.513191	-0.48829	-0.442412	-0.374053	-0.283889	-0.170995	-0.0370298	0.114663	0.284064	0.466111	0.656978	0.852263	1.04478	1.23122	1.40056	1.55202	1.67032	1.75746	1.81087	1.81764	1.78807	1.71503	1.60137	1.45925	1.28457	1.08698	0.886158	0.684177	0.481837	0.299265	0.161104	0.0748991	0.0301906	0.0106263	0.00329227	0.000904983	0.000222375	4.94418e-05	1.16224e-05	1.16224e-05	
0.459926	0.459926	0.43771	0.420581	0.390445	0.353115	0.333736	0.318377	0.264669	0.148356	-0.0140298	-0.188953	-0.329258	-0.387154	-0.363605	-0.336379	-0.344407	-0.365167	-0.335647	-0.340023	-0.35574	-0.33142	-0.350189	-0.362333	-0.333672	-0.346692	-0.37594	-0.38486	-0.301093	-0.193589	-0.0972223	-0.0699001	-0.0613645	-0.035496	0.0881392	0.31303	0.644262	1.06611	1.53218	2.00576	2.42729	2.75221	2.95692	2.9967	2.86385	2.60293	2.21079	1.71103	1.16891	0.676646	0.280089	-0.0165912	-0.239814	-0.412364	-0.548407	-0.658233	-0.743114	-0.805467	-0.846725	-0.864867	-0.863054	-0.84048	-0.794364	-0.727984	-0.639569	-0.527216	-0.39294	-0.235925	-0.0576939	0.13697	0.346782	0.564295	0.78504	1.00021	1.20478	1.38817	1.55202	1.67619	1.76672	1.81332	1.81488	1.77448	1.68568	1.56109	1.40363	1.21311	1.00918	0.804025	0.595458	0.394602	0.228094	0.113918	0.0492034	0.0184886	0.00609107	0.00177361	0.000460059	0.000107718	2.67351e-05	2.67351e-05	
0.669132	0.669132	0.625839	0.567286	0.481412	0.380317	0.293882	0.225151	0.13678	0.0246399	-0.105028	-0.229225	-0.34881	-0.414693	-0.415126	-0.368993	-0.352896	-0.356818	-0.342469	-0.338726	-0.340453	-0.336553	-0.349467	-0.35545	-0.350244	-0.383157	-0.40483	-0.363844	-0.254034	-0.134141	-0.0571205	-0.0312051	-0.0202842	0.0374027	0.199458	0.448494	0.799321	1.22021	1.6667	2.10808	2.48038	2.74712	2.88813	2.85696	2.66914	2.35105	1.91033	1.37417	0.815561	0.321218	-0.0691583	-0.36136	-0.578279	-0.746278	-0.878172	-0.981122	-1.0612	-1.11709	-1.15171	-1.16931	-1.16715	-1.14583	-1.10754	-1.04767	-0.963548	-0.856718	-0.726011	-0.569819	-0.39042	-0.189321	0.0314652	0.263558	0.507091	0.747782	0.985738	1.20478	1.40056	1.56682	1.69432	1.78036	1.81639	1.80841	1.74955	1.64505	1.50588	1.32875	1.12612	0.918108	0.706619	0.494558	0.304765	0.162723	0.075056	0.0300325	0.0104998	0.00323324	0.000884066	0.000217733	5.69928e-05	5.69928e-05	
0.91581	0.91581	0.851156	0.749107	0.595227	0.421685	0.263094	0.12457	-0.0142437	-0.141075	-0.230461	-0.297499	-0.361362	-0.422891	-0.447984	-0.420107	-0.387927	-0.377473	-0.373427	-0.362421	-0.358441	-0.368795	-0.373896	-0.378779	-0.391703	-0.420391	-0.404343	-0.319543	-0.201939	-0.100839	-0.0456313	-0.025321	0.0113513	0.114916	0.311652	0.592031	0.96099	1.37747	1.80456	2.20716	2.52182	2.72735	2.7988	2.69631	2.44545	2.07311	1.5905	1.02199	0.45773	-0.0315001	-0.406903	-0.685532	-0.89036	-1.0447	-1.16416	-1.25374	-1.31949	-1.36773	-1.39792	-1.40969	-1.40817	-1.39307	-1.35974	-1.30836	-1.23797	-1.14511	-1.02538	-0.877935	-0.704643	-0.501945	-0.278826	-0.0325751	0.223335	0.488767	0.747782	1.00021	1.23122	1.43385	1.59795	1.72225	1.79473	1.81869	1.79213	1.71167	1.59119	1.4311	1.23523	1.02574	0.812571	0.594637	0.387589	0.219984	0.107905	0.0458276	0.0169573	0.00550955	0.00158487	0.000409883	0.000112962	0.000112962	
1.19838	1.19838	1.1066	0.957716	0.736684	0.484891	0.246475	0.0217073	-0.176889	-0.327642	-0.397135	-0.407731	-0.402474	-0.419104	-0.441868	-0.448101	-0.435567	-0.418193	-0.417087	-0.409899	-0.404663	-0.41297	-0.415974	-0.420665	-0.432678	-0.420996	-0.366959	-0.2758	-0.181092	-0.107918	-0.0675313	-0.0311115	0.0404487	0.19618	0.438218	0.750141	1.13518	1.54457	1.94534	2.3008	2.55436	2.69469	2.68831	2.51271	2.20356	1.77967	1.25156	0.663557	0.10099	-0.36612	-0.719072	-0.972978	-1.15834	-1.29263	-1.39294	-1.46579	-1.51587	-1.54709	-1.56514	-1.57422	-1.57291	-1.5622	-1.54233	-1.5073	-1.45356	-1.3775	-1.27433	-1.14495	-0.98249	-0.790724	-0.569409	-0.322669	-0.0561715	0.223335	0.507091	0.78504	1.04478	1.28282	1.48301	1.64303	1.75311	1.80898	1.8143	1.76125	1.66039	1.51873	1.33454	1.12631	0.911945	0.691432	0.472869	0.28353	0.147195	0.0660999	0.0258035	0.00882119	0.00266295	0.000721635	0.000208935	0.000208935	
1.50432	1.50432	1.38975	1.19162	0.903048	0.570474	0.250367	-0.0610014	-0.333447	-0.527456	-0.594026	-0.570567	-0.502882	-0.457989	-0.43829	-0.438331	-0.429903	-0.424733	-0.424352	-0.420543	-0.421457	-0.423719	-0.421063	-0.421952	-0.416978	-0.395745	-0.344649	-0.279847	-0.215854	-0.161419	-0.111927	-0.0423259	0.0907314	0.302289	0.584562	0.929996	1.32628	1.71976	2.08912	2.39065	2.57777	2.6462	2.55891	2.31302	1.94351	1.47081	0.908712	0.309448	-0.23724	-0.674996	-0.99498	-1.21902	-1.37545	-1.4834	-1.55561	-1.60212	-1.629	-1.64463	-1.65223	-1.65286	-1.65284	-1.65148	-1.64224	-1.62474	-1.59492	-1.54448	-1.46911	-1.36245	-1.22179	-1.04559	-0.834875	-0.591071	-0.322669	-0.0325751	0.263558	0.564295	0.852263	1.11932	1.35396	1.54704	1.69341	1.78231	1.81852	1.79475	1.71497	1.59168	1.4224	1.21896	1.00411	0.782719	0.557304	0.350751	0.191739	0.0906573	0.0372012	0.0133386	0.00421365	0.0011934	0.000362024	0.000362024	
1.82147	1.82147	1.68945	1.44137	1.09164	0.68713	0.283827	-0.11971	-0.467199	-0.701914	-0.792756	-0.759557	-0.665893	-0.567546	-0.497325	-0.462106	-0.442913	-0.430453	-0.423085	-0.420072	-0.420322	-0.420565	-0.422058	-0.426919	-0.427537	-0.412502	-0.389139	-0.351846	-0.302711	-0.235106	-0.154571	-0.0258655	0.164976	0.437195	0.764958	1.13661	1.53395	1.90617	2.23611	2.47379	2.59056	2.58129	2.41091	2.09678	1.67309	1.15542	0.562365	-0.0320032	-0.550713	-0.945737	-1.22534	-1.41131	-1.53337	-1.60765	-1.64864	-1.66546	-1.66589	-1.65635	-1.64677	-1.64326	-1.64364	-1.64853	-1.65857	-1.6663	-1.66382	-1.6437	-1.59828	-1.52353	-1.40977	-1.25865	-1.065	-0.834875	-0.569409	-0.278826	0.0314652	0.346782	0.656978	0.949998	1.21603	1.4405	1.62013	1.74145	1.80698	1.81293	1.75629	1.65115	1.49821	1.30278	1.0887	0.867211	0.638289	0.418991	0.239896	0.118893	0.0510845	0.0191438	0.00630823	0.00186185	0.000589974	0.000589974	
2.13646	2.13646	1.99212	1.69752	1.29437	0.828591	0.3472	-0.131057	-0.55149	-0.835949	-0.959096	-0.948107	-0.857969	-0.744744	-0.641017	-0.565555	-0.511634	-0.482249	-0.462317	-0.451887	-0.450873	-0.453831	-0.464268	-0.482023	-0.498195	-0.513526	-0.510801	-0.478495	-0.409686	-0.3063	-0.167564	0.026993	0.292648	0.61991	0.978341	1.37243	1.7602	2.10117	2.38096	2.54715	2.58934	2.49752	2.24621	1.86734	1.39167	0.834686	0.227029	-0.351548	-0.828406	-1.17528	-1.40702	-1.55089	-1.63106	-1.66642	-1.66736	-1.64858	-1.6196	-1.59009	-1.56703	-1.55287	-1.55476	-1.57128	-1.59518	-1.62568	-1.65394	-1.6693	-1.66446	-1.62554	-1.5484	-1.42701	-1.25865	-1.04559	-0.790724	-0.501945	-0.189321	0.13697	0.466111	0.781041	1.07399	1.32717	1.53723	1.69049	1.78385	1.81763	1.78502	1.69828	1.56216	1.37725	1.16546	0.944252	0.713958	0.485842	0.289806	0.149855	0.0671434	0.0262008	0.00897517	0.00275181	0.000907784	0.000907784	
2.43359	2.43359	2.27766	1.94672	1.5039	0.995317	0.445312	-0.102744	-0.57288	-0.893419	-1.05925	-1.0858	-1.03509	-0.9376	-0.83809	-0.748613	-0.680335	-0.62985	-0.595658	-0.579444	-0.573935	-0.583495	-0.602624	-0.632319	-0.665573	-0.680486	-0.672023	-0.608368	-0.494765	-0.328094	-0.123321	0.14651	0.471415	0.844235	1.23583	1.6353	1.99736	2.30054	2.5182	2.60688	2.57212	2.39361	2.06353	1.62682	1.10544	0.514602	-0.096142	-0.640416	-1.06502	-1.35563	-1.53692	-1.63387	-1.67048	-1.66221	-1.62415	-1.56748	-1.50652	-1.45137	-1.41364	-1.39819	-1.3999	-1.41957	-1.46122	-1.51839	-1.57978	-1.63394	-1.66763	-1.67148	-1.63304	-1.5484	-1.40977	-1.22179	-0.98249	-0.704643	-0.39042	-0.0576939	0.284064	0.61702	0.932867	1.21268	1.44943	1.6317	1.75198	1.81213	1.80313	1.73425	1.61464	1.44204	1.23426	1.01361	0.783115	0.549309	0.339591	0.182359	0.0848456	0.0343427	0.0121859	0.00386818	0.0013237	0.0013237	
2.69417	2.69417	2.52582	2.17548	1.70948	1.16926	0.57258	-0.0111897	-0.517969	-0.867819	-1.07094	-1.14915	-1.14761	-1.09703	-1.02633	-0.94813	-0.882278	-0.828671	-0.792121	-0.773103	-0.765313	-0.774511	-0.801334	-0.828346	-0.854496	-0.858821	-0.811773	-0.699813	-0.515512	-0.28705	-0.00442572	0.32861	0.716145	1.12433	1.52425	1.91481	2.24454	2.49727	2.64007	2.64929	2.53249	2.26562	1.86494	1.37536	0.812693	0.201082	-0.394899	-0.894009	-1.25769	-1.49099	-1.61837	-1.66757	-1.65572	-1.60315	-1.52182	-1.43195	-1.3475	-1.2784	-1.23369	-1.21241	-1.21495	-1.24081	-1.29019	-1.36385	-1.44998	-1.5391	-1.61754	-1.66388	-1.67148	-1.62554	-1.52353	-1.36245	-1.14495	-0.877935	-0.569819	-0.235925	0.114663	0.462656	0.797261	1.09953	1.36057	1.56984	1.71451	1.79858	1.81268	1.76099	1.65657	1.49702	1.29491	1.07525	0.845097	0.607875	0.387524	0.215112	0.103487	0.0432782	0.0158482	0.00519006	0.00183544	0.00183544	
2.89687	2.89687	2.71742	2.36768	1.89729	1.34535	0.721189	0.121495	-0.37576	-0.743554	-0.973993	-1.10862	-1.16352	-1.17354	-1.14914	-1.11268	-1.07041	-1.02846	-0.999972	-0.982489	-0.977037	-0.986647	-1.00216	-1.02018	-1.02246	-0.98767	-0.882203	-0.702822	-0.449013	-0.148792	0.200255	0.590075	1.0188	1.43365	1.84361	2.20822	2.48858	2.67769	2.73902	2.66811	2.46509	2.11253	1.65115	1.11669	0.517878	-0.101607	-0.664348	-1.10439	-1.40536	-1.58054	-1.65762	-1.65797	-1.60115	-1.50427	-1.38656	-1.26651	-1.16519	-1.09333	-1.05366	-1.03968	-1.04116	-1.05949	-1.1052	-1.18313	-1.2896	-1.41114	-1.52636	-1.61754	-1.66763	-1.66446	-1.59828	-1.46911	-1.27433	-1.02538	-0.726011	-0.39294	-0.0370298	0.321577	0.670616	0.993287	1.27423	1.5067	1.67424	1.77969	1.81552	1.78043	1.68948	1.54247	1.34719	1.12915	0.89959	0.660475	0.432122	0.246825	0.122258	0.0526137	0.0198087	0.00666825	0.00242758	0.00242758	
3.02263	3.02263	2.83628	2.50777	2.04856	1.49495	0.894221	0.311004	-0.165391	-0.527456	-0.782003	-0.956227	-1.06721	-1.13333	-1.16132	-1.16793	-1.16057	-1.14996	-1.13559	-1.12644	-1.12626	-1.12772	-1.12987	-1.12497	-1.09106	-1.00508	-0.843998	-0.595439	-0.280369	0.0825825	0.478357	0.915214	1.35976	1.78691	2.17657	2.48945	2.71886	2.83214	2.80917	2.65622	2.36336	1.93585	1.42531	0.848294	0.225929	-0.382034	-0.897043	-1.27307	-1.51106	-1.63341	-1.66044	-1.61739	-1.51523	-1.38278	-1.23757	-1.10566	-1.01052	-0.950008	-0.920641	-0.913477	-0.914095	-0.924204	-0.959447	-1.02692	-1.12937	-1.26651	-1.41114	-1.5391	-1.63394	-1.6693	-1.6437	-1.54448	-1.3775	-1.14511	-0.856718	-0.527216	-0.170995	0.196494	0.556924	0.895803	1.19429	1.44696	1.63454	1.75757	1.81275	1.79395	1.71511	1.57923	1.39111	1.17525	0.946444	0.706408	0.472199	0.276306	0.140313	0.0618879	0.0238643	0.00822709	0.00307097	0.00307097	
3.05413	3.05413	2.87364	2.57396	2.15188	1.6147	1.05576	0.542637	0.112191	-0.22751	-0.495798	-0.702058	-0.859523	-0.973932	-1.05443	-1.10515	-1.13397	-1.15059	-1.15754	-1.15998	-1.1584	-1.15526	-1.14208	-1.11092	-1.04133	-0.907491	-0.687157	-0.38068	-0.0105127	0.397017	0.833265	1.29165	1.73809	2.14644	2.48979	2.76109	2.92144	2.945	2.84268	2.60503	2.2272	1.73983	1.18877	0.574296	-0.0569716	-0.631536	-1.08516	-1.39908	-1.58039	-1.6567	-1.6402	-1.55695	-1.41902	-1.25656	-1.09973	-0.973225	-0.901459	-0.878846	-0.868121	-0.858015	-0.859485	-0.870371	-0.881212	-0.910857	-0.994816	-1.12937	-1.2896	-1.44998	-1.57978	-1.65394	-1.66382	-1.59492	-1.45356	-1.23797	-0.963548	-0.639569	-0.283889	0.0901872	0.45773	0.810408	1.12368	1.39137	1.59759	1.73631	1.80665	1.80221	1.73452	1.60836	1.42695	1.21354	0.985583	0.745221	0.506841	0.302518	0.156835	0.0706125	0.0277797	0.00977055	0.00372449	0.00372449	
2.97545	2.97545	2.82935	2.55507	2.17315	1.70551	1.22073	0.788992	0.423314	0.118023	-0.141784	-0.362419	-0.547431	-0.696655	-0.814283	-0.901859	-0.967366	-1.00958	-1.03732	-1.05207	-1.05251	-1.04308	-1.01378	-0.957164	-0.851641	-0.672866	-0.407635	-0.0587973	0.347523	0.780433	1.23164	1.68619	2.11692	2.48917	2.79182	2.99757	3.06638	3.01464	2.8348	2.50755	2.05963	1.52984	0.939734	0.300039	-0.315239	-0.842167	-1.22865	-1.48766	-1.62054	-1.65974	-1.60673	-1.49073	-1.32813	-1.14864	-0.999942	-0.894749	-0.853981	-0.858539	-0.854384	-0.839576	-0.841861	-0.856639	-0.857076	-0.857023	-0.910857	-1.02692	-1.18313	-1.36385	-1.51839	-1.62568	-1.6663	-1.62474	-1.5073	-1.30836	-1.04767	-0.727984	-0.374053	0.00205242	0.377113	0.738081	1.06424	1.34424	1.56438	1.71685	1.7998	1.80688	1.74854	1.63062	1.45513	1.2441	1.01699	0.776633	0.535375	0.324602	0.171089	0.0783119	0.0313101	0.0111917	0.00433902	0.00433902	
2.78774	2.78774	2.68775	2.45397	2.11373	1.73779	1.37324	1.04415	0.751442	0.486184	0.244066	0.0244868	-0.169667	-0.337117	-0.476598	-0.586433	-0.671566	-0.734283	-0.775591	-0.797934	-0.80355	-0.786744	-0.74781	-0.671284	-0.541058	-0.336123	-0.0434941	0.331708	0.753827	1.19478	1.64198	2.08223	2.48096	2.80481	3.04244	3.16431	3.16111	3.03841	2.7685	2.36641	1.87303	1.30631	0.681549	0.0399738	-0.535696	-1.00186	-1.33139	-1.54352	-1.64288	-1.65003	-1.57244	-1.42883	-1.25347	-1.07082	-0.938764	-0.872497	-0.857085	-0.867395	-0.85179	-0.815982	-0.821791	-0.858199	-0.86556	-0.857076	-0.881212	-0.959447	-1.1052	-1.29019	-1.46122	-1.59518	-1.65857	-1.64224	-1.54233	-1.35974	-1.10754	-0.794364	-0.442412	-0.0653912	0.315268	0.682491	1.01799	1.30726	1.53704	1.70017	1.79342	1.80943	1.75821	1.64668	1.47601	1.26706	1.04069	0.80048	0.557321	0.341885	0.182451	0.0845599	0.0342238	0.0123841	0.00486328	0.00486328	
2.51439	2.51439	2.43229	2.25312	1.99881	1.72992	1.48503	1.26358	1.05322	0.844522	0.637079	0.435601	0.247889	0.0789959	-0.0689757	-0.193215	-0.290193	-0.364357	-0.414925	-0.442291	-0.448683	-0.429284	-0.382261	-0.293948	-0.149733	0.0709063	0.380684	0.764183	1.18599	1.61691	2.04185	2.44559	2.7909	3.05208	3.22	3.27419	3.20126	2.99266	2.64558	2.19754	1.67046	1.06765	0.426717	-0.185418	-0.706566	-1.11084	-1.39681	-1.57513	-1.6536	-1.63817	-1.54569	-1.38414	-1.20433	-1.02604	-0.908073	-0.86606	-0.856305	-0.857711	-0.834433	-0.793172	-0.799538	-0.842446	-0.858199	-0.856639	-0.870371	-0.924204	-1.05949	-1.24081	-1.41957	-1.57128	-1.64853	-1.65148	-1.5622	-1.39307	-1.14583	-0.84048	-0.48829	-0.111817	0.272392	0.644611	0.984528	1.28158	1.51888	1.68806	1.78797	1.81054	1.7644	1.65721	1.48992	1.28253	1.05671	0.816671	0.572358	0.353874	0.190437	0.0890088	0.0363241	0.0132541	0.00525039	0.00525039	
2.1669	2.1669	2.08619	1.96015	1.82217	1.68808	1.56046	1.43184	1.29406	1.14419	0.984461	0.819985	0.657971	0.506453	0.369942	0.249903	0.151048	0.0750623	0.0216118	-0.00825134	-0.0135592	0.0061182	0.0573155	0.148293	0.295609	0.517952	0.823196	1.19382	1.59605	1.99659	2.38157	2.73593	3.02583	3.22742	3.33031	3.31184	3.15761	2.87821	2.48896	2.01078	1.44731	0.823891	0.203139	-0.357975	-0.81845	-1.17613	-1.43068	-1.59107	-1.65634	-1.63159	-1.52841	-1.36349	-1.1785	-1.01043	-0.897604	-0.855127	-0.838131	-0.816909	-0.795955	-0.781574	-0.783025	-0.799538	-0.821791	-0.841861	-0.859485	-0.914095	-1.04116	-1.21495	-1.3999	-1.55476	-1.64364	-1.65284	-1.57291	-1.40817	-1.16715	-0.863054	-0.513192	-0.135029	0.249815	0.624112	0.96772	1.2674	1.50842	1.68171	1.78513	1.81088	1.76744	1.66262	1.49714	1.2906	1.0651	0.82516	0.580286	0.360243	0.194714	0.0914108	0.0374667	0.0137309	0.00546413	0.00546413	
1.73949	1.73949	1.6909	1.63333	1.59913	1.58519	1.56888	1.53141	1.46571	1.37424	1.26384	1.14197	1.01518	0.890798	0.775827	0.673687	0.586574	0.518203	0.469722	0.442092	0.437202	0.455905	0.50373	0.588756	0.7272	0.936083	1.22196	1.56922	1.94116	2.30351	2.64394	2.9473	3.17923	3.31432	3.34455	3.25432	3.04245	2.72659	2.30819	1.79687	1.2127	0.605062	0.0351468	-0.465181	-0.875807	-1.203	-1.44178	-1.59519	-1.6572	-1.63104	-1.52644	-1.36173	-1.1759	-1.00948	-0.896939	-0.853462	-0.835436	-0.810601	-0.790166	-0.780781	-0.781574	-0.793172	-0.815982	-0.839576	-0.858015	-0.913477	-1.03968	-1.21241	-1.39819	-1.55287	-1.64326	-1.65286	-1.57422	-1.40969	-1.16931	-0.864868	-0.515443	-0.137056	0.247733	0.622161	0.966297	1.26612	1.5074	1.68112	1.78487	1.81089	1.76771	1.66312	1.49781	1.29133	1.06585	0.825928	0.581006	0.360825	0.195107	0.0916321	0.0375723	0.0137751	0.00548402	0.00548402	
1.25883	1.25883	1.27481	1.31017	1.36547	1.43146	1.49092	1.52788	1.53379	1.50815	1.45599	1.38471	1.30138	1.21237	1.12457	1.044	0.973978	0.917525	0.877091	0.853991	0.849621	0.866109	0.907398	0.982475	1.10602	1.29456	1.55498	1.87094	2.20386	2.52024	2.80753	3.05115	3.21866	3.28912	3.2622	3.12827	2.88503	2.54162	2.09419	1.56602	1.00078	0.445147	-0.0630303	-0.508871	-0.887921	-1.19886	-1.4346	-1.58938	-1.65755	-1.63688	-1.54137	-1.37799	-1.19736	-1.02067	-0.904663	-0.863905	-0.853514	-0.850742	-0.826936	-0.790166	-0.795955	-0.834433	-0.85179	-0.854384	-0.868121	-0.920641	-1.05366	-1.23369	-1.41364	-1.56703	-1.64677	-1.65223	-1.56515	-1.39792	-1.15172	-0.846732	-0.494601	-0.118207	0.266228	0.639019	0.979731	1.27781	1.5162	1.68631	1.78713	1.81061	1.76526	1.65873	1.49192	1.28473	1.05899	0.818975	0.574511	0.355604	0.191598	0.0896604	0.0366337	0.0133831	0.00530814	0.00530814	
0.801306	0.801306	0.870622	0.985921	1.1172	1.24245	1.34987	1.43365	1.49094	1.52106	1.52578	1.50907	1.47616	1.4321	1.38195	1.33123	1.2846	1.24538	1.21642	1.19972	1.19672	1.20955	1.24185	1.30196	1.40348	1.56261	1.78652	2.05939	2.34436	2.60883	2.8409	3.02968	3.14721	3.17522	3.11442	2.95278	2.68231	2.31453	1.86138	1.3606	0.850588	0.360407	-0.0905408	-0.501779	-0.861856	-1.17036	-1.40809	-1.57386	-1.65311	-1.64957	-1.5673	-1.41836	-1.2418	-1.05919	-0.930421	-0.871418	-0.858495	-0.868909	-0.850742	-0.810601	-0.816909	-0.857711	-0.867395	-0.858539	-0.878846	-0.950009	-1.09333	-1.2784	-1.45138	-1.5901	-1.65636	-1.64464	-1.5471	-1.36775	-1.11711	-0.805503	-0.453198	-0.0760988	0.305182	0.673479	1.01017	1.30111	1.53267	1.69737	1.79217	1.80969	1.75973	1.64927	1.47937	1.27075	1.04449	0.804316	0.56088	0.344718	0.184333	0.0856055	0.0347159	0.0125873	0.00495341	0.00495341	
