5.51308e-05	5.51308e-05	0.000234759	0.00101186	0.00379182	0.0122337	0.0338859	0.0806523	0.165932	0.298591	0.47787	0.693145	0.927763	1.16373	1.38533	1.58118	1.74443	1.87159	1.96086	2.01137	2.02301	1.99588	1.9299	1.82538	1.68351	1.50664	1.29941	1.07045	0.832932	0.603877	0.401223	0.239793	0.126597	0.0581728	0.023044	0.00783694	0.00228899	0.000576166	0.000125645	2.38843e-05	3.98326e-06	5.86519e-07	7.67147e-08	8.96405e-09	9.40714e-10	8.90971e-11	7.65321e-12	6.11809e-13	9.67307e-14	1.8876e-13	5.65221e-13	1.51564e-12	3.5913e-12	7.53244e-12	1.40382e-11	2.33736e-11	3.49604e-11	4.7148e-11	5.73939e-11	6.30222e-11	6.23691e-11	5.56321e-11	4.47656e-11	3.2508e-11	2.12687e-11	1.24839e-11	6.53607e-12	3.03644e-12	1.24739e-12	4.52432e-13	1.4485e-13	4.09582e-14	1.02394e-14	2.26631e-15	4.4485e-16	7.7599e-17	1.20589e-17	1.67405e-18	2.08243e-19	2.32873e-20	2.34892e-21	2.14427e-22	1.77746e-23	1.34227e-24	9.26304e-26	5.85918e-27	3.4066e-28	1.82544e-29	9.03806e-31	4.14449e-32	1.7641e-33	6.98458e-35	2.57733e-36	8.87996e-38	2.86161e-39	8.63908e-41	2.44703e-42	6.5125e-44	1.66908e-45	1.66908e-45	
5.51308e-05	5.51308e-05	0.000234759	0.00101186	0.00379182	0.0122337	0.0338859	0.0806523	0.165932	0.298591	0.47787	0.693145	0.927763	1.16373	1.38533	1.58118	1.74443	1.87159	1.96086	2.01137	2.02301	1.99588	1.9299	1.82538	1.68351	1.50664	1.29941	1.07045	0.832932	0.603877	0.401223	0.239793	0.126597	0.0581728	0.023044	0.00783694	0.00228899	0.000576166	0.000125645	2.38843e-05	3.98326e-06	5.86519e-07	7.67147e-08	8.96405e-09	9.40714e-10	8.90971e-11	7.65321e-12	6.11809e-13	9.67307e-14	1.8876e-13	5.65221e-13	1.51564e-12	3.5913e-12	7.53244e-12	1.40382e-11	2.33736e-11	3.49604e-11	4.7148e-11	5.73939e-11	6.30222e-11	6.23691e-11	5.56321e-11	4.47656e-11	3.2508e-11	2.12687e-11	1.24839e-11	6.53607e-12	3.03644e-12	1.24739e-12	4.52432e-13	1.4485e-13	4.09582e-14	1.02394e-14	2.26631e-15	4.4485e-16	7.7599e-17	1.20589e-17	1.67405e-18	2.08243e-19	2.32873e-20	2.34892e-21	2.14427e-22	1.77746e-23	1.34227e-24	9.26304e-26	5.85918e-27	3.4066e-28	1.82544e-29	9.03806e-31	4.14449e-32	1.7641e-33	6.98458e-35	2.57733e-36	8.87996e-38	2.86161e-39	8.63908e-41	2.44703e-42	6.5125e-44	1.66908e-45	1.66908e-45	
0.000234759	0.000234759	0.000899227	0.00349265	0.0117018	0.0334352	0.0812971	0.168817	0.302755	0.47801	0.680593	0.894533	1.10617	1.30527	1.48494	1.64101	1.77061	1.87154	1.94191	1.98164	1.99082	1.96931	1.91734	1.83472	1.72209	1.58164	1.41568	1.22763	1.02252	0.808533	0.597376	0.403786	0.243743	0.1285	0.0582216	0.022485	0.00739052	0.00207389	0.000499718	0.000104118	1.88968e-05	3.00918e-06	4.2334e-07	5.29529e-08	5.92386e-09	5.95914e-10	5.42172e-11	4.67577e-12	1.1055e-12	2.56086e-12	7.40364e-12	1.91079e-11	4.37177e-11	8.88978e-11	1.61345e-10	2.62758e-10	3.85906e-10	5.12926e-10	6.17973e-10	6.75048e-10	6.68443e-10	6.0001e-10	4.8828e-10	3.60063e-10	2.40109e-10	1.44227e-10	7.76217e-11	3.72345e-11	1.58568e-11	5.98103e-12	1.99602e-12	5.89262e-13	1.53953e-13	3.56274e-14	7.31248e-15	1.33349e-15	2.16528e-16	3.1388e-17	4.07393e-18	4.74939e-19	4.98968e-20	4.73996e-21	4.08502e-22	3.20441e-23	2.29513e-24	1.50552e-25	9.07042e-27	5.03287e-28	2.57848e-29	1.22271e-30	5.37865e-32	2.19959e-33	8.37908e-35	2.97884e-36	9.9005e-38	3.08135e-39	8.99431e-41	2.46589e-42	6.5125e-44	6.5125e-44	
0.00101186	0.00101186	0.00349265	0.0122366	0.0366722	0.092746	0.197672	0.357538	0.558787	0.776073	0.988027	1.18316	1.357	1.50856	1.63856	1.74752	1.83493	1.90012	1.94392	1.96855	1.97446	1.96092	1.92862	1.87647	1.80247	1.70638	1.58901	1.45039	1.29002	1.10731	0.904658	0.688729	0.474754	0.287412	0.149167	0.065477	0.0242162	0.00756754	0.00201116	0.000458232	9.02722e-05	1.55039e-05	2.33945e-06	3.12377e-07	3.7151e-08	3.95892e-09	3.80734e-10	3.59966e-11	1.3251e-11	3.38468e-11	9.43268e-11	2.34492e-10	5.18475e-10	1.02296e-09	1.80929e-09	2.88363e-09	4.16103e-09	5.45471e-09	6.5089e-09	7.07614e-09	7.01066e-09	6.32954e-09	5.20541e-09	3.89513e-09	2.64591e-09	1.62547e-09	8.98619e-10	4.44725e-10	1.96166e-10	7.68849e-11	2.67266e-11	8.2327e-12	2.2467e-12	5.43387e-13	1.16579e-13	2.22175e-14	3.76853e-15	5.70294e-16	7.7213e-17	9.38179e-18	1.02636e-18	1.01434e-19	9.08637e-21	7.40194e-22	5.50089e-23	3.74094e-24	2.33483e-25	1.34108e-26	7.10745e-28	3.48416e-29	1.58347e-30	6.68641e-32	2.62862e-33	9.63929e-35	3.30309e-36	1.05946e-37	3.18578e-39	8.99431e-41	2.44703e-42	2.44703e-42	
0.00379182	0.00379182	0.0117018	0.0366722	0.0974537	0.216262	0.401398	0.632457	0.872074	1.09425	1.29098	1.46038	1.60159	1.71465	1.80164	1.86407	1.90554	1.92999	1.94511	1.95268	1.9543	1.95069	1.94008	1.92145	1.89115	1.84162	1.76997	1.67256	1.5485	1.39594	1.21524	1.00815	0.777139	0.536546	0.319914	0.160807	0.0674974	0.0236809	0.00699086	0.0017524	0.000376637	7.0065e-05	1.13812e-05	1.62731e-06	2.063e-07	2.33428e-08	2.38081e-09	2.56635e-10	1.5241e-10	4.08063e-10	1.09311e-09	2.61368e-09	5.57781e-09	1.06662e-08	1.83665e-08	2.86242e-08	4.05589e-08	5.24263e-08	6.19593e-08	6.70421e-08	6.64567e-08	6.03449e-08	5.01546e-08	3.80949e-08	2.63762e-08	1.65866e-08	9.42844e-09	4.81943e-09	2.20468e-09	8.99196e-10	3.26121e-10	1.05002e-10	2.99866e-11	7.59418e-12	1.70625e-12	3.40464e-13	6.0434e-14	9.56377e-15	1.3529e-15	1.71591e-16	1.95752e-17	2.01533e-18	1.87877e-19	1.59119e-20	1.22827e-21	8.66829e-23	5.60956e-24	3.33811e-25	1.83148e-26	9.28793e-28	4.36391e-29	1.90385e-30	7.72841e-32	2.92479e-33	1.03381e-34	3.41877e-36	1.05946e-37	3.08135e-39	8.63908e-41	8.63908e-41	
0.0122337	0.0122337	0.0334352	0.092746	0.216262	0.417217	0.672151	0.932308	1.16773	1.37683	1.55663	1.69932	1.80081	1.86317	1.89252	1.89604	1.88444	1.86683	1.85191	1.84046	1.83639	1.84432	1.85756	1.87381	1.89002	1.89686	1.88424	1.84276	1.76502	1.64747	1.48879	1.2963	1.07716	0.830115	0.566273	0.327957	0.157758	0.0627549	0.0207596	0.00576757	0.00136072	0.000275581	4.8394e-05	7.43597e-06	1.0079e-06	1.21418e-07	1.3203e-08	1.73964e-09	1.65158e-09	4.46401e-09	1.1464e-08	2.63218e-08	5.41402e-08	1.00217e-07	1.67817e-07	2.55516e-07	3.55285e-07	4.52679e-07	5.29832e-07	5.70616e-07	5.65929e-07	5.16827e-07	4.34158e-07	3.34859e-07	2.36488e-07	1.52375e-07	8.9161e-08	4.7133e-08	2.23936e-08	9.52011e-09	3.60901e-09	1.217e-09	3.64464e-10	9.68553e-11	2.28382e-11	4.78135e-12	8.89956e-13	1.47561e-13	2.18495e-14	2.8976e-15	3.4525e-16	3.70824e-17	3.60249e-18	3.17606e-19	2.54944e-20	1.86913e-21	1.2554e-22	7.74669e-24	4.40373e-25	2.31209e-26	1.12386e-27	5.06905e-29	2.12602e-30	8.30811e-32	3.03067e-33	1.03381e-34	3.30309e-36	9.9005e-38	2.86161e-39	2.86161e-39	
0.0338859	0.0338859	0.0812971	0.197672	0.401398	0.672151	0.952207	1.20346	1.42998	1.62536	1.76814	1.85448	1.88816	1.88136	1.84318	1.78788	1.72506	1.66762	1.61856	1.58945	1.58233	1.5979	1.6363	1.69004	1.74973	1.81176	1.8609	1.88886	1.88019	1.82673	1.71847	1.55239	1.3425	1.10722	0.84244	0.558727	0.309344	0.140601	0.0525307	0.0162885	0.00424326	0.000940175	0.000179216	2.9694e-05	4.31571e-06	5.55011e-07	6.49584e-08	1.16645e-08	1.65723e-08	4.40716e-08	1.08228e-07	2.3819e-07	4.71447e-07	8.43569e-07	1.37202e-06	2.03877e-06	2.77982e-06	3.48983e-06	4.04466e-06	4.33556e-06	4.3022e-06	3.95154e-06	3.35569e-06	2.62939e-06	1.89562e-06	1.25279e-06	7.55557e-07	4.13648e-07	2.04447e-07	9.07629e-08	3.60385e-08	1.27561e-08	4.01541e-09	1.12241e-09	2.78424e-10	6.13014e-11	1.19916e-11	2.08768e-12	3.24224e-13	4.50431e-14	5.61523e-15	6.30227e-16	6.38979e-17	5.87227e-18	4.90789e-19	3.74238e-20	2.61157e-21	1.67273e-22	9.86109e-24	5.36458e-25	2.69977e-26	1.25981e-27	5.46276e-29	2.20564e-30	8.30811e-32	2.92479e-33	9.63929e-35	2.97884e-36	8.87996e-38	8.87996e-38	
0.0806523	0.0806523	0.168817	0.357538	0.632457	0.932308	1.20346	1.4481	1.6605	1.80249	1.87493	1.88783	1.84866	1.77061	1.66363	1.54527	1.42605	1.32321	1.24359	1.19795	1.18894	1.21184	1.272	1.36177	1.47299	1.59348	1.70899	1.80611	1.87032	1.8893	1.85385	1.75519	1.58171	1.35337	1.09994	0.813806	0.514671	0.267754	0.113535	0.0394989	0.0114163	0.00277876	0.000576967	0.000103384	1.61518e-05	2.22367e-06	2.85734e-07	8.00085e-08	1.51707e-07	3.90347e-07	9.14281e-07	1.92483e-06	3.65961e-06	6.31986e-06	9.96996e-06	1.44421e-05	1.92933e-05	2.38535e-05	2.73692e-05	2.9198e-05	2.89886e-05	2.67817e-05	2.29977e-05	1.83172e-05	1.34924e-05	9.15712e-06	5.70017e-06	3.23712e-06	1.66743e-06	7.74595e-07	3.22879e-07	1.20261e-07	3.98957e-08	1.17617e-08	3.07756e-09	7.14485e-10	1.4726e-10	2.6984e-11	4.40531e-12	6.42481e-13	8.39629e-14	9.86484e-15	1.04556e-15	1.00313e-16	8.74143e-18	6.94137e-19	5.03865e-20	3.35344e-21	2.05216e-22	1.15782e-23	6.03774e-25	2.91706e-26	1.30864e-27	5.46276e-29	2.12602e-30	7.72841e-32	2.62862e-33	8.37908e-35	2.57733e-36	2.57733e-36	
0.165932	0.165932	0.302755	0.558787	0.872074	1.16773	1.42998	1.6605	1.81182	1.87954	1.88546	1.81685	1.6951	1.52994	1.34657	1.15906	0.988594	0.846084	0.742246	0.677805	0.662211	0.698409	0.778701	0.899155	1.0551	1.23268	1.42187	1.59933	1.74982	1.85227	1.89139	1.86071	1.76267	1.57424	1.32848	1.05446	0.744276	0.439646	0.211432	0.0826941	0.0265878	0.00712757	0.00161573	0.000313721	5.27797e-05	7.8064e-06	1.15084e-06	5.61576e-07	1.25137e-06	3.08129e-06	6.86476e-06	1.37938e-05	2.51417e-05	4.18298e-05	6.3907e-05	9.01287e-05	0.000117857	0.000143415	0.000162851	0.000172882	0.000171736	0.000159617	0.000138651	0.000112329	8.46247e-05	5.90585e-05	3.80047e-05	2.24282e-05	1.20643e-05	5.87804e-06	2.57884e-06	1.01358e-06	3.55418e-07	1.10849e-07	3.06884e-08	7.5349e-09	1.64098e-09	3.17346e-10	5.46005e-11	8.37921e-12	1.15043e-12	1.41776e-13	1.57371e-14	1.57887e-15	1.43669e-16	1.18971e-17	8.99449e-19	6.22747e-20	3.96018e-21	2.31945e-22	1.25444e-23	6.28018e-25	2.91706e-26	1.25981e-27	5.06905e-29	1.90385e-30	6.68641e-32	2.19959e-33	6.98458e-35	6.98458e-35	
0.298591	0.298591	0.47801	0.776073	1.09425	1.37683	1.62536	1.80249	1.87954	1.88555	1.79594	1.63225	1.41945	1.17517	0.92204	0.680235	0.462951	0.286758	0.157285	0.0853123	0.0698346	0.106898	0.203051	0.35398	0.545382	0.774457	1.02309	1.27394	1.50993	1.70311	1.8434	1.89181	1.85876	1.74368	1.53045	1.26757	0.967294	0.636838	0.344607	0.151109	0.0540158	0.0159522	0.00395003	0.000831574	0.000150779	2.41153e-05	4.4727e-06	3.89002e-06	9.20106e-06	2.15173e-05	4.54625e-05	8.69667e-05	0.000151621	0.000242555	0.000358261	0.000491219	0.00062808	0.000751664	0.000844319	0.000891758	0.00088635	0.000828971	0.000728788	0.00060106	0.000463653	0.000333225	0.000222068	0.00013646	7.68294e-05	3.93625e-05	1.82289e-05	7.58445e-06	2.82064e-06	9.33887e-07	2.74507e-07	7.15238e-08	1.6513e-08	3.38066e-09	6.14757e-10	9.95368e-11	1.43922e-11	1.86454e-12	2.17188e-13	2.28281e-14	2.17277e-15	1.87917e-16	1.48174e-17	1.0686e-18	7.06977e-20	4.30305e-21	2.41598e-22	1.25444e-23	6.03774e-25	2.69977e-26	1.12386e-27	4.36391e-29	1.58347e-30	5.37865e-32	1.7641e-33	1.7641e-33	
0.47787	0.47787	0.680593	0.988027	1.29098	1.55663	1.76814	1.87493	1.88546	1.79594	1.60737	1.36422	1.06232	0.747185	0.428171	0.13854	-0.10971	-0.307108	-0.442401	-0.521959	-0.540215	-0.495976	-0.393537	-0.236098	-0.0179898	0.250331	0.552612	0.873856	1.18702	1.46848	1.69035	1.84581	1.89015	1.84563	1.6932	1.45275	1.16738	0.836202	0.501824	0.2448	0.0968721	0.0314352	0.00848796	0.00193515	0.000378167	6.64994e-05	1.81209e-05	2.53565e-05	5.97011e-05	0.000131818	0.000263261	0.000478066	0.000795237	0.00122051	0.00173951	0.00231514	0.00289091	0.00339957	0.0037752	0.00396585	0.00394417	0.00371329	0.00330613	0.00277841	0.00219736	0.00162898	0.00112646	0.000722406	0.000426804	0.000230607	0.000113099	4.99937e-05	1.97947e-05	6.98514e-06	2.18868e-06	6.07527e-07	1.49249e-07	3.24606e-08	6.25912e-09	1.07243e-09	1.63752e-10	2.23571e-11	2.73907e-12	3.0223e-13	3.01446e-14	2.72751e-15	2.2465e-16	1.6899e-17	1.16461e-18	7.37484e-20	4.30305e-21	2.31945e-22	1.15782e-23	5.36458e-25	2.31209e-26	9.28793e-28	3.48416e-29	1.22271e-30	4.14449e-32	4.14449e-32	
0.693145	0.693145	0.894533	1.18316	1.46038	1.69932	1.85448	1.88783	1.81685	1.63225	1.36422	1.0204	0.647873	0.265218	-0.0891438	-0.409831	-0.666679	-0.865845	-1.00537	-1.07823	-1.09308	-1.05532	-0.958535	-0.795425	-0.570078	-0.286659	0.0470716	0.419926	0.796543	1.16717	1.47923	1.71998	1.85856	1.88728	1.80612	1.60697	1.34018	1.02113	0.667549	0.358045	0.155642	0.0551957	0.0161859	0.00398427	0.000839688	0.000169791	8.02099e-05	0.000149618	0.000338364	0.000701703	0.00131986	0.002268	0.00358952	0.00527242	0.00723572	0.00933177	0.0113644	0.0131181	0.0143916	0.0150316	0.014959	0.0141828	0.0127986	0.0109717	0.00890899	0.00682477	0.00490762	0.00329286	0.00204733	0.0011704	0.00061014	0.000287708	0.000121815	4.60242e-05	1.54431e-05	4.58729e-06	1.20431e-06	2.79387e-07	5.7337e-08	1.04315e-08	1.68727e-09	2.43452e-10	3.14499e-11	3.65127e-12	3.82414e-13	3.62661e-14	3.12536e-15	2.45596e-16	1.76551e-17	1.16461e-18	7.06977e-20	3.96018e-21	2.05216e-22	9.86109e-24	4.40373e-25	1.83148e-26	7.10745e-28	2.57848e-29	9.03806e-31	9.03806e-31	
0.927763	0.927763	1.10617	1.357	1.60159	1.80081	1.88816	1.84866	1.6951	1.41945	1.06232	0.647873	0.216208	-0.209401	-0.590962	-0.912493	-1.16527	-1.33915	-1.44891	-1.5107	-1.52394	-1.492	-1.41302	-1.27737	-1.07109	-0.794776	-0.442834	-0.04451	0.390477	0.816976	1.21403	1.54133	1.77191	1.87818	1.86893	1.72558	1.48504	1.18354	0.827946	0.481545	0.227609	0.0875278	0.0277045	0.00733124	0.00167669	0.000432908	0.00037291	0.000777909	0.00165693	0.00321096	0.00566524	0.00917966	0.013781	0.0193218	0.0254773	0.0317827	0.0376946	0.0426628	0.0462032	0.0479622	0.0477634	0.0456267	0.0417665	0.0365668	0.0305307	0.0242129	0.0181467	0.0127732	0.00838365	0.00508906	0.00283152	0.00143089	0.000651096	0.00026477	9.56458e-05	3.05625e-05	8.61724e-06	2.1423e-06	4.69942e-07	9.11392e-08	1.56709e-08	2.39715e-09	3.27455e-10	4.01023e-11	4.42045e-12	4.4028e-13	3.97728e-14	3.27034e-15	2.45596e-16	1.6899e-17	1.0686e-18	6.22747e-20	3.35344e-21	1.67273e-22	7.74669e-24	3.33811e-25	1.34108e-26	5.03287e-28	1.82544e-29	1.82544e-29	
1.16373	1.16373	1.30527	1.50856	1.71465	1.86317	1.88136	1.77061	1.52994	1.17517	0.747185	0.265218	-0.209401	-0.653512	-1.03106	-1.32919	-1.54109	-1.67653	-1.74956	-1.77566	-1.77916	-1.77014	-1.72784	-1.62959	-1.46749	-1.21964	-0.888791	-0.482209	-0.0216287	0.460338	0.926577	1.32772	1.64222	1.82835	1.88912	1.80768	1.60174	1.32076	0.973641	0.605505	0.307639	0.127086	0.0430881	0.0122094	0.003109	0.00121478	0.00167063	0.00349504	0.0069272	0.0124785	0.0205625	0.0313026	0.0444379	0.0593198	0.0749979	0.0903514	0.104223	0.115544	0.12344	0.127313	0.126877	0.122164	0.113524	0.101614	0.087355	0.071843	0.0562379	0.0416373	0.0289411	0.0187246	0.0111687	0.00607943	0.00298982	0.0013165	0.000515157	0.000178155	5.42618e-05	1.45345e-05	3.42494e-06	7.11234e-07	1.30526e-07	2.12437e-08	3.0784e-09	3.98813e-10	4.63847e-11	4.86313e-12	4.61432e-13	3.97728e-14	3.12536e-15	2.2465e-16	1.48174e-17	8.99449e-19	5.03865e-20	2.61157e-21	1.2554e-22	5.60956e-24	2.33483e-25	9.07042e-27	3.4066e-28	3.4066e-28	
1.38533	1.38533	1.48494	1.63856	1.80164	1.89252	1.84318	1.66363	1.34657	0.92204	0.428171	-0.0891438	-0.590962	-1.03106	-1.38645	-1.63215	-1.78098	-1.84134	-1.8451	-1.83763	-1.83531	-1.84169	-1.84801	-1.82454	-1.73202	-1.54818	-1.25504	-0.866838	-0.393649	0.115715	0.632674	1.10044	1.48938	1.75066	1.87644	1.85643	1.69101	1.43284	1.09958	0.721738	0.389569	0.171134	0.0616554	0.0187344	0.00571123	0.00384527	0.00672281	0.0133509	0.0244061	0.04065	0.0622938	0.0887915	0.118883	0.150804	0.18257	0.212212	0.23794	0.258276	0.27214	0.278854	0.278102	0.269919	0.254692	0.233177	0.206535	0.176319	0.144362	0.112652	0.0831501	0.0575424	0.0369581	0.0217856	0.0116515	0.00559322	0.00238769	0.000899989	0.000298122	8.65842e-05	2.20437e-05	4.92712e-06	9.69568e-07	1.68586e-07	2.60088e-08	3.57585e-09	4.40065e-10	4.8688e-11	4.86313e-12	4.4028e-13	3.62661e-14	2.72751e-15	1.87917e-16	1.18971e-17	6.94137e-19	3.74238e-20	1.86913e-21	8.66829e-23	3.74094e-24	1.50552e-25	5.85918e-27	5.85918e-27	
1.58118	1.58118	1.64101	1.74752	1.86407	1.89604	1.78788	1.54527	1.15906	0.680235	0.13854	-0.409831	-0.912493	-1.32919	-1.63215	-1.80928	-1.86823	-1.84311	-1.77274	-1.69707	-1.6734	-1.72541	-1.8034	-1.86004	-1.85971	-1.75205	-1.52645	-1.17481	-0.718714	-0.193706	0.360377	0.880466	1.32841	1.6568	1.84301	1.87898	1.75494	1.52089	1.20377	0.824461	0.467481	0.216193	0.0822558	0.027318	0.0114137	0.0125588	0.0232844	0.0427166	0.0715002	0.109589	0.155666	0.207333	0.261579	0.315326	0.365803	0.410663	0.44808	0.47677	0.495953	0.505162	0.504135	0.492901	0.471771	0.441262	0.402239	0.356094	0.304763	0.250684	0.196703	0.145923	0.101276	0.0649696	0.0380268	0.0200477	0.00941121	0.003898	0.00141544	0.00044904	0.000124351	3.00967e-05	6.38431e-06	1.1915e-06	1.96506e-07	2.87743e-08	3.75875e-09	4.40065e-10	4.63847e-11	4.42045e-12	3.82414e-13	3.01446e-14	2.17277e-15	1.43669e-16	8.74143e-18	4.90789e-19	2.54944e-20	1.22827e-21	5.50089e-23	2.29513e-24	9.26304e-26	9.26304e-26	
1.74443	1.74443	1.77061	1.83493	1.90554	1.88444	1.72506	1.42605	0.988594	0.462951	-0.10971	-0.666679	-1.16527	-1.54109	-1.78098	-1.86823	-1.82292	-1.69863	-1.55225	-1.4438	-1.41684	-1.48009	-1.61026	-1.7525	-1.85419	-1.85074	-1.70211	-1.40827	-0.975692	-0.450716	0.1233	0.679626	1.17865	1.56244	1.79931	1.88397	1.79785	1.58673	1.28588	0.910082	0.536519	0.258909	0.104118	0.0400411	0.0259093	0.0379238	0.067624	0.112924	0.172173	0.242266	0.318944	0.397665	0.474345	0.545821	0.609727	0.664352	0.708636	0.742046	0.764232	0.774849	0.773667	0.760714	0.736261	0.700653	0.654251	0.597667	0.532092	0.459364	0.381994	0.30333	0.227598	0.159339	0.102584	0.0598192	0.0311437	0.0143042	0.0057459	0.00200836	0.00060972	0.000160917	3.7023e-05	7.45604e-06	1.32066e-06	2.06796e-07	2.87743e-08	3.57585e-09	3.98813e-10	4.01023e-11	3.65127e-12	3.0223e-13	2.28281e-14	1.57887e-15	1.00313e-16	5.87227e-18	3.17606e-19	1.59119e-20	7.40194e-22	3.20441e-23	1.34227e-24	1.34227e-24	
1.87159	1.87159	1.87154	1.90012	1.92999	1.86683	1.66762	1.32321	0.846084	0.286758	-0.307108	-0.865845	-1.33915	-1.67653	-1.84134	-1.84311	-1.69863	-1.4693	-1.26708	-1.13998	-1.10935	-1.18071	-1.33894	-1.56388	-1.77268	-1.8601	-1.79722	-1.56098	-1.16284	-0.651009	-0.0685928	0.515715	1.05021	1.47565	1.75388	1.88011	1.82586	1.63337	1.34658	0.976644	0.593335	0.297234	0.128702	0.0634226	0.0619455	0.0987771	0.161964	0.244428	0.339375	0.44008	0.54079	0.637186	0.726463	0.806919	0.877173	0.936466	0.984373	1.02071	1.04483	1.0562	1.05494	1.04103	1.01442	0.975737	0.925544	0.86401	0.791632	0.709282	0.618421	0.52089	0.419787	0.319719	0.226598	0.146828	0.085429	0.043924	0.0197161	0.00766779	0.00257533	0.000747172	0.000187775	4.1057e-05	7.85151e-06	1.32066e-06	1.96506e-07	2.60088e-08	3.0784e-09	3.27455e-10	3.14499e-11	2.73907e-12	2.17188e-13	1.57371e-14	1.04556e-15	6.38979e-17	3.60249e-18	1.87877e-19	9.08637e-21	4.08502e-22	1.77746e-23	1.77746e-23	
1.96086	1.96086	1.94191	1.94392	1.94511	1.85191	1.61856	1.24359	0.742246	0.157285	-0.442401	-1.00537	-1.44891	-1.74956	-1.8451	-1.77274	-1.55225	-1.26708	-1.0602	-0.963289	-0.945118	-0.992632	-1.12698	-1.37793	-1.65778	-1.81811	-1.83232	-1.65077	-1.28699	-0.791517	-0.203365	0.396995	0.95283	1.41226	1.71542	1.87032	1.84263	1.66449	1.38771	1.02371	0.636719	0.33229	0.162568	0.111082	0.138773	0.214524	0.317929	0.434812	0.555469	0.674012	0.78707	0.89265	0.989579	1.07651	1.15215	1.21605	1.26775	1.30656	1.33178	1.34338	1.3421	1.32786	1.29991	1.25845	1.20425	1.13796	1.05998	0.970925	0.872154	0.764974	0.650613	0.531308	0.410702	0.294875	0.192365	0.111579	0.0565346	0.024728	0.0092829	0.00298819	0.00082696	0.000197679	4.1057e-05	7.45604e-06	1.1915e-06	1.68586e-07	2.12437e-08	2.39715e-09	2.43452e-10	2.23571e-11	1.86454e-12	1.41776e-13	9.86484e-15	6.30227e-16	3.70824e-17	2.01533e-18	1.01434e-19	4.73996e-21	2.14427e-22	2.14427e-22	
2.01137	2.01137	1.98164	1.96855	1.95268	1.84046	1.58945	1.19795	0.677805	0.0853123	-0.521959	-1.07823	-1.5107	-1.77566	-1.83763	-1.69707	-1.4438	-1.13998	-0.963289	-0.982533	-1.01157	-0.962132	-1.0072	-1.25846	-1.55679	-1.76863	-1.84203	-1.68875	-1.35781	-0.864475	-0.282507	0.330005	0.895906	1.37253	1.69289	1.86271	1.85029	1.68158	1.41127	1.05273	0.669016	0.370763	0.219008	0.200559	0.270146	0.385499	0.518488	0.654799	0.789069	0.919073	1.04275	1.15792	1.2626	1.35439	1.43291	1.49768	1.54889	1.58562	1.60917	1.6207	1.61944	1.60548	1.57941	1.53981	1.48578	1.41828	1.33704	1.24261	1.13559	1.01859	0.89345	0.762402	0.627355	0.490275	0.355665	0.232962	0.134211	0.0667047	0.0282955	0.0102101	0.00313976	0.00082696	0.000187775	3.7023e-05	6.38431e-06	9.69568e-07	1.30526e-07	1.56709e-08	1.68727e-09	1.63752e-10	1.43922e-11	1.15043e-12	8.39629e-14	5.61523e-15	3.4525e-16	1.95752e-17	1.02636e-18	4.98968e-20	2.34892e-21	2.34892e-21	
2.02301	2.02301	1.99082	1.97446	1.9543	1.83639	1.58233	1.18894	0.662211	0.0698346	-0.540215	-1.09308	-1.52394	-1.77916	-1.83531	-1.6734	-1.41684	-1.10935	-0.945118	-1.01157	-1.05962	-0.969408	-0.978168	-1.23047	-1.52923	-1.75445	-1.84529	-1.69517	-1.37553	-0.879235	-0.303185	0.314539	0.881236	1.36162	1.68941	1.86164	1.85157	1.6859	1.41929	1.06756	0.697686	0.425344	0.312856	0.339228	0.446431	0.586041	0.734549	0.884924	1.03373	1.17638	1.30847	1.42712	1.53058	1.61805	1.6912	1.7496	1.79462	1.82684	1.84787	1.85898	1.85777	1.84446	1.82133	1.78664	1.73899	1.67771	1.60172	1.51117	1.40457	1.28305	1.14861	1.00427	0.854676	0.703503	0.552198	0.402477	0.263129	0.149542	0.0723912	0.0295898	0.0102101	0.00298819	0.000747172	0.000160917	3.00967e-05	4.92712e-06	7.11234e-07	9.11392e-08	1.04315e-08	1.07243e-09	9.95368e-11	8.37921e-12	6.42481e-13	4.50431e-14	2.8976e-15	1.71591e-16	9.38179e-18	4.74939e-19	2.32873e-20	2.32873e-20	
1.99588	1.99588	1.96931	1.96092	1.95069	1.84432	1.5979	1.21184	0.698409	0.106898	-0.495976	-1.05532	-1.492	-1.77014	-1.84169	-1.72541	-1.48009	-1.18071	-0.992632	-0.962132	-0.969408	-0.961069	-1.04604	-1.29789	-1.59219	-1.78777	-1.84023	-1.67937	-1.33507	-0.84152	-0.256793	0.350061	0.913342	1.38523	1.69982	1.86538	1.84883	1.6795	1.41499	1.07538	0.734687	0.508572	0.446724	0.511479	0.640484	0.795635	0.961766	1.12891	1.28749	1.43194	1.55981	1.67117	1.76541	1.84431	1.90792	1.95828	1.99526	2.02262	2.03931	2.046	2.04529	2.03678	2.01792	1.98867	1.94932	1.89627	1.82984	1.74781	1.65037	1.53552	1.40442	1.25678	1.09579	0.927249	0.758828	0.59395	0.43159	0.279115	0.15496	0.0723912	0.0282955	0.0092829	0.00257533	0.00060972	0.000124351	2.20437e-05	3.42494e-06	4.69942e-07	5.7337e-08	6.25912e-09	6.14757e-10	5.46005e-11	4.40531e-12	3.24224e-13	2.18495e-14	1.3529e-15	7.7213e-17	4.07393e-18	2.08243e-19	2.08243e-19	
1.9299	1.9299	1.91734	1.92862	1.94008	1.85756	1.6363	1.272	0.778701	0.203051	-0.393537	-0.958535	-1.41302	-1.72784	-1.84801	-1.8034	-1.61026	-1.33894	-1.12698	-1.0072	-0.978168	-1.04604	-1.20043	-1.44569	-1.70552	-1.83718	-1.8242	-1.62227	-1.24621	-0.742715	-0.154858	0.439399	0.986858	1.43472	1.72984	1.87497	1.83955	1.66353	1.40401	1.08625	0.790683	0.621072	0.6037	0.693393	0.841721	1.0185	1.19996	1.37026	1.52445	1.66192	1.78126	1.88266	1.96437	2.02954	2.07764	2.11364	2.13757	2.15292	2.16253	2.16568	2.16531	2.16108	2.15033	2.13361	2.10742	2.06916	2.01793	1.94944	1.86395	1.75882	1.63577	1.49495	1.33713	1.1635	0.978049	0.792757	0.614887	0.441425	0.279115	0.149542	0.0667047	0.024728	0.00766779	0.00200836	0.00044904	8.65842e-05	1.45345e-05	2.1423e-06	2.79387e-07	3.24606e-08	3.38066e-09	3.17346e-10	2.6984e-11	2.08768e-12	1.47561e-13	9.56377e-15	5.70294e-16	3.1388e-17	1.67405e-18	1.67405e-18	
1.82538	1.82538	1.83472	1.87647	1.92145	1.87381	1.69004	1.36177	0.899155	0.35398	-0.236098	-0.795425	-1.27737	-1.62959	-1.82454	-1.86004	-1.7525	-1.56388	-1.37793	-1.25846	-1.23047	-1.29789	-1.44569	-1.64431	-1.81155	-1.86351	-1.76687	-1.5071	-1.09644	-0.580444	0.00216012	0.577473	1.09904	1.50762	1.77164	1.88464	1.82372	1.64143	1.39304	1.10826	0.86615	0.748151	0.764561	0.880918	1.0554	1.2448	1.42448	1.58985	1.73877	1.86575	1.96967	2.05031	2.10985	2.15138	2.17883	2.19395	2.20235	2.20513	2.20645	2.20731	2.20713	2.20615	2.20479	2.20117	2.19161	2.17448	2.14421	2.09958	2.0358	1.9509	1.84204	1.71074	1.55778	1.38885	1.20419	1.00427	0.804253	0.614887	0.43159	0.263129	0.134211	0.0565346	0.0197161	0.0057459	0.00141544	0.000298122	5.42618e-05	8.61724e-06	1.20431e-06	1.49249e-07	1.6513e-08	1.64098e-09	1.4726e-10	1.19916e-11	8.89956e-13	6.0434e-14	3.76853e-15	2.16528e-16	1.20589e-17	1.20589e-17	
1.68351	1.68351	1.72209	1.80247	1.89115	1.89002	1.74973	1.47299	1.0551	0.545382	-0.0179898	-0.570078	-1.07109	-1.46749	-1.73202	-1.85971	-1.85419	-1.77268	-1.65778	-1.55679	-1.52923	-1.59219	-1.70552	-1.81155	-1.86876	-1.82593	-1.64112	-1.3256	-0.878297	-0.354942	0.211134	0.756888	1.23709	1.60025	1.81867	1.88856	1.80098	1.61665	1.38705	1.14176	0.949922	0.874788	0.927814	1.07781	1.26625	1.45326	1.63146	1.79054	1.92272	2.02637	2.10522	2.15894	2.19223	2.20703	2.20849	2.2008	2.18754	2.17473	2.16358	2.1561	2.15692	2.16557	2.17719	2.19029	2.20299	2.20899	2.20536	2.18708	2.15005	2.0915	2.00788	1.89849	1.76102	1.5963	1.41408	1.21759	1.00427	0.792757	0.59395	0.402477	0.232962	0.111579	0.043924	0.0143042	0.003898	0.000899989	0.000178155	3.05625e-05	4.58729e-06	6.07527e-07	7.15238e-08	7.5349e-09	7.14485e-10	6.13014e-11	4.78135e-12	3.40464e-13	2.22175e-14	1.33349e-15	7.7599e-17	7.7599e-17	
1.50664	1.50664	1.58164	1.70638	1.84162	1.89686	1.81176	1.59348	1.23268	0.774457	0.250331	-0.286659	-0.794776	-1.21964	-1.54818	-1.75205	-1.85074	-1.8601	-1.81811	-1.76863	-1.75445	-1.78777	-1.83718	-1.86351	-1.82593	-1.6839	-1.43104	-1.06094	-0.598539	-0.0733419	0.465728	0.966215	1.39349	1.69573	1.86094	1.88492	1.77104	1.59053	1.38565	1.1786	1.03007	0.999578	1.09701	1.27027	1.45976	1.64852	1.81691	1.95375	2.06205	2.14045	2.1887	2.20987	2.20715	2.18774	2.15621	2.11923	2.08265	2.04973	2.02794	2.01798	2.01902	2.0313	2.05559	2.08984	2.12671	2.1632	2.19272	2.20932	2.20783	2.18141	2.12727	2.0428	1.92848	1.78563	1.60962	1.41408	1.20419	0.978049	0.758828	0.552198	0.355665	0.192365	0.085429	0.0311437	0.00941121	0.00238769	0.000515157	9.56458e-05	1.54431e-05	2.18868e-06	2.74507e-07	3.06884e-08	3.07756e-09	2.78424e-10	2.28382e-11	1.70625e-12	1.16579e-13	7.31248e-15	4.4485e-16	4.4485e-16	
1.29941	1.29941	1.41568	1.58901	1.76997	1.88424	1.8609	1.70899	1.42187	1.02309	0.552612	0.0470716	-0.442834	-0.888791	-1.25504	-1.52645	-1.70211	-1.79722	-1.83232	-1.84203	-1.84529	-1.84023	-1.8242	-1.76687	-1.64112	-1.43104	-1.11748	-0.720291	-0.2487	0.24784	0.748691	1.19187	1.55295	1.78672	1.8922	1.86584	1.73119	1.56245	1.38288	1.20889	1.10414	1.127	1.26409	1.44736	1.64041	1.8199	1.96454	2.08159	2.15976	2.2014	2.21049	2.19097	2.14998	2.09158	2.02518	1.95565	1.89117	1.83828	1.79912	1.77829	1.78062	1.80564	1.84784	1.90324	1.96947	2.03885	2.10425	2.15996	2.19683	2.2111	2.19557	2.14721	2.0608	1.93741	1.78563	1.5963	1.38885	1.1635	0.927249	0.703503	0.490275	0.294875	0.146828	0.0598192	0.0200477	0.00559322	0.0013165	0.00026477	4.60242e-05	6.98514e-06	9.33887e-07	1.10849e-07	1.17617e-08	1.12241e-09	9.68553e-11	7.59418e-12	5.43387e-13	3.56274e-14	2.26631e-15	2.26631e-15	
1.07045	1.07045	1.22763	1.45039	1.67256	1.84276	1.88886	1.80611	1.59933	1.27394	0.873856	0.419926	-0.04451	-0.482209	-0.866838	-1.17481	-1.40827	-1.56098	-1.65077	-1.68875	-1.69517	-1.67937	-1.62227	-1.5071	-1.3256	-1.06094	-0.720291	-0.312234	0.140214	0.606003	1.04224	1.41516	1.70006	1.85651	1.90017	1.82627	1.68067	1.52809	1.37012	1.22868	1.17679	1.2556	1.41973	1.61008	1.80015	1.95786	2.08341	2.1652	2.20578	2.20806	2.17497	2.10993	2.02224	1.92079	1.81228	1.70744	1.6132	1.53562	1.48423	1.46013	1.46278	1.49232	1.54923	1.63097	1.72773	1.8341	1.94212	2.04119	2.12488	2.18381	2.21097	2.19998	2.15295	2.0608	1.92848	1.76102	1.55778	1.33713	1.09579	0.854676	0.627355	0.410702	0.226598	0.102584	0.0380268	0.0116515	0.00298982	0.000651096	0.000121815	1.97947e-05	2.82064e-06	3.55418e-07	3.98957e-08	4.01541e-09	3.64464e-10	2.99866e-11	2.2467e-12	1.53953e-13	1.02394e-14	1.02394e-14	
0.832932	0.832932	1.02252	1.29002	1.5485	1.76502	1.88019	1.87032	1.74982	1.50993	1.18702	0.796543	0.390477	-0.0216287	-0.393649	-0.718714	-0.975692	-1.16284	-1.28699	-1.35781	-1.37553	-1.33507	-1.24621	-1.09644	-0.878297	-0.598539	-0.2487	0.140213	0.554503	0.957076	1.32546	1.61845	1.81412	1.89562	1.87724	1.76166	1.61654	1.48052	1.34207	1.24141	1.25194	1.37991	1.56207	1.75687	1.93202	2.06736	2.16154	2.20598	2.20814	2.16067	2.07871	1.96532	1.82887	1.67995	1.53006	1.38588	1.25889	1.15767	1.08575	1.0488	1.05296	1.09755	1.1757	1.28238	1.41384	1.55997	1.71023	1.85716	1.98943	2.09862	2.17249	2.21255	2.19998	2.14721	2.0428	1.89849	1.71074	1.49495	1.25678	1.00427	0.762402	0.531308	0.319719	0.159339	0.0649696	0.0217856	0.00607943	0.00143089	0.000287708	4.99937e-05	7.58445e-06	1.01358e-06	1.20261e-07	1.27561e-08	1.217e-09	1.05002e-10	8.2327e-12	5.89262e-13	4.09582e-14	4.09582e-14	
0.603877	0.603877	0.808533	1.10731	1.39594	1.64747	1.82673	1.8893	1.85227	1.70311	1.46848	1.16717	0.816976	0.460338	0.115715	-0.193706	-0.450716	-0.651009	-0.791517	-0.864475	-0.879235	-0.84152	-0.742715	-0.580444	-0.354942	-0.0733423	0.247839	0.605999	0.957068	1.29839	1.56945	1.77747	1.88361	1.89211	1.81287	1.6703	1.5357	1.41377	1.29989	1.25423	1.33074	1.49735	1.69177	1.88234	2.03552	2.14568	2.20252	2.2077	2.15895	2.06765	1.93076	1.76538	1.57713	1.3788	1.18143	0.99889	0.839722	0.711214	0.625155	0.584606	0.589076	0.638766	0.733801	0.86944	1.03386	1.22025	1.41832	1.61528	1.80171	1.96045	2.08994	2.17249	2.21097	2.19557	2.12727	2.00788	1.84204	1.63577	1.40442	1.14861	0.89345	0.650613	0.419787	0.227598	0.101276	0.0369581	0.0111687	0.00283152	0.00061014	0.000113099	1.82289e-05	2.57884e-06	3.22879e-07	3.60385e-08	3.60901e-09	3.26121e-10	2.67266e-11	1.99602e-12	1.4485e-13	1.4485e-13	
0.401223	0.401223	0.597376	0.904658	1.21524	1.48879	1.71847	1.85385	1.89139	1.8434	1.69035	1.47923	1.21403	0.926577	0.632674	0.360377	0.1233	-0.0685928	-0.203365	-0.282507	-0.303185	-0.256793	-0.154858	0.00215989	0.211133	0.465725	0.74868	1.04221	1.32539	1.56935	1.76106	1.87708	1.89133	1.83626	1.70442	1.5539	1.43357	1.32617	1.25178	1.27521	1.41328	1.60676	1.80655	1.98467	2.11386	2.19256	2.20977	2.17168	2.07487	1.92733	1.73987	1.51771	1.27821	1.02936	0.787108	0.562274	0.3671	0.214356	0.109935	0.0573174	0.0632464	0.126869	0.241218	0.403107	0.605453	0.83406	1.07872	1.32812	1.56383	1.78022	1.96045	2.09862	2.18381	2.2111	2.18141	2.0915	1.9509	1.75882	1.53552	1.28305	1.01859	0.764974	0.52089	0.30333	0.145923	0.0575424	0.0187246	0.00508906	0.0011704	0.000230607	3.93625e-05	5.87804e-06	7.74595e-07	9.07629e-08	9.52011e-09	8.99196e-10	7.68849e-11	5.98103e-12	4.52432e-13	4.52432e-13	
0.239793	0.239793	0.403786	0.688729	1.00815	1.2963	1.55239	1.75519	1.86071	1.89181	1.84581	1.71998	1.54133	1.32772	1.10044	0.880466	0.679626	0.515715	0.396995	0.330005	0.314539	0.350061	0.439398	0.577471	0.756881	0.966192	1.1918	1.41499	1.61807	1.77674	1.87608	1.88855	1.84048	1.72112	1.55388	1.41374	1.30672	1.22491	1.21135	1.31025	1.49763	1.70696	1.9054	2.06389	2.16645	2.21101	2.18755	2.1021	1.95645	1.75703	1.51252	1.23785	0.942583	0.645903	0.356567	0.0926528	-0.133197	-0.314275	-0.440153	-0.501167	-0.494408	-0.419964	-0.282002	-0.09139	0.142533	0.412917	0.705114	1.00221	1.29505	1.56383	1.80171	1.98943	2.12488	2.19683	2.20783	2.15005	2.0358	1.86395	1.65037	1.40457	1.13559	0.872154	0.618421	0.381994	0.196703	0.0831501	0.0289411	0.00838365	0.00204733	0.000426804	7.68294e-05	1.20643e-05	1.66743e-06	2.04447e-07	2.23936e-08	2.20468e-09	1.96166e-10	1.58568e-11	1.24739e-12	1.24739e-12	
0.126597	0.126597	0.243743	0.474754	0.777139	1.07716	1.3425	1.58171	1.76267	1.85876	1.89015	1.85856	1.77191	1.64222	1.48938	1.32841	1.17865	1.05021	0.95283	0.895906	0.881236	0.913341	0.986855	1.09903	1.23705	1.39335	1.55258	1.69917	1.81221	1.88003	1.88562	1.83396	1.71798	1.54165	1.37406	1.24876	1.15912	1.12739	1.19195	1.36018	1.58068	1.79617	1.98562	2.12189	2.19774	2.20471	2.14229	2.00915	1.81339	1.56124	1.26521	0.935111	0.589941	0.242975	-0.0894938	-0.391066	-0.652461	-0.856017	-0.990547	-1.05393	-1.04694	-0.969317	-0.820507	-0.604286	-0.33367	-0.0254814	0.312126	0.660191	1.00221	1.32812	1.61528	1.85716	2.04119	2.15996	2.20932	2.18708	2.09958	1.94944	1.74781	1.51117	1.24261	0.970925	0.709282	0.459364	0.250684	0.112652	0.0416373	0.0127732	0.00329286	0.000722406	0.00013646	2.24282e-05	3.23712e-06	4.13648e-07	4.7133e-08	4.81943e-09	4.44725e-10	3.72345e-11	3.03644e-12	3.03644e-12	
0.0581728	0.0581728	0.1285	0.287412	0.536546	0.830115	1.10722	1.35337	1.57424	1.74368	1.84563	1.88728	1.87818	1.82835	1.75066	1.6568	1.56244	1.47565	1.41226	1.37253	1.36162	1.38522	1.4347	1.50754	1.6	1.69503	1.78494	1.85253	1.88771	1.87802	1.81399	1.69128	1.51313	1.32637	1.17125	1.05781	1.01012	1.05532	1.19985	1.42051	1.65834	1.87289	2.04923	2.16182	2.20911	2.18084	2.07787	1.90087	1.65649	1.35389	1.00613	0.62791	0.232696	-0.159467	-0.531709	-0.872984	-1.16266	-1.38882	-1.54695	-1.62648	-1.61756	-1.52127	-1.34868	-1.10971	-0.808439	-0.45884	-0.0822852	0.312126	0.705114	1.07872	1.41832	1.71023	1.94212	2.10425	2.19272	2.20536	2.14421	2.01793	1.82984	1.60172	1.33704	1.05998	0.791632	0.532092	0.304763	0.144362	0.0562379	0.0181467	0.00490762	0.00112646	0.000222068	3.80047e-05	5.70017e-06	7.55557e-07	8.9161e-08	9.42844e-09	8.98619e-10	7.76217e-11	6.53607e-12	6.53607e-12	
0.023044	0.023044	0.0582216	0.149167	0.319914	0.566273	0.84244	1.09994	1.32848	1.53045	1.6932	1.80612	1.86893	1.88912	1.87644	1.84301	1.79931	1.75388	1.71542	1.69289	1.6894	1.69979	1.72971	1.77123	1.81745	1.85776	1.88487	1.8852	1.84981	1.76741	1.63618	1.46241	1.27029	1.0883	0.93869	0.861271	0.890913	1.022	1.23109	1.48399	1.72744	1.9358	2.09586	2.18689	2.20681	2.14402	2.00455	1.78417	1.49703	1.14618	0.752081	0.32603	-0.112667	-0.544867	-0.956578	-1.32636	-1.64213	-1.89709	-2.07525	-2.16213	-2.15247	-2.04669	-1.85159	-1.58342	-1.25692	-0.876872	-0.45884	-0.0254814	0.412917	0.83406	1.22025	1.55997	1.8341	2.03885	2.1632	2.20899	2.17448	2.06916	1.89627	1.67771	1.41828	1.13796	0.86401	0.597667	0.356094	0.176319	0.071843	0.0242129	0.00682477	0.00162898	0.000333225	5.90585e-05	9.15712e-06	1.25279e-06	1.52375e-07	1.65866e-08	1.62547e-09	1.44227e-10	1.24839e-11	1.24839e-11	
0.00783694	0.00783694	0.022485	0.065477	0.160807	0.327957	0.558727	0.813806	1.05446	1.26757	1.45275	1.60697	1.72558	1.80768	1.85643	1.87898	1.88397	1.88011	1.87032	1.8627	1.8616	1.8652	1.87435	1.88274	1.88343	1.87278	1.84051	1.77919	1.6828	1.54993	1.38517	1.19711	0.999757	0.817577	0.700431	0.701151	0.822522	1.02418	1.27474	1.54313	1.78515	1.98599	2.13048	2.19992	2.19474	2.10185	1.92743	1.67074	1.34212	0.952115	0.514317	0.0479342	-0.429156	-0.901124	-1.34149	-1.73785	-2.08174	-2.35135	-2.52915	-2.61226	-2.60304	-2.50122	-2.3045	-2.01807	-1.66226	-1.25692	-0.808439	-0.33367	0.142533	0.605453	1.03386	1.41384	1.72773	1.96947	2.12671	2.20299	2.19161	2.10742	1.94932	1.73899	1.48578	1.20425	0.925544	0.654251	0.402239	0.206535	0.087355	0.0305307	0.00890899	0.00219736	0.000463653	8.46247e-05	1.34924e-05	1.89562e-06	2.36488e-07	2.63762e-08	2.64591e-09	2.40109e-10	2.12687e-11	2.12687e-11	
0.00228899	0.00228899	0.00739052	0.0242162	0.0674974	0.157758	0.309344	0.514671	0.744276	0.967294	1.16738	1.34018	1.48504	1.60174	1.69101	1.75494	1.79785	1.82585	1.84262	1.85024	1.85135	1.84801	1.8369	1.81627	1.78281	1.73233	1.65847	1.55857	1.43062	1.27525	1.09428	0.89457	0.69752	0.549496	0.509829	0.604885	0.80113	1.04699	1.31955	1.59368	1.83117	2.02313	2.15329	2.20584	2.17743	2.0594	1.85562	1.56705	1.20454	0.780086	0.305647	-0.192922	-0.70689	-1.20743	-1.6741	-2.09877	-2.45981	-2.73944	-2.93134	-3.02673	-3.01588	-2.90021	-2.69041	-2.39394	-2.01807	-1.58342	-1.10971	-0.604286	-0.09139	0.403107	0.86944	1.28238	1.63097	1.90324	2.08984	2.19029	2.20117	2.13361	1.98867	1.78664	1.53981	1.25845	0.975737	0.700653	0.441262	0.233177	0.101614	0.0365668	0.0109717	0.00277841	0.00060106	0.000112329	1.83172e-05	2.62939e-06	3.34859e-07	3.80949e-08	3.89513e-09	3.60063e-10	3.2508e-11	3.2508e-11	
0.000576166	0.000576166	0.00207389	0.00756754	0.0236809	0.0627549	0.140601	0.267754	0.439646	0.636838	0.836202	1.02113	1.18354	1.32076	1.43284	1.52089	1.58673	1.63336	1.66443	1.68133	1.68491	1.67614	1.65371	1.61673	1.56288	1.48843	1.39097	1.26898	1.12172	0.950626	0.761939	0.573036	0.418305	0.34613	0.396049	0.565646	0.807036	1.07516	1.35794	1.63228	1.86455	2.05048	2.16787	2.20571	2.16064	2.02047	1.79523	1.47998	1.09234	0.638678	0.138644	-0.389446	-0.927518	-1.45217	-1.94725	-2.38689	-2.75993	-3.07298	-3.31274	-3.44067	-3.42589	-3.27228	-3.01528	-2.69041	-2.3045	-1.85159	-1.34868	-0.820507	-0.282002	0.241218	0.733801	1.1757	1.54923	1.84784	2.05559	2.17719	2.20479	2.15033	2.01792	1.82133	1.57941	1.29991	1.01442	0.736261	0.471771	0.254692	0.113524	0.0417665	0.0127986	0.00330613	0.000728788	0.000138651	2.29977e-05	3.35569e-06	4.34158e-07	5.01546e-08	5.20541e-09	4.8828e-10	4.47656e-11	4.47656e-11	
0.000125645	0.000125645	0.000499718	0.00201116	0.00699086	0.0207596	0.0525307	0.113535	0.211432	0.344607	0.501824	0.667549	0.827946	0.973641	1.09958	1.20377	1.28587	1.34653	1.38745	1.41018	1.41543	1.40324	1.37341	1.32477	1.2557	1.16476	1.0518	0.917593	0.765389	0.602386	0.44198	0.30581	0.223972	0.230114	0.345809	0.558134	0.820822	1.09853	1.3855	1.65796	1.88602	2.06763	2.17668	2.20492	2.14634	1.99333	1.74964	1.41973	1.00979	0.540768	0.018578	-0.530061	-1.07929	-1.63042	-2.14385	-2.58407	-2.97671	-3.34208	-3.64014	-3.8021	-3.78337	-3.58925	-3.27228	-2.90021	-2.50122	-2.04669	-1.52127	-0.969317	-0.419964	0.126869	0.638766	1.09755	1.49232	1.80564	2.0313	2.16557	2.20615	2.16108	2.03678	1.84446	1.60548	1.32786	1.04103	0.760714	0.492901	0.269919	0.122164	0.0456267	0.0141828	0.00371329	0.000828971	0.000159617	2.67817e-05	3.95154e-06	5.16827e-07	6.03449e-08	6.32954e-09	6.0001e-10	5.56321e-11	5.56321e-11	
2.38843e-05	2.38843e-05	0.000104118	0.000458232	0.0017524	0.00576757	0.0162885	0.0394989	0.0826941	0.151109	0.2448	0.358045	0.481545	0.605505	0.721737	0.824452	0.910033	0.976396	1.02263	1.04872	1.05478	1.04074	1.00662	0.952289	0.878066	0.785299	0.676631	0.556493	0.431805	0.312148	0.209732	0.139659	0.121428	0.178785	0.328779	0.559806	0.830649	1.11181	1.39973	1.67092	1.89857	2.07656	2.17922	2.2053	2.13643	1.97936	1.72336	1.38828	0.963256	0.490114	-0.0482522	-0.604624	-1.15954	-1.73025	-2.2491	-2.68653	-3.09855	-3.50434	-3.84079	-4.0231	-4.00207	-3.78337	-3.42589	-3.01588	-2.60304	-2.15247	-1.61756	-1.04694	-0.494408	0.0632464	0.589076	1.05296	1.46278	1.78062	2.01902	2.15692	2.20713	2.16531	2.04529	1.85777	1.61944	1.3421	1.05494	0.773667	0.504135	0.278102	0.126877	0.0477634	0.014959	0.00394417	0.00088635	0.000171736	2.89886e-05	4.3022e-06	5.65929e-07	6.64567e-08	7.01066e-09	6.68443e-10	6.23691e-11	6.23691e-11	
3.98326e-06	3.98326e-06	1.88968e-05	9.02722e-05	0.000376637	0.00136072	0.00424326	0.0114163	0.0265878	0.0540158	0.0968721	0.155642	0.227609	0.307638	0.389562	0.467441	0.536308	0.592372	0.632936	0.656349	0.661805	0.649119	0.618706	0.571689	0.510115	0.437116	0.356951	0.275061	0.197734	0.131507	0.0829889	0.0605272	0.0783989	0.158916	0.321398	0.558061	0.83103	1.11289	1.4009	1.672	1.89991	2.07754	2.17938	2.2054	2.13539	1.97804	1.72082	1.38534	0.958851	0.485487	-0.0544671	-0.611277	-1.16684	-1.73956	-2.25861	-2.69573	-3.11001	-3.52	-3.86016	-4.04435	-4.0231	-3.8021	-3.44067	-3.02673	-2.61226	-2.16213	-1.62648	-1.05393	-0.501167	0.0573174	0.584606	1.0488	1.46013	1.77829	2.01798	2.1561	2.20731	2.16568	2.046	1.85898	1.6207	1.34338	1.0562	0.774849	0.505162	0.278854	0.127313	0.0479622	0.0150316	0.00396585	0.000891758	0.000172882	2.9198e-05	4.33556e-06	5.70616e-07	6.70421e-08	7.07614e-09	6.75048e-10	6.30222e-11	6.30222e-11	
