3.16294e-20	3.16294e-20	1.08389e-18	3.30934e-17	8.72287e-16	1.96937e-14	3.7752e-13	6.08538e-12	8.16151e-11	9.00467e-10	8.07736e-09	5.8223e-08	3.33576e-07	1.50521e-06	5.3194e-06	1.47382e-05	3.23574e-05	5.73383e-05	8.38313e-05	0.000103067	0.000107951	9.66991e-05	7.34751e-05	4.65942e-05	2.41295e-05	9.99708e-06	3.28262e-06	8.47535e-07	1.711e-07	2.70574e-08	3.38201e-09	3.38519e-10	2.75235e-11	1.84317e-12	1.02969e-13	4.85372e-15	1.95003e-16	6.73653e-18	2.01656e-19	5.26622e-21	1.20688e-22	2.43977e-24	4.37036e-26	6.96441e-28	9.90699e-30	1.26178e-31	1.44276e-33	2.13025e-35	1.33238e-34	2.18973e-33	2.8397e-32	2.88081e-31	2.29266e-30	1.43285e-29	6.73412e-29	2.15265e-28	4.79632e-28	1.03096e-27	2.17462e-27	3.09024e-27	2.97491e-27	1.93133e-27	8.70267e-28	4.0846e-28	1.76729e-28	4.92403e-29	9.79739e-30	1.47234e-30	1.73211e-31	1.62015e-32	1.21028e-33	7.25334e-35	3.51593e-36	1.39319e-37	4.56418e-39	1.24969e-40	2.88779e-42	5.67986e-44	9.57787e-46	1.39315e-47	1.75674e-49	1.92823e-51	1.84814e-53	1.55048e-55	1.14037e-57	7.35952e-60	4.16798e-62	2.07008e-64	9.00312e-67	3.42063e-69	1.13146e-71	3.24319e-74	8.00632e-77	1.68859e-79	3.0106e-82	4.47443e-85	5.43907e-88	5.2655e-91	3.90487e-94	3.90487e-94	
3.16294e-20	3.16294e-20	1.08389e-18	3.30934e-17	8.72287e-16	1.96937e-14	3.7752e-13	6.08538e-12	8.16151e-11	9.00467e-10	8.07736e-09	5.8223e-08	3.33576e-07	1.50521e-06	5.3194e-06	1.47382e-05	3.23574e-05	5.73383e-05	8.38313e-05	0.000103067	0.000107951	9.66991e-05	7.34751e-05	4.65942e-05	2.41295e-05	9.99708e-06	3.28262e-06	8.47535e-07	1.711e-07	2.70574e-08	3.38201e-09	3.38519e-10	2.75235e-11	1.84317e-12	1.02969e-13	4.85372e-15	1.95003e-16	6.73653e-18	2.01656e-19	5.26622e-21	1.20688e-22	2.43977e-24	4.37036e-26	6.96441e-28	9.90699e-30	1.26178e-31	1.44276e-33	2.13025e-35	1.33238e-34	2.18973e-33	2.8397e-32	2.88081e-31	2.29266e-30	1.43285e-29	6.73412e-29	2.15265e-28	4.79632e-28	1.03096e-27	2.17462e-27	3.09024e-27	2.97491e-27	1.93133e-27	8.70267e-28	4.0846e-28	1.76729e-28	4.92403e-29	9.79739e-30	1.47234e-30	1.73211e-31	1.62015e-32	1.21028e-33	7.25334e-35	3.51593e-36	1.39319e-37	4.56418e-39	1.24969e-40	2.88779e-42	5.67986e-44	9.57787e-46	1.39315e-47	1.75674e-49	1.92823e-51	1.84814e-53	1.55048e-55	1.14037e-57	7.35952e-60	4.16798e-62	2.07008e-64	9.00312e-67	3.42063e-69	1.13146e-71	3.24319e-74	8.00632e-77	1.68859e-79	3.0106e-82	4.47443e-85	5.43907e-88	5.2655e-91	3.90487e-94	3.90487e-94	
1.08389e-18	1.08389e-18	3.46835e-17	9.88312e-16	2.42515e-14	5.08234e-13	9.01296e-12	1.33884e-10	1.64753e-09	1.65987e-08	1.35277e-07	8.81612e-07	4.5489e-06	1.84584e-05	5.88474e-05	0.000148588	0.000302405	0.000507166	0.000716466	0.000865345	0.000902947	0.000816566	0.00063554	0.000420431	0.00023234	0.000104736	3.78781e-05	1.08501e-05	2.43707e-06	4.28329e-07	5.9291e-08	6.54155e-09	5.83378e-10	4.26502e-11	2.59008e-12	1.32216e-13	5.73338e-15	2.13163e-16	6.85035e-18	1.91648e-19	4.69666e-21	1.01377e-22	1.93659e-24	3.28776e-26	4.97872e-28	6.74647e-30	8.20615e-32	1.63397e-33	1.43114e-32	2.22224e-31	2.72744e-30	2.62638e-29	1.99025e-28	1.18727e-27	5.3516e-27	1.66745e-26	3.66912e-26	7.67593e-26	1.5576e-25	2.1846e-25	2.10572e-25	1.39062e-25	6.53789e-26	3.13751e-26	1.3733e-26	3.95258e-27	8.20631e-28	1.29342e-28	1.59988e-29	1.57681e-30	1.24382e-31	7.88589e-33	4.04935e-34	1.70143e-35	5.9151e-37	1.71983e-38	4.22298e-40	8.83249e-42	1.58515e-43	2.45633e-45	3.30359e-47	3.87274e-49	3.97071e-51	3.57007e-53	2.82015e-55	1.95964e-57	1.19844e-59	6.44921e-62	3.05108e-64	1.26683e-66	4.60448e-69	1.45974e-71	4.01717e-74	9.53636e-77	1.93693e-79	3.33026e-82	4.77911e-85	5.61608e-88	5.2655e-91	5.2655e-91	
3.30934e-17	3.30934e-17	9.88312e-16	2.62662e-14	5.99459e-13	1.16462e-11	1.9074e-10	2.60539e-09	2.93366e-08	2.68981e-07	1.98366e-06	1.16342e-05	5.37979e-05	0.000195415	0.00056012	0.00128631	0.00242293	0.00383793	0.00522394	0.0061895	0.0064328	0.00587537	0.0046942	0.00324919	0.00191832	0.000942445	0.000376475	0.000120103	3.01506e-05	5.91713e-06	9.11044e-07	1.11216e-07	1.09137e-08	8.73333e-10	5.77736e-11	3.19901e-12	1.49916e-13	6.00427e-15	2.07288e-16	6.21514e-18	1.6291e-19	3.75472e-21	7.64783e-23	1.38281e-24	2.22815e-26	3.21045e-28	4.15212e-30	1.25171e-31	1.40958e-30	2.06766e-29	2.40153e-28	2.1947e-27	1.58325e-26	9.01367e-26	3.89685e-25	1.18285e-24	2.56908e-24	5.23342e-24	1.02231e-23	1.41449e-23	1.36522e-23	9.17578e-24	4.49586e-24	2.20588e-24	9.77442e-25	2.90686e-25	6.2981e-26	1.04129e-26	1.35461e-27	1.40704e-28	1.17215e-29	7.8618e-31	4.27605e-32	1.90473e-33	7.02448e-35	2.16771e-36	5.65228e-38	1.2561e-39	2.39686e-41	3.9522e-43	5.66157e-45	7.0773e-47	7.74823e-49	7.45054e-51	6.30615e-53	4.70528e-55	3.09761e-57	1.79963e-59	9.22286e-62	4.16465e-64	1.65386e-66	5.7601e-69	1.75285e-71	4.6377e-74	1.06003e-76	2.07586e-79	3.44558e-82	4.77911e-85	5.43907e-88	5.43907e-88	
8.72287e-16	8.72287e-16	2.42515e-14	5.99459e-13	1.2682e-11	2.27498e-10	3.4247e-09	4.277e-08	4.37662e-07	3.62236e-06	2.39428e-05	0.000125	0.000511878	0.00164475	0.00419408	0.00868587	0.0150355	0.0223554	0.0291495	0.0337579	0.0349139	0.0322679	0.0265893	0.0193778	0.0122966	0.00663326	0.00295531	0.00106172	0.000301407	6.68125e-05	1.15623e-05	1.57606e-06	1.71506e-07	1.51206e-08	1.09563e-09	6.61104e-11	3.36118e-12	1.4549e-13	5.41068e-15	1.74266e-16	4.89504e-18	1.20656e-19	2.62383e-21	5.05791e-23	8.67885e-25	1.33044e-26	1.83133e-28	9.55685e-30	1.26011e-28	1.74479e-27	1.91633e-26	1.66068e-25	1.13947e-24	6.18629e-24	2.56387e-23	7.57479e-23	1.62268e-22	3.21902e-22	6.05477e-22	8.2594e-22	7.98291e-22	5.46414e-22	2.78839e-22	1.39907e-22	6.28165e-23	1.93167e-23	4.37049e-24	7.58606e-25	1.03881e-25	1.13817e-26	1.00211e-27	7.11513e-29	4.10128e-30	1.93749e-31	7.58159e-33	2.48339e-34	6.87574e-36	1.62311e-37	3.29159e-39	5.77179e-41	8.79937e-43	1.17174e-44	1.36806e-46	1.40478e-48	1.27171e-50	1.01674e-52	7.18767e-55	4.49535e-57	2.48727e-59	1.21669e-61	5.25477e-64	1.99964e-66	6.6851e-69	1.95587e-71	4.98257e-74	1.09804e-76	2.07586e-79	3.33026e-82	4.47443e-85	4.47443e-85	
1.96937e-14	1.96937e-14	5.08234e-13	1.16462e-11	2.27498e-10	3.75051e-09	5.16003e-08	5.85157e-07	5.3966e-06	3.99161e-05	0.000233656	0.001071	0.00382633	0.0107178	0.0240129	0.0444127	0.0700975	0.0971778	0.12064	0.135926	0.139703	0.131025	0.111966	0.0864702	0.0593775	0.0354578	0.0178188	0.00730646	0.00238003	0.000604536	0.000119138	1.8339e-05	2.23412e-06	2.18729e-07	1.7474e-08	1.15527e-09	6.4013e-11	3.006e-12	1.20807e-13	4.19075e-15	1.26429e-16	3.33894e-18	7.7639e-20	1.59758e-21	2.92204e-23	4.76928e-25	7.00166e-27	7.18981e-28	1.02025e-26	1.33224e-25	1.38236e-24	1.13483e-23	7.39852e-23	3.82685e-22	1.51941e-21	4.36489e-21	9.21481e-21	1.78029e-20	3.22535e-20	4.33494e-20	4.19606e-20	2.92691e-20	1.55457e-20	7.97859e-21	3.63348e-21	1.15628e-21	2.73417e-22	4.98712e-23	7.19632e-24	8.32556e-25	7.75475e-26	5.83351e-27	3.56612e-28	1.78772e-29	7.4258e-31	2.58251e-32	7.59298e-34	1.90386e-35	4.1023e-37	7.64638e-39	1.23986e-40	1.75729e-42	2.18579e-44	2.39377e-46	2.31424e-48	1.97906e-50	1.49919e-52	1.00689e-54	5.99751e-57	3.16748e-59	1.48197e-61	6.13335e-64	2.24039e-66	7.20113e-69	2.02857e-71	4.98257e-74	1.06003e-76	1.93693e-79	3.0106e-82	3.0106e-82	
3.7752e-13	3.7752e-13	9.01296e-12	1.9074e-10	3.4247e-09	5.16003e-08	6.44463e-07	6.58151e-06	5.41503e-05	0.000353501	0.00180525	0.00713944	0.0218423	0.0524164	0.101797	0.166536	0.238036	0.306003	0.360121	0.393131	0.400964	0.382735	0.340659	0.28002	0.209308	0.139349	0.0799114	0.0379796	0.0144488	0.00428158	0.000976782	0.000172196	2.37594e-05	2.60786e-06	2.31498e-07	1.68775e-08	1.02459e-09	5.2427e-11	2.28522e-12	8.56431e-14	2.78203e-15	7.88879e-17	1.96485e-18	4.32195e-20	8.43606e-22	1.46736e-23	2.30875e-25	5.1964e-26	7.46311e-25	9.18025e-24	8.98884e-23	6.98212e-22	4.31987e-21	2.1265e-20	8.0819e-20	2.25504e-19	4.6872e-19	8.81943e-19	1.53957e-18	2.03747e-18	1.9753e-18	1.40503e-18	7.76145e-19	4.07587e-19	1.8848e-19	6.2128e-20	1.53687e-20	2.94911e-21	4.48987e-22	5.49165e-23	5.4176e-24	4.32238e-25	2.80491e-26	1.49329e-27	6.58848e-29	2.43387e-30	7.60131e-32	2.02468e-33	4.63509e-35	9.18137e-37	1.58275e-38	2.38624e-40	3.15947e-42	3.6865e-44	3.80136e-46	3.47182e-48	2.81319e-50	2.0247e-52	1.29512e-54	7.36366e-57	3.71975e-59	1.66774e-61	6.62549e-64	2.32684e-66	7.20113e-69	1.95587e-71	4.6377e-74	9.53636e-77	1.68859e-79	1.68859e-79	
6.08538e-12	6.08538e-12	1.33884e-10	2.60539e-09	4.277e-08	5.85157e-07	6.58151e-06	5.99285e-05	0.000434436	0.00246455	0.0107741	0.0359703	0.0921555	0.186029	0.309769	0.446151	0.577424	0.68896	0.77098	0.81689	0.827017	0.802929	0.742454	0.647642	0.526807	0.39137	0.257972	0.144201	0.0653526	0.023091	0.00622437	0.00127883	0.000202726	2.52353e-05	2.51231e-06	2.03496e-07	1.3618e-08	7.63098e-10	3.62263e-11	1.47179e-12	5.16266e-14	1.57559e-15	4.21176e-17	9.91948e-19	2.06899e-20	3.83925e-22	6.55666e-24	3.5146e-24	4.91847e-23	5.69176e-22	5.25182e-21	3.85438e-20	2.25992e-19	1.05739e-18	3.84301e-18	1.0402e-17	2.1265e-17	3.89675e-17	6.55743e-17	8.53988e-17	8.29308e-17	6.01871e-17	3.4553e-17	1.8573e-17	8.73203e-18	2.98454e-18	7.7323e-19	1.56302e-19	2.51433e-20	3.25605e-21	3.40677e-22	2.88648e-23	1.99065e-24	1.12662e-25	5.28415e-27	2.07486e-28	6.8867e-30	1.94922e-31	4.74162e-33	9.98102e-35	1.82883e-36	2.93171e-38	4.12945e-40	5.12937e-42	5.63563e-44	5.49013e-46	4.75128e-48	3.65788e-50	2.50742e-52	1.53101e-54	8.32615e-57	4.03047e-59	1.73462e-61	6.62549e-64	2.24039e-66	6.6851e-69	1.75285e-71	4.01717e-74	8.00632e-77	8.00632e-77	
8.16151e-11	8.16151e-11	1.64753e-09	2.93366e-08	4.37662e-07	5.3966e-06	5.41503e-05	0.000434436	0.00273317	0.013219	0.048329	0.13273	0.278367	0.467534	0.669867	0.860523	1.02681	1.15688	1.2509	1.30418	1.31621	1.28819	1.21835	1.10913	0.964403	0.786396	0.589478	0.388782	0.213282	0.0920077	0.0300312	0.00734613	0.00136135	0.000194843	2.19923e-05	1.99635e-06	1.48297e-07	9.15193e-09	4.75372e-10	2.10168e-11	7.98581e-13	2.6299e-14	7.56139e-16	1.91018e-17	4.26366e-19	8.45059e-21	1.62354e-22	2.18034e-22	2.9111e-21	3.16424e-20	2.74689e-19	1.90164e-18	1.0549e-17	4.68443e-17	1.62621e-16	4.26409e-16	8.56338e-16	1.52811e-15	2.48028e-15	3.1769e-15	3.09048e-15	2.2897e-15	1.36497e-15	7.51312e-16	3.59626e-16	1.27607e-16	3.46708e-17	7.39412e-18	1.2589e-18	1.72901e-19	1.9218e-20	1.73183e-21	1.27107e-22	7.65673e-24	3.82173e-25	1.59646e-26	5.63524e-28	1.69575e-29	4.38464e-31	9.80944e-33	1.91036e-34	3.25546e-36	4.87614e-38	6.44401e-40	7.53763e-42	7.8244e-44	7.22301e-46	5.93932e-48	4.35513e-50	2.84975e-52	1.66436e-54	8.67376e-57	4.03047e-59	1.66774e-61	6.13335e-64	1.99964e-66	5.7601e-69	1.45974e-71	3.24319e-74	3.24319e-74	
9.00467e-10	9.00467e-10	1.65987e-08	2.68981e-07	3.62236e-06	3.99161e-05	0.000353501	0.00246455	0.013219	0.053293	0.158693	0.34982	0.595548	0.849345	1.08876	1.30279	1.48512	1.62682	1.72481	1.78489	1.80011	1.7662	1.69024	1.57523	1.41632	1.22095	0.994833	0.749273	0.493575	0.263912	0.106937	0.0319107	0.00705354	0.00117929	0.00015279	1.56946e-05	1.30411e-06	8.91826e-08	5.09377e-09	2.46063e-10	1.01618e-11	3.62108e-13	1.12234e-14	3.04684e-16	7.28879e-18	1.54513e-19	3.69924e-21	1.22403e-20	1.5418e-19	1.57119e-18	1.28079e-17	8.34773e-17	4.37291e-16	1.83984e-15	6.09234e-15	1.54512e-14	3.04412e-14	5.28911e-14	8.2857e-14	1.0433e-13	1.01676e-13	7.69353e-14	4.75817e-14	2.68323e-14	1.3097e-14	4.83113e-15	1.37869e-15	3.1076e-16	5.61081e-17	8.18892e-18	9.68789e-19	9.30219e-20	7.27796e-21	4.67335e-22	2.48561e-23	1.10585e-24	4.15511e-26	1.33028e-27	3.65806e-29	8.70097e-31	1.80126e-32	3.26293e-34	5.19599e-36	7.30259e-38	9.0885e-40	1.00446e-41	9.88076e-44	8.66684e-46	6.78789e-48	4.75132e-50	2.9738e-52	1.66436e-54	8.32615e-57	3.71975e-59	1.48197e-61	5.25477e-64	1.65386e-66	4.60448e-69	1.13146e-71	1.13146e-71	
8.07736e-09	8.07736e-09	1.35277e-07	1.98366e-06	2.39428e-05	0.000233656	0.00180525	0.0107741	0.048329	0.158693	0.376543	0.664374	0.957439	1.2457	1.51303	1.74665	1.92758	2.06477	2.15032	2.19346	2.20338	2.18069	2.12164	2.01595	1.86107	1.65949	1.40878	1.1317	0.841082	0.544625	0.276949	0.103022	0.0277273	0.00550655	0.000829657	9.74165e-05	9.12641e-06	6.95939e-07	4.39285e-08	2.32801e-09	1.04837e-10	4.05314e-12	1.35723e-13	3.9665e-15	1.01844e-16	2.31312e-18	8.89573e-20	6.16221e-19	7.27707e-18	6.93742e-17	5.29844e-16	3.2439e-15	1.60116e-14	6.37015e-14	2.00879e-13	4.91909e-13	9.49258e-13	1.60553e-12	2.42945e-12	3.00602e-12	2.93512e-12	2.26892e-12	1.45438e-12	8.40762e-13	4.19232e-13	1.61012e-13	4.83482e-14	1.15415e-14	2.21483e-15	3.44301e-16	4.34516e-17	4.45498e-18	3.72299e-19	2.5529e-20	1.44916e-21	6.87609e-23	2.75333e-24	9.38735e-26	2.74729e-27	6.95124e-29	1.53024e-30	2.94707e-32	4.98922e-34	7.45547e-36	9.86841e-38	1.1605e-39	1.21546e-41	1.1361e-43	9.49179e-46	7.09645e-48	4.75132e-50	2.84975e-52	1.53101e-54	7.36366e-57	3.16748e-59	1.21669e-61	4.16465e-64	1.26683e-66	3.42063e-69	3.42063e-69	
5.8223e-08	5.8223e-08	8.81612e-07	1.16342e-05	0.000125	0.001071	0.00713944	0.0359703	0.13273	0.34982	0.664374	0.992893	1.32901	1.64881	1.91525	2.12565	2.27828	2.37702	2.43948	2.47467	2.48342	2.46397	2.41799	2.34281	2.22446	2.04705	1.81587	1.52555	1.19422	0.86169	0.531511	0.247293	0.0821746	0.0196557	0.00348346	0.000471765	5.01817e-05	4.29057e-06	3.00608e-07	1.75381e-08	8.63621e-10	3.63064e-11	1.31582e-12	4.14567e-14	1.14374e-15	2.79287e-17	2.63798e-18	2.76316e-17	3.04656e-16	2.71005e-15	1.93415e-14	1.10944e-13	5.14669e-13	1.93178e-12	5.7903e-12	1.36635e-11	2.57796e-11	4.24308e-11	6.20746e-11	7.54556e-11	7.38198e-11	5.83067e-11	3.86959e-11	2.29482e-11	1.17136e-11	4.69237e-12	1.48565e-12	3.76492e-13	7.69915e-14	1.2782e-14	1.72531e-15	1.89357e-16	1.6942e-17	1.24324e-18	7.54639e-20	3.82513e-21	1.6346e-22	5.94202e-24	1.85255e-25	4.98994e-27	1.16874e-28	2.39388e-30	4.30917e-32	6.84627e-34	9.63577e-36	1.2052e-37	1.34317e-39	1.33675e-41	1.19013e-43	9.49179e-46	6.78789e-48	4.35513e-50	2.50742e-52	1.29512e-54	5.99751e-57	2.48727e-59	9.22286e-62	3.05108e-64	9.00312e-67	9.00312e-67	
3.33576e-07	3.33576e-07	4.5489e-06	5.37979e-05	0.000511878	0.00382633	0.0218423	0.0921555	0.278367	0.595548	0.957439	1.32901	1.69379	1.99178	2.2332	2.40086	2.4962	2.54394	2.55029	2.54121	2.53834	2.54507	2.55095	2.53054	2.46445	2.34392	2.14507	1.87938	1.55392	1.17823	0.812813	0.456695	0.186436	0.0539351	0.0113068	0.00177507	0.000215257	2.07022e-05	1.61397e-06	1.03861e-07	5.6007e-09	2.56307e-10	1.00616e-11	3.41936e-13	1.01399e-14	2.6983e-16	9.30863e-17	1.09699e-15	1.1253e-14	9.31222e-14	6.19154e-13	3.31725e-12	1.44204e-11	5.09298e-11	1.4478e-10	3.28475e-10	6.04671e-10	9.68059e-10	1.37068e-09	1.63669e-09	1.60439e-09	1.29476e-09	8.88653e-10	5.41109e-10	2.83409e-10	1.18659e-10	3.97075e-11	1.07116e-11	2.34136e-12	4.16424e-13	6.03033e-14	7.10564e-15	6.82523e-16	5.37342e-17	3.49557e-18	1.89657e-19	8.66419e-21	3.36296e-22	1.1183e-23	3.20978e-25	8.00488e-27	1.74474e-28	3.3406e-30	5.64378e-32	8.44592e-34	1.12331e-35	1.33155e-37	1.41013e-39	1.33675e-41	1.1361e-43	8.66684e-46	5.93932e-48	3.65788e-50	2.0247e-52	1.00689e-54	4.49535e-57	1.79963e-59	6.44921e-62	2.07008e-64	2.07008e-64	
1.50521e-06	1.50521e-06	1.84584e-05	0.000195415	0.00164475	0.0107178	0.0524164	0.186029	0.467534	0.849345	1.2457	1.64881	1.99178	2.27519	2.44601	2.53512	2.54655	2.49889	2.43647	2.39479	2.38464	2.40846	2.45992	2.52235	2.55094	2.50872	2.38826	2.1706	1.86492	1.48872	1.08613	0.692672	0.337341	0.116742	0.0288246	0.0052349	0.000722788	7.81109e-05	6.76962e-06	4.80049e-07	2.83203e-08	1.4094e-09	5.98662e-11	2.19211e-12	6.9802e-14	2.17616e-15	3.32439e-15	3.83271e-14	3.64485e-13	2.79604e-12	1.72567e-11	8.6051e-11	3.49329e-10	1.15732e-09	3.11208e-09	6.77112e-09	1.21313e-08	1.88801e-08	2.59031e-08	3.03871e-08	2.98471e-08	2.46034e-08	1.74428e-08	1.0917e-08	5.88319e-09	2.58053e-09	9.15244e-10	2.63661e-10	6.18188e-11	1.18218e-11	1.84325e-12	2.33988e-13	2.42075e-14	2.05077e-15	1.43359e-16	8.34535e-18	4.08401e-19	1.69557e-20	6.02274e-22	1.84433e-23	4.90234e-25	1.1379e-26	2.31866e-28	4.16696e-30	6.6314e-32	9.37817e-34	1.18213e-35	1.33155e-37	1.34317e-39	1.21546e-41	9.88076e-44	7.22301e-46	4.75128e-48	2.81319e-50	1.49919e-52	7.18767e-55	3.09761e-57	1.19844e-59	4.16798e-62	4.16798e-62	
5.3194e-06	5.3194e-06	5.88474e-05	0.00056012	0.00419408	0.0240129	0.101797	0.309769	0.669867	1.08876	1.51303	1.91525	2.2332	2.44601	2.54777	2.5247	2.40917	2.25803	2.11247	2.00825	1.9812	2.0428	2.16795	2.31922	2.46373	2.54568	2.52096	2.38065	2.11529	1.76557	1.34223	0.920777	0.512611	0.207273	0.0594477	0.0123713	0.0019306	0.000233024	2.23337e-05	1.73714e-06	1.11649e-07	6.01929e-09	2.75662e-10	1.08392e-11	3.69806e-13	1.92003e-14	1.0856e-13	1.17076e-12	1.028e-11	7.27989e-11	4.15306e-10	1.91938e-09	7.24716e-09	2.24415e-08	5.69084e-08	1.1839e-07	2.05839e-07	3.11154e-07	4.14189e-07	4.7753e-07	4.69974e-07	3.95499e-07	2.8928e-07	1.86346e-07	1.03658e-07	4.77629e-08	1.80132e-08	5.56215e-09	1.40465e-09	2.90058e-10	4.89012e-11	6.71506e-12	7.51119e-13	6.87124e-14	5.17793e-15	3.24306e-16	1.70426e-17	7.5842e-19	2.88276e-20	9.43258e-22	2.67557e-23	6.62016e-25	1.43672e-26	2.74807e-28	4.65235e-30	6.99691e-32	9.37817e-34	1.12331e-35	1.2052e-37	1.1605e-39	1.00446e-41	7.8244e-44	5.49013e-46	3.47182e-48	1.97906e-50	1.01674e-52	4.70528e-55	1.95964e-57	7.35952e-60	7.35952e-60	
1.47382e-05	1.47382e-05	0.000148588	0.00128631	0.00868587	0.0444127	0.166536	0.446151	0.860523	1.30279	1.74665	2.12565	2.40086	2.53512	2.5247	2.36767	2.11789	1.80873	1.50155	1.28666	1.23258	1.35637	1.61873	1.9359	2.22575	2.44599	2.55019	2.49708	2.30411	1.98461	1.57027	1.12654	0.686453	0.314186	0.102497	0.0240765	0.00419725	0.000560403	5.89104e-05	4.98979e-06	3.47136e-07	2.01548e-08	9.8977e-10	4.15808e-11	1.5262e-12	3.0411e-13	3.11979e-12	3.10361e-11	2.50431e-10	1.62907e-09	8.54739e-09	3.64309e-08	1.27332e-07	3.66989e-07	8.74449e-07	1.73345e-06	2.91468e-06	4.27463e-06	5.52818e-06	6.26797e-06	6.18065e-06	5.30549e-06	3.99889e-06	2.65574e-06	1.53064e-06	7.43259e-07	2.99204e-07	9.94617e-08	2.71858e-08	6.09267e-09	1.11624e-09	1.66611e-10	2.02412e-11	2.00784e-12	1.63713e-13	1.10686e-14	6.26419e-16	2.99546e-17	1.22097e-18	4.27647e-20	1.29642e-21	3.42361e-23	7.92112e-25	1.61377e-26	2.90786e-28	4.65235e-30	6.6314e-32	8.44592e-34	9.63577e-36	9.86841e-38	9.0885e-40	7.53763e-42	5.63563e-44	3.80136e-46	2.31424e-48	1.27171e-50	6.30615e-53	2.82015e-55	1.14037e-57	1.14037e-57	
3.23574e-05	3.23574e-05	0.000302405	0.00242293	0.0150355	0.0700975	0.238036	0.577424	1.02681	1.48512	1.92758	2.27828	2.4962	2.54655	2.40917	2.11789	1.67973	1.1534	0.673723	0.363011	0.287566	0.461607	0.851355	1.36656	1.87	2.2518	2.48671	2.54808	2.42643	2.15404	1.75741	1.3005	0.841379	0.422054	0.152536	0.039622	0.00759287	0.00110708	0.000126312	1.15495e-05	8.63324e-07	5.36397e-08	2.80902e-09	1.2549e-10	5.34097e-12	7.11885e-12	7.7691e-11	7.07946e-10	5.22005e-09	3.10088e-08	1.48742e-07	5.8123e-07	1.86997e-06	4.99134e-06	1.11273e-05	2.09347e-05	3.3902e-05	4.81645e-05	6.05957e-05	6.76281e-05	6.68074e-05	5.84331e-05	4.53378e-05	3.11091e-05	1.86592e-05	9.58455e-06	4.13688e-06	1.4881e-06	4.42762e-07	1.08344e-07	2.17002e-08	3.54106e-09	4.69775e-10	5.07803e-11	4.49995e-12	3.29703e-13	2.01633e-14	1.0391e-15	4.55342e-17	1.71082e-18	5.55289e-20	1.56746e-21	3.87102e-23	8.40814e-25	1.61377e-26	2.74807e-28	4.16696e-30	5.64378e-32	6.84627e-34	7.45547e-36	7.30259e-38	6.44401e-40	5.12937e-42	3.6865e-44	2.39377e-46	1.40478e-48	7.45054e-51	3.57007e-53	1.55048e-55	1.55048e-55	
5.73383e-05	5.73383e-05	0.000507166	0.00383793	0.0223554	0.0971778	0.306003	0.68896	1.15688	1.62682	2.06477	2.37702	2.54394	2.49889	2.25803	1.80873	1.1534	0.438592	-0.159567	-0.528455	-0.616385	-0.412762	0.0570177	0.719602	1.43339	2.01695	2.37695	2.53995	2.49871	2.26853	1.89704	1.44001	0.967574	0.516877	0.201508	0.0565549	0.0116775	0.00182744	0.000222925	2.17175e-05	1.72434e-06	1.13497e-07	6.28204e-09	2.96829e-10	2.51066e-11	1.63155e-10	1.65914e-09	1.37585e-08	9.20811e-08	4.95975e-07	2.15945e-06	7.68176e-06	2.25969e-05	5.55316e-05	0.000115237	0.000204801	0.000317867	0.000436547	0.000534889	0.000588287	0.000582127	0.000518116	0.000413517	0.00029397	0.000184448	0.000100669	4.68344e-05	1.83416e-05	5.98134e-06	1.60966e-06	3.55006e-07	6.37734e-08	9.29909e-09	1.10187e-09	1.06683e-10	8.50992e-12	5.64645e-13	3.14685e-14	1.48688e-15	6.00796e-17	2.0923e-18	6.32431e-20	1.6696e-21	3.87102e-23	7.92112e-25	1.43672e-26	2.31866e-28	3.3406e-30	4.30917e-32	4.98922e-34	5.19599e-36	4.87614e-38	4.12945e-40	3.15947e-42	2.18579e-44	1.36806e-46	7.74823e-49	3.97071e-51	1.84814e-53	1.84814e-53	
8.38313e-05	8.38313e-05	0.000716466	0.00522394	0.0291495	0.12064	0.360121	0.77098	1.2509	1.72481	2.15032	2.43948	2.55029	2.43647	2.11247	1.50155	0.673723	-0.159567	-0.824071	-1.22513	-1.32007	-1.09991	-0.586055	0.161364	1.01832	1.7821	2.27261	2.50333	2.53693	2.3392	1.99629	1.537	1.05821	0.588889	0.241428	0.0714737	0.0155614	0.00256254	0.000328012	3.34275e-05	2.76783e-06	1.89426e-07	1.08731e-08	5.508e-10	3.09772e-10	3.25212e-09	3.00664e-08	2.25198e-07	1.35687e-06	6.57015e-06	2.57405e-05	8.26458e-05	0.000220506	0.000495437	0.00095126	0.00158826	0.00234911	0.00310989	0.00371351	0.0040299	0.00399376	0.00361229	0.00296506	0.0021916	0.00144708	0.000843615	0.000425673	0.000182809	6.58764e-05	1.96679e-05	4.81834e-06	9.60936e-07	1.55224e-07	2.03065e-08	2.1617e-09	1.88773e-10	1.36543e-11	8.26313e-13	4.22456e-14	1.84119e-15	6.89707e-17	2.23709e-18	6.32431e-20	1.56746e-21	3.42361e-23	6.62016e-25	1.1379e-26	1.74474e-28	2.39388e-30	2.94707e-32	3.26293e-34	3.25546e-36	2.93171e-38	2.38624e-40	1.75729e-42	1.17174e-44	7.0773e-47	3.87274e-49	1.92823e-51	1.92823e-51	
0.000103067	0.000103067	0.000865345	0.0061895	0.0337579	0.135926	0.393131	0.81689	1.30418	1.78489	2.19346	2.47467	2.54121	2.39479	2.00825	1.28666	0.363011	-0.528455	-1.22513	-1.64245	-1.74104	-1.51234	-0.97658	-0.188371	0.741163	1.61315	2.20167	2.47344	2.54768	2.37876	2.04778	1.59104	1.11322	0.631756	0.265798	0.0811223	0.0182258	0.00309238	0.000406764	4.24715e-05	3.59276e-06	2.50554e-07	1.46486e-08	1.15463e-09	5.39871e-09	5.49044e-08	4.56821e-07	3.06245e-06	1.64469e-05	7.08452e-05	0.000247116	0.000708742	0.0016988	0.0034612	0.00610614	0.00951767	0.0133289	0.0169471	0.0197184	0.0211364	0.0209754	0.0192593	0.0162702	0.0125583	0.00878403	0.00550369	0.00303347	0.00144079	0.000579337	0.000193932	5.33426e-05	1.1933e-05	2.15602e-06	3.14117e-07	3.70483e-08	3.56531e-09	2.82725e-10	1.86683e-11	1.03694e-12	4.89151e-14	1.97674e-15	6.89707e-17	2.0923e-18	5.55289e-20	1.29642e-21	2.67557e-23	4.90234e-25	8.00488e-27	1.16874e-28	1.53024e-30	1.80126e-32	1.91036e-34	1.82883e-36	1.58275e-38	1.23986e-40	8.79937e-43	5.66157e-45	3.30359e-47	1.75674e-49	1.75674e-49	
0.000107951	0.000107951	0.000902947	0.0064328	0.0349139	0.139703	0.400964	0.827017	1.31621	1.80011	2.20338	2.48342	2.53834	2.38464	1.9812	1.23258	0.287566	-0.616385	-1.32007	-1.74104	-1.84045	-1.60981	-1.06921	-0.272238	0.672893	1.56978	2.1838	2.46629	2.54835	2.38809	2.05845	1.60406	1.12677	0.641792	0.271535	0.0834703	0.0188946	0.00322844	0.000427305	4.48557e-05	3.81183e-06	2.66901e-07	1.61769e-08	8.287e-09	8.43843e-08	7.74038e-07	5.7383e-06	3.40484e-05	0.000160997	0.000609007	0.00186696	0.00472369	0.0100586	0.0184137	0.0296231	0.0428154	0.0564147	0.0685998	0.0776651	0.0822644	0.0817423	0.0761728	0.0663569	0.0537412	0.0400789	0.0271716	0.0164847	0.00874293	0.00396762	0.00150829	0.000471957	0.000119949	2.45302e-05	4.0228e-06	5.30596e-07	5.67203e-08	4.96449e-09	3.59716e-10	2.18124e-11	1.1182e-12	4.89151e-14	1.84119e-15	6.00796e-17	1.71082e-18	4.27647e-20	9.43258e-22	1.84433e-23	3.20978e-25	4.98994e-27	6.95124e-29	8.70097e-31	9.80944e-33	9.98102e-35	9.18137e-37	7.64638e-39	5.77179e-41	3.9522e-43	2.45633e-45	1.39315e-47	1.39315e-47	
9.66991e-05	9.66991e-05	0.000816566	0.00587537	0.0322679	0.131025	0.382735	0.802929	1.28819	1.7662	2.18069	2.46397	2.54507	2.40846	2.0428	1.35637	0.461607	-0.412762	-1.09991	-1.51234	-1.60981	-1.38371	-0.854559	-0.0784857	0.829434	1.66818	2.22475	2.48295	2.54551	2.36651	2.03252	1.57389	1.0958	0.618486	0.258175	0.0780395	0.0173594	0.002918	0.000380634	3.94546e-05	3.31664e-06	2.30648e-07	2.23086e-08	1.1027e-07	1.10217e-06	8.98186e-06	5.86199e-05	0.000303635	0.001245	0.00407073	0.0107977	0.0237545	0.0444019	0.0723776	0.1055	0.14061	0.173658	0.20136	0.221316	0.231462	0.230307	0.218043	0.196356	0.167373	0.133618	0.0985826	0.0662656	0.0396228	0.0205462	0.00900307	0.00325649	0.000955247	0.000224403	4.19738e-05	6.26224e-06	7.50837e-07	7.31254e-08	5.85367e-09	3.89685e-10	2.18124e-11	1.03694e-12	4.22456e-14	1.48688e-15	4.55342e-17	1.22097e-18	2.88276e-20	6.02274e-22	1.1183e-23	1.85255e-25	2.74729e-27	3.65806e-29	4.38464e-31	4.74162e-33	4.63509e-35	4.1023e-37	3.29159e-39	2.39686e-41	1.58515e-43	9.57787e-46	9.57787e-46	
7.34751e-05	7.34751e-05	0.00063554	0.0046942	0.0265893	0.111966	0.340659	0.742454	1.21835	1.69024	2.12164	2.41799	2.55095	2.45992	2.16795	1.61873	0.851355	0.0570177	-0.586055	-0.97658	-1.06921	-0.854559	-0.355209	0.364467	1.17339	1.87249	2.31202	2.51902	2.52621	2.31516	1.96286	1.50379	1.0259	0.563169	0.226995	0.0659558	0.0140902	0.00227825	0.000286674	2.8758e-05	2.34776e-06	1.67647e-07	1.29878e-07	1.32509e-06	1.18051e-05	8.43841e-05	0.000477708	0.00212341	0.00741005	0.0205493	0.0463371	0.0873506	0.141976	0.205172	0.270967	0.333384	0.387691	0.430317	0.459369	0.473819	0.472185	0.454674	0.422817	0.377682	0.321405	0.257893	0.192126	0.130196	0.0779399	0.0399762	0.0170266	0.00587616	0.00161493	0.000350222	5.99403e-05	8.1562e-06	8.92524e-07	7.95671e-08	5.85367e-09	3.59716e-10	1.86683e-11	8.26313e-13	3.14685e-14	1.0391e-15	2.99546e-17	7.5842e-19	1.69557e-20	3.36296e-22	5.94202e-24	9.38735e-26	1.33028e-27	1.69575e-29	1.94922e-31	2.02468e-33	1.90386e-35	1.62311e-37	1.2561e-39	8.83249e-42	5.67986e-44	5.67986e-44	
4.65942e-05	4.65942e-05	0.000420431	0.00324919	0.0193778	0.0864702	0.28002	0.647642	1.10913	1.57523	2.01595	2.34281	2.53054	2.52235	2.31922	1.9359	1.36656	0.719602	0.161364	-0.188371	-0.272238	-0.0784857	0.364467	0.976306	1.61276	2.11434	2.42234	2.54864	2.47387	2.22871	1.84553	1.38927	0.921498	0.481176	0.182481	0.049785	0.0100003	0.00152415	0.000181274	1.72358e-05	1.34467e-06	1.99315e-07	1.35184e-06	1.30745e-05	0.000102	0.0006299	0.00303732	0.011346	0.0329616	0.0759555	0.14333	0.229848	0.325996	0.422674	0.514634	0.595419	0.6643	0.717766	0.752411	0.768211	0.766485	0.747004	0.708525	0.651641	0.580142	0.497013	0.403552	0.306569	0.211517	0.128121	0.0653933	0.0271302	0.00891654	0.00228758	0.000456974	7.15869e-05	8.90516e-06	8.92524e-07	7.31254e-08	4.96449e-09	2.82725e-10	1.36543e-11	5.64645e-13	2.01633e-14	6.26419e-16	1.70426e-17	4.08401e-19	8.66419e-21	1.6346e-22	2.75333e-24	4.15511e-26	5.63524e-28	6.8867e-30	7.60131e-32	7.59298e-34	6.87574e-36	5.65228e-38	4.22298e-40	2.88779e-42	2.88779e-42	
2.41295e-05	2.41295e-05	0.00023234	0.00191832	0.0122966	0.0593775	0.209308	0.526807	0.964403	1.41632	1.86107	2.22446	2.46445	2.55094	2.46373	2.22575	1.87	1.43339	1.01832	0.741163	0.672893	0.829434	1.17339	1.61276	2.02577	2.33527	2.52098	2.53569	2.38519	2.09265	1.6886	1.23472	0.782278	0.379744	0.13212	0.0330282	0.00610158	0.000859552	9.49666e-05	8.43176e-06	7.02463e-07	1.19667e-06	1.22203e-05	0.000103786	0.000698454	0.00365904	0.0147034	0.0450573	0.106548	0.201111	0.317681	0.442111	0.566572	0.686368	0.798809	0.898348	0.981157	1.04685	1.09148	1.11221	1.10993	1.08444	1.03529	0.965848	0.879698	0.777219	0.662966	0.541929	0.417131	0.293377	0.180078	0.0914056	0.036779	0.0114297	0.00272105	0.000499263	7.15869e-05	8.1562e-06	7.50837e-07	5.67203e-08	3.56531e-09	1.88773e-10	8.50992e-12	3.29703e-13	1.10686e-14	3.24306e-16	8.34535e-18	1.89657e-19	3.82513e-21	6.87609e-23	1.10585e-24	1.59646e-26	2.07486e-28	2.43387e-30	2.58251e-32	2.48339e-34	2.16771e-36	1.71983e-38	1.24969e-40	1.24969e-40	
9.99708e-06	9.99708e-06	0.000104736	0.000942445	0.00663326	0.0354578	0.139349	0.39137	0.786396	1.22095	1.65949	2.04705	2.34392	2.50872	2.54568	2.44599	2.2518	2.01695	1.7821	1.61315	1.56978	1.66818	1.87249	2.11434	2.33527	2.50064	2.55079	2.45938	2.23686	1.90358	1.4824	1.04763	0.618768	0.270447	0.0839497	0.0188025	0.00313674	0.000402254	4.07525e-05	3.39636e-06	1.06798e-06	9.6394e-06	8.89197e-05	0.000652179	0.00372181	0.0161953	0.0529383	0.130088	0.247742	0.388547	0.536946	0.690086	0.842978	0.990864	1.12343	1.24097	1.33529	1.4055	1.45219	1.47434	1.47189	1.4448	1.39331	1.31834	1.2192	1.09812	0.962413	0.812462	0.659377	0.506617	0.35951	0.221708	0.110883	0.0427364	0.012412	0.00272105	0.000456974	5.99403e-05	6.26224e-06	5.30596e-07	3.70483e-08	2.1617e-09	1.06683e-10	4.49995e-12	1.63713e-13	5.17793e-15	1.43359e-16	3.49557e-18	7.54639e-20	1.44916e-21	2.48561e-23	3.82173e-25	5.28415e-27	6.58848e-29	7.4258e-31	7.58159e-33	7.02448e-35	5.9151e-37	4.56418e-39	4.56418e-39	
3.28262e-06	3.28262e-06	3.78781e-05	0.000376475	0.00295531	0.0178188	0.0799114	0.257972	0.589478	0.994833	1.40878	1.81587	2.14507	2.38826	2.52096	2.55019	2.48671	2.37695	2.27261	2.20167	2.1838	2.22475	2.31202	2.42234	2.52098	2.55079	2.47678	2.30921	2.02184	1.66186	1.24302	0.831607	0.441337	0.168198	0.0454715	0.008957	0.00132959	0.000153356	1.4136e-05	1.5717e-06	6.4402e-06	6.40198e-05	0.000512363	0.00319721	0.0151881	0.053718	0.139948	0.274241	0.433624	0.605343	0.788659	0.976276	1.15315	1.31792	1.46406	1.58796	1.6906	1.76927	1.82128	1.84531	1.84267	1.81312	1.75561	1.67187	1.56493	1.43667	1.28611	1.11874	0.939131	0.751393	0.569634	0.400921	0.24437	0.118088	0.0427364	0.0114297	0.00228758	0.000350222	4.19738e-05	4.0228e-06	3.14117e-07	2.03065e-08	1.10187e-09	5.07803e-11	2.00784e-12	6.87124e-14	2.05077e-15	5.37342e-17	1.24324e-18	2.5529e-20	4.67335e-22	7.65673e-24	1.12662e-25	1.49329e-27	1.78772e-29	1.93749e-31	1.90473e-33	1.70143e-35	1.39319e-37	1.39319e-37	
8.47535e-07	8.47535e-07	1.08501e-05	0.000120103	0.00106172	0.00730646	0.0379796	0.144201	0.388782	0.749273	1.1317	1.52555	1.87938	2.1706	2.38065	2.49708	2.54808	2.53995	2.50333	2.47344	2.46629	2.48295	2.51902	2.54864	2.53569	2.45938	2.30921	2.05855	1.74821	1.36744	0.977528	0.597783	0.272632	0.0878869	0.0203006	0.00347193	0.000454339	4.68131e-05	4.14764e-06	3.79504e-06	3.85898e-05	0.000337658	0.00231493	0.0121141	0.0471001	0.133316	0.276711	0.450568	0.643292	0.854385	1.06858	1.27397	1.47034	1.64827	1.80338	1.93563	2.03792	2.11163	2.15922	2.18116	2.17875	2.15178	2.099	2.01982	1.91158	1.77408	1.61446	1.43221	1.23339	1.02643	0.811332	0.602965	0.414838	0.24437	0.110883	0.036779	0.00891654	0.00161493	0.000224403	2.45302e-05	2.15602e-06	1.55224e-07	9.29909e-09	4.69775e-10	2.02412e-11	7.51119e-13	2.42075e-14	6.82523e-16	1.6942e-17	3.72299e-19	7.27796e-21	1.27107e-22	1.99065e-24	2.80491e-26	3.56612e-28	4.10128e-30	4.27605e-32	4.04935e-34	3.51593e-36	3.51593e-36	
1.711e-07	1.711e-07	2.43707e-06	3.01506e-05	0.000301407	0.00238003	0.0144488	0.0653526	0.213282	0.493575	0.841082	1.19422	1.55392	1.86492	2.11529	2.30411	2.42643	2.49871	2.53693	2.54768	2.54835	2.54551	2.52621	2.47387	2.38519	2.23686	2.02184	1.74821	1.41176	1.05066	0.701149	0.36756	0.138208	0.0369931	0.00724013	0.00107048	0.000123173	1.14193e-05	2.47065e-06	1.94047e-05	0.000185828	0.00140717	0.00818689	0.0355438	0.112085	0.254842	0.439275	0.646813	0.879944	1.11672	1.35205	1.57943	1.78243	1.9661	2.12176	2.24664	2.34458	2.41902	2.46789	2.49088	2.48833	2.4602	2.40613	2.32687	2.22403	2.09317	1.93118	1.7434	1.5358	1.30499	1.06977	0.832199	0.602965	0.400921	0.221708	0.0914056	0.0271302	0.00587616	0.000955247	0.000119949	1.1933e-05	9.60936e-07	6.37734e-08	3.54106e-09	1.66611e-10	6.71506e-12	2.33988e-13	7.10564e-15	1.89357e-16	4.45498e-18	9.30219e-20	1.73183e-21	2.88648e-23	4.32238e-25	5.83351e-27	7.11513e-29	7.8618e-31	7.88589e-33	7.25334e-35	7.25334e-35	
2.70574e-08	2.70574e-08	4.28329e-07	5.91713e-06	6.68125e-05	0.000604536	0.00428158	0.023091	0.0920077	0.263912	0.544625	0.86169	1.17823	1.48872	1.76557	1.98461	2.15404	2.26853	2.3392	2.37876	2.38809	2.36651	2.31516	2.22871	2.09265	1.90358	1.66186	1.36744	1.05066	0.736302	0.42315	0.179808	0.0548052	0.0121628	0.00202223	0.000259281	2.63377e-05	2.77405e-06	8.18259e-06	8.49644e-05	0.000714431	0.00466062	0.0229055	0.0822655	0.211687	0.399756	0.615532	0.862848	1.12121	1.38285	1.63402	1.86652	2.07753	2.25403	2.39904	2.51842	2.60974	2.67167	2.70793	2.72387	2.72212	2.70243	2.6615	2.59389	2.49678	2.3722	2.22136	2.03788	1.8213	1.58567	1.33014	1.06977	0.811332	0.569634	0.35951	0.180078	0.0653933	0.0170266	0.00325649	0.000471957	5.33426e-05	4.81834e-06	3.55006e-07	2.17002e-08	1.11624e-09	4.89012e-11	1.84325e-12	6.03033e-14	1.72531e-15	4.34516e-17	9.68789e-19	1.9218e-20	3.40677e-22	5.4176e-24	7.75475e-26	1.00211e-27	1.17215e-29	1.24382e-31	1.21028e-33	1.21028e-33	
3.38201e-09	3.38201e-09	5.9291e-08	9.11044e-07	1.15623e-05	0.000119138	0.000976782	0.00622437	0.0300312	0.106937	0.276949	0.531511	0.812813	1.08613	1.34223	1.57027	1.75741	1.89704	1.99629	2.04778	2.05845	2.03252	1.96286	1.84553	1.6886	1.4824	1.24302	0.977528	0.701149	0.42315	0.195979	0.066559	0.016563	0.00308083	0.000439337	4.92318e-05	4.61985e-06	3.07389e-06	3.21152e-05	0.000301191	0.00221834	0.0124701	0.0518576	0.155162	0.333562	0.552844	0.80469	1.08166	1.36222	1.63911	1.89904	2.13327	2.33314	2.49833	2.63221	2.72714	2.78537	2.81764	2.83419	2.84098	2.84025	2.83177	2.81268	2.77615	2.7114	2.60855	2.46749	2.29623	2.08907	1.84825	1.58567	1.30499	1.02643	0.751393	0.506617	0.293377	0.128121	0.0399762	0.00900307	0.00150829	0.000193932	1.96679e-05	1.60966e-06	1.08344e-07	6.09267e-09	2.90058e-10	1.18218e-11	4.16424e-13	1.2782e-14	3.44301e-16	8.18892e-18	1.72901e-19	3.25605e-21	5.49165e-23	8.32556e-25	1.13817e-26	1.40704e-28	1.57681e-30	1.62015e-32	1.62015e-32	
3.38519e-10	3.38519e-10	6.54155e-09	1.11216e-07	1.57606e-06	1.8339e-05	0.000172196	0.00127883	0.00734613	0.0319107	0.103022	0.247293	0.456695	0.692672	0.920777	1.12654	1.3005	1.44001	1.537	1.59104	1.60406	1.57389	1.50379	1.38927	1.23472	1.04763	0.831607	0.597783	0.36756	0.179808	0.066559	0.0183513	0.00379928	0.000601838	7.45342e-05	7.41524e-06	1.36157e-06	1.00023e-05	0.000104728	0.000875021	0.0056637	0.0275609	0.0977509	0.247928	0.462923	0.711889	0.998128	1.29291	1.59443	1.87732	2.13838	2.36201	2.54773	2.69333	2.78811	2.83912	2.86452	2.87776	2.88505	2.88831	2.88795	2.88394	2.87569	2.86068	2.8315	2.77326	2.66817	2.51302	2.32093	2.08907	1.8213	1.5358	1.23339	0.939131	0.659377	0.417131	0.211517	0.0779399	0.0205462	0.00396762	0.000579337	6.58764e-05	5.98134e-06	4.42762e-07	2.71858e-08	1.40465e-09	6.18188e-11	2.34136e-12	7.69915e-14	2.21483e-15	5.61081e-17	1.2589e-18	2.51433e-20	4.48987e-22	7.19632e-24	1.03881e-25	1.35461e-27	1.59988e-29	1.73211e-31	1.73211e-31	
2.75235e-11	2.75235e-11	5.83378e-10	1.09137e-08	1.71506e-07	2.23412e-06	2.37594e-05	0.000202726	0.00136135	0.00705354	0.0277273	0.0821746	0.186436	0.337341	0.512611	0.686453	0.841379	0.967574	1.05821	1.11322	1.12677	1.0958	1.0259	0.921498	0.782278	0.618768	0.441337	0.272632	0.138208	0.0548052	0.016563	0.00379928	0.000668219	9.1634e-05	9.98949e-06	1.05384e-06	2.58486e-06	2.97692e-05	0.000282992	0.00211728	0.012129	0.0515919	0.158482	0.350243	0.593103	0.872154	1.18079	1.49602	1.80286	2.09282	2.34285	2.55216	2.71424	2.81373	2.86212	2.88493	2.89882	2.90948	2.91731	2.92133	2.92087	2.91601	2.90755	2.89635	2.88138	2.85524	2.79881	2.6866	2.51302	2.29623	2.03788	1.7434	1.43221	1.11874	0.812462	0.541929	0.306569	0.130196	0.0396228	0.00874293	0.00144079	0.000182809	1.83416e-05	1.4881e-06	9.94617e-08	5.56215e-09	2.63661e-10	1.07116e-11	3.76492e-13	1.15415e-14	3.1076e-16	7.39412e-18	1.56302e-19	2.94911e-21	4.98712e-23	7.58606e-25	1.04129e-26	1.29342e-28	1.47234e-30	1.47234e-30	
1.84317e-12	1.84317e-12	4.26502e-11	8.73333e-10	1.51206e-08	2.18729e-07	2.60786e-06	2.52353e-05	0.000194843	0.00117929	0.00550655	0.0196557	0.0539351	0.116742	0.207273	0.314186	0.422054	0.516877	0.588889	0.631756	0.641792	0.618486	0.563169	0.481176	0.379744	0.270447	0.168198	0.0878869	0.0369931	0.0121628	0.00308083	0.000601838	9.16336e-05	1.10405e-05	1.10135e-06	5.97979e-07	6.83191e-06	7.40624e-05	0.000642383	0.0043469	0.0223036	0.0841782	0.228547	0.45305	0.719183	1.0266	1.35187	1.67985	1.99266	2.27369	2.51191	2.70044	2.81588	2.86921	2.89376	2.91141	2.92855	2.94438	2.95644	2.96266	2.96195	2.95445	2.94143	2.92515	2.90796	2.8898	2.86187	2.79881	2.66817	2.46749	2.22136	1.93118	1.61446	1.28611	0.962413	0.662966	0.403552	0.192126	0.0662656	0.0164847	0.00303347	0.000425673	4.68344e-05	4.13688e-06	2.99204e-07	1.80132e-08	9.15244e-10	3.97075e-11	1.48565e-12	4.83482e-14	1.37869e-15	3.46708e-17	7.7323e-19	1.53687e-20	2.73417e-22	4.37049e-24	6.2981e-26	8.20631e-28	9.79739e-30	9.79739e-30	
1.02969e-13	1.02969e-13	2.59008e-12	5.77736e-11	1.09563e-09	1.7474e-08	2.31498e-07	2.51231e-06	2.19923e-05	0.00015279	0.000829657	0.00348346	0.0113068	0.0288246	0.0594477	0.102497	0.152536	0.201508	0.241428	0.265798	0.271535	0.258175	0.226995	0.182481	0.13212	0.0839497	0.0454715	0.0203006	0.00724013	0.00202223	0.000439337	7.45316e-05	9.97953e-06	1.07391e-06	1.7561e-07	1.24945e-06	1.54534e-05	0.000155898	0.0012489	0.0077439	0.0360941	0.122845	0.300957	0.550166	0.838343	1.16555	1.50397	1.84038	2.15309	2.423	2.64803	2.79549	2.86458	2.89454	2.91648	2.9404	2.96553	2.98825	3.00513	3.01369	3.01272	3.00236	2.98408	2.96057	2.93542	2.912	2.8898	2.85524	2.77326	2.60855	2.3722	2.09317	1.77408	1.43667	1.09812	0.777219	0.497013	0.257893	0.0985826	0.0271716	0.00550369	0.000843615	0.000100669	9.58455e-06	7.43259e-07	4.77629e-08	2.58053e-09	1.18659e-10	4.69237e-12	1.61012e-13	4.83113e-15	1.27607e-16	2.98454e-18	6.2128e-20	1.15628e-21	1.93167e-23	2.90686e-25	3.95258e-27	4.92403e-29	4.92403e-29	
4.85372e-15	4.85372e-15	1.32216e-13	3.19901e-12	6.61104e-11	1.15527e-09	1.68775e-08	2.03496e-07	1.99635e-06	1.56946e-05	9.74165e-05	0.000471765	0.00177507	0.0052349	0.0123713	0.0240765	0.039622	0.0565549	0.0714737	0.0811223	0.0834703	0.0780395	0.0659558	0.049785	0.0330282	0.0188025	0.008957	0.00347193	0.00107048	0.000259279	4.92205e-05	7.36609e-06	8.79016e-07	9.49691e-08	1.8429e-07	2.54128e-06	2.98796e-05	0.0002835	0.0021223	0.0122098	0.0524267	0.163607	0.369173	0.63654	0.944803	1.28883	1.63463	1.97723	2.28199	2.54597	2.74294	2.84545	2.88742	2.91308	2.94156	2.97448	3.00789	3.03716	3.05847	3.06917	3.06796	3.05499	3.03183	3.00139	2.96771	2.93542	2.90796	2.88138	2.8315	2.7114	2.49678	2.22403	1.91158	1.56493	1.2192	0.879698	0.580142	0.321405	0.133618	0.0400789	0.00878403	0.00144708	0.000184448	1.86592e-05	1.53064e-06	1.03658e-07	5.88319e-09	2.83409e-10	1.17136e-11	4.19232e-13	1.3097e-14	3.59626e-16	8.73203e-18	1.8848e-19	3.63348e-21	6.28165e-23	9.77442e-25	1.3733e-26	1.76729e-28	1.76729e-28	
1.95003e-16	1.95003e-16	5.73338e-15	1.49916e-13	3.36118e-12	6.4013e-11	1.02459e-09	1.3618e-08	1.48297e-07	1.30411e-06	9.12641e-06	5.01817e-05	0.000215257	0.000722788	0.0019306	0.00419725	0.00759287	0.0116775	0.0155614	0.0182258	0.0188946	0.0173594	0.0140902	0.0100003	0.00610158	0.00313674	0.00132959	0.000454338	0.000123167	2.62984e-05	4.42703e-06	5.91863e-07	6.45646e-08	2.56915e-08	3.30464e-07	4.50405e-06	5.03708e-05	0.000452842	0.0031983	0.0172767	0.0693435	0.201992	0.42882	0.711195	1.03434	1.38859	1.74356	2.08378	2.38465	2.63902	2.79972	2.86992	2.90189	2.93163	2.96845	3.00978	3.05039	3.08527	3.11036	3.12287	3.12146	3.10627	3.07896	3.04258	3.00139	2.96057	2.92515	2.89635	2.86068	2.77615	2.59389	2.32687	2.01982	1.67187	1.31834	0.965848	0.651641	0.377682	0.167373	0.0537412	0.0125583	0.0021916	0.00029397	3.11091e-05	2.65574e-06	1.86346e-07	1.0917e-08	5.41109e-10	2.29482e-11	8.40762e-13	2.68323e-14	7.51312e-16	1.8573e-17	4.07587e-19	7.97859e-21	1.39907e-22	2.20588e-24	3.13751e-26	4.0846e-28	4.0846e-28	
