0.546898	0.546898	0.748969	1.10186	1.52378	1.94066	2.31263	2.62644	2.87725	3.06329	3.18583	3.2492	3.26012	3.22916	3.17042	3.09848	3.02447	2.95686	2.90487	2.8736	2.86594	2.88342	2.92325	2.98238	3.05397	3.12831	3.19632	3.2457	3.26146	3.23088	3.14445	2.99694	2.78492	2.50814	2.16953	1.77406	1.33874	0.907648	0.541156	0.280281	0.125602	0.0487769	0.0164923	0.00488498	0.00127593	0.000295832	6.13263e-05	1.15775e-05	2.32398e-06	1.13231e-06	1.63064e-06	2.79017e-06	4.53306e-06	6.8782e-06	9.76437e-06	1.30045e-05	1.62883e-05	1.92244e-05	2.14124e-05	2.25289e-05	2.24016e-05	2.10502e-05	1.8682e-05	1.56425e-05	1.23369e-05	9.14591e-06	6.35713e-06	4.13073e-06	2.50083e-06	1.40563e-06	7.30768e-07	3.50132e-07	1.54091e-07	6.21082e-08	2.28732e-08	7.68322e-09	2.35124e-09	6.55161e-10	1.66226e-10	3.84217e-11	8.09843e-12	1.55868e-12	2.74383e-13	4.42601e-14	6.55545e-15	8.93408e-16	1.12279e-16	1.30406e-17	1.40278e-18	1.40054e-19	1.30052e-20	1.12544e-21	9.09386e-23	6.87384e-24	4.86904e-25	3.23753e-26	2.02399e-27	1.19167e-28	6.96142e-30	6.96142e-30	
0.546898	0.546898	0.748969	1.10186	1.52378	1.94066	2.31263	2.62644	2.87725	3.06329	3.18583	3.2492	3.26012	3.22916	3.17042	3.09848	3.02447	2.95686	2.90487	2.8736	2.86594	2.88342	2.92325	2.98238	3.05397	3.12831	3.19632	3.2457	3.26146	3.23088	3.14445	2.99694	2.78492	2.50814	2.16953	1.77406	1.33874	0.907648	0.541156	0.280281	0.125602	0.0487769	0.0164923	0.00488498	0.00127593	0.000295832	6.13263e-05	1.15775e-05	2.32398e-06	1.13231e-06	1.63064e-06	2.79017e-06	4.53306e-06	6.8782e-06	9.76437e-06	1.30045e-05	1.62883e-05	1.92244e-05	2.14124e-05	2.25289e-05	2.24016e-05	2.10502e-05	1.8682e-05	1.56425e-05	1.23369e-05	9.14591e-06	6.35713e-06	4.13073e-06	2.50083e-06	1.40563e-06	7.30768e-07	3.50132e-07	1.54091e-07	6.21082e-08	2.28732e-08	7.68322e-09	2.35124e-09	6.55161e-10	1.66226e-10	3.84217e-11	8.09843e-12	1.55868e-12	2.74383e-13	4.42601e-14	6.55545e-15	8.93408e-16	1.12279e-16	1.30406e-17	1.40278e-18	1.40054e-19	1.30052e-20	1.12544e-21	9.09386e-23	6.87384e-24	4.86904e-25	3.23753e-26	2.02399e-27	1.19167e-28	6.96142e-30	6.96142e-30	
0.748969	0.748969	0.912963	1.19056	1.52375	1.87582	2.21746	2.51483	2.74474	2.90102	2.98859	3.01834	3.00307	2.95686	2.89102	2.81564	2.73899	2.67265	2.62207	2.59191	2.5847	2.60143	2.64041	2.69769	2.76886	2.84663	2.91907	2.9784	3.01355	3.01251	2.96125	2.84706	2.66158	2.40266	2.082	1.72658	1.36106	0.999222	0.662717	0.386619	0.195389	0.0851431	0.0320578	0.0104872	0.00300153	0.000757209	0.000169923	3.49874e-05	8.44783e-06	5.62667e-06	8.58004e-06	1.42658e-05	2.24421e-05	3.30853e-05	4.58157e-05	5.97667e-05	7.36303e-05	8.58386e-05	9.48396e-05	9.94043e-05	9.88847e-05	9.3355e-05	8.35954e-05	7.09232e-05	5.69185e-05	4.31175e-05	3.07503e-05	2.0583e-05	1.28858e-05	7.51634e-06	4.06852e-06	2.03537e-06	9.37453e-07	3.9614e-07	1.53132e-07	5.40262e-08	1.7368e-08	5.0826e-09	1.35354e-09	3.28108e-10	7.24548e-11	1.45931e-11	2.68497e-12	4.52102e-13	6.98099e-14	9.90628e-15	1.29472e-15	1.562e-16	1.74338e-17	1.80407e-18	1.73455e-19	1.55271e-20	1.29665e-21	1.01206e-22	7.39669e-24	5.07067e-25	3.26596e-26	1.97981e-27	1.19167e-28	1.19167e-28	
1.10186	1.10186	1.19056	1.34841	1.56339	1.81908	2.07305	2.28668	2.44618	2.54725	2.59292	2.58979	2.54922	2.48315	2.40186	2.31527	2.23363	2.1664	2.11504	2.08503	2.07886	2.09408	2.13381	2.19191	2.26495	2.34972	2.43568	2.51188	2.56921	2.59582	2.58095	2.51352	2.38862	2.20591	1.96856	1.69446	1.41528	1.14011	0.855448	0.571693	0.330088	0.162704	0.0684774	0.0247581	0.00775409	0.00212302	0.000514644	0.000116334	3.48961e-05	2.99184e-05	4.66455e-05	7.52969e-05	0.000114897	0.000164857	0.000223025	0.000285332	0.000346108	0.000398864	0.000437368	0.00045678	0.000454574	0.000431039	0.00038922	0.000334321	0.000272721	0.000210823	0.000154028	0.000106019	6.85011e-05	4.13805e-05	2.32708e-05	1.21291e-05	5.83408e-06	2.57935e-06	1.04456e-06	3.86375e-07	1.30262e-07	3.99724e-08	1.11569e-08	2.83243e-09	6.54434e-10	1.37762e-10	2.64601e-11	4.64547e-12	7.46993e-13	1.10252e-13	1.49698e-14	1.87407e-15	2.16813e-16	2.32319e-17	2.31061e-18	2.13763e-19	1.84326e-20	1.48434e-21	1.11837e-22	7.898e-24	5.23682e-25	3.26596e-26	2.02399e-27	2.02399e-27	
1.52378	1.52378	1.52375	1.56339	1.66614	1.79524	1.90457	1.98859	2.04371	2.06216	2.0445	1.99211	1.91588	1.82347	1.7276	1.63503	1.55551	1.48864	1.44076	1.41301	1.40736	1.42181	1.4574	1.5135	1.58617	1.67028	1.766	1.86103	1.94871	2.01615	2.05546	2.0591	2.02434	1.95369	1.84992	1.70029	1.50627	1.29291	1.0591	0.790643	0.514209	0.284599	0.133387	0.0531987	0.018216	0.00541284	0.00142154	0.00035972	0.000139862	0.000146422	0.000228465	0.000357068	0.00052787	0.000736447	0.000972552	0.00121951	0.00145576	0.00165777	0.00180366	0.00187675	0.00186846	0.00177977	0.00162105	0.00141027	0.00116997	0.000923559	0.000691806	0.000490137	0.000327215	0.000204979	0.000119941	6.52441e-05	3.28367e-05	1.52215e-05	6.47254e-06	2.51612e-06	8.91805e-07	2.87664e-07	8.43557e-08	2.24812e-08	5.44696e-09	1.20093e-09	2.41276e-10	4.42482e-11	7.42223e-12	1.14123e-12	1.61214e-13	2.09714e-14	2.51803e-15	2.79703e-16	2.8808e-17	2.75709e-18	2.45709e-19	2.04313e-20	1.58823e-21	1.15629e-22	7.898e-24	5.07067e-25	3.23753e-26	3.23753e-26	
1.94066	1.94066	1.87582	1.81908	1.79524	1.77068	1.74023	1.69968	1.62636	1.52877	1.41212	1.28694	1.16209	1.04352	0.937442	0.844784	0.769268	0.710322	0.671941	0.649731	0.643604	0.657471	0.684456	0.731432	0.79721	0.879673	0.977981	1.08957	1.21124	1.33724	1.4598	1.56937	1.65684	1.70869	1.72203	1.69697	1.60281	1.44094	1.24191	1.00253	0.721292	0.444994	0.231836	0.102055	0.0382657	0.012373	0.00354824	0.00103877	0.000538595	0.000648856	0.000997619	0.00150545	0.00215275	0.00291636	0.00375529	0.0046108	0.00541243	0.00608696	0.00656853	0.0068082	0.00678107	0.00648998	0.00596505	0.0052593	0.00444086	0.00358322	0.00275512	0.00201195	0.00139001	0.000904579	0.000551844	0.000313986	0.000165754	8.07746e-05	3.61668e-05	1.48189e-05	5.5383e-06	1.88343e-06	5.81945e-07	1.6326e-07	4.15898e-08	9.62778e-09	2.02794e-09	3.89321e-10	6.82581e-11	1.09534e-11	1.6125e-12	2.18294e-13	2.72407e-14	3.1409e-15	3.35395e-16	3.32431e-17	3.06498e-18	2.63413e-19	2.11442e-20	1.58823e-21	1.11837e-22	7.39669e-24	4.86904e-25	4.86904e-25	
2.31263	2.31263	2.21746	2.07305	1.90457	1.74023	1.5919	1.41641	1.21603	1.01011	0.799076	0.604141	0.425157	0.274769	0.148621	0.0526391	-0.017695	-0.0639259	-0.0943907	-0.110083	-0.114508	-0.107103	-0.0846804	-0.0477224	0.00666517	0.0883051	0.195264	0.332379	0.493917	0.680411	0.882365	1.09188	1.29149	1.47108	1.59232	1.65482	1.65598	1.56369	1.3978	1.18693	0.924015	0.628069	0.362028	0.175683	0.0721727	0.0254705	0.00808043	0.00285919	0.00196554	0.00257217	0.00385254	0.00559855	0.00773035	0.0101542	0.0127332	0.0152927	0.0176379	0.0195773	0.0209449	0.0216206	0.0215443	0.0207228	0.0192291	0.0171938	0.0147896	0.0122108	0.00964975	0.00727424	0.00520987	0.00352907	0.00224958	0.00134211	0.000745186	0.000382891	0.000181095	7.8469e-05	3.10271e-05	1.11617e-05	3.64577e-06	1.08006e-06	2.90148e-07	7.07202e-08	1.56577e-08	3.15419e-09	5.79285e-10	9.72102e-11	1.49411e-11	2.10849e-12	2.73878e-13	3.28248e-14	3.63874e-15	3.7395e-16	3.57081e-17	3.175e-18	2.63413e-19	2.04313e-20	1.48434e-21	1.01206e-22	6.87384e-24	6.87384e-24	
2.62644	2.62644	2.51483	2.28668	1.98859	1.69968	1.41641	1.12183	0.838319	0.544395	0.26408	0.00794907	-0.210881	-0.38643	-0.517254	-0.60895	-0.666148	-0.703111	-0.721042	-0.728118	-0.730937	-0.727391	-0.715381	-0.691575	-0.645574	-0.576047	-0.470118	-0.320535	-0.128798	0.10766	0.372141	0.659972	0.939788	1.20188	1.42952	1.57566	1.65061	1.63787	1.52238	1.34043	1.10492	0.81431	0.514764	0.274236	0.123308	0.0476883	0.0170907	0.00763434	0.00665103	0.00901593	0.0130435	0.0182071	0.0242312	0.0308149	0.0375826	0.0441044	0.0499376	0.0546711	0.0579646	0.0595793	0.0593975	0.0574325	0.0538274	0.0488432	0.0428372	0.0362303	0.0294659	0.0229649	0.0170817	0.0120694	0.00805816	0.00505461	0.00296066	0.00160929	0.000806866	0.000371108	0.000155843	5.95325e-05	2.06328e-05	6.47786e-06	1.84135e-06	4.7404e-07	1.10642e-07	2.34503e-08	4.52241e-09	7.95393e-10	1.27895e-10	1.8849e-11	2.55277e-12	3.18515e-13	3.67055e-14	3.91623e-15	3.87754e-16	3.57081e-17	3.06498e-18	2.45709e-19	1.84326e-20	1.29665e-21	9.09386e-23	9.09386e-23	
2.87725	2.87725	2.74474	2.44618	2.04371	1.62636	1.21603	0.838319	0.472948	0.11813	-0.19638	-0.476779	-0.696628	-0.867974	-0.981829	-1.0548	-1.09108	-1.10188	-1.10444	-1.10171	-1.1001	-1.09967	-1.10409	-1.10072	-1.0793	-1.03131	-0.941581	-0.806449	-0.615212	-0.371399	-0.0761477	0.248606	0.59811	0.920123	1.21618	1.44906	1.59464	1.65669	1.60766	1.46368	1.25774	0.988037	0.676939	0.393296	0.193203	0.0824772	0.0343965	0.0198078	0.0203721	0.0276292	0.0383618	0.0513119	0.0657048	0.0807788	0.0957078	0.109645	0.121788	0.131444	0.138067	0.141287	0.140925	0.137003	0.129737	0.119533	0.106971	0.0927689	0.0777422	0.0627363	0.0485501	0.0358576	0.0251372	0.0166254	0.0103063	0.00594773	0.00317373	0.00155596	0.000696968	0.000283953	0.00010487	3.50361e-05	1.05786e-05	2.8868e-06	7.12646e-07	1.59395e-07	3.23671e-08	5.98115e-09	1.00839e-09	1.55523e-10	2.20016e-11	2.86268e-12	3.43467e-13	3.80975e-14	3.91623e-15	3.7395e-16	3.32431e-17	2.75709e-18	2.13763e-19	1.55271e-20	1.12544e-21	1.12544e-21	
3.06329	3.06329	2.90102	2.54725	2.06216	1.52877	1.01011	0.544395	0.11813	-0.251515	-0.579616	-0.843073	-1.04513	-1.17648	-1.25384	-1.27587	-1.27391	-1.25255	-1.23301	-1.21904	-1.21205	-1.22277	-1.24167	-1.26141	-1.27804	-1.27284	-1.22817	-1.13352	-0.970367	-0.748467	-0.456019	-0.122785	0.246161	0.623336	0.97358	1.27779	1.49502	1.62601	1.64937	1.55575	1.38225	1.14064	0.836414	0.525978	0.282085	0.134632	0.0673726	0.0489783	0.0552558	0.0732285	0.0971128	0.12422	0.152833	0.181464	0.208711	0.233301	0.254144	0.270369	0.281333	0.286617	0.286027	0.279582	0.267525	0.250317	0.228648	0.203433	0.175801	0.14705	0.118566	0.0917035	0.067656	0.0473124	0.0311439	0.0191551	0.0109248	0.00573579	0.00275394	0.00120256	0.00047559	0.000169874	5.47221e-05	1.58942e-05	4.16557e-06	9.8657e-07	2.11592e-07	4.11956e-08	7.30049e-09	1.18092e-09	1.74863e-10	2.37688e-11	2.97405e-12	3.43467e-13	3.67055e-14	3.63874e-15	3.35395e-16	2.8808e-17	2.31061e-18	1.73455e-19	1.30052e-20	1.30052e-20	
3.18583	3.18583	2.98859	2.59292	2.0445	1.41212	0.799076	0.26408	-0.19638	-0.579616	-0.888761	-1.11118	-1.25844	-1.32566	-1.3378	-1.30591	-1.25314	-1.19968	-1.14982	-1.12259	-1.11936	-1.13192	-1.1664	-1.21935	-1.27743	-1.32057	-1.34041	-1.30571	-1.2101	-1.03235	-0.781439	-0.453664	-0.080121	0.320682	0.712205	1.07499	1.36112	1.55625	1.64977	1.61567	1.48004	1.26987	0.985785	0.666825	0.391488	0.21251	0.129232	0.111767	0.130365	0.166298	0.209995	0.256623	0.30327	0.347788	0.388461	0.42394	0.453212	0.475542	0.490419	0.497533	0.496741	0.48806	0.471663	0.447899	0.41732	0.380711	0.339148	0.294035	0.247103	0.200324	0.155777	0.115439	0.0809286	0.0532455	0.0326017	0.018422	0.00953209	0.00448628	0.00191052	0.000733519	0.000253381	7.86992e-05	2.19908e-05	5.53634e-06	1.25846e-06	2.58948e-07	4.83701e-08	8.22678e-09	1.27787e-09	1.81826e-10	2.37688e-11	2.86268e-12	3.18515e-13	3.28248e-14	3.1409e-15	2.79703e-16	2.32319e-17	1.80407e-18	1.40054e-19	1.40054e-19	
3.2492	3.2492	3.01834	2.58979	1.99211	1.28694	0.604141	0.00794907	-0.476779	-0.843073	-1.11118	-1.27644	-1.35148	-1.34634	-1.28433	-1.19013	-1.09055	-1.00857	-0.953709	-0.91975	-0.911653	-0.93146	-0.971276	-1.0391	-1.12947	-1.22999	-1.31539	-1.35611	-1.33284	-1.22397	-1.02525	-0.738906	-0.381863	0.0307023	0.450937	0.855989	1.20297	1.45839	1.61618	1.64515	1.55385	1.37856	1.12478	0.816233	0.5279	0.329785	0.238402	0.228106	0.264292	0.321834	0.386786	0.452161	0.5143	0.571047	0.621047	0.663446	0.697694	0.723416	0.740375	0.748438	0.747545	0.737702	0.718983	0.691536	0.655625	0.611655	0.560217	0.502225	0.43905	0.372587	0.305243	0.239836	0.179365	0.126594	0.0835438	0.0510598	0.028635	0.0146153	0.00674431	0.00280044	0.00104337	0.000348411	0.000104308	2.80372e-05	6.78112e-06	1.47982e-06	2.92266e-07	5.24093e-08	8.56075e-09	1.27787e-09	1.74863e-10	2.20016e-11	2.55277e-12	2.73878e-13	2.72407e-14	2.51803e-15	2.16813e-16	1.74338e-17	1.40278e-18	1.40278e-18	
3.26012	3.26012	3.00307	2.54922	1.91588	1.16209	0.425157	-0.210881	-0.696628	-1.04513	-1.25844	-1.35148	-1.3435	-1.25765	-1.12752	-0.990574	-0.870934	-0.787774	-0.73204	-0.703404	-0.700316	-0.713258	-0.750233	-0.816038	-0.914991	-1.0434	-1.18311	-1.29832	-1.35912	-1.32985	-1.20337	-0.963342	-0.636164	-0.235691	0.199903	0.635442	1.03243	1.34329	1.5588	1.64997	1.60922	1.47483	1.26182	0.983124	0.703384	0.501568	0.409481	0.407741	0.45891	0.532672	0.611679	0.687772	0.757448	0.819253	0.872608	0.917244	0.952954	0.979579	0.99705	1.00534	1.00443	0.994307	0.975009	0.946562	0.909051	0.862648	0.807562	0.74405	0.672626	0.594275	0.510625	0.424053	0.337798	0.255834	0.182367	0.121029	0.0739615	0.0411991	0.020742	0.00937907	0.00379399	0.00137048	0.000442057	0.000127497	3.29565e-05	7.6574e-06	1.60457e-06	3.04291e-07	5.24093e-08	8.22678e-09	1.18092e-09	1.55523e-10	1.8849e-11	2.10849e-12	2.18294e-13	2.09714e-14	1.87407e-15	1.562e-16	1.30406e-17	1.30406e-17	
3.22916	3.22916	2.95686	2.48315	1.82347	1.04352	0.274769	-0.38643	-0.867974	-1.17648	-1.32566	-1.34634	-1.25765	-1.10713	-0.929349	-0.776044	-0.670418	-0.614085	-0.592224	-0.572369	-0.565357	-0.580078	-0.59804	-0.632738	-0.70535	-0.833317	-1.00138	-1.17283	-1.3059	-1.35779	-1.30343	-1.13122	-0.846994	-0.467104	-0.0282835	0.425809	0.860243	1.22047	1.48916	1.64097	1.65718	1.57325	1.41304	1.18138	0.927517	0.731302	0.637433	0.635872	0.690583	0.769094	0.852246	0.931287	1.00292	1.06612	1.12057	1.16598	1.20209	1.22888	1.24642	1.25472	1.25381	1.24367	1.22428	1.19563	1.15764	1.11039	1.05415	0.98911	0.915398	0.833225	0.743165	0.646244	0.544213	0.440029	0.338065	0.243817	0.162933	0.0996078	0.0550904	0.0273291	0.0120916	0.00475776	0.00166397	0.000517886	0.000143789	3.57279e-05	7.97376e-06	1.60457e-06	2.92266e-07	4.83701e-08	7.30049e-09	1.00839e-09	1.27895e-10	1.49411e-11	1.6125e-12	1.61214e-13	1.49698e-14	1.29472e-15	1.12279e-16	1.12279e-16	
3.17042	3.17042	2.89102	2.40186	1.7276	0.937442	0.148621	-0.517254	-0.981829	-1.25384	-1.3378	-1.28433	-1.12752	-0.929349	-0.744146	-0.620213	-0.568053	-0.55126	-0.540476	-0.531226	-0.529723	-0.534721	-0.545981	-0.556096	-0.581384	-0.660531	-0.812962	-1.00958	-1.20092	-1.32629	-1.35005	-1.24103	-1.00497	-0.65743	-0.228398	0.235551	0.698227	1.10042	1.41932	1.6335	1.71535	1.69297	1.59455	1.41703	1.19266	0.998995	0.894091	0.881274	0.929805	1.00671	1.09065	1.17117	1.24422	1.30836	1.36292	1.40755	1.4424	1.468	1.48464	1.49242	1.49156	1.48202	1.4636	1.43617	1.39939	1.35277	1.29621	1.23007	1.15469	1.07033	0.977438	0.876725	0.768872	0.654857	0.536673	0.418074	0.305056	0.205209	0.125375	0.0687279	0.0335198	0.0144773	0.00552906	0.00186887	0.000560483	0.000149665	3.57279e-05	7.6574e-06	1.47982e-06	2.58948e-07	4.11956e-08	5.98115e-09	7.95393e-10	9.72102e-11	1.09534e-11	1.14123e-12	1.10252e-13	9.90628e-15	8.93408e-16	8.93408e-16	
3.09848	3.09848	2.81564	2.31527	1.63503	0.844784	0.0526391	-0.60895	-1.0548	-1.27587	-1.30591	-1.19013	-0.990574	-0.776044	-0.620213	-0.54825	-0.555251	-0.563562	-0.550416	-0.54088	-0.539585	-0.542633	-0.555942	-0.564936	-0.545501	-0.567365	-0.673073	-0.859305	-1.07958	-1.25983	-1.34757	-1.30337	-1.12144	-0.808773	-0.392474	0.0730539	0.557018	0.996975	1.36511	1.64618	1.80283	1.84803	1.80833	1.67576	1.47141	1.27319	1.15279	1.12663	1.16853	1.24362	1.32708	1.40635	1.47668	1.53639	1.58523	1.62378	1.65345	1.67496	1.68866	1.69498	1.69426	1.68647	1.67125	1.64815	1.61679	1.57629	1.52525	1.46316	1.38994	1.30577	1.21092	1.10648	0.99402	0.874841	0.75001	0.620625	0.488939	0.36023	0.243412	0.148217	0.0802676	0.0383564	0.01612	0.00595918	0.00194254	0.000560483	0.000143789	3.29565e-05	6.78112e-06	1.25846e-06	2.11592e-07	3.23671e-08	4.52241e-09	5.79285e-10	6.82581e-11	7.42223e-12	7.46993e-13	6.98099e-14	6.55545e-15	6.55545e-15	
3.02447	3.02447	2.73899	2.23363	1.55551	0.769268	-0.017695	-0.666148	-1.09108	-1.27391	-1.25314	-1.09055	-0.870934	-0.670418	-0.568053	-0.555251	-0.574541	-0.559396	-0.510563	-0.512784	-0.526133	-0.504455	-0.528546	-0.572687	-0.566305	-0.554363	-0.595165	-0.743926	-0.963604	-1.17955	-1.32111	-1.33486	-1.19683	-0.921276	-0.521777	-0.0587093	0.44488	0.926445	1.34739	1.69745	1.92914	2.03414	2.03617	1.93192	1.74062	1.54018	1.40939	1.37224	1.40513	1.47187	1.54606	1.61502	1.67402	1.72192	1.75967	1.78901	1.81136	1.82689	1.83629	1.84084	1.8403	1.83474	1.82424	1.80741	1.78372	1.75284	1.71316	1.66279	1.60047	1.52556	1.43735	1.33543	1.22111	1.0966	0.964753	0.828227	0.688449	0.546127	0.404719	0.273585	0.165272	0.0879984	0.0410135	0.0167063	0.00595918	0.00186887	0.000517886	0.000127497	2.80372e-05	5.53634e-06	9.8657e-07	1.59395e-07	2.34503e-08	3.15419e-09	3.89321e-10	4.42482e-11	4.64547e-12	4.52102e-13	4.42601e-14	4.42601e-14	
2.95686	2.95686	2.67265	2.1664	1.48864	0.710322	-0.0639259	-0.703111	-1.10188	-1.25255	-1.19968	-1.00857	-0.787774	-0.614085	-0.55126	-0.563562	-0.559396	-0.518674	-0.464907	-0.474484	-0.491905	-0.46125	-0.483757	-0.540274	-0.562762	-0.559781	-0.559842	-0.677427	-0.874818	-1.11247	-1.28317	-1.34306	-1.24153	-1.00093	-0.614847	-0.148255	0.373034	0.900526	1.38152	1.79595	2.08632	2.23073	2.258	2.17564	1.99975	1.8007	1.65816	1.60299	1.61684	1.66551	1.72316	1.77684	1.82094	1.85526	1.88094	1.90005	1.91258	1.92018	1.92457	1.92683	1.92659	1.92387	1.91892	1.91051	1.89678	1.87637	1.8491	1.81252	1.765	1.70476	1.63128	1.54274	1.43821	1.31798	1.1837	1.03927	0.889919	0.739299	0.587474	0.435575	0.292819	0.174374	0.090719	0.0410135	0.01612	0.00552906	0.00166397	0.000442057	0.000104308	2.19908e-05	4.16557e-06	7.12646e-07	1.10642e-07	1.56577e-08	2.02794e-09	2.41276e-10	2.64601e-11	2.68497e-12	2.74383e-13	2.74383e-13	
2.90487	2.90487	2.62207	2.11504	1.44076	0.671941	-0.0943907	-0.721042	-1.10444	-1.23301	-1.14982	-0.953709	-0.73204	-0.592224	-0.540476	-0.550416	-0.510563	-0.464907	-0.460128	-0.467687	-0.470416	-0.464409	-0.460077	-0.477365	-0.531876	-0.547868	-0.548937	-0.639907	-0.817695	-1.05873	-1.249	-1.34112	-1.26985	-1.04551	-0.670588	-0.193847	0.357042	0.933009	1.46912	1.93092	2.2559	2.42434	2.47368	2.41211	2.24522	2.03756	1.87447	1.79557	1.78747	1.8167	1.8564	1.89181	1.9175	1.93417	1.94291	1.94607	1.94472	1.94255	1.94122	1.9396	1.93984	1.94161	1.94294	1.94515	1.94584	1.94165	1.9314	1.91265	1.88336	1.84075	1.78367	1.71137	1.62245	1.51665	1.39324	1.25245	1.09729	0.935094	0.773237	0.612315	0.45129	0.299413	0.174374	0.0879984	0.0383564	0.0144773	0.00475776	0.00137048	0.000348411	7.86992e-05	1.58942e-05	2.8868e-06	4.7404e-07	7.07202e-08	9.62778e-09	1.20093e-09	1.37762e-10	1.45931e-11	1.55868e-12	1.55868e-12	
2.8736	2.8736	2.59191	2.08503	1.41301	0.649731	-0.110083	-0.728118	-1.10171	-1.21904	-1.12259	-0.91975	-0.703404	-0.572369	-0.531226	-0.54088	-0.512784	-0.474484	-0.467687	-0.469483	-0.466303	-0.467112	-0.469507	-0.486119	-0.529986	-0.53837	-0.537481	-0.615787	-0.787324	-1.02698	-1.23006	-1.33741	-1.27998	-1.06367	-0.685202	-0.186303	0.40335	1.02536	1.59919	2.08503	2.42974	2.61966	2.68627	2.62957	2.45487	2.23165	2.04924	1.94896	1.91807	1.92297	1.93725	1.94638	1.94744	1.94037	1.92839	1.91301	1.89863	1.88595	1.87688	1.87148	1.87209	1.87848	1.8883	1.90137	1.91604	1.93111	1.94211	1.94747	1.94295	1.92637	1.89345	1.84301	1.77267	1.6826	1.57366	1.4465	1.30083	1.13694	0.962891	0.790267	0.620586	0.45129	0.292819	0.165272	0.0802676	0.0335198	0.0120916	0.00379399	0.00104337	0.000253381	5.47221e-05	1.05786e-05	1.84135e-06	2.90148e-07	4.15898e-08	5.44696e-09	6.54434e-10	7.24548e-11	8.09843e-12	8.09843e-12	
2.86594	2.86594	2.5847	2.07886	1.40736	0.643604	-0.114508	-0.730937	-1.1001	-1.21205	-1.11936	-0.911653	-0.700316	-0.565357	-0.529723	-0.539585	-0.526133	-0.491905	-0.470416	-0.466303	-0.467363	-0.466828	-0.477492	-0.504847	-0.534318	-0.537023	-0.531887	-0.610309	-0.781677	-1.02063	-1.22456	-1.33133	-1.27334	-1.05362	-0.652073	-0.119227	0.509088	1.16486	1.75644	2.25293	2.61328	2.8151	2.87829	2.80981	2.62341	2.38574	2.18208	2.05479	1.99373	1.96786	1.95231	1.93306	1.90783	1.87616	1.84282	1.80869	1.77827	1.75274	1.73425	1.72655	1.72734	1.73713	1.75745	1.78398	1.81534	1.84956	1.8827	1.91297	1.93523	1.9471	1.9442	1.92383	1.88254	1.81713	1.72719	1.61343	1.48021	1.32902	1.15696	0.972298	0.790267	0.612315	0.435575	0.273585	0.148217	0.0687279	0.0273291	0.00937907	0.00280044	0.000733519	0.000169874	3.50361e-05	6.47786e-06	1.08006e-06	1.6326e-07	2.24812e-08	2.83243e-09	3.28108e-10	3.84217e-11	3.84217e-11	
2.88342	2.88342	2.60143	2.09408	1.42181	0.657471	-0.107103	-0.727391	-1.09967	-1.22277	-1.13192	-0.93146	-0.713258	-0.580078	-0.534721	-0.542633	-0.504455	-0.46125	-0.464409	-0.467112	-0.466828	-0.466014	-0.461728	-0.472204	-0.526367	-0.541451	-0.541898	-0.624573	-0.797988	-1.03718	-1.23479	-1.32846	-1.25437	-1.00582	-0.571209	0.00507839	0.669478	1.33784	1.9329	2.4378	2.80223	2.99234	3.03877	2.95707	2.75231	2.48902	2.25712	2.10141	2.01065	1.9548	1.90754	1.85726	1.80105	1.74188	1.68221	1.62665	1.5775	1.54018	1.51438	1.5017	1.50313	1.51855	1.54674	1.58655	1.63741	1.69393	1.75387	1.81206	1.86573	1.90879	1.93802	1.94864	1.93893	1.90486	1.84489	1.75637	1.63761	1.49663	1.33821	1.15696	0.962891	0.773237	0.587474	0.404719	0.243412	0.125375	0.0550904	0.020742	0.00674431	0.00191052	0.00047559	0.00010487	2.06328e-05	3.64577e-06	5.81945e-07	8.43557e-08	1.11569e-08	1.35354e-09	1.66226e-10	1.66226e-10	
2.92325	2.92325	2.64041	2.13381	1.4574	0.684456	-0.0846804	-0.715381	-1.10409	-1.24167	-1.1664	-0.971276	-0.750233	-0.59804	-0.545981	-0.555942	-0.528546	-0.483757	-0.460077	-0.469507	-0.477492	-0.461728	-0.467323	-0.499282	-0.545147	-0.552631	-0.553144	-0.650502	-0.836608	-1.07454	-1.25542	-1.3261	-1.21163	-0.918956	-0.433534	0.181368	0.864251	1.53536	2.13193	2.63488	2.97941	3.14481	3.17353	3.06443	2.82501	2.5338	2.27763	2.09484	1.97198	1.88083	1.79685	1.71199	1.62363	1.53573	1.4513	1.37502	1.31064	1.25943	1.22441	1.2074	1.2093	1.22996	1.2685	1.32265	1.38945	1.46775	1.55292	1.64089	1.72713	1.80608	1.87299	1.92165	1.94784	1.9472	1.91725	1.85882	1.77031	1.64581	1.49663	1.32902	1.13694	0.935094	0.739299	0.546127	0.36023	0.205209	0.0996078	0.0411991	0.0146153	0.00448628	0.00120256	0.000283953	5.95325e-05	1.11617e-05	1.88343e-06	2.87664e-07	3.99724e-08	5.0826e-09	6.55161e-10	6.55161e-10	
2.98238	2.98238	2.69769	2.19191	1.5135	0.731432	-0.0477224	-0.691575	-1.10072	-1.26141	-1.21935	-1.0391	-0.816038	-0.632738	-0.556096	-0.564936	-0.572687	-0.540274	-0.477365	-0.486119	-0.504847	-0.472204	-0.499282	-0.561341	-0.57028	-0.559756	-0.569803	-0.700022	-0.904878	-1.13506	-1.28442	-1.30707	-1.14021	-0.787405	-0.247621	0.397556	1.0902	1.75724	2.34746	2.829	3.13814	3.27586	3.27088	3.11833	2.84681	2.52692	2.24189	2.02817	1.87255	1.74597	1.62764	1.50816	1.38839	1.27107	1.16144	1.0631	0.980311	0.916745	0.873678	0.8544	0.856526	0.880415	0.927961	0.99554	1.08175	1.18238	1.29378	1.41178	1.53039	1.64473	1.74825	1.836	1.90284	1.94275	1.95192	1.92383	1.86289	1.77031	1.63761	1.48021	1.30083	1.09729	0.889919	0.688449	0.488939	0.305056	0.162933	0.0739615	0.028635	0.00953209	0.00275394	0.000696968	0.000155843	3.10271e-05	5.5383e-06	8.91805e-07	1.30262e-07	1.7368e-08	2.35124e-09	2.35124e-09	
3.05397	3.05397	2.76886	2.26495	1.58617	0.79721	0.00666517	-0.645574	-1.0793	-1.27804	-1.27743	-1.12947	-0.914991	-0.70535	-0.581384	-0.545501	-0.566305	-0.562762	-0.531876	-0.529986	-0.534318	-0.526367	-0.545147	-0.57028	-0.554943	-0.551413	-0.618697	-0.783224	-1.00613	-1.20459	-1.31342	-1.26329	-1.029	-0.60574	-0.0187517	0.646128	1.34186	1.99857	2.56833	3.01106	3.27815	3.37533	3.32175	3.12827	2.81581	2.45923	2.1503	1.90979	1.72308	1.56025	1.40438	1.24962	1.09701	0.952542	0.818332	0.701532	0.604497	0.530492	0.480536	0.45526	0.458179	0.488639	0.543445	0.622245	0.723159	0.843664	0.980658	1.12679	1.27917	1.43017	1.57345	1.70203	1.80896	1.88946	1.93704	1.95344	1.92383	1.85882	1.75637	1.61343	1.4465	1.25245	1.03927	0.828227	0.620625	0.418074	0.243817	0.121029	0.0510598	0.018422	0.00573579	0.00155596	0.000371108	7.8469e-05	1.48189e-05	2.51612e-06	3.86375e-07	5.40262e-08	7.68322e-09	7.68322e-09	
3.12831	3.12831	2.84663	2.34972	1.67028	0.879673	0.0883051	-0.576047	-1.03131	-1.27284	-1.32057	-1.22999	-1.0434	-0.833317	-0.660531	-0.567365	-0.554363	-0.559781	-0.547868	-0.53837	-0.537023	-0.541452	-0.552634	-0.559763	-0.551425	-0.594424	-0.721923	-0.915404	-1.12412	-1.27541	-1.31164	-1.18612	-0.871417	-0.376862	0.247142	0.925569	1.61439	2.24984	2.78416	3.17716	3.39261	3.43525	3.33131	3.08724	2.72584	2.34559	2.01112	1.74353	1.52354	1.32647	1.13522	0.948897	0.766983	0.596731	0.442906	0.307773	0.196898	0.112063	0.055898	0.0310115	0.0337825	0.0646692	0.126847	0.216817	0.332702	0.472418	0.629853	0.802442	0.984872	1.16921	1.34979	1.51948	1.66939	1.79533	1.88507	1.93704	1.95192	1.91725	1.84489	1.72719	1.57366	1.39324	1.1837	0.964753	0.75001	0.536673	0.338065	0.182367	0.0835438	0.0326017	0.0109248	0.00317373	0.000806866	0.000181095	3.61668e-05	6.47254e-06	1.04456e-06	1.53132e-07	2.28732e-08	2.28732e-08	
3.19632	3.19632	2.91907	2.43568	1.766	0.977981	0.195264	-0.470118	-0.941581	-1.22817	-1.34041	-1.31539	-1.18311	-1.00138	-0.812962	-0.673073	-0.595165	-0.559842	-0.548937	-0.537482	-0.531888	-0.541903	-0.553159	-0.569842	-0.618783	-0.722059	-0.884701	-1.07528	-1.23985	-1.322	-1.2744	-1.05341	-0.658562	-0.104717	0.546856	1.22647	1.90067	2.50355	2.98742	3.32087	3.47301	3.4548	3.29584	2.99313	2.59248	2.18348	1.82649	1.539	1.28836	1.05875	0.833777	0.615392	0.408028	0.214823	0.0428887	-0.103049	-0.222989	-0.312518	-0.372329	-0.402467	-0.398969	-0.3627	-0.2973	-0.201622	-0.0757042	0.0758463	0.251842	0.447985	0.658106	0.8746	1.09321	1.29954	1.49334	1.65684	1.79533	1.88946	1.94275	1.9472	1.90486	1.81713	1.6826	1.51665	1.31798	1.0966	0.874841	0.654857	0.440029	0.255834	0.126594	0.0532455	0.0191551	0.00594773	0.00160929	0.000382891	8.07746e-05	1.52215e-05	2.57935e-06	3.9614e-07	6.21082e-08	6.21082e-08	
3.2457	3.2457	2.9784	2.51188	1.86103	1.08957	0.332379	-0.320535	-0.806449	-1.13352	-1.30571	-1.35611	-1.29832	-1.17283	-1.00958	-0.859305	-0.743926	-0.677427	-0.639908	-0.615789	-0.610318	-0.624602	-0.650583	-0.700227	-0.783678	-0.916251	-1.0764	-1.22508	-1.32149	-1.31597	-1.17496	-0.867095	-0.392251	0.210441	0.873326	1.54625	2.19444	2.74704	3.1693	3.43462	3.51466	3.43348	3.21337	2.8519	2.41372	1.98288	1.61489	1.30042	1.02455	0.761594	0.509947	0.265281	0.0367584	-0.171521	-0.356631	-0.512562	-0.637109	-0.731557	-0.792997	-0.819815	-0.81691	-0.783736	-0.715496	-0.6145	-0.483254	-0.32187	-0.132332	0.0815822	0.312233	0.557733	0.805272	1.05088	1.28235	1.49334	1.66939	1.80896	1.90284	1.94784	1.93893	1.88254	1.77267	1.62245	1.43821	1.22111	0.99402	0.768872	0.544213	0.337798	0.179365	0.0809286	0.0311439	0.0103063	0.00296066	0.000745186	0.000165754	3.28367e-05	5.83408e-06	9.37453e-07	1.54091e-07	1.54091e-07	
3.26146	3.26146	3.01355	2.56921	1.94871	1.21124	0.493917	-0.128798	-0.615212	-0.970367	-1.2101	-1.33284	-1.35912	-1.3059	-1.20092	-1.07958	-0.963604	-0.874819	-0.817699	-0.787339	-0.781725	-0.79813	-0.836988	-0.905788	-1.00809	-1.1278	-1.24569	-1.32802	-1.33996	-1.24136	-1.00603	-0.60592	-0.0741525	0.559076	1.22134	1.87509	2.48051	2.97025	3.32384	3.51161	3.51487	3.36924	3.08368	2.66864	2.20113	1.75617	1.37505	1.04491	0.743408	0.453924	0.175084	-0.0892735	-0.335059	-0.553233	-0.743008	-0.900483	-1.02475	-1.11494	-1.17488	-1.20525	-1.20185	-1.16545	-1.09953	-1.00222	-0.871597	-0.708134	-0.511228	-0.287998	-0.0383909	0.228876	0.505088	0.783627	1.05088	1.29954	1.51948	1.70203	1.836	1.92165	1.94864	1.92383	1.84301	1.71137	1.54274	1.33543	1.10648	0.876725	0.646244	0.424053	0.239836	0.115439	0.0473124	0.0166254	0.00505461	0.00134211	0.000313986	6.52441e-05	1.21291e-05	2.03537e-06	3.50132e-07	3.50132e-07	
3.23088	3.23088	3.01251	2.59582	2.01615	1.33724	0.680411	0.10766	-0.371399	-0.748467	-1.03235	-1.22397	-1.32985	-1.35779	-1.32629	-1.25983	-1.17955	-1.11247	-1.05876	-1.02705	-1.02086	-1.03781	-1.07611	-1.1386	-1.21175	-1.28843	-1.34286	-1.34391	-1.26762	-1.07863	-0.757114	-0.291884	0.290244	0.935698	1.57819	2.20131	2.74803	3.1654	3.44267	3.54483	3.47204	3.26237	2.91177	2.4511	1.96267	1.51394	1.12634	0.777733	0.453583	0.142381	-0.155885	-0.433877	-0.687629	-0.910051	-1.09805	-1.25171	-1.36953	-1.45434	-1.50771	-1.53	-1.5277	-1.49979	-1.43979	-1.34856	-1.22397	-1.063	-0.868354	-0.639461	-0.380351	-0.0983044	0.199994	0.505088	0.805272	1.09321	1.34979	1.57345	1.74825	1.87299	1.93802	1.9442	1.89345	1.78367	1.63128	1.43735	1.21092	0.977438	0.743165	0.510625	0.305243	0.155777	0.067656	0.0251372	0.00805816	0.00224958	0.000551844	0.000119941	2.32708e-05	4.06852e-06	7.30768e-07	7.30768e-07	
3.14445	3.14445	2.96125	2.58095	2.05546	1.4598	0.882365	0.372141	-0.0761477	-0.456019	-0.781439	-1.02525	-1.20337	-1.30343	-1.35005	-1.34757	-1.32112	-1.2832	-1.24911	-1.23039	-1.22553	-1.23727	-1.26116	-1.29638	-1.33601	-1.35029	-1.33396	-1.25591	-1.09759	-0.829045	-0.435162	0.0874849	0.687311	1.3207	1.93592	2.51086	2.98303	3.32354	3.51685	3.53088	3.3876	3.11333	2.70201	2.20905	1.71264	1.26628	0.872546	0.513071	0.168296	-0.160874	-0.473404	-0.758819	-1.01322	-1.22999	-1.40797	-1.54696	-1.65099	-1.72202	-1.76674	-1.78913	-1.78659	-1.75968	-1.71003	-1.63271	-1.52236	-1.37585	-1.1893	-0.965582	-0.70383	-0.413108	-0.0983044	0.228876	0.557733	0.8746	1.16921	1.43017	1.64473	1.80608	1.90879	1.9471	1.92637	1.84075	1.70476	1.52556	1.30577	1.07033	0.833225	0.594275	0.372587	0.200324	0.0917035	0.0358576	0.0120694	0.00352907	0.000904579	0.000204979	4.13805e-05	7.51634e-06	1.40563e-06	1.40563e-06	
2.99694	2.99694	2.84706	2.51352	2.0591	1.56937	1.09188	0.659972	0.248606	-0.122785	-0.453664	-0.738906	-0.963342	-1.13122	-1.24104	-1.30338	-1.3349	-1.3432	-1.34158	-1.33877	-1.33493	-1.337	-1.34428	-1.34202	-1.32431	-1.28323	-1.19437	-1.05204	-0.819378	-0.495266	-0.0456519	0.493161	1.10136	1.70679	2.27479	2.78451	3.17645	3.43615	3.53866	3.46935	3.26206	2.92546	2.46505	1.95429	1.46329	1.0258	0.627587	0.254395	-0.104737	-0.446063	-0.764801	-1.05079	-1.29748	-1.50247	-1.66155	-1.78039	-1.86131	-1.91087	-1.93846	-1.94835	-1.94733	-1.93444	-1.90279	-1.84821	-1.75998	-1.63249	-1.46533	-1.2514	-0.996382	-0.70383	-0.380351	-0.0383909	0.312233	0.658106	0.984872	1.27917	1.53039	1.72713	1.86573	1.93523	1.94295	1.88336	1.765	1.60047	1.38994	1.15469	0.915398	0.672626	0.43905	0.247103	0.118566	0.0485501	0.0170817	0.00520987	0.00139001	0.000327215	6.85011e-05	1.28858e-05	2.50083e-06	2.50083e-06	
2.78492	2.78492	2.66158	2.38862	2.02434	1.65684	1.29149	0.939788	0.59811	0.246161	-0.0801211	-0.381863	-0.636164	-0.846996	-1.00498	-1.12148	-1.197	-1.24211	-1.27162	-1.28482	-1.28509	-1.27989	-1.26138	-1.22781	-1.16939	-1.07782	-0.938092	-0.739933	-0.465282	-0.0946319	0.377005	0.929126	1.513	2.06216	2.57949	3.01045	3.31851	3.4923	3.50419	3.3638	3.09862	2.70409	2.211	1.70219	1.22647	0.798034	0.397331	0.0137967	-0.358398	-0.706931	-1.02588	-1.30383	-1.53547	-1.71674	-1.84964	-1.93653	-1.98845	-2.01358	-2.02092	-2.02113	-2.02112	-2.02026	-2.01033	-1.98041	-1.92237	-1.82683	-1.6843	-1.49344	-1.2514	-0.965582	-0.639461	-0.287998	0.0815822	0.447985	0.802442	1.12679	1.41178	1.64089	1.81206	1.91297	1.94747	1.91265	1.81252	1.66279	1.46316	1.23007	0.98911	0.74405	0.502225	0.294035	0.14705	0.0627363	0.0229649	0.00727424	0.00201195	0.000490137	0.000106019	2.0583e-05	4.13073e-06	4.13073e-06	
2.50814	2.50814	2.40266	2.20591	1.95369	1.70869	1.47108	1.20188	0.920123	0.623336	0.320682	0.0307019	-0.235693	-0.467114	-0.657478	-0.808963	-0.921949	-1.00306	-1.05151	-1.07867	-1.08688	-1.07158	-1.03551	-0.974303	-0.879849	-0.748537	-0.574135	-0.34196	-0.0405031	0.348566	0.819208	1.35186	1.8819	2.38668	2.83009	3.17136	3.40067	3.48461	3.41629	3.21823	2.89851	2.45935	1.95754	1.46663	1.01346	0.592861	0.186479	-0.20572	-0.584153	-0.935802	-1.24823	-1.51388	-1.72186	-1.87572	-1.97115	-2.01951	-2.03042	-2.01609	-1.99682	-1.9862	-1.98731	-2.00004	-2.02003	-2.03107	-2.01281	-1.95585	-1.85025	-1.6843	-1.46533	-1.1893	-0.868354	-0.511228	-0.132332	0.251842	0.629853	0.980658	1.29378	1.55292	1.75387	1.8827	1.94211	1.9314	1.8491	1.71316	1.52525	1.29621	1.05415	0.807562	0.560217	0.339148	0.175801	0.0777422	0.0294659	0.00964975	0.00275512	0.000691806	0.000154028	3.07503e-05	6.35713e-06	6.35713e-06	
2.16953	2.16953	2.082	1.96856	1.84992	1.72203	1.59232	1.42952	1.21618	0.97358	0.712205	0.450935	0.199893	-0.0283307	-0.228594	-0.393196	-0.524152	-0.621762	-0.688377	-0.725607	-0.733243	-0.716213	-0.666037	-0.586589	-0.474855	-0.327296	-0.136719	0.103736	0.408759	0.78757	1.2416	1.7336	2.21441	2.64571	2.99819	3.26849	3.41402	3.4101	3.28284	3.03667	2.66936	2.20727	1.72172	1.26141	0.828255	0.413608	0.00175295	-0.399541	-0.7813	-1.12977	-1.43166	-1.67675	-1.85787	-1.97391	-2.02906	-2.03188	-1.99719	-1.94523	-1.88932	-1.85252	-1.8569	-1.89966	-1.9564	-2.00597	-2.03509	-2.0226	-1.95585	-1.82683	-1.63249	-1.37585	-1.063	-0.708134	-0.32187	0.0758463	0.472418	0.843664	1.18238	1.46775	1.69393	1.84956	1.93111	1.94165	1.87637	1.75284	1.57629	1.35277	1.11039	0.862648	0.611655	0.380711	0.203433	0.0927689	0.0362303	0.0122108	0.00358322	0.000923559	0.000210823	4.31175e-05	9.14591e-06	9.14591e-06	
1.77406	1.77406	1.72658	1.69446	1.70029	1.69697	1.65482	1.57566	1.44906	1.27779	1.07499	0.85598	0.635399	0.425623	0.234834	0.070605	-0.066102	-0.167898	-0.23968	-0.280215	-0.288893	-0.26764	-0.214345	-0.130493	-0.0145483	0.138411	0.326219	0.559243	0.848525	1.20481	1.62082	2.05572	2.46339	2.81115	3.09808	3.29222	3.34573	3.28096	3.11295	2.82034	2.42305	1.97003	1.52096	1.09318	0.676215	0.260802	-0.155146	-0.562465	-0.945148	-1.28829	-1.57491	-1.79858	-1.946	-2.02262	-2.03109	-1.97967	-1.89724	-1.8035	-1.71921	-1.67221	-1.67759	-1.73368	-1.82252	-1.91536	-1.9929	-2.03509	-2.01281	-1.92237	-1.75998	-1.52236	-1.22397	-0.871597	-0.483254	-0.0757042	0.332702	0.723159	1.08175	1.38945	1.63741	1.81534	1.91604	1.94584	1.89678	1.78372	1.61679	1.39939	1.15764	0.909051	0.655625	0.41732	0.228648	0.106971	0.0428372	0.0147896	0.00444086	0.00116997	0.000272721	5.69185e-05	1.23369e-05	1.23369e-05	
1.33874	1.33874	1.36106	1.41528	1.50627	1.60281	1.65598	1.65061	1.59464	1.49502	1.36111	1.20293	1.03227	0.859586	0.695889	0.54968	0.424674	0.3244	0.254906	0.215787	0.205412	0.229174	0.27968	0.362009	0.473717	0.612983	0.780931	0.987515	1.24118	1.55318	1.91199	2.28213	2.61896	2.90055	3.11395	3.2201	3.21181	3.1138	2.90529	2.57918	2.18551	1.76846	1.36517	0.963864	0.555924	0.137513	-0.284648	-0.694319	-1.07559	-1.41076	-1.68176	-1.88143	-1.99703	-2.0315	-1.99281	-1.89099	-1.7531	-1.61621	-1.5095	-1.45254	-1.45921	-1.52734	-1.64183	-1.78222	-1.91536	-2.00597	-2.03107	-1.98041	-1.84821	-1.63271	-1.34856	-1.00222	-0.6145	-0.201622	0.216817	0.622245	0.99554	1.32265	1.58655	1.78398	1.90137	1.94515	1.91051	1.80741	1.64815	1.43617	1.19563	0.946562	0.691536	0.447899	0.250317	0.119533	0.0488432	0.0171938	0.0052593	0.00141027	0.000334321	7.09232e-05	1.56425e-05	1.56425e-05	
0.907648	0.907648	0.999222	1.14011	1.29291	1.44094	1.56369	1.63787	1.65669	1.626	1.55622	1.45826	1.34273	1.2184	1.09366	0.977609	0.878131	0.795927	0.736468	0.702687	0.69451	0.713316	0.757417	0.826873	0.918522	1.03041	1.1673	1.33384	1.54242	1.8038	2.10707	2.41442	2.68081	2.88714	3.02442	3.07578	3.03787	2.90686	2.66398	2.33861	1.98417	1.61959	1.25573	0.871176	0.467813	0.0430788	-0.381326	-0.79608	-1.171	-1.50081	-1.75429	-1.93216	-2.01989	-2.0123	-1.9353	-1.78825	-1.60581	-1.44703	-1.33088	-1.26654	-1.27419	-1.35065	-1.47551	-1.64183	-1.82252	-1.9564	-2.02003	-2.01033	-1.90279	-1.71003	-1.43979	-1.09953	-0.715496	-0.2973	0.126847	0.543445	0.927961	1.2685	1.54674	1.75745	1.8883	1.94294	1.91892	1.82424	1.67125	1.4636	1.22428	0.975009	0.718983	0.471663	0.267525	0.129737	0.0538274	0.0192291	0.00596505	0.00162105	0.00038922	8.35954e-05	1.8682e-05	1.8682e-05	
0.541156	0.541156	0.662717	0.855448	1.0591	1.24191	1.3978	1.52238	1.60766	1.64935	1.64967	1.61575	1.55711	1.48337	1.40203	1.32018	1.24646	1.18599	1.14089	1.11445	1.10868	1.12228	1.15681	1.20894	1.27716	1.36067	1.46087	1.58332	1.74305	1.94931	2.19026	2.42754	2.62339	2.76902	2.86412	2.88745	2.81934	2.65972	2.41882	2.13592	1.83848	1.52382	1.18736	0.810707	0.408658	-0.0214671	-0.447216	-0.864617	-1.23573	-1.55916	-1.80078	-1.95946	-2.02453	-1.98538	-1.87173	-1.69403	-1.48711	-1.32386	-1.23819	-1.20938	-1.21196	-1.24961	-1.35065	-1.52734	-1.73368	-1.89966	-2.00004	-2.02026	-1.93444	-1.75968	-1.49979	-1.16545	-0.783736	-0.3627	0.0646692	0.488639	0.880415	1.22996	1.51855	1.73713	1.87848	1.94161	1.92387	1.83474	1.68647	1.48202	1.24367	0.994307	0.737702	0.48806	0.279582	0.137003	0.0574325	0.0207228	0.00648998	0.00177977	0.000431039	9.3355e-05	2.10502e-05	2.10502e-05	
0.280281	0.280281	0.386619	0.571693	0.790643	1.00253	1.18693	1.34043	1.46367	1.55568	1.61535	1.64387	1.64539	1.6266	1.59442	1.5545	1.5128	1.47602	1.44777	1.43065	1.42674	1.43598	1.45807	1.49061	1.53169	1.57962	1.63521	1.70757	1.81207	1.95936	2.14046	2.32219	2.47283	2.58506	2.65257	2.64704	2.55802	2.40725	2.21176	1.99266	1.7526	1.47347	1.15186	0.781526	0.376222	-0.0536249	-0.483419	-0.898355	-1.27135	-1.58629	-1.82666	-1.96881	-2.02417	-1.96669	-1.82434	-1.63621	-1.41542	-1.25101	-1.21359	-1.23967	-1.23465	-1.21196	-1.27419	-1.45921	-1.67759	-1.8569	-1.98731	-2.02112	-1.94733	-1.78659	-1.5277	-1.20185	-0.81691	-0.398969	0.0337825	0.458179	0.856526	1.2093	1.50313	1.72734	1.87209	1.93984	1.92659	1.8403	1.69426	1.49156	1.25381	1.00443	0.747545	0.496741	0.286027	0.140925	0.0593975	0.0215443	0.00678107	0.00186846	0.000454574	9.88847e-05	2.24016e-05	2.24016e-05	
0.125602	0.125602	0.195389	0.330088	0.514209	0.721292	0.924013	1.10491	1.2577	1.38204	1.47914	1.55048	1.59813	1.62545	1.63712	1.63763	1.63074	1.62072	1.61144	1.60529	1.60373	1.60738	1.61512	1.62552	1.63654	1.64722	1.66085	1.68841	1.74652	1.84893	1.98935	2.13597	2.25576	2.33921	2.38182	2.36608	2.29675	2.19826	2.07058	1.91205	1.71334	1.45646	1.14429	0.777766	0.3729	-0.0565081	-0.486752	-0.901242	-1.27454	-1.58845	-1.82913	-1.96938	-2.02433	-1.96504	-1.81949	-1.63083	-1.40842	-1.24375	-1.21257	-1.24564	-1.23967	-1.20938	-1.26654	-1.45254	-1.67221	-1.85252	-1.9862	-2.02113	-1.94835	-1.78913	-1.53	-1.20525	-0.819815	-0.402467	0.0310115	0.45526	0.8544	1.2074	1.5017	1.72655	1.87148	1.9396	1.92683	1.84084	1.69498	1.49242	1.25472	1.00534	0.748438	0.497533	0.286617	0.141287	0.0595793	0.0216206	0.0068082	0.00187675	0.00045678	9.94043e-05	2.25289e-05	2.25289e-05	
0.0487769	0.0487769	0.0851431	0.162704	0.284599	0.444994	0.628064	0.814284	0.987908	1.14006	1.26759	1.37062	1.45084	1.5107	1.55343	1.58268	1.6016	1.61281	1.61889	1.6217	1.62225	1.62091	1.61704	1.60961	1.59742	1.58078	1.56416	1.55881	1.58249	1.65054	1.75803	1.87428	1.96815	2.03576	2.0828	2.0999	2.08851	2.05855	1.99312	1.87927	1.70579	1.46346	1.16074	0.7971	0.39847	-0.0308918	-0.456999	-0.873927	-1.24508	-1.56679	-1.80759	-1.96258	-2.0246	-1.98079	-1.8602	-1.67911	-1.46872	-1.30485	-1.22938	-1.21257	-1.21359	-1.23819	-1.33088	-1.5095	-1.71921	-1.88932	-1.99682	-2.02092	-1.93846	-1.76674	-1.50771	-1.17488	-0.792997	-0.372329	0.055898	0.480536	0.873678	1.22441	1.51438	1.73425	1.87688	1.94122	1.92457	1.83629	1.68866	1.48464	1.24642	0.99705	0.740375	0.490419	0.281333	0.138067	0.0579646	0.0209449	0.00656853	0.00180366	0.000437368	9.48396e-05	2.14124e-05	2.14124e-05	
0.0164923	0.0164923	0.0320578	0.0684773	0.133386	0.231834	0.362014	0.514691	0.676596	0.834983	0.980527	1.10793	1.21514	1.30227	1.37078	1.42297	1.46147	1.48852	1.50601	1.5154	1.51751	1.51254	1.50013	1.47944	1.44973	1.41168	1.36983	1.33572	1.32842	1.36576	1.44725	1.54781	1.64156	1.72937	1.81971	1.89834	1.95328	1.98171	1.95898	1.873	1.71979	1.4893	1.19649	0.84182	0.449359	0.026423	-0.39689	-0.812419	-1.18616	-1.5152	-1.76548	-1.93948	-2.02188	-2.0068	-1.92264	-1.76766	-1.57929	-1.41881	-1.30485	-1.24375	-1.25101	-1.32386	-1.44703	-1.61621	-1.8035	-1.94523	-2.01609	-2.01358	-1.91087	-1.72202	-1.45434	-1.11494	-0.731557	-0.312518	0.112063	0.530492	0.916745	1.25943	1.54018	1.75274	1.88594	1.94255	1.92018	1.82689	1.67496	1.468	1.22888	0.979579	0.723416	0.475542	0.270369	0.131444	0.0546711	0.0195773	0.00608696	0.00165777	0.000398864	8.58386e-05	1.92244e-05	1.92244e-05	
