6.00277e-06	6.00277e-06	3.06706e-05	0.000156031	0.000689782	0.00262628	0.00857333	0.023951	0.0573817	0.118771	0.215171	0.347094	0.507801	0.68535	0.865676	1.03541	1.18383	1.30344	1.38955	1.43916	1.45073	1.42394	1.35954	1.2596	1.12777	0.96973	0.7943	0.613371	0.440906	0.290491	0.172325	0.0903967	0.0412849	0.0162373	0.00546898	0.00157628	0.000389843	8.31422e-05	1.53842e-05	2.48594e-06	3.53112e-07	4.43691e-08	4.96112e-09	4.96381e-10	4.46693e-11	3.63252e-12	2.6819e-13	1.8511e-14	3.20738e-15	8.0763e-15	2.68159e-14	7.85371e-14	2.01284e-13	4.51687e-13	8.90281e-13	1.55078e-12	2.40531e-12	3.33911e-12	4.15068e-12	4.6068e-12	4.55358e-12	4.00954e-12	3.15387e-12	2.22149e-12	1.39916e-12	7.83219e-13	3.8669e-13	1.67439e-13	6.34289e-14	2.1018e-14	6.09896e-15	1.5524e-15	3.47266e-16	6.84121e-17	1.18966e-17	1.83098e-18	2.50154e-19	3.04387e-20	3.31032e-21	3.22941e-22	2.83653e-23	2.25136e-24	1.62046e-25	1.06133e-26	6.3459e-28	3.47459e-29	1.74719e-30	8.09068e-32	3.45895e-33	1.36853e-34	5.02205e-36	1.71288e-37	5.44048e-39	1.61212e-40	4.46418e-42	1.15706e-43	2.81116e-45	6.41105e-47	1.40187e-48	1.40187e-48	
6.00277e-06	6.00277e-06	3.06706e-05	0.000156031	0.000689782	0.00262628	0.00857333	0.023951	0.0573817	0.118771	0.215171	0.347094	0.507801	0.68535	0.865676	1.03541	1.18383	1.30344	1.38955	1.43916	1.45073	1.42394	1.35954	1.2596	1.12777	0.96973	0.7943	0.613371	0.440906	0.290491	0.172325	0.0903967	0.0412849	0.0162373	0.00546898	0.00157628	0.000389843	8.31422e-05	1.53842e-05	2.48594e-06	3.53112e-07	4.43691e-08	4.96112e-09	4.96381e-10	4.46693e-11	3.63252e-12	2.6819e-13	1.8511e-14	3.20738e-15	8.0763e-15	2.68159e-14	7.85371e-14	2.01284e-13	4.51687e-13	8.90281e-13	1.55078e-12	2.40531e-12	3.33911e-12	4.15068e-12	4.6068e-12	4.55358e-12	4.00954e-12	3.15387e-12	2.22149e-12	1.39916e-12	7.83219e-13	3.8669e-13	1.67439e-13	6.34289e-14	2.1018e-14	6.09896e-15	1.5524e-15	3.47266e-16	6.84121e-17	1.18966e-17	1.83098e-18	2.50154e-19	3.04387e-20	3.31032e-21	3.22941e-22	2.83653e-23	2.25136e-24	1.62046e-25	1.06133e-26	6.3459e-28	3.47459e-29	1.74719e-30	8.09068e-32	3.45895e-33	1.36853e-34	5.02205e-36	1.71288e-37	5.44048e-39	1.61212e-40	4.46418e-42	1.15706e-43	2.81116e-45	6.41105e-47	1.40187e-48	1.40187e-48	
3.06706e-05	3.06706e-05	0.000142148	0.000656974	0.00261867	0.0089088	0.0257495	0.0631818	0.132281	0.239319	0.381581	0.548759	0.727506	0.905113	1.07129	1.21883	1.3432	1.44148	1.51139	1.55119	1.56033	1.53891	1.487	1.40553	1.29652	1.16245	1.00677	0.835011	0.655543	0.479837	0.321094	0.192009	0.100376	0.0451003	0.017247	0.00559693	0.00154456	0.000364374	7.39839e-05	1.30253e-05	2.00317e-06	2.71021e-07	3.24736e-08	3.46709e-09	3.31704e-10	2.85842e-11	2.23081e-12	1.66362e-13	4.51377e-14	1.28363e-13	4.10229e-13	1.15568e-12	2.85802e-12	6.21388e-12	1.19223e-11	2.03092e-11	3.09226e-11	4.22782e-11	5.19628e-11	5.73351e-11	5.67103e-11	5.02896e-11	4.00444e-11	2.866e-11	1.84022e-11	1.05441e-11	5.35408e-12	2.39553e-12	9.41375e-13	3.24566e-13	9.82038e-14	2.61002e-14	6.10126e-15	1.25649e-15	2.28409e-16	3.67372e-17	5.24254e-18	6.65863e-19	7.553e-20	7.67899e-21	7.0231e-22	5.7993e-23	4.33903e-24	2.9517e-25	1.83165e-26	1.04006e-27	5.41993e-29	2.59925e-30	1.15014e-31	4.70703e-33	1.78578e-34	6.29373e-36	2.06467e-37	6.31618e-39	1.80497e-40	4.82614e-42	1.20919e-43	2.84298e-45	6.41105e-47	6.41105e-47	
0.000156031	0.000156031	0.000656974	0.00276189	0.00993443	0.0302031	0.077245	0.166292	0.30406	0.481401	0.678214	0.874767	1.05764	1.21976	1.35852	1.47432	1.56789	1.63954	1.68844	1.71562	1.72182	1.7071	1.67134	1.61347	1.53299	1.43066	1.30568	1.15756	0.986599	0.797097	0.598526	0.406882	0.243372	0.125018	0.054321	0.0198498	0.00610838	0.00159191	0.000354062	6.77752e-05	1.12599e-05	1.63655e-06	2.09637e-07	2.38284e-08	2.41816e-09	2.20335e-10	1.81468e-11	1.49093e-12	6.52329e-13	1.9717e-12	6.06084e-12	1.64333e-11	3.92405e-11	8.2714e-11	1.54567e-10	2.57595e-10	3.85201e-10	5.19047e-10	6.31256e-10	6.92774e-10	6.8564e-10	6.11984e-10	4.92921e-10	3.58229e-10	2.34387e-10	1.37407e-10	7.17173e-11	3.31338e-11	1.34982e-11	4.83946e-12	1.52605e-12	4.23331e-13	1.03382e-13	2.2251e-14	4.22753e-15	7.10473e-16	1.05886e-16	1.40362e-17	1.66043e-18	1.75906e-19	1.67496e-20	1.4387e-21	1.11876e-22	7.90325e-24	5.08884e-25	2.99603e-26	1.61764e-27	8.03239e-29	3.67771e-30	1.55651e-31	6.10335e-33	2.2221e-34	7.52684e-36	2.37648e-37	7.00633e-39	1.93196e-40	4.99026e-42	1.20919e-43	2.81116e-45	2.81116e-45	
0.000689782	0.000689782	0.00261867	0.00993443	0.0319605	0.0859672	0.192542	0.360607	0.574399	0.802275	1.01886	1.21234	1.37874	1.51736	1.62962	1.71792	1.78371	1.82912	1.85675	1.87191	1.87581	1.86719	1.84723	1.81307	1.75981	1.68532	1.58762	1.465	1.31543	1.13779	0.934412	0.711238	0.485112	0.286389	0.142705	0.0593173	0.0205475	0.0059643	0.0014632	0.000306308	5.52427e-05	8.661e-06	1.19026e-06	1.44464e-07	1.55912e-08	1.50552e-09	1.31262e-10	1.24269e-11	8.95753e-12	2.76428e-11	8.15457e-11	2.12498e-10	4.89328e-10	9.98886e-10	1.81623e-09	2.95878e-09	4.3428e-09	5.76603e-09	6.93958e-09	7.57583e-09	7.50226e-09	6.73916e-09	5.49031e-09	4.05279e-09	2.7039e-09	1.62322e-09	8.71696e-10	4.16321e-10	1.76049e-10	6.57309e-11	2.16368e-11	6.27555e-12	1.60391e-12	3.61446e-13	7.19024e-14	1.26483e-14	1.97201e-15	2.73266e-16	3.37635e-17	3.73246e-18	3.705e-19	3.31442e-20	2.68172e-21	1.96935e-22	1.31703e-23	8.04679e-25	4.50521e-26	2.318e-27	1.09896e-28	4.81292e-30	1.95171e-31	7.34446e-33	2.56999e-34	8.3785e-36	2.54943e-37	7.2526e-39	1.93196e-40	4.82614e-42	1.15706e-43	1.15706e-43	
0.00262628	0.00262628	0.0089088	0.0302031	0.0859672	0.202153	0.392148	0.635498	0.888419	1.12154	1.32877	1.50743	1.65376	1.76527	1.8443	1.89391	1.92036	1.93016	1.93376	1.93439	1.93461	1.93461	1.93283	1.92718	1.91213	1.87695	1.81662	1.72455	1.59948	1.43963	1.24886	1.03136	0.788363	0.534028	0.307636	0.147127	0.0580225	0.0189465	0.00516992	0.0011918	0.000234668	3.98753e-05	5.90246e-06	7.67546e-07	8.83478e-08	9.06371e-09	8.40677e-10	9.92715e-11	1.14956e-10	3.52053e-10	9.94468e-10	2.48659e-09	5.5141e-09	1.08874e-08	1.92406e-08	3.06103e-08	4.407e-08	5.76388e-08	6.86496e-08	7.45571e-08	7.38758e-08	6.67794e-08	5.50294e-08	4.12743e-08	2.80997e-08	1.72913e-08	9.56473e-09	4.72822e-09	2.07842e-09	8.09464e-10	2.7865e-10	8.46663e-11	2.26924e-11	5.36518e-12	1.11976e-12	2.06584e-13	3.37581e-14	4.89885e-15	6.33253e-16	7.31631e-17	7.58208e-18	7.07366e-19	5.96253e-20	4.55702e-21	3.16865e-22	2.01104e-23	1.16858e-24	6.23518e-26	3.06323e-27	1.38919e-28	5.82961e-30	2.26875e-31	8.20569e-33	2.76361e-34	8.68304e-36	2.54943e-37	7.00633e-39	1.80497e-40	4.46418e-42	4.46418e-42	
0.00857333	0.00857333	0.0257495	0.077245	0.192542	0.392148	0.656515	0.931033	1.18035	1.40567	1.60149	1.75373	1.85716	1.91417	1.93436	1.92577	1.90238	1.87248	1.84856	1.83054	1.82446	1.83659	1.85739	1.88406	1.9128	1.93143	1.93029	1.89645	1.82152	1.69913	1.52764	1.31849	1.08435	0.822988	0.545723	0.30219	0.136988	0.0508006	0.0155465	0.00397399	0.000859196	0.000158984	2.54477e-05	3.55718e-06	4.37912e-07	4.78538e-08	4.76412e-09	7.92453e-10	1.35899e-09	4.05277e-09	1.09374e-08	2.61946e-08	5.58502e-08	1.06515e-07	1.8273e-07	2.83604e-07	4.00202e-07	5.15422e-07	6.07488e-07	6.564e-07	6.50773e-07	5.9193e-07	4.93425e-07	3.76199e-07	2.61564e-07	1.65165e-07	9.42239e-08	4.82791e-08	2.20964e-08	8.99306e-09	3.24404e-09	1.03484e-09	2.91515e-10	7.24766e-11	1.5906e-11	3.08439e-12	5.2938e-13	8.06101e-14	1.0922e-14	1.32112e-15	1.43166e-16	1.39501e-17	1.2267e-18	9.7696e-20	7.07117e-21	4.66681e-22	2.81726e-23	1.56027e-24	7.94969e-26	3.73608e-27	1.62355e-28	6.5387e-30	2.44585e-31	8.51438e-33	2.76361e-34	8.3785e-36	2.37648e-37	6.31618e-39	1.61212e-40	1.61212e-40	
0.023951	0.023951	0.0631818	0.166292	0.360607	0.635498	0.931033	1.19939	1.44488	1.65935	1.81187	1.90185	1.93413	1.92168	1.87422	1.80604	1.72871	1.65587	1.59506	1.55962	1.55065	1.57011	1.61702	1.68431	1.75922	1.83558	1.89612	1.93211	1.92716	1.87335	1.75931	1.57931	1.3496	1.09643	0.814392	0.518648	0.271226	0.115	0.0397433	0.0113338	0.00270453	0.000547298	9.50678e-05	1.43276e-05	1.89123e-06	2.20724e-07	2.40389e-08	6.51999e-09	1.46214e-08	4.19389e-08	1.07875e-07	2.46964e-07	5.05392e-07	9.29568e-07	1.54592e-06	2.33796e-06	3.23097e-06	4.0958e-06	4.77654e-06	5.1349e-06	5.09377e-06	4.66206e-06	3.93187e-06	3.04882e-06	2.16682e-06	1.40573e-06	8.28228e-07	4.40559e-07	2.10316e-07	8.96324e-08	3.39581e-08	1.14003e-08	3.38398e-09	8.86978e-10	2.05212e-10	4.19295e-11	7.57636e-12	1.21327e-12	1.72666e-13	2.19083e-14	2.48705e-15	2.53524e-16	2.32922e-17	1.93569e-18	1.46023e-19	1.00332e-20	6.29905e-22	3.62454e-23	1.91696e-24	9.34371e-26	4.20789e-27	1.75497e-28	6.79351e-30	2.44585e-31	8.20569e-33	2.56999e-34	7.52684e-36	2.06467e-37	5.44048e-39	5.44048e-39	
0.0573817	0.0573817	0.132281	0.30406	0.574399	0.888419	1.18035	1.44488	1.67881	1.83515	1.91692	1.93665	1.89325	1.8039	1.67815	1.53851	1.39767	1.2767	1.18406	1.13013	1.11839	1.14673	1.21727	1.32168	1.45292	1.59564	1.7314	1.84515	1.91753	1.9366	1.89221	1.78313	1.59158	1.34203	1.06855	0.762597	0.456419	0.22142	0.0867202	0.0277011	0.00732278	0.00162583	0.000307315	5.00503e-05	7.09799e-06	8.8754e-07	1.10463e-07	5.49223e-08	1.41715e-07	3.87731e-07	9.48082e-07	2.07016e-06	4.05812e-06	7.18602e-06	1.15674e-05	1.70243e-05	2.3019e-05	2.87063e-05	3.31175e-05	3.54197e-05	3.5156e-05	3.23791e-05	2.76359e-05	2.18078e-05	1.5859e-05	1.05846e-05	6.45077e-06	3.56852e-06	1.78047e-06	7.96394e-07	3.17694e-07	1.12554e-07	3.5305e-08	9.7843e-09	2.39329e-09	5.16692e-10	9.85536e-11	1.66391e-11	2.49305e-12	3.32533e-13	3.96234e-14	4.23326e-15	4.07026e-16	3.53506e-17	2.78331e-18	1.9935e-19	1.30313e-20	7.79892e-22	4.28573e-23	2.16849e-24	1.01287e-25	4.37788e-27	1.75497e-28	6.5387e-30	2.26875e-31	7.34446e-33	2.2221e-34	6.29373e-36	1.71288e-37	1.71288e-37	
0.118771	0.118771	0.239319	0.481401	0.802275	1.12154	1.40567	1.65935	1.83515	1.92007	1.93874	1.86666	1.73234	1.54793	1.3419	1.1296	0.934537	0.770086	0.64762	0.572657	0.554084	0.596226	0.690714	0.831774	1.01104	1.21327	1.42634	1.62597	1.79231	1.90531	1.94078	1.89474	1.77706	1.56316	1.29569	0.998268	0.669184	0.368392	0.163207	0.0584269	0.0171322	0.00417917	0.000860729	0.000151663	2.31351e-05	3.1163e-06	4.87977e-07	4.54687e-07	1.22609e-06	3.18043e-06	7.37163e-06	1.53134e-05	2.86918e-05	4.88181e-05	7.59311e-05	0.000108595	0.00014351	0.000175941	0.000200727	0.000213554	0.000212088	0.000196597	0.000169881	0.000136525	0.000101706	6.99391e-05	4.41681e-05	2.5461e-05	1.33071e-05	6.26313e-06	2.63826e-06	9.8946e-07	3.29038e-07	9.67348e-08	2.50983e-08	5.74353e-09	1.15992e-09	2.07052e-10	3.27473e-11	4.60293e-12	5.76977e-13	6.47367e-14	6.52613e-15	5.93351e-16	4.88336e-17	3.65106e-18	2.48817e-19	1.55059e-20	8.86295e-22	4.6597e-23	2.25938e-24	1.01287e-25	4.20789e-27	1.62355e-28	5.82961e-30	1.95171e-31	6.10335e-33	1.78578e-34	5.02205e-36	5.02205e-36	
0.215171	0.215171	0.381581	0.678214	1.01886	1.32877	1.60149	1.81187	1.91692	1.93874	1.85466	1.68614	1.46047	1.19218	0.908031	0.633703	0.38222	0.180469	0.0328449	-0.0488695	-0.0662807	-0.0243839	0.0853322	0.257178	0.477516	0.740217	1.02237	1.30086	1.558	1.75902	1.90196	1.93901	1.88657	1.73926	1.49626	1.20942	0.882192	0.541885	0.269341	0.107643	0.0349433	0.00935539	0.00209813	0.000399817	6.56189e-05	9.65343e-06	2.26038e-06	3.52901e-06	9.38518e-06	2.29652e-05	5.02938e-05	9.91153e-05	0.000177053	0.00028882	0.000433227	0.000601126	0.000775467	0.000933863	0.0010531	0.00111429	0.00110731	0.00103333	0.00090449	0.000740951	0.000566179	0.000401817	0.00026347	0.000158622	8.70646e-05	4.32437e-05	1.92976e-05	7.68848e-06	2.72065e-06	8.51712e-07	2.35275e-07	5.72774e-08	1.22897e-08	2.32693e-09	3.89644e-10	5.78722e-11	7.65039e-12	9.03503e-13	9.56942e-14	9.12499e-15	7.86352e-16	6.1465e-17	4.37304e-18	2.84132e-19	1.69119e-20	9.24857e-22	4.6597e-23	2.16849e-24	9.34371e-26	3.73608e-27	1.38919e-28	4.81292e-30	1.55651e-31	4.70703e-33	1.36853e-34	1.36853e-34	
0.347094	0.347094	0.548759	0.874767	1.21234	1.50743	1.75373	1.90185	1.93665	1.86666	1.68614	1.43342	1.1055	0.758929	0.401759	0.0766519	-0.205192	-0.43176	-0.58943	-0.683436	-0.706143	-0.652873	-0.532657	-0.349978	-0.101229	0.202905	0.542046	0.898843	1.24261	1.54336	1.76877	1.90929	1.93329	1.85722	1.66314	1.39307	1.07764	0.722945	0.397776	0.176025	0.0629223	0.0184194	0.00448528	0.000922303	0.000162883	2.72287e-05	1.16547e-05	2.47707e-05	6.29744e-05	0.000144678	0.000298289	0.000555892	0.000944076	0.00147284	0.00212595	0.00285686	0.00359266	0.00424563	0.00472928	0.00497521	0.00494723	0.0046495	0.00412551	0.0034486	0.00270688	0.00198631	0.00135527	0.000854324	0.000493874	0.000259711	0.000123231	5.23671e-05	1.98025e-05	6.62995e-06	1.95835e-06	5.0931e-07	1.16564e-07	2.34963e-08	4.17972e-09	6.58018e-10	9.19945e-11	1.14648e-11	1.2787e-12	1.28146e-13	1.15845e-14	9.48274e-16	7.05416e-17	4.78524e-18	2.9697e-19	1.69119e-20	8.86295e-22	4.28573e-23	1.91696e-24	7.94969e-26	3.06323e-27	1.09896e-28	3.67771e-30	1.15014e-31	3.45895e-33	3.45895e-33	
0.507801	0.507801	0.727506	1.05764	1.37874	1.65376	1.85716	1.93413	1.89325	1.73234	1.46047	1.1055	0.704754	0.285302	-0.115022	-0.479622	-0.778046	-1.00545	-1.16351	-1.24406	-1.25958	-1.21941	-1.10998	-0.92483	-0.665653	-0.338563	0.0393025	0.456088	0.866378	1.25765	1.57937	1.81286	1.92341	1.91926	1.78845	1.54796	1.24831	0.895772	0.536847	0.260066	0.101523	0.0322881	0.00849362	0.00187742	0.000358068	7.54813e-05	6.43088e-05	0.000153473	0.000366701	0.000787124	0.00152158	0.00267189	0.00430059	0.00639891	0.00886738	0.011518	0.0140986	0.0163309	0.017955	0.0187721	0.0186794	0.0176886	0.0159239	0.0135995	0.0109825	0.00834936	0.00594237	0.0039331	0.00240233	0.00134243	0.0006801	0.00030967	0.00012575	4.52535e-05	1.43647e-05	4.01026e-06	9.83477e-07	2.11952e-07	4.02103e-08	6.73362e-09	9.9877e-10	1.31726e-10	1.55109e-11	1.63743e-12	1.55605e-13	1.33638e-14	1.04118e-15	7.38522e-17	4.78524e-18	2.84132e-19	1.55059e-20	7.79892e-22	3.62454e-23	1.56027e-24	6.23518e-26	2.318e-27	8.03239e-29	2.59925e-30	8.09068e-32	8.09068e-32	
0.68535	0.68535	0.905113	1.21976	1.51736	1.76527	1.91417	1.92168	1.8039	1.54793	1.19218	0.758929	0.285302	-0.185258	-0.617982	-0.986051	-1.27674	-1.48288	-1.61317	-1.68637	-1.70375	-1.66336	-1.56991	-1.41	-1.1693	-0.850186	-0.450443	-0.000650454	0.476498	0.939615	1.34431	1.66548	1.86605	1.93501	1.87112	1.67204	1.3923	1.05073	0.674854	0.353242	0.149043	0.0510675	0.0144117	0.00340892	0.000715602	0.000232151	0.000345365	0.00082474	0.00183232	0.00365542	0.00659538	0.0108698	0.0165254	0.0233828	0.0310326	0.038886	0.0462574	0.0524556	0.0568735	0.0590685	0.0588204	0.0561542	0.0513373	0.0448509	0.0373259	0.0294597	0.0219257	0.0152829	0.00989724	0.00590066	0.00320659	0.00157257	0.000689609	0.000268301	9.2057e-05	2.77437e-05	7.32949e-06	1.69715e-06	3.4492e-07	6.16889e-08	9.74295e-09	1.36427e-09	1.70091e-10	1.89634e-11	1.89871e-12	1.7144e-13	1.4015e-14	1.04118e-15	7.05416e-17	4.37304e-18	2.48817e-19	1.30313e-20	6.29905e-22	2.81726e-23	1.16858e-24	4.50521e-26	1.61764e-27	5.41993e-29	1.74719e-30	1.74719e-30	
0.865676	0.865676	1.07129	1.35852	1.62962	1.8443	1.93436	1.87422	1.67815	1.3419	0.908031	0.401759	-0.115022	-0.617982	-1.0544	-1.40789	-1.66283	-1.81762	-1.8988	-1.92585	-1.92812	-1.9199	-1.87491	-1.76641	-1.57208	-1.27756	-0.889135	-0.421037	0.0907091	0.610037	1.09141	1.49112	1.7744	1.91432	1.91588	1.76527	1.50973	1.18327	0.802634	0.44798	0.201987	0.0738386	0.0221753	0.00560351	0.00138242	0.00084055	0.00167463	0.00378706	0.00775803	0.0143026	0.0239694	0.0369259	0.0528451	0.07091	0.0899311	0.108528	0.125298	0.138956	0.148465	0.153121	0.152597	0.14693	0.136522	0.122147	0.104902	0.0861063	0.0671697	0.0494484	0.034071	0.0217632	0.0127495	0.00677328	0.003228	0.00136692	0.0005104	0.000167152	4.78676e-05	1.19771e-05	2.62123e-06	5.03027e-07	8.49453e-08	1.2675e-08	1.67863e-09	1.9822e-10	2.09645e-11	1.99466e-12	1.7144e-13	1.33638e-14	9.48274e-16	6.1465e-17	3.65106e-18	1.9935e-19	1.00332e-20	4.66681e-22	2.01104e-23	8.04679e-25	2.99603e-26	1.04006e-27	3.47459e-29	3.47459e-29	
1.03541	1.03541	1.21883	1.47432	1.71792	1.89391	1.92577	1.80604	1.53851	1.1296	0.633703	0.0766519	-0.479622	-0.986051	-1.40789	-1.71199	-1.90233	-1.98952	-1.99718	-1.97592	-1.96959	-1.98527	-2.00175	-1.96363	-1.83957	-1.60748	-1.25043	-0.794278	-0.260002	0.301435	0.84126	1.30553	1.66297	1.87084	1.93163	1.82981	1.60159	1.29204	0.914216	0.537286	0.255899	0.0987841	0.0313284	0.00855544	0.00289682	0.00327082	0.00702045	0.0146441	0.0274499	0.0464923	0.0720303	0.103347	0.13885	0.176359	0.213496	0.247969	0.277743	0.301169	0.317076	0.324757	0.323898	0.314532	0.297049	0.272242	0.241382	0.206206	0.168807	0.131511	0.0966836	0.0664191	0.0421521	0.0244054	0.0127292	0.00591164	0.00242113	0.000868285	0.000271508	7.3905e-05	1.75232e-05	3.62774e-06	6.58132e-07	1.05084e-07	1.48376e-08	1.86172e-09	2.08583e-10	2.09645e-11	1.89871e-12	1.55605e-13	1.15845e-14	7.86352e-16	4.88336e-17	2.78331e-18	1.46023e-19	7.07117e-21	3.16865e-22	1.31703e-23	5.08884e-25	1.83165e-26	6.3459e-28	6.3459e-28	
1.18383	1.18383	1.3432	1.56789	1.78371	1.92036	1.90238	1.72871	1.39767	0.934537	0.38222	-0.205192	-0.778046	-1.27674	-1.66283	-1.90233	-2.00326	-1.9847	-1.89708	-1.80984	-1.78584	-1.84064	-1.93625	-2.00433	-1.97823	-1.82496	-1.52284	-1.08944	-0.553296	0.0311664	0.611961	1.13259	1.55052	1.81496	1.92812	1.87098	1.66972	1.37719	1.00625	0.61561	0.306246	0.12359	0.0412423	0.0128091	0.00724876	0.0119965	0.0247913	0.046988	0.0800207	0.123879	0.17684	0.235903	0.297451	0.357919	0.414264	0.463993	0.505221	0.536658	0.557607	0.567663	0.566542	0.554278	0.531192	0.497728	0.454681	0.403463	0.346078	0.285135	0.22379	0.165665	0.114312	0.0725223	0.0416901	0.0214108	0.00970401	0.00384526	0.0013242	0.000395228	0.000102246	2.29786e-05	4.50305e-06	7.73061e-07	1.1686e-07	1.56367e-08	1.86172e-09	1.9822e-10	1.89634e-11	1.63743e-12	1.28146e-13	9.12499e-15	5.93351e-16	3.53506e-17	1.93569e-18	9.7696e-20	4.55702e-21	1.96935e-22	7.90325e-24	2.9517e-25	1.06133e-26	1.06133e-26	
1.30344	1.30344	1.44148	1.63954	1.82912	1.93016	1.87248	1.65587	1.2767	0.770086	0.180469	-0.43176	-1.00545	-1.48288	-1.81762	-1.98952	-1.9847	-1.86932	-1.68671	-1.50469	-1.45082	-1.57073	-1.76436	-1.92363	-2.00545	-1.94292	-1.70086	-1.30939	-0.7824	-0.190434	0.423892	0.983163	1.44774	1.75953	1.91632	1.89598	1.7172	1.43958	1.07703	0.678954	0.349097	0.146077	0.0518462	0.0207315	0.0203995	0.0382184	0.0723769	0.123399	0.189961	0.268268	0.353195	0.439552	0.5229	0.600017	0.668647	0.727105	0.7744	0.810052	0.833783	0.845204	0.843932	0.830012	0.803875	0.76588	0.716309	0.655718	0.58524	0.506673	0.422428	0.335966	0.251936	0.17558	0.111857	0.0640322	0.0324221	0.0143391	0.00549229	0.00181406	0.000516298	0.000126879	2.70283e-05	5.01621e-06	8.15627e-07	1.1686e-07	1.48376e-08	1.67863e-09	1.70091e-10	1.55109e-11	1.2787e-12	9.56942e-14	6.52613e-15	4.07026e-16	2.32922e-17	1.2267e-18	5.96253e-20	2.68172e-21	1.11876e-22	4.33903e-24	1.62046e-25	1.62046e-25	
1.38955	1.38955	1.51139	1.68844	1.85675	1.93376	1.84856	1.59506	1.18406	0.64762	0.0328449	-0.58943	-1.16351	-1.61317	-1.8988	-1.99718	-1.89708	-1.68671	-1.44572	-1.25	-1.1956	-1.31729	-1.54223	-1.77634	-1.95715	-1.98383	-1.80309	-1.45534	-0.940895	-0.347597	0.288242	0.869441	1.37104	1.7126	1.8995	1.91029	1.74882	1.48133	1.12594	0.724653	0.381611	0.165205	0.0653249	0.0392786	0.0556453	0.101546	0.172352	0.263061	0.366439	0.474978	0.582658	0.685257	0.780136	0.865839	0.940912	1.00445	1.0559	1.0951	1.12117	1.13341	1.13205	1.11706	1.0883	1.04661	0.992737	0.926824	0.849529	0.761858	0.665299	0.561418	0.453181	0.345139	0.243643	0.156205	0.0891091	0.0444479	0.0191455	0.00707217	0.0022357	0.000605848	0.000141315	2.85295e-05	5.01621e-06	7.73061e-07	1.05084e-07	1.2675e-08	1.36427e-09	1.31726e-10	1.14648e-11	9.03503e-13	6.47367e-14	4.23326e-15	2.53524e-16	1.39501e-17	7.07366e-19	3.31442e-20	1.4387e-21	5.7993e-23	2.25136e-24	2.25136e-24	
1.43916	1.43916	1.55119	1.71562	1.87191	1.93439	1.83054	1.55962	1.13013	0.572657	-0.0488695	-0.683436	-1.24406	-1.68637	-1.92585	-1.97592	-1.80984	-1.50469	-1.25	-1.09739	-1.05806	-1.14637	-1.33977	-1.62919	-1.90425	-1.97915	-1.85351	-1.53176	-1.02788	-0.436843	0.208322	0.804285	1.32177	1.68525	1.88778	1.91576	1.76599	1.50458	1.15352	0.751473	0.402786	0.182811	0.0888688	0.0825942	0.132642	0.220859	0.333675	0.458622	0.586364	0.71165	0.831664	0.94444	1.0485	1.14226	1.22371	1.29246	1.34778	1.38927	1.41606	1.42807	1.42675	1.41193	1.38217	1.33784	1.27978	1.20842	1.12443	1.02842	0.92249	0.808139	0.68688	0.560844	0.433107	0.309538	0.199552	0.11321	0.0554457	0.0231709	0.00822447	0.00248132	0.000638984	0.000141315	2.70283e-05	4.50305e-06	6.58132e-07	8.49453e-08	9.74295e-09	9.9877e-10	9.19945e-11	7.65039e-12	5.76977e-13	3.96234e-14	2.48705e-15	1.43166e-16	7.58208e-18	3.705e-19	1.67496e-20	7.0231e-22	2.83653e-23	2.83653e-23	
1.45073	1.45073	1.56033	1.72182	1.87581	1.93461	1.82446	1.55065	1.11839	0.554084	-0.0662807	-0.706143	-1.25958	-1.70375	-1.92812	-1.96959	-1.78584	-1.45082	-1.1956	-1.05806	-1.02422	-1.10288	-1.28123	-1.58453	-1.88979	-1.9734	-1.86415	-1.54872	-1.04703	-0.458526	0.189265	0.789261	1.3091	1.68126	1.88558	1.91581	1.76957	1.51017	1.16051	0.759924	0.414872	0.205971	0.136244	0.168482	0.264297	0.393616	0.535417	0.679019	0.82118	0.96015	1.0931	1.21672	1.32863	1.42614	1.50882	1.57661	1.63	1.66808	1.69265	1.70473	1.7034	1.68881	1.66164	1.62055	1.56417	1.49346	1.40776	1.30732	1.1928	1.06715	0.932679	0.792883	0.650259	0.50642	0.364934	0.235568	0.132204	0.0631951	0.0254756	0.00864778	0.00248132	0.000605848	0.000126879	2.29786e-05	3.62774e-06	5.03027e-07	6.16889e-08	6.73362e-09	6.58018e-10	5.78722e-11	4.60293e-12	3.32533e-13	2.19083e-14	1.32112e-15	7.31631e-17	3.73246e-18	1.75906e-19	7.67899e-21	3.22941e-22	3.22941e-22	
1.42394	1.42394	1.53891	1.7071	1.86719	1.93461	1.83659	1.57011	1.14673	0.596226	-0.0243839	-0.652873	-1.21941	-1.66336	-1.9199	-1.98527	-1.84064	-1.57073	-1.31729	-1.14637	-1.10288	-1.20384	-1.41079	-1.68258	-1.92306	-1.98404	-1.8389	-1.50815	-1.00053	-0.408688	0.232572	0.823964	1.33746	1.69352	1.89172	1.91436	1.7608	1.49813	1.14789	0.753008	0.425026	0.247545	0.222606	0.303887	0.439097	0.592613	0.750686	0.911035	1.07044	1.22274	1.36278	1.48749	1.5962	1.68763	1.76435	1.82521	1.87275	1.90654	1.92847	1.94037	1.93906	1.9249	1.90077	1.8643	1.81412	1.75024	1.67054	1.57587	1.46381	1.33597	1.19319	1.03894	0.878911	0.718573	0.560157	0.404139	0.259196	0.142658	0.0659908	0.0254756	0.00822447	0.0022357	0.000516298	0.000102246	1.75232e-05	2.62123e-06	3.4492e-07	4.02103e-08	4.17972e-09	3.89644e-10	3.27473e-11	2.49305e-12	1.72666e-13	1.0922e-14	6.33253e-16	3.37635e-17	1.66043e-18	7.553e-20	3.31032e-21	3.31032e-21	
1.35954	1.35954	1.487	1.67134	1.84723	1.93283	1.85739	1.61702	1.21727	0.690714	0.0853322	-0.532657	-1.10998	-1.56991	-1.87491	-2.00175	-1.93625	-1.76436	-1.54223	-1.33977	-1.28123	-1.41079	-1.63594	-1.84099	-1.98076	-1.97618	-1.76973	-1.40682	-0.885128	-0.291216	0.336915	0.909263	1.39836	1.72983	1.90601	1.9056	1.73847	1.46944	1.11811	0.737268	0.445082	0.320539	0.351013	0.472865	0.630382	0.801215	0.979954	1.15813	1.32554	1.47756	1.61251	1.73042	1.83078	1.91392	1.98074	2.03285	2.07078	2.09831	2.11415	2.12051	2.11986	2.11179	2.09368	2.06407	2.02364	1.96855	1.89873	1.81206	1.70835	1.58681	1.4486	1.29314	1.12318	0.943794	0.765137	0.592649	0.424258	0.267398	0.142658	0.0631951	0.0231709	0.00707217	0.00181406	0.000395228	7.3905e-05	1.19771e-05	1.69715e-06	2.11952e-07	2.34963e-08	2.32693e-09	2.07052e-10	1.66391e-11	1.21327e-12	8.06101e-14	4.89885e-15	2.73266e-16	1.40362e-17	6.65863e-19	3.04387e-20	3.04387e-20	
1.2596	1.2596	1.40553	1.61347	1.81307	1.92718	1.88406	1.68431	1.32168	0.831774	0.257178	-0.349978	-0.92483	-1.41	-1.76641	-1.96363	-2.00433	-1.92363	-1.77634	-1.62919	-1.58453	-1.68258	-1.84099	-1.96465	-2.00679	-1.90471	-1.64108	-1.23082	-0.702123	-0.108301	0.494483	1.03992	1.48561	1.78064	1.92231	1.88806	1.70206	1.42438	1.07544	0.722674	0.48667	0.427069	0.505594	0.652654	0.830465	1.02484	1.21815	1.39769	1.56128	1.70868	1.83596	1.94342	2.02851	2.0952	2.14339	2.17899	2.2019	2.21625	2.22557	2.22954	2.22909	2.22407	2.21381	2.19817	2.17289	2.13493	2.08343	2.01304	1.92373	1.81204	1.68069	1.52981	1.36283	1.1804	0.984494	0.788963	0.603504	0.424258	0.259196	0.132204	0.0554457	0.0191455	0.00549229	0.0013242	0.000271508	4.78676e-05	7.32949e-06	9.83477e-07	1.16564e-07	1.22897e-08	1.15992e-09	9.85536e-11	7.57636e-12	5.2938e-13	3.37581e-14	1.97201e-15	1.05886e-16	5.24254e-18	2.50154e-19	2.50154e-19	
1.12777	1.12777	1.29652	1.53299	1.75981	1.91213	1.9128	1.75922	1.45292	1.01104	0.477516	-0.101229	-0.665653	-1.1693	-1.57208	-1.83957	-1.97823	-2.00545	-1.95715	-1.90425	-1.88979	-1.92306	-1.98076	-2.00679	-1.93788	-1.74937	-1.42461	-0.978553	-0.443376	0.131102	0.700479	1.2005	1.59543	1.83776	1.93107	1.8581	1.65026	1.36421	1.02644	0.719155	0.553102	0.554684	0.66793	0.839871	1.04356	1.24924	1.44076	1.61857	1.7783	1.91312	2.02185	2.10637	2.16796	2.21048	2.23735	2.25112	2.25742	2.25837	2.25698	2.25586	2.25595	2.2572	2.25846	2.25664	2.24912	2.2332	2.20324	2.15739	2.09121	2.00224	1.8881	1.74845	1.58412	1.40343	1.20871	0.998364	0.788963	0.592649	0.404139	0.235568	0.11321	0.0444479	0.0143391	0.00384526	0.000868285	0.000167152	2.77437e-05	4.01026e-06	5.0931e-07	5.72774e-08	5.74353e-09	5.16692e-10	4.19295e-11	3.08439e-12	2.06584e-13	1.26483e-14	7.10473e-16	3.67372e-17	1.83098e-18	1.83098e-18	
0.96973	0.96973	1.16245	1.43066	1.68532	1.87695	1.93143	1.83558	1.59564	1.21327	0.740217	0.202905	-0.338563	-0.850186	-1.27756	-1.60748	-1.82496	-1.94292	-1.98383	-1.97915	-1.9734	-1.98404	-1.97618	-1.90471	-1.74937	-1.49136	-1.11571	-0.655142	-0.122936	0.421344	0.938095	1.38032	1.70871	1.89008	1.92923	1.8106	1.5803	1.29172	0.978289	0.731339	0.637032	0.689056	0.835188	1.03697	1.2531	1.4569	1.64995	1.81981	1.96041	2.07209	2.15693	2.21433	2.2476	2.26017	2.25708	2.24498	2.22618	2.20875	2.19557	2.18756	2.18844	2.19779	2.21196	2.23007	2.24811	2.25853	2.25917	2.24265	2.20501	2.14219	2.05215	1.93451	1.78853	1.61248	1.41681	1.20871	0.984494	0.765137	0.560157	0.364934	0.199552	0.0891091	0.0324221	0.00970401	0.00242113	0.0005104	9.2057e-05	1.43647e-05	1.95835e-06	2.35275e-07	2.50983e-08	2.39329e-09	2.05212e-10	1.5906e-11	1.11976e-12	7.19024e-14	4.22753e-15	2.28409e-16	1.18966e-17	1.18966e-17	
0.7943	0.7943	1.00677	1.30568	1.58762	1.81662	1.93029	1.89612	1.7314	1.42634	1.02237	0.542046	0.0393025	-0.450443	-0.889135	-1.25043	-1.52284	-1.70086	-1.80309	-1.85351	-1.86415	-1.8389	-1.76973	-1.64108	-1.42461	-1.11571	-0.721845	-0.25706	0.239447	0.741474	1.19407	1.56319	1.8153	1.92659	1.90361	1.73935	1.493	1.21092	0.935273	0.756791	0.728588	0.826581	1.00963	1.23115	1.44703	1.65306	1.83477	1.983	2.10315	2.18829	2.23898	2.26053	2.25505	2.23147	2.19396	2.15002	2.10692	2.06809	2.04044	2.02705	2.02848	2.0448	2.07517	2.11534	2.15889	2.2023	2.23736	2.25797	2.25861	2.23149	2.17401	2.08198	1.9552	1.80145	1.61248	1.40343	1.1804	0.943794	0.718573	0.50642	0.309538	0.156205	0.0640322	0.0214108	0.00591164	0.00136692	0.000268301	4.52535e-05	6.62995e-06	8.51712e-07	9.67348e-08	9.7843e-09	8.86978e-10	7.24766e-11	5.36518e-12	3.61446e-13	2.2251e-14	1.25649e-15	6.84121e-17	6.84121e-17	
0.613371	0.613371	0.835011	1.15756	1.465	1.72455	1.89645	1.93211	1.84515	1.62597	1.30086	0.898843	0.456088	-0.000650454	-0.421037	-0.794278	-1.08944	-1.30939	-1.45534	-1.53176	-1.54872	-1.50815	-1.40682	-1.23082	-0.978553	-0.655142	-0.25706	0.18014	0.63633	1.06779	1.44033	1.7301	1.89426	1.93422	1.84743	1.64276	1.38954	1.12415	0.898065	0.790705	0.824177	0.969608	1.18431	1.41138	1.62766	1.82509	1.98515	2.11527	2.20099	2.24922	2.26118	2.24096	2.19489	2.12798	2.05063	1.97077	1.89447	1.83253	1.78902	1.76625	1.76878	1.79612	1.84356	1.90885	1.98676	2.06646	2.14266	2.20616	2.24741	2.26137	2.24228	2.18705	2.09234	1.9552	1.78853	1.58412	1.36283	1.12318	0.878911	0.650259	0.433107	0.243643	0.111857	0.0416901	0.0127292	0.003228	0.000689609	0.00012575	1.98025e-05	2.72065e-06	3.29038e-07	3.5305e-08	3.38398e-09	2.91515e-10	2.26924e-11	1.60391e-12	1.03382e-13	6.10126e-15	3.47266e-16	3.47266e-16	
0.440906	0.440906	0.655543	0.986599	1.31543	1.59948	1.82152	1.92716	1.91753	1.79231	1.558	1.24261	0.866378	0.476498	0.0907091	-0.260002	-0.553296	-0.7824	-0.940895	-1.02788	-1.04703	-1.00053	-0.885128	-0.702123	-0.443376	-0.122936	0.239447	0.63633	1.01812	1.37994	1.6616	1.85773	1.93497	1.90316	1.75241	1.52038	1.27117	1.03271	0.866486	0.831541	0.925696	1.11617	1.34915	1.57626	1.78915	1.96684	2.10713	2.20172	2.25365	2.26086	2.22675	2.15746	2.06107	1.94899	1.82679	1.70714	1.59975	1.51004	1.44695	1.41632	1.41967	1.45701	1.52616	1.62002	1.7303	1.85158	1.97257	2.08212	2.17338	2.236	2.2635	2.24592	2.18705	2.08198	1.93451	1.74845	1.52981	1.29314	1.03894	0.792883	0.560844	0.345139	0.17558	0.0725223	0.0244054	0.00677328	0.00157257	0.00030967	5.23671e-05	7.68848e-06	9.8946e-07	1.12554e-07	1.14003e-08	1.03484e-09	8.46663e-11	6.27555e-12	4.23331e-13	2.61002e-14	1.5524e-15	1.5524e-15	
0.290491	0.290491	0.479837	0.797097	1.13779	1.43963	1.69913	1.87335	1.9366	1.90531	1.75902	1.54336	1.25765	0.939615	0.610037	0.301435	0.0311664	-0.190434	-0.347597	-0.436843	-0.458526	-0.408688	-0.291216	-0.108301	0.131102	0.421344	0.741474	1.06779	1.37993	1.63702	1.82863	1.93183	1.92301	1.82093	1.6175	1.37534	1.13839	0.938632	0.842996	0.88172	1.03412	1.25979	1.49989	1.7253	1.92487	2.07967	2.1921	2.25027	2.26049	2.21816	2.13592	2.01575	1.86688	1.70102	1.53163	1.36903	1.22211	1.10555	1.02674	0.987747	0.992084	1.03935	1.12602	1.24948	1.40075	1.56534	1.73514	1.89785	2.04166	2.15671	2.22927	2.2635	2.24228	2.17401	2.05215	1.8881	1.68069	1.4486	1.19319	0.932679	0.68688	0.453181	0.251936	0.114312	0.0421521	0.0127495	0.00320659	0.0006801	0.000123231	1.92976e-05	2.63826e-06	3.17694e-07	3.39581e-08	3.24404e-09	2.7865e-10	2.16368e-11	1.52605e-12	9.82038e-14	6.09896e-15	6.09896e-15	
0.172325	0.172325	0.321094	0.598526	0.934412	1.24886	1.52764	1.75931	1.89221	1.94078	1.90196	1.76877	1.57937	1.34431	1.09141	0.84126	0.611961	0.423892	0.288242	0.208322	0.189265	0.232572	0.336915	0.494483	0.700479	0.938094	1.19407	1.44033	1.66159	1.82861	1.93065	1.92887	1.85279	1.68385	1.44728	1.20926	0.992488	0.848383	0.833536	0.944171	1.14724	1.39516	1.6353	1.85403	2.03384	2.16477	2.24184	2.26094	2.22405	2.13436	1.99307	1.81876	1.61478	1.39651	1.1753	0.966422	0.783715	0.635297	0.52911	0.476523	0.482348	0.546245	0.662008	0.817767	1.00657	1.2193	1.44016	1.65677	1.85731	2.02406	2.15671	2.236	2.26137	2.23149	2.14219	2.00224	1.81204	1.58681	1.33597	1.06715	0.808139	0.561418	0.335966	0.165665	0.0664191	0.0217632	0.00590066	0.00134243	0.000259711	4.32437e-05	6.26313e-06	7.96394e-07	8.96324e-08	8.99306e-09	8.09464e-10	6.57309e-11	4.83946e-12	3.24566e-13	2.1018e-14	2.1018e-14	
0.0903967	0.0903967	0.192009	0.406882	0.711238	1.03136	1.31849	1.57931	1.78313	1.89474	1.93901	1.90929	1.81286	1.66548	1.49112	1.30553	1.13259	0.983163	0.869441	0.804285	0.789261	0.823964	0.909263	1.03992	1.2005	1.38031	1.56318	1.73007	1.85766	1.93167	1.92863	1.86071	1.71657	1.49146	1.25029	1.02293	0.841051	0.774093	0.844617	1.01928	1.26048	1.51805	1.75419	1.96195	2.11816	2.22099	2.26116	2.23799	2.15095	2.00903	1.81484	1.57928	1.31879	1.04378	0.770522	0.516511	0.29133	0.111617	-0.0090649	-0.0658495	-0.0596163	0.00993585	0.14322	0.333396	0.565371	0.823797	1.0992	1.37269	1.62886	1.85731	2.04166	2.17338	2.24741	2.25861	2.20501	2.09121	1.92373	1.70835	1.46381	1.1928	0.92249	0.665299	0.422428	0.22379	0.0966836	0.034071	0.00989724	0.00240233	0.000493874	8.70646e-05	1.33071e-05	1.78047e-06	2.10316e-07	2.20964e-08	2.07842e-09	1.76049e-10	1.34982e-11	9.41375e-13	6.34289e-14	6.34289e-14	
0.0412849	0.0412849	0.100376	0.243372	0.485112	0.788363	1.08435	1.3496	1.59158	1.77706	1.88657	1.93329	1.92341	1.86605	1.7744	1.66297	1.55052	1.44774	1.37104	1.32177	1.3091	1.33746	1.39835	1.48561	1.59542	1.70869	1.81523	1.89408	1.93454	1.9221	1.85118	1.71451	1.50401	1.26558	1.03154	0.820797	0.702238	0.729501	0.8787	1.10313	1.36799	1.62658	1.85605	2.04689	2.17901	2.25189	2.25258	2.18724	2.04989	1.8534	1.60337	1.3115	0.993087	0.66185	0.337441	0.0315376	-0.233755	-0.442765	-0.588459	-0.661419	-0.653231	-0.56489	-0.405702	-0.184749	0.0901431	0.401333	0.727475	1.0589	1.37269	1.65677	1.89785	2.08212	2.20616	2.25797	2.24265	2.15739	2.01304	1.81206	1.57587	1.30732	1.02842	0.761858	0.506673	0.285135	0.131511	0.0494484	0.0152829	0.0039331	0.000854324	0.000158622	2.5461e-05	3.56852e-06	4.40559e-07	4.82791e-08	4.72822e-09	4.16321e-10	3.31338e-11	2.39553e-12	1.67439e-13	1.67439e-13	
0.0162373	0.0162373	0.0451003	0.125018	0.286389	0.534028	0.822988	1.09643	1.34203	1.56316	1.73926	1.85722	1.91926	1.93501	1.91432	1.87084	1.81496	1.75953	1.7126	1.68525	1.68126	1.69352	1.72983	1.78063	1.83772	1.88995	1.92622	1.93327	1.90103	1.81671	1.67645	1.48044	1.25378	1.01908	0.789323	0.624566	0.600423	0.721346	0.931204	1.18866	1.46486	1.71932	1.94003	2.11276	2.22028	2.26087	2.22477	2.11413	1.93095	1.67986	1.37576	1.02664	0.651322	0.267681	-0.111263	-0.461868	-0.767053	-1.01705	-1.1942	-1.28168	-1.2719	-1.16563	-0.972213	-0.709826	-0.395301	-0.037173	0.345162	0.727475	1.0992	1.44016	1.73514	1.97257	2.14266	2.23736	2.25917	2.20324	2.08343	1.89873	1.67054	1.40776	1.12443	0.849529	0.58524	0.346078	0.168807	0.0671697	0.0219257	0.00594237	0.00135527	0.00026347	4.41681e-05	6.45077e-06	8.28228e-07	9.42239e-08	9.56473e-09	8.71696e-10	7.17173e-11	5.35408e-12	3.8669e-13	3.8669e-13	
0.00546898	0.00546898	0.017247	0.054321	0.142705	0.307636	0.545723	0.814392	1.06855	1.29569	1.49626	1.66314	1.78845	1.87112	1.91588	1.93163	1.92812	1.91632	1.8995	1.88778	1.88558	1.89171	1.906	1.92224	1.93083	1.92852	1.90175	1.84312	1.74354	1.60115	1.4202	1.2103	0.981301	0.744308	0.548073	0.471066	0.549663	0.743914	0.992449	1.26877	1.5485	1.79718	2.00715	2.15975	2.24455	2.25375	2.18149	2.02954	1.7998	1.50059	1.14345	0.741405	0.313878	-0.124878	-0.550605	-0.946173	-1.29789	-1.58001	-1.7701	-1.86032	-1.85027	-1.73998	-1.5305	-1.23209	-0.869914	-0.467982	-0.037173	0.401333	0.823797	1.2193	1.56534	1.85158	2.06646	2.2023	2.25853	2.2332	2.13493	1.96855	1.75024	1.49346	1.20842	0.926824	0.655718	0.403463	0.206206	0.0861063	0.0294597	0.00834936	0.00198631	0.000401817	6.99391e-05	1.05846e-05	1.40573e-06	1.65165e-07	1.72913e-08	1.62322e-09	1.37407e-10	1.05441e-11	7.83219e-13	7.83219e-13	
0.00157628	0.00157628	0.00559693	0.0198498	0.0593173	0.147127	0.30219	0.518648	0.762597	0.998268	1.20942	1.39307	1.54796	1.67204	1.76527	1.82981	1.87098	1.89598	1.91029	1.91576	1.9158	1.91433	1.90549	1.88769	1.85691	1.80736	1.73158	1.62637	1.48957	1.32318	1.12896	0.910259	0.67893	0.473143	0.357436	0.382605	0.543363	0.783216	1.05269	1.33875	1.61758	1.85931	2.059	2.19394	2.25562	2.23687	2.13157	1.94138	1.6704	1.32634	0.92142	0.473069	-0.00709403	-0.491446	-0.962903	-1.40867	-1.79911	-2.1075	-2.31997	-2.42492	-2.41303	-2.28559	-2.05314	-1.72704	-1.32282	-0.869914	-0.395301	0.0901431	0.565371	1.00657	1.40075	1.7303	1.98676	2.15889	2.24811	2.24912	2.17289	2.02364	1.81412	1.56417	1.27978	0.992737	0.716309	0.454681	0.241382	0.104902	0.0373259	0.0109825	0.00270688	0.000566179	0.000101706	1.5859e-05	2.16682e-06	2.61564e-07	2.80997e-08	2.7039e-09	2.34387e-10	1.84022e-11	1.39916e-12	1.39916e-12	
0.000389843	0.000389843	0.00154456	0.00610838	0.0205475	0.0580225	0.136988	0.271226	0.456419	0.669184	0.882192	1.07764	1.24831	1.3923	1.50973	1.60159	1.66972	1.7172	1.74882	1.76598	1.76954	1.76066	1.73793	1.70027	1.64519	1.56775	1.46592	1.33793	1.18322	1.00245	0.79947	0.587402	0.394987	0.26617	0.244713	0.350788	0.562217	0.82535	1.10499	1.39599	1.67274	1.90828	2.09693	2.2156	2.25894	2.21367	2.08178	1.85704	1.55242	1.16726	0.724675	0.2316	-0.289745	-0.815259	-1.33431	-1.81986	-2.24851	-2.60877	-2.87697	-3.01613	-3.0002	-2.83237	-2.54294	-2.16792	-1.72704	-1.23209	-0.709826	-0.184749	0.333396	0.817767	1.24948	1.62002	1.90885	2.11534	2.23007	2.25664	2.19817	2.06407	1.8643	1.62055	1.33784	1.04661	0.76588	0.497728	0.272242	0.122147	0.0448509	0.0135995	0.0034486	0.000740951	0.000136525	2.18078e-05	3.04882e-06	3.76199e-07	4.12743e-08	4.05279e-09	3.58229e-10	2.866e-11	2.22149e-12	2.22149e-12	
8.31422e-05	8.31422e-05	0.000364374	0.00159191	0.0059643	0.0189465	0.0508006	0.115	0.22142	0.368392	0.541885	0.722945	0.895772	1.05073	1.18327	1.29204	1.37719	1.43958	1.48133	1.50455	1.50999	1.49744	1.46704	1.41723	1.34595	1.25138	1.13311	0.991278	0.828456	0.65104	0.471798	0.310889	0.193905	0.147885	0.19681	0.350792	0.58782	0.861299	1.14623	1.4401	1.71337	1.94334	2.12464	2.22903	2.25684	2.19194	2.03634	1.78686	1.45221	1.03826	0.561572	0.0352956	-0.518162	-1.08588	-1.638	-2.1533	-2.63716	-3.07486	-3.41239	-3.58859	-3.56846	-3.35603	-2.99316	-2.54294	-2.05314	-1.5305	-0.972213	-0.405702	0.14322	0.662008	1.12602	1.52616	1.84356	2.07517	2.21196	2.25846	2.21381	2.09368	1.90077	1.66164	1.38217	1.0883	0.803875	0.531192	0.297049	0.136522	0.0513373	0.0159239	0.00412551	0.00090449	0.000169881	2.76359e-05	3.93187e-06	4.93425e-07	5.50294e-08	5.49031e-09	4.92921e-10	4.00444e-11	3.15387e-12	3.15387e-12	
1.53842e-05	1.53842e-05	7.39839e-05	0.000354062	0.0014632	0.00516992	0.0155465	0.0397433	0.0867202	0.163207	0.269341	0.397776	0.536847	0.674854	0.802634	0.914216	1.00625	1.07702	1.1259	1.15333	1.1597	1.14496	1.10902	1.05139	0.971969	0.871835	0.753234	0.620461	0.48079	0.344691	0.225026	0.134976	0.0872113	0.0968834	0.183888	0.36073	0.609044	0.886925	1.17501	1.47034	1.74029	1.96608	2.14095	2.23678	2.25327	2.17404	2.00316	1.73449	1.37987	0.945999	0.441377	-0.101157	-0.684526	-1.28401	-1.85028	-2.3945	-2.94102	-3.45144	-3.84354	-4.0457	-4.02272	-3.77848	-3.35603	-2.83237	-2.28559	-1.73998	-1.16563	-0.56489	0.00993585	0.546245	1.03935	1.45701	1.79612	2.0448	2.19779	2.2572	2.22407	2.11179	1.9249	1.68881	1.41193	1.11706	0.830012	0.554278	0.314532	0.14693	0.0561542	0.0176886	0.0046495	0.00103333	0.000196597	3.23791e-05	4.66206e-06	5.9193e-07	6.67794e-08	6.73916e-09	6.11984e-10	5.02896e-11	4.00954e-12	4.00954e-12	
2.48594e-06	2.48594e-06	1.30253e-05	6.77752e-05	0.000306308	0.0011918	0.00397399	0.0113338	0.0277011	0.0584269	0.107643	0.176025	0.260066	0.353242	0.44798	0.537285	0.615604	0.678918	0.724464	0.750631	0.75671	0.742567	0.708519	0.655618	0.585898	0.502615	0.410364	0.315345	0.224956	0.146755	0.0870607	0.0506064	0.0435669	0.0798255	0.182594	0.368359	0.621011	0.900798	1.19045	1.48541	1.75351	1.97957	2.14906	2.23969	2.25195	2.1622	1.98631	1.70409	1.3419	0.895131	0.375798	-0.173113	-0.77759	-1.39173	-1.96217	-2.52855	-3.11814	-3.67153	-4.09215	-4.30682	-4.2825	-4.02272	-3.56846	-3.0002	-2.41303	-1.85027	-1.2719	-0.653231	-0.0596163	0.482348	0.992084	1.41967	1.76878	2.02848	2.18844	2.25595	2.22909	2.11986	1.93906	1.7034	1.42675	1.13205	0.843932	0.566542	0.323898	0.152597	0.0588204	0.0186794	0.00494723	0.00110731	0.000212088	3.5156e-05	5.09377e-06	6.50773e-07	7.38758e-08	7.50226e-09	6.8564e-10	5.67103e-11	4.55358e-12	4.55358e-12	
3.53112e-07	3.53112e-07	2.00317e-06	1.12599e-05	5.52427e-05	0.000234668	0.000859196	0.00270453	0.00732278	0.0171322	0.0349433	0.0629223	0.101523	0.149043	0.201986	0.255894	0.306216	0.348929	0.380821	0.399605	0.404009	0.393758	0.369514	0.332962	0.286765	0.234481	0.180395	0.129121	0.0848745	0.0506934	0.0281923	0.0189921	0.0289823	0.0742756	0.181204	0.36871	0.622027	0.902073	1.19186	1.48664	1.75456	1.98098	2.14994	2.24	2.252	2.1611	1.98491	1.7013	1.33858	0.890532	0.369933	-0.179609	-0.786257	-1.40155	-1.97229	-2.54108	-3.13499	-3.69238	-4.11553	-4.33127	-4.30682	-4.0457	-3.58859	-3.01613	-2.42492	-1.86032	-1.28168	-0.661419	-0.0658495	0.476523	0.987747	1.41632	1.76625	2.02705	2.18756	2.25586	2.22954	2.12051	1.94037	1.70473	1.42807	1.13341	0.845204	0.567663	0.324757	0.153121	0.0590685	0.0187721	0.00497521	0.00111429	0.000213554	3.54197e-05	5.1349e-06	6.564e-07	7.45571e-08	7.57583e-09	6.92774e-10	5.73351e-11	4.6068e-12	4.6068e-12	
