4.23483e-10	4.23483e-10	4.14209e-09	3.83585e-08	3.08866e-07	2.14548e-06	1.27617e-05	6.45435e-05	0.00027588	0.000992604	0.00300455	0.00768485	0.0167783	0.0317454	0.052973	0.0793002	0.108059	0.135566	0.157912	0.171772	0.175093	0.167398	0.149814	0.124957	0.0964781	0.0682931	0.0437672	0.0249989	0.012506	0.00539	0.00197502	0.000610039	0.000158322	3.45727e-05	6.38236e-06	1.0027e-06	1.35074e-07	1.57232e-08	1.59346e-09	1.41599e-10	1.1106e-11	7.73519e-13	4.81067e-14	2.6851e-15	1.35125e-16	6.15684e-18	2.55036e-19	1.01469e-20	3.85279e-21	2.05221e-20	1.01831e-19	4.29368e-19	1.53032e-18	4.57801e-18	1.14244e-17	2.38621e-17	4.26365e-17	6.70961e-17	9.26712e-17	1.08947e-16	1.0699e-16	8.79394e-17	6.18507e-17	3.8306e-17	2.08147e-17	9.60074e-18	3.69353e-18	1.18553e-18	3.19623e-19	7.292e-20	1.41673e-20	2.35587e-21	3.3674e-22	4.15452e-23	4.44378e-24	4.14085e-25	3.37881e-26	2.42694e-27	1.54257e-28	8.72006e-30	4.40525e-31	1.99782e-32	8.1676e-34	3.02183e-35	1.01538e-36	3.10879e-38	8.69881e-40	2.23063e-41	5.25514e-43	1.14006e-44	2.28229e-46	4.22423e-48	7.24133e-50	1.15154e-51	1.70121e-53	2.33794e-55	2.99242e-57	3.57107e-59	4.0186e-61	4.0186e-61	
4.23483e-10	4.23483e-10	4.14209e-09	3.83585e-08	3.08866e-07	2.14548e-06	1.27617e-05	6.45435e-05	0.00027588	0.000992604	0.00300455	0.00768485	0.0167783	0.0317454	0.052973	0.0793002	0.108059	0.135566	0.157912	0.171772	0.175093	0.167398	0.149814	0.124957	0.0964781	0.0682931	0.0437672	0.0249989	0.012506	0.00539	0.00197502	0.000610039	0.000158322	3.45727e-05	6.38236e-06	1.0027e-06	1.35074e-07	1.57232e-08	1.59346e-09	1.41599e-10	1.1106e-11	7.73519e-13	4.81067e-14	2.6851e-15	1.35125e-16	6.15684e-18	2.55036e-19	1.01469e-20	3.85279e-21	2.05221e-20	1.01831e-19	4.29368e-19	1.53032e-18	4.57801e-18	1.14244e-17	2.38621e-17	4.26365e-17	6.70961e-17	9.26712e-17	1.08947e-16	1.0699e-16	8.79394e-17	6.18507e-17	3.8306e-17	2.08147e-17	9.60074e-18	3.69353e-18	1.18553e-18	3.19623e-19	7.292e-20	1.41673e-20	2.35587e-21	3.3674e-22	4.15452e-23	4.44378e-24	4.14085e-25	3.37881e-26	2.42694e-27	1.54257e-28	8.72006e-30	4.40525e-31	1.99782e-32	8.1676e-34	3.02183e-35	1.01538e-36	3.10879e-38	8.69881e-40	2.23063e-41	5.25514e-43	1.14006e-44	2.28229e-46	4.22423e-48	7.24133e-50	1.15154e-51	1.70121e-53	2.33794e-55	2.99242e-57	3.57107e-59	4.0186e-61	4.0186e-61	
4.14209e-09	4.14209e-09	3.7515e-08	3.2178e-07	2.38701e-06	1.51816e-05	8.2119e-05	0.000374928	0.00143605	0.0045994	0.0123374	0.0279432	0.0542573	0.0921472	0.139789	0.193006	0.246205	0.293536	0.32991	0.351674	0.356823	0.344901	0.316971	0.275694	0.22535	0.171431	0.119821	0.0756926	0.042359	0.0205689	0.00851142	0.00296308	0.000862386	0.000209785	4.2833e-05	7.39048e-06	1.0863e-06	1.37166e-07	1.50006e-08	1.43182e-09	1.2014e-10	8.91969e-12	5.89472e-13	3.48644e-14	1.85459e-15	8.91256e-17	3.88733e-18	1.70406e-19	1.1121e-19	5.88971e-19	2.79978e-18	1.13274e-17	3.88368e-17	1.12192e-16	2.71864e-16	5.5502e-16	9.73688e-16	1.5043e-15	2.04239e-15	2.37855e-15	2.3383e-15	1.94379e-15	1.39198e-15	8.78152e-16	4.8623e-16	2.29818e-16	9.12004e-17	3.03513e-17	8.51437e-18	2.02587e-18	4.1109e-19	7.14608e-20	1.06826e-20	1.37854e-21	1.54207e-22	1.50225e-23	1.28088e-24	9.6082e-26	6.37379e-27	3.75807e-28	1.97894e-29	9.34912e-31	3.97935e-32	1.53198e-33	5.35382e-35	1.70404e-36	4.95479e-38	1.3198e-39	3.22881e-41	7.27182e-43	1.51092e-44	2.90193e-46	5.16133e-48	8.51484e-50	1.30491e-51	1.86023e-53	2.46985e-55	3.0576e-57	3.57107e-59	3.57107e-59	
3.83585e-08	3.83585e-08	3.2178e-07	2.55712e-06	1.74764e-05	0.000101739	0.000500071	0.00205856	0.00705381	0.0200758	0.0476634	0.095617	0.165489	0.253298	0.351033	0.44917	0.538702	0.612671	0.666454	0.697723	0.705102	0.688123	0.647659	0.585421	0.504532	0.410604	0.311453	0.216578	0.135136	0.0738307	0.0345122	0.0135591	0.00443226	0.00120265	0.000271817	5.15302e-05	8.2649e-06	1.13175e-06	1.33496e-07	1.36782e-08	1.22688e-09	9.70171e-11	6.80696e-12	4.26224e-13	2.39432e-14	1.21243e-15	5.56472e-17	2.79696e-18	3.08559e-18	1.59867e-17	7.27922e-17	2.82575e-16	9.32058e-16	2.60047e-15	6.1197e-15	1.22108e-14	2.10311e-14	3.19161e-14	4.26374e-14	4.92125e-14	4.84288e-14	4.06913e-14	2.96402e-14	1.90393e-14	1.07438e-14	5.20351e-15	2.12969e-15	7.3476e-16	2.14461e-16	5.32206e-17	1.12809e-17	2.05031e-18	3.20613e-19	4.32848e-20	5.06486e-21	5.15937e-22	4.59756e-23	3.60218e-24	2.49425e-25	1.53402e-26	8.42045e-28	4.14408e-29	1.83636e-30	7.35598e-32	2.67338e-33	8.84455e-35	2.67195e-36	7.39178e-38	1.87744e-39	4.38853e-41	9.46137e-43	1.88514e-44	3.47762e-46	5.94978e-48	9.45512e-50	1.39762e-51	1.92408e-53	2.46985e-55	2.99242e-57	2.99242e-57	
3.08866e-07	3.08866e-07	2.38701e-06	1.74764e-05	0.000109316	0.000577897	0.00255685	0.00938498	0.0284078	0.070886	0.14709	0.258875	0.397461	0.548202	0.696414	0.830485	0.942874	1.03023	1.09151	1.12676	1.13512	1.11598	1.07027	0.998534	0.9009	0.779254	0.638383	0.48754	0.339845	0.210353	0.112296	0.0504367	0.0187602	0.00574603	0.00145255	0.000305218	5.38106e-05	8.04018e-06	1.02821e-06	1.13586e-07	1.09316e-08	9.23642e-10	6.89921e-11	4.58447e-12	2.72535e-13	1.45685e-14	7.05361e-16	4.39168e-17	7.91307e-17	3.96754e-16	1.72775e-15	6.42644e-15	2.03672e-14	5.48235e-14	1.25178e-13	2.43899e-13	4.12104e-13	6.14228e-13	8.0767e-13	9.24076e-13	9.10266e-13	7.72893e-13	5.72479e-13	3.74519e-13	2.15566e-13	1.07078e-13	4.52413e-14	1.61993e-14	4.92589e-15	1.27676e-15	2.83119e-16	5.3884e-17	8.82771e-18	1.24873e-18	1.53067e-19	1.63268e-20	1.52252e-21	1.24747e-22	9.02627e-24	5.79659e-25	3.31987e-26	1.7035e-27	7.86501e-29	3.28041e-30	1.2406e-31	4.26869e-33	1.34053e-34	3.85325e-36	1.01648e-37	2.46689e-39	5.52012e-41	1.14126e-42	2.18409e-44	3.87578e-46	6.38753e-48	9.79082e-50	1.39762e-51	1.86023e-53	2.33794e-55	2.33794e-55	
2.14548e-06	2.14548e-06	1.51816e-05	0.000101739	0.000577897	0.00274802	0.010819	0.0349288	0.0919685	0.198086	0.354722	0.544473	0.74328	0.932043	1.09935	1.23934	1.35114	1.43576	1.49507	1.52804	1.53538	1.51791	1.47445	1.405	1.30979	1.18663	1.03553	0.858517	0.664102	0.466238	0.286804	0.149334	0.0641877	0.0225173	0.00644744	0.00151754	0.000296661	4.87147e-05	6.79442e-06	8.13265e-07	8.43324e-08	7.64056e-09	6.09435e-10	4.30881e-11	2.71684e-12	1.53618e-13	7.87612e-15	6.87144e-16	1.86252e-15	8.96992e-15	3.72948e-14	1.32711e-13	4.03572e-13	1.0468e-12	2.31662e-12	4.40328e-12	7.29277e-12	1.06736e-11	1.38193e-11	1.56762e-11	1.54569e-11	1.32592e-11	9.98363e-12	6.65396e-12	3.91007e-12	1.99392e-12	8.70604e-13	3.23931e-13	1.02765e-13	2.78643e-14	6.47496e-15	1.29269e-15	2.22259e-16	3.29976e-17	4.24404e-18	4.74745e-19	4.63963e-20	3.98076e-21	3.01362e-22	2.02313e-23	1.21024e-24	6.4809e-26	3.12032e-27	1.35618e-28	5.34091e-30	1.91249e-31	6.24677e-33	1.86663e-34	5.11658e-36	1.28973e-37	2.99645e-39	6.43003e-41	1.27689e-42	2.35068e-44	4.01826e-46	6.38753e-48	9.45512e-50	1.30491e-51	1.70121e-53	1.70121e-53	
1.27617e-05	1.27617e-05	8.2119e-05	0.000500071	0.00255685	0.010819	0.0374089	0.104613	0.235752	0.432517	0.665878	0.900812	1.11792	1.30922	1.47144	1.60278	1.70587	1.78091	1.83134	1.85628	1.86072	1.84868	1.81412	1.75392	1.66812	1.55359	1.41015	1.2359	1.03351	0.808239	0.5704	0.347094	0.17493	0.0713964	0.0234864	0.00626656	0.00137171	0.000249532	3.82058e-05	4.98174e-06	5.59102e-07	5.45218e-08	4.65873e-09	3.51419e-10	2.35574e-11	1.41188e-12	7.72113e-14	1.10934e-14	3.99877e-14	1.83998e-13	7.29058e-13	2.47767e-12	7.21837e-12	1.80183e-11	3.86036e-11	7.15009e-11	1.15973e-10	1.66639e-10	2.12501e-10	2.39056e-10	2.35936e-10	2.04413e-10	1.56419e-10	1.06247e-10	6.38045e-11	3.3439e-11	1.51061e-11	5.84857e-12	1.93883e-12	5.50922e-13	1.34407e-13	2.82023e-14	5.09873e-15	7.95993e-16	1.07617e-16	1.26466e-17	1.29736e-18	1.16737e-19	9.2594e-21	6.5064e-22	4.07001e-23	2.27701e-24	1.14433e-25	5.18726e-27	2.12899e-28	7.93947e-30	2.69898e-31	8.38883e-33	2.39052e-34	6.26144e-36	1.51099e-37	3.36654e-39	6.93903e-41	1.32554e-42	2.35068e-44	3.87578e-46	5.94978e-48	8.51484e-50	1.15154e-51	1.15154e-51	
6.45435e-05	6.45435e-05	0.000374928	0.00205856	0.00938498	0.0349288	0.104613	0.249635	0.475698	0.743134	1.00478	1.24602	1.4628	1.64846	1.79641	1.90674	1.98303	2.03108	2.05625	2.06972	2.0728	2.06548	2.04804	2.01509	1.95598	1.86723	1.74143	1.5788	1.37899	1.15201	0.902395	0.634138	0.376895	0.181373	0.0695297	0.0212967	0.00527458	0.00107199	0.000181422	2.5915e-05	3.16242e-06	3.33213e-07	3.06003e-08	2.4695e-09	1.76415e-10	1.12316e-11	6.65917e-13	1.85008e-13	7.78645e-13	3.4092e-12	1.28466e-11	4.16156e-11	1.15954e-10	2.78131e-10	5.76127e-10	1.03857e-09	1.64808e-09	2.3242e-09	2.92013e-09	3.25868e-09	3.2191e-09	2.81603e-09	2.18938e-09	1.51623e-09	9.3155e-10	5.0236e-10	2.35112e-10	9.48646e-11	3.292e-11	9.8223e-12	2.52117e-12	5.57201e-13	1.06156e-13	1.74637e-14	2.48697e-15	3.07617e-16	3.31855e-17	3.13688e-18	2.61091e-19	1.92305e-20	1.25955e-21	7.37061e-23	3.87063e-24	1.83171e-25	7.84175e-27	3.04794e-28	1.07914e-29	3.49104e-31	1.03481e-32	2.8179e-34	7.06615e-36	1.63527e-37	3.49966e-39	6.93903e-41	1.27689e-42	2.18409e-44	3.47762e-46	5.16133e-48	7.24133e-50	7.24133e-50	
0.00027588	0.00027588	0.00143605	0.00705381	0.0284078	0.0919685	0.235752	0.475698	0.769266	1.05499	1.3219	1.56897	1.77362	1.92744	2.02757	2.08666	2.11041	2.11726	2.111	2.10681	2.10728	2.10808	2.11372	2.116	2.10349	2.06789	1.99276	1.87247	1.69803	1.47353	1.2174	0.943544	0.649202	0.36923	0.166648	0.0592578	0.0167715	0.0038396	0.000723076	0.000113768	1.5163e-05	1.73267e-06	1.7154e-07	1.48493e-08	1.13297e-09	7.68046e-11	5.14357e-12	3.07791e-12	1.36744e-11	5.67727e-11	2.02979e-10	6.25408e-10	1.66339e-09	3.82754e-09	7.65433e-09	1.34111e-08	2.07985e-08	2.87773e-08	3.56319e-08	3.94547e-08	3.90099e-08	3.44454e-08	2.72038e-08	1.92181e-08	1.20942e-08	6.72032e-09	3.26328e-09	1.37455e-09	5.00313e-10	1.57094e-10	4.25239e-11	9.9231e-12	1.99708e-12	3.47034e-13	5.21755e-14	6.80775e-15	7.73883e-16	7.69912e-17	6.73612e-18	5.20881e-19	3.57735e-20	2.19249e-21	1.20455e-22	5.95743e-24	2.66292e-25	1.07972e-26	3.98462e-28	1.34261e-29	4.14235e-31	1.17338e-32	3.05904e-34	7.35644e-36	1.63527e-37	3.36654e-39	6.43003e-41	1.14126e-42	1.88514e-44	2.90193e-46	4.22423e-48	4.22423e-48	
0.000992604	0.000992604	0.0045994	0.0200758	0.070886	0.198086	0.432517	0.743134	1.05499	1.34748	1.62493	1.84295	1.99503	2.08481	2.12036	2.11345	2.07802	2.02958	1.98462	1.95027	1.94153	1.96161	2.00132	2.04892	2.0953	2.11972	2.11253	2.05557	1.94219	1.76427	1.5182	1.23261	0.933396	0.614158	0.325912	0.135333	0.044086	0.011444	0.00241147	0.000419834	6.13443e-05	7.62575e-06	8.16024e-07	7.59356e-08	6.19942e-09	4.48869e-10	3.76337e-11	4.88275e-11	2.15338e-10	8.44971e-10	2.8588e-09	8.35768e-09	2.11725e-08	4.66498e-08	8.99151e-08	1.52886e-07	2.31437e-07	3.14033e-07	3.8328e-07	4.21229e-07	4.16833e-07	3.71398e-07	2.97919e-07	2.14823e-07	1.38658e-07	7.95118e-08	4.01261e-08	1.76785e-08	6.76431e-09	2.24071e-09	6.41366e-10	1.58462e-10	3.37826e-11	6.2177e-12	9.89501e-13	1.36526e-13	1.63915e-14	1.71997e-15	1.58492e-16	1.28895e-17	9.29727e-19	5.97662e-20	3.43974e-21	1.78009e-22	8.31672e-24	3.52117e-25	1.35566e-26	4.76146e-28	1.53016e-29	4.5116e-31	1.22352e-32	3.05904e-34	7.06615e-36	1.51099e-37	2.99645e-39	5.52012e-41	9.46137e-43	1.51092e-44	2.28229e-46	2.28229e-46	
0.00300455	0.00300455	0.0123374	0.0476634	0.14709	0.354722	0.665878	1.00478	1.3219	1.62493	1.86369	2.0205	2.11331	2.12572	2.07819	1.98432	1.86867	1.75317	1.65762	1.60301	1.59134	1.6197	1.69152	1.79857	1.91513	2.0257	2.10434	2.12933	2.08598	1.96581	1.77928	1.5072	1.19783	0.87137	0.532823	0.257195	0.096561	0.0285042	0.00674118	0.00130217	0.000209071	2.83281e-05	3.28176e-06	3.28726e-07	2.87509e-08	2.23762e-09	2.92143e-10	7.13035e-10	3.02186e-09	1.1169e-08	3.56525e-08	9.86237e-08	2.3739e-07	4.99766e-07	9.26675e-07	1.52648e-06	2.25251e-06	2.99562e-06	3.60439e-06	3.93267e-06	3.89479e-06	3.50078e-06	2.85216e-06	2.10074e-06	1.39274e-06	8.2564e-07	4.33854e-07	2.00366e-07	8.07954e-08	2.83151e-08	8.59611e-09	2.25575e-09	5.11033e-10	9.99285e-11	1.68831e-11	2.47017e-12	3.14041e-13	3.48388e-14	3.38858e-15	2.90408e-16	2.20399e-17	1.48848e-18	8.98744e-20	4.87313e-21	2.38261e-22	1.05448e-23	4.2395e-25	1.5535e-26	5.20412e-28	1.59826e-29	4.5116e-31	1.17338e-32	2.8179e-34	6.26144e-36	1.28973e-37	2.46689e-39	4.38853e-41	7.27182e-43	1.14006e-44	1.14006e-44	
0.00768485	0.00768485	0.0279432	0.095617	0.258875	0.544473	0.900812	1.24602	1.56897	1.84295	2.0205	2.12357	2.11693	2.03349	1.87986	1.69437	1.49382	1.30877	1.16174	1.06628	1.04334	1.0967	1.21501	1.37818	1.57358	1.77319	1.94833	2.07495	2.13304	2.0927	1.96031	1.74436	1.44182	1.11183	0.756368	0.417185	0.179278	0.0600296	0.0159203	0.00341133	0.000601847	8.88907e-05	1.11493e-05	1.20222e-06	1.1268e-07	9.61605e-09	2.66482e-09	9.36935e-09	3.75303e-08	1.30177e-07	3.90719e-07	1.01949e-06	2.32515e-06	4.66589e-06	8.305e-06	1.32278e-05	1.89984e-05	2.47457e-05	2.93525e-05	3.18009e-05	3.15194e-05	2.85742e-05	2.36473e-05	1.78065e-05	1.21457e-05	7.45825e-06	4.08967e-06	1.98473e-06	8.45845e-07	3.14618e-07	1.01657e-07	2.84354e-08	6.87034e-09	1.43238e-09	2.57792e-10	4.01239e-11	5.41753e-12	6.37133e-13	6.55725e-14	5.93535e-15	4.74904e-16	3.37568e-17	2.14186e-18	1.2186e-19	6.24335e-21	2.89185e-22	1.21543e-23	4.65105e-25	1.62557e-26	5.20412e-28	1.53016e-29	4.14235e-31	1.03481e-32	2.39052e-34	5.11658e-36	1.01648e-37	1.87744e-39	3.22881e-41	5.25514e-43	5.25514e-43	
0.0167783	0.0167783	0.0542573	0.165489	0.397461	0.74328	1.11792	1.4628	1.77362	1.99503	2.11331	2.11693	2.01574	1.82464	1.5678	1.27084	0.981942	0.72225	0.52202	0.408075	0.382703	0.442943	0.592013	0.821161	1.09723	1.39271	1.67354	1.91319	2.0642	2.13141	2.07552	1.92065	1.65597	1.32775	0.970454	0.596166	0.288994	0.108848	0.0321996	0.00762511	0.00147405	0.000236776	3.20923e-05	3.71911e-06	3.73497e-07	3.75186e-08	2.7468e-08	1.09143e-07	4.09341e-07	1.32691e-06	3.73016e-06	9.14777e-06	1.97058e-05	3.75888e-05	6.40681e-05	9.84501e-05	0.000137391	0.000175111	0.000204727	0.000220269	0.000218488	0.000199757	0.000167972	0.000129449	9.1008e-05	5.80187e-05	3.32809e-05	1.70202e-05	7.69112e-06	3.04743e-06	1.05216e-06	3.15021e-07	8.15141e-08	1.81939e-08	3.50171e-09	5.81915e-10	8.37269e-11	1.04709e-11	1.14348e-12	1.09593e-13	9.26586e-15	6.94625e-16	4.63993e-17	2.77456e-18	1.49177e-19	7.24111e-21	3.18531e-22	1.27428e-23	4.65105e-25	1.5535e-26	4.76146e-28	1.34261e-29	3.49104e-31	8.38883e-33	1.86663e-34	3.85325e-36	7.39178e-38	1.3198e-39	2.23063e-41	2.23063e-41	
0.0317454	0.0317454	0.0921472	0.253298	0.548202	0.932043	1.30922	1.64846	1.92744	2.08481	2.12572	2.03349	1.82464	1.5143	1.149	0.758787	0.377308	0.0512097	-0.197588	-0.353848	-0.391369	-0.304538	-0.108105	0.174546	0.526432	0.911371	1.30149	1.64677	1.92118	2.08588	2.12413	2.03587	1.82728	1.51637	1.16236	0.774206	0.415219	0.173615	0.056753	0.0147469	0.00310583	0.000540003	7.87731e-05	9.77791e-06	1.05524e-06	1.55231e-07	2.82496e-07	1.11431e-06	3.88643e-06	1.17176e-05	3.07128e-05	7.04999e-05	0.000142924	0.000258337	0.000420464	0.000621798	0.000841539	0.00104835	0.00120753	0.00129015	0.00128071	0.00118098	0.00100959	0.00079732	0.00057894	0.000384155	0.000231175	0.000124986	6.01079e-05	2.54772e-05	9.44248e-06	3.04064e-06	8.46718e-07	2.03286e-07	4.20308e-08	7.4891e-09	1.15273e-09	1.53841e-10	1.78836e-11	1.82003e-12	1.63018e-13	1.29182e-14	9.10297e-16	5.73155e-17	3.23922e-18	1.65016e-19	7.60743e-21	3.18531e-22	1.21543e-23	4.2395e-25	1.35566e-26	3.98462e-28	1.07914e-29	2.69898e-31	6.24677e-33	1.34053e-34	2.67195e-36	4.95479e-38	8.69881e-40	8.69881e-40	
0.052973	0.052973	0.139789	0.351033	0.696414	1.09935	1.47144	1.79641	2.02757	2.12036	2.07819	1.87986	1.5678	1.149	0.675369	0.189169	-0.263032	-0.646865	-0.935621	-1.09971	-1.13581	-1.04945	-0.833493	-0.502348	-0.0908747	0.383141	0.869435	1.32546	1.70685	1.97529	2.11332	2.09998	1.95174	1.67293	1.32749	0.937531	0.545008	0.248964	0.0888128	0.0250686	0.00570432	0.00106598	0.000166348	2.20123e-05	2.61258e-06	8.47858e-07	2.65373e-06	9.86581e-06	3.17959e-05	8.86707e-05	0.000215572	0.000460993	0.000875915	0.00149486	0.00231592	0.00328687	0.00430493	0.00523446	0.00593582	0.00629615	0.00625508	0.00581953	0.00506198	0.00410298	0.00308392	0.002136	0.00135284	0.000776071	0.000398886	0.000181734	7.26879e-05	2.5316e-05	7.62976e-06	1.98136e-06	4.42414e-07	8.49396e-08	1.40494e-08	2.00907e-09	2.49515e-10	2.70523e-11	2.57438e-12	2.16202e-13	1.61084e-14	1.07012e-15	6.3687e-17	3.41054e-18	1.65016e-19	7.24111e-21	2.89185e-22	1.05448e-23	3.52117e-25	1.07972e-26	3.04794e-28	7.93947e-30	1.91249e-31	4.26869e-33	8.84455e-35	1.70404e-36	3.10879e-38	3.10879e-38	
0.0793002	0.0793002	0.193006	0.44917	0.830485	1.23934	1.60278	1.90674	2.08666	2.11345	1.98432	1.69437	1.27084	0.758787	0.189169	-0.369668	-0.886838	-1.31446	-1.62163	-1.80161	-1.84472	-1.74477	-1.51383	-1.156	-0.689009	-0.151594	0.42161	0.97035	1.45575	1.8262	2.05772	2.11922	2.03326	1.7958	1.46415	1.07849	0.667016	0.327373	0.125642	0.0380589	0.0092594	0.00184294	0.000305231	4.28929e-05	6.2614e-06	5.95341e-06	2.18307e-05	7.49031e-05	0.000221536	0.00056777	0.00127263	0.00252174	0.00446994	0.00717403	0.0105423	0.0143164	0.0181042	0.0214513	0.0239233	0.0251795	0.0250367	0.023516	0.020837	0.0173645	0.0135432	0.00982178	0.00657056	0.0040157	0.00221642	0.00109142	0.000473992	0.00017972	5.90137e-05	1.66853e-05	4.0486e-06	8.42388e-07	1.50519e-07	2.31722e-08	3.08752e-09	3.57944e-10	3.63097e-11	3.24107e-12	2.55981e-13	1.79832e-14	1.12931e-15	6.3687e-17	3.23922e-18	1.49177e-19	6.24335e-21	2.38261e-22	8.31672e-24	2.66292e-25	7.84175e-27	2.12899e-28	5.34091e-30	1.2406e-31	2.67338e-33	5.35382e-35	1.01538e-36	1.01538e-36	
0.108059	0.108059	0.246205	0.538702	0.942874	1.35114	1.70587	1.98303	2.11041	2.07802	1.86867	1.49382	0.981942	0.377308	-0.263032	-0.886838	-1.43664	-1.87269	-2.19608	-2.39296	-2.44045	-2.33053	-2.08004	-1.71375	-1.22993	-0.64064	-0.0058858	0.625978	1.20166	1.66102	1.97473	2.11092	2.08105	1.88522	1.57185	1.19371	0.773076	0.401172	0.163222	0.0523633	0.0134607	0.00282335	0.000491776	7.40124e-05	1.87986e-05	4.29704e-05	0.000153892	0.000481528	0.00129674	0.00303142	0.00622172	0.0113557	0.0186835	0.0280798	0.0389973	0.0505228	0.0615495	0.0709466	0.0777143	0.0811029	0.0807193	0.0766083	0.0692435	0.0594331	0.0482134	0.0367235	0.0260463	0.0170332	0.0101479	0.00543415	0.00258052	0.00107333	0.000387029	0.000120066	3.18935e-05	7.241e-06	1.40633e-06	2.34364e-07	3.36655e-08	4.19123e-09	4.54895e-10	4.32995e-11	3.63565e-12	2.70783e-13	1.79832e-14	1.07012e-15	5.73155e-17	2.77456e-18	1.2186e-19	4.87313e-21	1.78009e-22	5.95743e-24	1.83171e-25	5.18726e-27	1.35618e-28	3.28041e-30	7.35598e-32	1.53198e-33	3.02183e-35	3.02183e-35	
0.135566	0.135566	0.293536	0.612671	1.03023	1.43576	1.78091	2.03108	2.11726	2.02958	1.75317	1.30877	0.72225	0.0512097	-0.646865	-1.31446	-1.87269	-2.30144	-2.58693	-2.73134	-2.76214	-2.68904	-2.48947	-2.14647	-1.6664	-1.05605	-0.367674	0.323629	0.973387	1.50201	1.88848	2.08336	2.10335	1.94629	1.6514	1.28194	0.858075	0.463881	0.197188	0.0660911	0.0177279	0.00387389	0.000704022	0.000122204	8.47479e-05	0.000277822	0.000914811	0.00258356	0.00627739	0.013272	0.0247554	0.0413589	0.062851	0.0881105	0.115293	0.14219	0.166616	0.186606	0.200558	0.20739	0.206622	0.198305	0.183038	0.162017	0.136929	0.109795	0.0828268	0.0581919	0.0376148	0.022046	0.0115361	0.0053097	0.00212194	0.000728959	0.000213852	5.34097e-05	1.13577e-05	2.06216e-06	3.21159e-07	4.31481e-08	5.03212e-09	5.12676e-10	4.59124e-11	3.63565e-12	2.55981e-13	1.61084e-14	9.10297e-16	4.63993e-17	2.14186e-18	8.98744e-20	3.43974e-21	1.20455e-22	3.87063e-24	1.14433e-25	3.12032e-27	7.86501e-29	1.83636e-30	3.97935e-32	8.1676e-34	8.1676e-34	
0.157912	0.157912	0.32991	0.666454	1.09151	1.49507	1.83134	2.05625	2.111	1.98462	1.65762	1.16174	0.52202	-0.197588	-0.935621	-1.62163	-2.19608	-2.58693	-2.79454	-2.8898	-2.91114	-2.8619	-2.72904	-2.45511	-1.98517	-1.35591	-0.643544	0.0956762	0.792894	1.37702	1.81375	2.05506	2.11437	1.9839	1.70307	1.34255	0.919055	0.510723	0.223647	0.0772516	0.0213457	0.00480381	0.000914834	0.000244769	0.000454032	0.00152639	0.00451417	0.0113802	0.024693	0.0467877	0.0787294	0.119765	0.167531	0.218654	0.269385	0.316382	0.356834	0.388554	0.409919	0.420091	0.418957	0.406522	0.382991	0.349371	0.307418	0.259434	0.208344	0.157594	0.110928	0.0715614	0.0415825	0.0213803	0.0095697	0.00368006	0.00120486	0.000334238	7.85001e-05	1.56473e-05	2.65953e-06	3.87794e-07	4.88356e-08	5.34788e-09	5.12676e-10	4.32995e-11	3.24107e-12	2.16202e-13	1.29182e-14	6.94625e-16	3.37568e-17	1.48848e-18	5.97662e-20	2.19249e-21	7.37061e-23	2.27701e-24	6.4809e-26	1.7035e-27	4.14408e-29	9.34912e-31	1.99782e-32	1.99782e-32	
0.171772	0.171772	0.351674	0.697723	1.12676	1.52804	1.85628	2.06972	2.10681	1.95027	1.60301	1.06628	0.408075	-0.353848	-1.09971	-1.80161	-2.39296	-2.73134	-2.8898	-2.98822	-3.01666	-2.95443	-2.83777	-2.62735	-2.18252	-1.52376	-0.809139	-0.0423562	0.686544	1.29811	1.76748	2.03619	2.11436	2.00535	1.73207	1.37575	0.953813	0.538366	0.23968	0.0841858	0.0236554	0.00543262	0.00115935	0.000765992	0.00225763	0.00695079	0.0181811	0.0404232	0.0775014	0.130541	0.197226	0.27284	0.351904	0.42923	0.500634	0.563353	0.615069	0.65428	0.680194	0.692494	0.691126	0.6761	0.647484	0.605687	0.551632	0.486986	0.414151	0.336106	0.257298	0.183038	0.118744	0.0688	0.0348758	0.0151982	0.00562173	0.00175225	0.000459234	0.000101401	1.89553e-05	3.01955e-06	4.12913e-07	4.88356e-08	5.03212e-09	4.54895e-10	3.63097e-11	2.57438e-12	1.63018e-13	9.26586e-15	4.74904e-16	2.20399e-17	9.29727e-19	3.57735e-20	1.25955e-21	4.07001e-23	1.21024e-24	3.31987e-26	8.42045e-28	1.97894e-29	4.40525e-31	4.40525e-31	
0.175093	0.175093	0.356823	0.705102	1.13512	1.53538	1.86072	2.0728	2.10728	1.94153	1.59134	1.04334	0.382703	-0.391369	-1.13581	-1.84472	-2.44045	-2.76214	-2.91114	-3.01666	-3.04881	-2.97854	-2.85957	-2.66576	-2.2312	-1.5622	-0.84843	-0.076763	0.662048	1.27735	1.75657	2.03017	2.11265	2.01159	1.73929	1.38312	0.961755	0.544863	0.243495	0.0858543	0.0242386	0.00571235	0.0017918	0.0030616	0.00948158	0.0257513	0.0587326	0.11382	0.19128	0.285695	0.389025	0.493945	0.595042	0.688378	0.771873	0.843674	0.902251	0.946359	0.976126	0.991029	0.989352	0.971327	0.93868	0.89169	0.830349	0.756093	0.670473	0.575387	0.473142	0.368068	0.265879	0.174232	0.10094	0.0504724	0.0213837	0.00758968	0.00224676	0.000555392	0.00011522	2.02051e-05	3.01955e-06	3.87794e-07	4.31481e-08	4.19123e-09	3.57944e-10	2.70523e-11	1.82003e-12	1.09593e-13	5.93535e-15	2.90408e-16	1.28895e-17	5.20881e-19	1.92305e-20	6.5064e-22	2.02313e-23	5.79659e-25	1.53402e-26	3.75807e-28	8.72006e-30	8.72006e-30	
0.167398	0.167398	0.344901	0.688123	1.11598	1.51791	1.84868	2.06548	2.10808	1.96161	1.6197	1.0967	0.442943	-0.304538	-1.04945	-1.74477	-2.33053	-2.68904	-2.8619	-2.95443	-2.97854	-2.92317	-2.8056	-2.5752	-2.12002	-1.47229	-0.757995	0.00121533	0.719154	1.3237	1.78175	2.04259	2.11449	1.99815	1.72332	1.36584	0.943122	0.529741	0.234645	0.0820188	0.0230757	0.00600659	0.00429126	0.0115762	0.0325105	0.0763601	0.149973	0.251617	0.371457	0.498272	0.624751	0.746997	0.862355	0.968174	1.0632	1.144	1.2101	1.26002	1.29326	1.30966	1.30782	1.28791	1.25137	1.19818	1.12904	1.04529	0.947808	0.839983	0.722982	0.59966	0.472748	0.34661	0.229476	0.132782	0.0652914	0.0267755	0.00907801	0.00254326	0.000591676	0.00011522	1.89553e-05	2.65953e-06	3.21159e-07	3.36655e-08	3.08752e-09	2.49515e-10	1.78836e-11	1.14348e-12	6.55725e-14	3.38858e-15	1.58492e-16	6.73612e-18	2.61091e-19	9.2594e-21	3.01362e-22	9.02627e-24	2.49425e-25	6.37379e-27	1.54257e-28	1.54257e-28	
0.149814	0.149814	0.316971	0.647659	1.07027	1.47445	1.81412	2.04804	2.11372	2.00132	1.69152	1.21501	0.592013	-0.108105	-0.833493	-1.51383	-2.08004	-2.48947	-2.72904	-2.83777	-2.85957	-2.8056	-2.65164	-2.34715	-1.87012	-1.25082	-0.544245	0.176471	0.856993	1.42192	1.84129	2.06577	2.1118	1.97116	1.68529	1.32168	0.897763	0.494124	0.214167	0.0733359	0.0207705	0.00780686	0.0130763	0.0367865	0.0894592	0.179308	0.301933	0.442648	0.588642	0.735076	0.880068	1.02037	1.15143	1.26983	1.37286	1.45861	1.52653	1.57798	1.61044	1.62429	1.62279	1.60549	1.56923	1.51432	1.44294	1.35356	1.2473	1.12605	0.992907	0.851201	0.705789	0.559221	0.413767	0.275436	0.158261	0.0759768	0.0299354	0.0096347	0.00254326	0.000555392	0.000101401	1.56473e-05	2.06216e-06	2.34364e-07	2.31722e-08	2.00907e-09	1.53841e-10	1.04709e-11	6.37133e-13	3.48388e-14	1.71997e-15	7.69912e-17	3.13688e-18	1.16737e-19	3.98076e-21	1.24747e-22	3.60218e-24	9.6082e-26	2.42694e-27	2.42694e-27	
0.124957	0.124957	0.275694	0.585421	0.998534	1.405	1.75392	2.01509	2.116	2.04892	1.79857	1.37818	0.821161	0.174546	-0.502348	-1.156	-1.71375	-2.14647	-2.45511	-2.62735	-2.66576	-2.5752	-2.34715	-1.98703	-1.50652	-0.901378	-0.231274	0.438257	1.05984	1.56219	1.92215	2.09582	2.09619	1.92487	1.6231	1.25004	0.826862	0.440465	0.184375	0.0614098	0.0190506	0.0151481	0.0376804	0.0949362	0.196334	0.335301	0.492575	0.655653	0.823149	0.993066	1.15767	1.31101	1.44782	1.56846	1.6694	1.75398	1.81888	1.86727	1.89996	1.91491	1.91326	1.89488	1.8589	1.80732	1.73855	1.6505	1.54585	1.42163	1.28161	1.12545	0.959291	0.789318	0.622582	0.460556	0.305373	0.172363	0.0798731	0.0299354	0.00907801	0.00224676	0.000459234	7.85001e-05	1.13577e-05	1.40633e-06	1.50519e-07	1.40494e-08	1.15273e-09	8.37269e-11	5.41753e-12	3.14041e-13	1.63915e-14	7.73883e-16	3.31855e-17	1.29736e-18	4.63963e-20	1.52252e-21	4.59756e-23	1.28088e-24	3.37881e-26	3.37881e-26	
0.0964781	0.0964781	0.22535	0.504532	0.9009	1.30979	1.66812	1.95598	2.10349	2.0953	1.91513	1.57358	1.09723	0.526432	-0.0908747	-0.689009	-1.22993	-1.6664	-1.98517	-2.18252	-2.2312	-2.12002	-1.87012	-1.50652	-1.02615	-0.451702	0.157663	0.763243	1.30302	1.72764	2.00891	2.117	2.06638	1.85322	1.53195	1.15084	0.733032	0.372718	0.148807	0.0489479	0.021643	0.0359953	0.0916276	0.197987	0.348203	0.518915	0.697976	0.88694	1.07986	1.26435	1.43453	1.58912	1.72518	1.84327	1.94096	2.01886	2.07953	2.12154	2.14822	2.16061	2.15926	2.14411	2.11449	2.06885	2.00464	1.9231	1.82112	1.69952	1.55954	1.40185	1.22837	1.04189	0.848401	0.661431	0.484293	0.315699	0.172363	0.0759768	0.0267755	0.00758968	0.00175225	0.000334238	5.34097e-05	7.241e-06	8.42388e-07	8.49396e-08	7.4891e-09	5.81915e-10	4.01239e-11	2.47017e-12	1.36526e-13	6.80775e-15	3.07617e-16	1.26466e-17	4.74745e-19	1.63268e-20	5.15937e-22	1.50225e-23	4.14085e-25	4.14085e-25	
0.0682931	0.0682931	0.171431	0.410604	0.779254	1.18663	1.55359	1.86723	2.06789	2.11972	2.0257	1.77319	1.39271	0.911371	0.383141	-0.151594	-0.64064	-1.05605	-1.35591	-1.52376	-1.5622	-1.47229	-1.25082	-0.901378	-0.451702	0.0567964	0.600011	1.10965	1.56135	1.88995	2.08413	2.11539	2.0049	1.7508	1.41304	1.02514	0.619814	0.296422	0.112194	0.0400511	0.0349532	0.0809656	0.184077	0.339604	0.521306	0.714192	0.922245	1.13412	1.33546	1.52323	1.69711	1.84937	1.9795	2.08515	2.16956	2.23352	2.2798	2.3129	2.33321	2.34162	2.34074	2.33024	2.30733	2.27162	2.22229	2.1543	2.06585	1.95546	1.82064	1.66397	1.48659	1.29614	1.09255	0.879401	0.674608	0.484293	0.305373	0.158261	0.0652914	0.0213837	0.00562173	0.00120486	0.000213852	3.18935e-05	4.0486e-06	4.42414e-07	4.20308e-08	3.50171e-09	2.57792e-10	1.68831e-11	9.89501e-13	5.21755e-14	2.48697e-15	1.07617e-16	4.24404e-18	1.53067e-19	5.06486e-21	1.54207e-22	4.44378e-24	4.44378e-24	
0.0437672	0.0437672	0.119821	0.311453	0.638383	1.03553	1.41015	1.74143	1.99276	2.11253	2.10434	1.94833	1.67354	1.30149	0.869435	0.42161	-0.0058858	-0.367674	-0.643544	-0.809139	-0.84843	-0.757995	-0.544245	-0.231274	0.157663	0.600011	1.04821	1.45933	1.79584	2.02776	2.12403	2.07969	1.90808	1.61454	1.26464	0.874578	0.493654	0.219004	0.0801507	0.0402276	0.0669788	0.157411	0.310225	0.499746	0.703337	0.925511	1.15428	1.37186	1.58024	1.77063	1.93558	2.07396	2.18596	2.27418	2.33809	2.38373	2.41381	2.43006	2.43941	2.44364	2.44321	2.43804	2.4275	2.40898	2.37588	2.32697	2.25856	2.16545	2.04852	1.9045	1.73466	1.53942	1.32918	1.10932	0.879401	0.661431	0.460556	0.275436	0.132782	0.0504724	0.0151982	0.00368006	0.000728959	0.000120066	1.66853e-05	1.98136e-06	2.03286e-07	1.81939e-08	1.43238e-09	9.99285e-11	6.2177e-12	3.47034e-13	1.74637e-14	7.95993e-16	3.29976e-17	1.24873e-18	4.32848e-20	1.37854e-21	4.15452e-23	4.15452e-23	
0.0249989	0.0249989	0.0756926	0.216578	0.48754	0.858517	1.2359	1.5788	1.87247	2.05557	2.12933	2.07495	1.91319	1.64677	1.32546	0.97035	0.625978	0.323629	0.0956762	-0.0423562	-0.076763	0.00121533	0.176471	0.438257	0.763243	1.10965	1.45933	1.7634	1.98969	2.112	2.11341	1.99649	1.76403	1.4444	1.08867	0.7043	0.364138	0.14893	0.0585197	0.0554649	0.123612	0.263111	0.454459	0.666096	0.896373	1.14082	1.37511	1.60238	1.80772	1.98503	2.13541	2.25471	2.34284	2.40206	2.43854	2.45505	2.45961	2.45925	2.45616	2.45312	2.45353	2.45696	2.4596	2.45917	2.45303	2.43297	2.39217	2.32778	2.23317	2.108	1.95136	1.76945	1.55785	1.32918	1.09255	0.848401	0.622582	0.413767	0.229476	0.10094	0.0348758	0.0095697	0.00212194	0.000387029	5.90137e-05	7.62976e-06	8.46718e-07	8.15141e-08	6.87034e-09	5.11033e-10	3.37826e-11	1.99708e-12	1.06156e-13	5.09873e-15	2.22259e-16	8.82771e-18	3.20613e-19	1.06826e-20	3.3674e-22	3.3674e-22	
0.012506	0.012506	0.042359	0.135136	0.339845	0.664102	1.03351	1.37899	1.69803	1.94219	2.08598	2.13304	2.0642	1.92118	1.70685	1.45575	1.20166	0.973387	0.792894	0.686544	0.662048	0.719154	0.856993	1.05984	1.30302	1.56135	1.79584	1.98969	2.09934	2.12982	2.03704	1.85692	1.57526	1.24464	0.887082	0.523953	0.243888	0.0943078	0.0522095	0.0900756	0.204706	0.387242	0.603948	0.837941	1.09338	1.34544	1.58752	1.81099	2.00419	2.16763	2.29242	2.38009	2.43433	2.45959	2.45867	2.44286	2.41812	2.38898	2.3659	2.35382	2.35523	2.3698	2.39455	2.42361	2.4469	2.46039	2.45688	2.42576	2.36559	2.27024	2.13868	1.96711	1.76945	1.53942	1.29614	1.04189	0.789318	0.559221	0.34661	0.174232	0.0688	0.0213803	0.0053097	0.00107333	0.00017972	2.5316e-05	3.04064e-06	3.15021e-07	2.84354e-08	2.25575e-09	1.58462e-10	9.9231e-12	5.57201e-13	2.82023e-14	1.29269e-15	5.3884e-17	2.05031e-18	7.14608e-20	2.35587e-21	2.35587e-21	
0.00539	0.00539	0.0205689	0.0738307	0.210353	0.466238	0.808239	1.15201	1.47353	1.76427	1.96581	2.0927	2.13141	2.08588	1.97529	1.8262	1.66102	1.50201	1.37702	1.29811	1.27735	1.3237	1.42192	1.56219	1.72764	1.88995	2.02776	2.112	2.12982	2.04999	1.89715	1.65706	1.34681	1.01827	0.667121	0.350387	0.14603	0.0605413	0.063758	0.144556	0.303844	0.518145	0.754593	1.01285	1.28156	1.53737	1.78105	1.99149	2.17075	2.30342	2.399	2.45036	2.46156	2.44042	2.39711	2.33769	2.27353	2.21902	2.18074	2.16095	2.16325	2.18708	2.22873	2.28586	2.35049	2.40725	2.44664	2.4624	2.44321	2.38428	2.27931	2.13868	1.95136	1.73466	1.48659	1.22837	0.959291	0.705789	0.472748	0.265879	0.118744	0.0415825	0.0115361	0.00258052	0.000473992	7.26879e-05	9.44248e-06	1.05216e-06	1.01657e-07	8.59611e-09	6.41366e-10	4.25239e-11	2.52117e-12	1.34407e-13	6.47496e-15	2.83119e-16	1.12809e-17	4.1109e-19	1.41673e-20	1.41673e-20	
0.00197502	0.00197502	0.00851142	0.0345122	0.112296	0.286804	0.5704	0.902395	1.2174	1.5182	1.77928	1.96031	2.07552	2.12413	2.11332	2.05772	1.97473	1.88848	1.81375	1.76748	1.75657	1.78175	1.84129	1.92215	2.00891	2.08413	2.12403	2.11341	2.03704	1.89715	1.68474	1.3988	1.09425	0.769904	0.446611	0.204501	0.079271	0.0485777	0.0925635	0.215283	0.412128	0.648769	0.904573	1.18184	1.45503	1.71478	1.94825	2.14437	2.29683	2.40127	2.45128	2.45875	2.42075	2.34978	2.25082	2.14265	2.03781	1.94455	1.87373	1.83736	1.84151	1.88549	1.9618	2.05806	2.16437	2.27201	2.36653	2.43115	2.46201	2.44407	2.38428	2.27024	2.108	1.9045	1.66397	1.40185	1.12545	0.851201	0.59966	0.368068	0.183038	0.0715614	0.022046	0.00543415	0.00109142	0.000181734	2.54772e-05	3.04743e-06	3.14618e-07	2.83151e-08	2.24071e-09	1.57094e-10	9.8223e-12	5.50922e-13	2.78643e-14	1.27676e-15	5.32206e-17	2.02587e-18	7.292e-20	7.292e-20	
0.000610039	0.000610039	0.00296308	0.0135591	0.0504367	0.149334	0.347094	0.634138	0.943544	1.23261	1.5072	1.74436	1.92065	2.03587	2.09998	2.11922	2.11092	2.08336	2.05506	2.03619	2.03017	2.04259	2.06577	2.09582	2.117	2.11539	2.07969	1.99649	1.85692	1.65706	1.3988	1.11891	0.822148	0.512516	0.25547	0.10241	0.0439844	0.0551289	0.135358	0.296167	0.521687	0.775203	1.0497	1.33864	1.61316	1.86972	2.08846	2.26458	2.38501	2.45169	2.45904	2.40988	2.31658	2.18324	2.02787	1.86398	1.70232	1.56387	1.46676	1.41979	1.42507	1.4824	1.5887	1.73338	1.89711	2.05994	2.21237	2.33944	2.42252	2.46201	2.44321	2.36559	2.23317	2.04852	1.82064	1.55954	1.28161	0.992907	0.722982	0.473142	0.257298	0.110928	0.0376148	0.0101479	0.00221642	0.000398886	6.01079e-05	7.69112e-06	8.45845e-07	8.07954e-08	6.76431e-09	5.00313e-10	3.292e-11	1.93883e-12	1.02765e-13	4.92589e-15	2.14461e-16	8.51437e-18	3.19623e-19	3.19623e-19	
0.000158322	0.000158322	0.000862386	0.00443226	0.0187602	0.0641877	0.17493	0.376895	0.649202	0.933396	1.19783	1.44182	1.65597	1.82728	1.95174	2.03326	2.08105	2.10335	2.11437	2.11436	2.11265	2.11449	2.1118	2.09619	2.06638	2.0049	1.90808	1.76403	1.57526	1.34681	1.09424	0.82214	0.535761	0.285065	0.121314	0.0456644	0.0329691	0.0747909	0.187415	0.380546	0.626831	0.895039	1.18569	1.47892	1.75262	2.00161	2.20209	2.35237	2.43868	2.46062	2.41786	2.31382	2.15481	1.95757	1.73479	1.50068	1.28392	1.10738	0.983576	0.922029	0.928998	1.00372	1.13888	1.32451	1.54698	1.78128	1.99918	2.19003	2.33944	2.43115	2.4624	2.42576	2.32778	2.16545	1.95546	1.69952	1.42163	1.12605	0.839983	0.575387	0.336106	0.157594	0.0581919	0.0170332	0.0040157	0.000776071	0.000124986	1.70202e-05	1.98473e-06	2.00366e-07	1.76785e-08	1.37455e-09	9.48646e-11	5.84857e-12	3.23931e-13	1.61993e-14	7.3476e-16	3.03513e-17	1.18553e-18	1.18553e-18	
3.45727e-05	3.45727e-05	0.000209785	0.00120265	0.00574603	0.0225173	0.0713964	0.181373	0.36923	0.614158	0.87137	1.11183	1.32775	1.51637	1.67293	1.7958	1.88522	1.94629	1.9839	2.00535	2.01159	1.99815	1.97116	1.92487	1.85322	1.7508	1.61454	1.4444	1.24463	1.01826	0.769866	0.512433	0.284932	0.128372	0.04797	0.0221648	0.0366243	0.102234	0.243661	0.4627	0.724255	1.00603	1.3083	1.60248	1.87378	2.10822	2.29076	2.41026	2.46132	2.4359	2.34125	2.17437	1.95117	1.68171	1.38074	1.07925	0.800977	0.562504	0.386243	0.29612	0.306354	0.415307	0.60611	0.854069	1.13813	1.44212	1.73934	1.99918	2.21237	2.36653	2.44664	2.45688	2.39217	2.25856	2.06585	1.82112	1.54585	1.2473	0.947808	0.670473	0.414151	0.208344	0.0828268	0.0260463	0.00657056	0.00135284	0.000231175	3.32809e-05	4.08967e-06	4.33854e-07	4.01261e-08	3.26328e-09	2.35112e-10	1.51061e-11	8.70604e-13	4.52413e-14	2.12969e-15	9.12004e-17	3.69353e-18	3.69353e-18	
6.38236e-06	6.38236e-06	4.2833e-05	0.000271817	0.00145255	0.00644744	0.0234864	0.0695297	0.166648	0.325912	0.532823	0.756368	0.970454	1.16236	1.32749	1.46415	1.57185	1.6514	1.70307	1.73207	1.73929	1.72332	1.68529	1.6231	1.53195	1.41304	1.26463	1.08866	0.887043	0.667013	0.446348	0.25491	0.120305	0.0466342	0.0172861	0.01668	0.0474011	0.13312	0.299515	0.538587	0.812032	1.10588	1.41497	1.70691	1.97348	2.19362	2.35406	2.44464	2.45619	2.38702	2.23465	2.00963	1.71766	1.36939	0.994962	0.614462	0.244472	-0.0813885	-0.321072	-0.441947	-0.4283	-0.28185	-0.021801	0.31634	0.690479	1.07065	1.44212	1.78128	2.05994	2.27201	2.40725	2.46039	2.43297	2.32697	2.1543	1.9231	1.6505	1.35356	1.04529	0.756093	0.486986	0.259434	0.109795	0.0367235	0.00982178	0.002136	0.000384155	5.80187e-05	7.45825e-06	8.2564e-07	7.95118e-08	6.72032e-09	5.0236e-10	3.3439e-11	1.99392e-12	1.07078e-13	5.20351e-15	2.29818e-16	9.60074e-18	9.60074e-18	
1.0027e-06	1.0027e-06	7.39048e-06	5.15302e-05	0.000305218	0.00151754	0.00626656	0.0212967	0.0592578	0.135333	0.257195	0.417185	0.596166	0.774206	0.937531	1.07849	1.19371	1.28194	1.34255	1.37575	1.38312	1.36584	1.32168	1.25004	1.15084	1.02513	0.874553	0.704213	0.523691	0.34971	0.202972	0.0993733	0.040346	0.0141776	0.00787498	0.0186372	0.0607466	0.164066	0.351303	0.605494	0.888231	1.19148	1.50429	1.79459	2.05339	2.25794	2.39864	2.45806	2.43543	2.32014	2.11695	1.83331	1.46923	1.05171	0.596517	0.112665	-0.361602	-0.768346	-1.05816	-1.20128	-1.18522	-1.01129	-0.695068	-0.270248	0.210474	0.690479	1.13813	1.54698	1.89711	2.16437	2.35049	2.4469	2.45303	2.37588	2.22229	2.00464	1.73855	1.44294	1.12904	0.830349	0.551632	0.307418	0.136929	0.0482134	0.0135432	0.00308392	0.00057894	9.1008e-05	1.21457e-05	1.39274e-06	1.38658e-07	1.20942e-08	9.3155e-10	6.38045e-11	3.91007e-12	2.15566e-13	1.07438e-14	4.8623e-16	2.08147e-17	2.08147e-17	
1.35074e-07	1.35074e-07	1.0863e-06	8.2649e-06	5.38106e-05	0.000296661	0.00137171	0.00527458	0.0167715	0.044086	0.096561	0.179278	0.288994	0.415219	0.545008	0.667016	0.773076	0.858075	0.919055	0.953813	0.961755	0.943122	0.897763	0.82686	0.733021	0.619767	0.493479	0.363584	0.242382	0.142484	0.0719549	0.0305879	0.0109757	0.00428494	0.00636282	0.0228195	0.0740586	0.192371	0.396157	0.661359	0.951375	1.26199	1.57548	1.86227	2.11518	2.30456	2.42653	2.45935	2.40411	2.24792	2.00097	1.65724	1.2355	0.752066	0.20128	-0.388274	-0.948249	-1.41118	-1.73264	-1.88927	-1.87174	-1.68104	-1.32887	-0.842158	-0.270248	0.31634	0.854069	1.32451	1.73338	2.05806	2.28586	2.42361	2.45917	2.40898	2.27162	2.06885	1.80732	1.51432	1.19818	0.89169	0.605687	0.349371	0.162017	0.0594331	0.0173645	0.00410298	0.00079732	0.000129449	1.78065e-05	2.10074e-06	2.14823e-07	1.92181e-08	1.51623e-09	1.06247e-10	6.65396e-12	3.74519e-13	1.90393e-14	8.78152e-16	3.8306e-17	3.8306e-17	
1.57232e-08	1.57232e-08	1.37166e-07	1.13175e-06	8.04018e-06	4.87147e-05	0.000249532	0.00107199	0.0038396	0.011444	0.0285042	0.0600296	0.108848	0.173615	0.248964	0.327373	0.401172	0.463881	0.510723	0.538366	0.544863	0.52974	0.494121	0.440448	0.37264	0.296116	0.217979	0.146009	0.08716	0.0453547	0.0201624	0.0075761	0.00260411	0.00204722	0.0070083	0.0270471	0.0856446	0.21587	0.431984	0.704702	0.999654	1.31548	1.62997	1.9134	2.15835	2.33771	2.44102	2.45505	2.36871	2.18466	1.89481	1.50409	1.03995	0.487533	-0.155458	-0.827636	-1.44421	-1.94105	-2.28125	-2.446	-2.42759	-2.22684	-1.85337	-1.32887	-0.695068	-0.021801	0.60611	1.13888	1.5887	1.9618	2.22873	2.39455	2.4596	2.4275	2.30733	2.11449	1.8589	1.56923	1.25137	0.93868	0.647484	0.382991	0.183038	0.0692435	0.020837	0.00506198	0.00100959	0.000167972	2.36473e-05	2.85216e-06	2.97919e-07	2.72038e-08	2.18938e-09	1.56419e-10	9.98363e-12	5.72479e-13	2.96402e-14	1.39198e-15	6.18507e-17	6.18507e-17	
1.59346e-09	1.59346e-09	1.50006e-08	1.33496e-07	1.02821e-06	6.79442e-06	3.82058e-05	0.000181422	0.000723076	0.00241147	0.00674118	0.0159203	0.0321996	0.056753	0.0888128	0.125642	0.163222	0.197188	0.223647	0.23968	0.243495	0.234641	0.214145	0.184263	0.148338	0.110531	0.0751772	0.0458911	0.0246819	0.011483	0.0045546	0.00156317	0.000721941	0.00177435	0.00789445	0.0303532	0.0942754	0.232873	0.457117	0.734325	1.03276	1.35216	1.6657	1.94845	2.18726	2.35793	2.4498	2.44783	2.34061	2.13702	1.81114	1.39307	0.896093	0.283052	-0.428292	-1.15257	-1.80161	-2.31759	-2.66872	-2.83836	-2.81941	-2.61264	-2.22684	-1.68104	-1.01129	-0.28185	0.415307	1.00372	1.4824	1.88549	2.18708	2.3698	2.45696	2.43804	2.33024	2.14411	1.89488	1.60549	1.28791	0.971327	0.6761	0.406522	0.198305	0.0766083	0.023516	0.00581953	0.00118098	0.000199757	2.85742e-05	3.50078e-06	3.71398e-07	3.44454e-08	2.81603e-09	2.04413e-10	1.32592e-11	7.72893e-13	4.06913e-14	1.94379e-15	8.79394e-17	8.79394e-17	
1.41599e-10	1.41599e-10	1.43182e-09	1.36782e-08	1.13586e-07	8.13265e-07	4.98174e-06	2.5915e-05	0.000113768	0.000419834	0.00130217	0.00341133	0.00762511	0.0147469	0.0250686	0.0380589	0.0523633	0.0660911	0.0772515	0.0841852	0.08585	0.0819918	0.0731936	0.0607749	0.0465691	0.0325848	0.0205431	0.0114919	0.00561362	0.0023594	0.000848861	0.000303097	0.000389054	0.00182797	0.00844835	0.0322229	0.0990709	0.242167	0.47047	0.749548	1.05037	1.37298	1.68393	1.96554	2.20285	2.36638	2.45462	2.44138	2.32513	2.10987	1.76363	1.33329	0.815753	0.166301	-0.58121	-1.3306	-1.99475	-2.51982	-2.87632	-3.04843	-3.0292	-2.81941	-2.42759	-1.87174	-1.18522	-0.4283	0.306354	0.928998	1.42507	1.84151	2.16325	2.35523	2.45353	2.44321	2.34074	2.15926	1.91326	1.62279	1.30782	0.989352	0.691126	0.418957	0.206622	0.0807193	0.0250367	0.00625508	0.00128071	0.000218488	3.15194e-05	3.89479e-06	4.16833e-07	3.90099e-08	3.2191e-09	2.35936e-10	1.54569e-11	9.10266e-13	4.84288e-14	2.3383e-15	1.0699e-16	1.0699e-16	
