0.0420994	0.0420994	0.087726	0.196271	0.389964	0.676093	1.03433	1.42471	1.80796	2.15747	2.45951	2.70976	2.90991	3.06448	3.17836	3.25708	3.30754	3.33822	3.35522	3.36307	3.36465	3.36076	3.3497	3.32772	3.28978	3.22902	3.13704	3.00764	2.8354	2.61564	2.34462	2.02254	1.6573	1.26724	0.884536	0.551128	0.301102	0.142701	0.0584335	0.0206938	0.0063637	0.00170889	0.000403251	8.41514e-05	1.56262e-05	2.59712e-06	3.88701e-07	5.3406e-08	8.7961e-09	6.42402e-09	1.26791e-08	2.53833e-08	4.66738e-08	7.87146e-08	1.22173e-07	1.75092e-07	2.32362e-07	2.86201e-07	3.27758e-07	3.49399e-07	3.46919e-07	3.20804e-07	2.76085e-07	2.20832e-07	1.63861e-07	1.12517e-07	7.12858e-08	4.15276e-08	2.21622e-08	1.07954e-08	4.78371e-09	1.92304e-09	6.99805e-10	2.30187e-10	6.83777e-11	1.83379e-11	4.44117e-12	9.72043e-13	1.92506e-13	3.45519e-14	5.63135e-15	8.35241e-16	1.13003e-16	1.39803e-17	1.58553e-18	1.65255e-19	1.58684e-20	1.40719e-21	1.15514e-22	8.79737e-24	6.22939e-25	4.10966e-26	2.53096e-27	1.45778e-28	7.86673e-30	3.98399e-31	1.8965e-32	8.49926e-34	3.73353e-35	3.73353e-35	
0.0420994	0.0420994	0.087726	0.196271	0.389964	0.676093	1.03433	1.42471	1.80796	2.15747	2.45951	2.70976	2.90991	3.06448	3.17836	3.25708	3.30754	3.33822	3.35522	3.36307	3.36465	3.36076	3.3497	3.32772	3.28978	3.22902	3.13704	3.00764	2.8354	2.61564	2.34462	2.02254	1.6573	1.26724	0.884536	0.551128	0.301102	0.142701	0.0584335	0.0206938	0.0063637	0.00170889	0.000403251	8.41514e-05	1.56262e-05	2.59712e-06	3.88701e-07	5.3406e-08	8.7961e-09	6.42402e-09	1.26791e-08	2.53833e-08	4.66738e-08	7.87146e-08	1.22173e-07	1.75092e-07	2.32362e-07	2.86201e-07	3.27758e-07	3.49399e-07	3.46919e-07	3.20804e-07	2.76085e-07	2.20832e-07	1.63861e-07	1.12517e-07	7.12858e-08	4.15276e-08	2.21622e-08	1.07954e-08	4.78371e-09	1.92304e-09	6.99805e-10	2.30187e-10	6.83777e-11	1.83379e-11	4.44117e-12	9.72043e-13	1.92506e-13	3.45519e-14	5.63135e-15	8.35241e-16	1.13003e-16	1.39803e-17	1.58553e-18	1.65255e-19	1.58684e-20	1.40719e-21	1.15514e-22	8.79737e-24	6.22939e-25	4.10966e-26	2.53096e-27	1.45778e-28	7.86673e-30	3.98399e-31	1.8965e-32	8.49926e-34	3.73353e-35	3.73353e-35	
0.087726	0.087726	0.158929	0.30852	0.535572	0.819984	1.1326	1.45306	1.76983	2.0701	2.33976	2.5678	2.74889	2.88281	2.97436	3.0322	3.06629	3.08441	3.09175	3.09416	3.09476	3.09329	3.08949	3.07868	3.05487	3.01226	2.94217	2.83459	2.68233	2.48208	2.23653	1.95303	1.6443	1.32478	1.00569	0.70086	0.435355	0.235584	0.109707	0.0438293	0.0150632	0.00447904	0.00116041	0.000263859	5.30332e-05	9.48576e-06	1.52141e-06	2.26296e-07	4.73768e-08	4.72878e-08	9.36417e-08	1.81039e-07	3.22032e-07	5.27385e-07	7.98065e-07	1.11972e-06	1.46086e-06	1.77656e-06	2.01751e-06	2.14217e-06	2.12791e-06	1.97733e-06	1.71756e-06	1.39269e-06	1.05208e-06	7.3858e-07	4.80371e-07	2.88439e-07	1.59272e-07	8.0555e-08	3.71758e-08	1.56019e-08	5.93807e-09	2.04528e-09	6.36619e-10	1.78935e-10	4.5409e-11	1.04091e-11	2.15744e-12	4.04897e-13	6.89321e-14	1.06681e-14	1.50434e-15	1.93761e-16	2.28528e-17	2.47439e-18	2.46571e-19	2.26689e-20	1.92738e-21	1.51899e-22	1.11211e-23	7.57989e-25	4.81914e-26	2.86349e-27	1.59304e-28	8.31208e-30	4.07425e-31	1.87906e-32	8.49926e-34	8.49926e-34	
0.196271	0.196271	0.30852	0.513902	0.77063	1.03287	1.28205	1.52387	1.75806	1.97346	2.15941	2.30907	2.42045	2.49482	2.5391	2.56115	2.56903	2.56607	2.55994	2.55505	2.55399	2.55663	2.56214	2.5679	2.56771	2.55447	2.52469	2.46906	2.38074	2.25402	2.08928	1.8908	1.66618	1.42793	1.18402	0.928682	0.662027	0.412784	0.22001	0.0994733	0.0382254	0.0125679	0.00356529	0.000880325	0.000190785	3.65795e-05	6.26748e-06	1.01735e-06	2.83316e-07	3.55809e-07	6.95798e-07	1.30026e-06	2.24092e-06	3.56877e-06	5.27197e-06	7.2495e-06	9.30737e-06	1.11839e-05	1.26014e-05	1.33303e-05	1.32471e-05	1.23658e-05	1.0835e-05	8.89896e-06	6.83724e-06	4.90155e-06	3.26842e-06	2.01986e-06	1.15219e-06	6.04067e-07	2.89848e-07	1.26791e-07	5.03944e-08	1.81506e-08	5.9124e-09	1.73964e-09	4.6211e-10	1.10835e-10	2.40201e-11	4.70958e-12	8.36833e-13	1.35029e-13	1.98307e-14	2.65724e-15	3.25691e-16	3.6608e-17	3.7831e-18	3.60336e-19	3.17113e-20	2.58456e-21	1.95525e-22	1.37594e-23	9.02538e-25	5.52903e-26	3.16923e-27	1.70271e-28	8.58884e-30	4.07425e-31	1.8965e-32	1.8965e-32	
0.389964	0.389964	0.535572	0.77063	1.02045	1.24646	1.45217	1.63515	1.77886	1.88067	1.9456	1.98039	1.99038	1.98087	1.95847	1.92756	1.89327	1.85961	1.83547	1.82044	1.81596	1.82584	1.84416	1.87239	1.90753	1.94107	1.969	1.98686	1.98902	1.97016	1.9236	1.84489	1.727	1.56574	1.37192	1.1578	0.914985	0.64559	0.39121	0.199969	0.086035	0.0313432	0.00975788	0.00262191	0.000613892	0.000126408	2.3222e-05	4.21868e-06	1.65329e-06	2.44632e-06	4.67419e-06	8.42826e-06	1.4056e-05	2.1745e-05	3.13305e-05	4.21946e-05	5.32795e-05	6.32357e-05	7.06768e-05	7.44801e-05	7.40464e-05	6.94445e-05	6.13944e-05	5.10953e-05	3.99501e-05	2.92684e-05	2.00277e-05	1.27524e-05	7.52405e-06	4.09486e-06	2.04616e-06	9.34625e-07	3.88701e-07	1.46704e-07	5.01202e-08	1.54724e-08	4.31173e-09	1.0844e-09	2.46248e-10	5.05424e-11	9.3911e-12	1.58271e-12	2.42484e-13	3.38547e-14	4.31834e-15	5.04548e-16	5.41381e-17	5.34845e-18	4.87705e-19	4.11467e-20	3.21932e-21	2.34101e-22	1.58549e-23	1.00211e-24	5.92219e-26	3.27827e-27	1.70271e-28	8.31208e-30	3.98399e-31	3.98399e-31	
0.676093	0.676093	0.819984	1.03287	1.24646	1.44533	1.61571	1.72327	1.76624	1.76143	1.7165	1.64351	1.54883	1.44486	1.33805	1.23857	1.15044	1.08217	1.03226	1.00385	0.996473	1.01265	1.05052	1.10782	1.18357	1.27799	1.38027	1.48758	1.58822	1.6758	1.73873	1.76822	1.75581	1.68853	1.55163	1.3629	1.14493	0.889155	0.605986	0.349818	0.168999	0.0684952	0.0234961	0.00689518	0.00174973	0.000388145	7.69874e-05	1.63526e-05	9.30305e-06	1.52141e-05	2.81791e-05	4.89322e-05	7.88485e-05	0.000118337	0.00016611	0.000218897	0.000271656	0.000318296	0.000352768	0.000370273	0.000368281	0.00034708	0.000309718	0.000261338	0.000208095	0.00015595	0.000109634	7.20228e-05	4.40206e-05	2.49125e-05	1.2989e-05	6.20845e-06	2.70805e-06	1.07368e-06	3.85709e-07	1.25252e-07	3.67121e-08	9.70625e-09	2.31511e-09	4.98573e-10	9.70806e-11	1.71234e-11	2.74194e-12	3.99567e-13	5.31256e-14	6.46168e-15	7.20884e-16	7.39601e-17	6.99601e-18	6.1164e-19	4.95408e-20	3.72596e-21	2.6077e-22	1.70183e-23	1.03766e-24	5.92219e-26	3.16923e-27	1.59304e-28	7.86673e-30	7.86673e-30	
1.03433	1.03433	1.1326	1.28205	1.45217	1.61571	1.71561	1.73571	1.70064	1.60597	1.46359	1.28911	1.09766	0.907356	0.728399	0.572721	0.441979	0.341218	0.268584	0.229289	0.221666	0.240942	0.294807	0.378204	0.490974	0.63202	0.797494	0.982326	1.17468	1.36126	1.52505	1.65044	1.72068	1.73498	1.68217	1.54148	1.34278	1.10944	0.832181	0.538014	0.291516	0.131672	0.0498963	0.016034	0.00442074	0.00105976	0.000229692	6.09093e-05	4.95321e-05	8.48535e-05	0.000151424	0.000252695	0.000392767	0.000571024	0.00077993	0.00100463	0.00122436	0.00141535	0.00155486	0.00162521	0.00161722	0.00153193	0.00138044	0.00118173	0.000959115	0.000736038	0.000532292	0.00036132	0.000229164	0.000135121	7.36673e-05	3.69345e-05	1.69408e-05	7.07549e-06	2.68047e-06	9.18319e-07	2.83934e-07	7.91405e-08	1.98812e-08	4.50399e-09	9.21289e-10	1.70453e-10	2.85866e-11	4.35636e-12	6.04813e-13	7.67048e-14	8.91058e-15	9.50687e-16	9.34024e-17	8.4717e-18	7.1111e-19	5.53696e-20	4.00812e-21	2.70312e-22	1.70183e-23	1.00211e-24	5.52903e-26	2.86349e-27	1.45778e-28	1.45778e-28	
1.42471	1.42471	1.45306	1.52387	1.63515	1.72327	1.73571	1.68891	1.5698	1.37797	1.15063	0.894825	0.638965	0.39072	0.168845	-0.0245554	-0.181206	-0.30007	-0.379133	-0.424181	-0.434081	-0.409021	-0.351994	-0.258081	-0.122853	0.0476879	0.254431	0.487137	0.74054	0.998295	1.24496	1.46036	1.62665	1.71222	1.73185	1.66908	1.51081	1.29804	1.04219	0.741778	0.447462	0.224732	0.0940698	0.0331274	0.00993625	0.00258328	0.000625573	0.000224069	0.000243874	0.000420696	0.000719788	0.00115179	0.00172361	0.00242353	0.00321644	0.00404521	0.00483688	0.00551268	0.00599999	0.00624391	0.00621626	0.00592026	0.00538995	0.00468463	0.00387914	0.00305201	0.00227374	0.00159743	0.00105335	0.000648473	0.000370582	0.000195414	9.45273e-05	4.17201e-05	1.67222e-05	6.06432e-06	1.98447e-06	5.85018e-07	1.55268e-07	3.71108e-08	7.9961e-09	1.55573e-09	2.739e-10	4.37431e-11	6.35386e-12	8.4173e-13	1.01983e-13	1.1332e-14	1.15794e-15	1.09096e-16	9.50102e-18	7.66694e-19	5.74596e-20	4.00812e-21	2.6077e-22	1.58549e-23	9.02538e-25	4.81914e-26	2.53096e-27	2.53096e-27	
1.80796	1.80796	1.76983	1.75806	1.77886	1.76624	1.70064	1.5698	1.35075	1.09085	0.793614	0.481834	0.177094	-0.10468	-0.350396	-0.550998	-0.708538	-0.819511	-0.89595	-0.938077	-0.947137	-0.926747	-0.871452	-0.779187	-0.651565	-0.476407	-0.256243	0.00363799	0.298293	0.605667	0.917392	1.19796	1.44589	1.62836	1.71688	1.72872	1.63739	1.45647	1.22425	0.938624	0.622062	0.345065	0.159037	0.0612855	0.0199976	0.00567136	0.00159748	0.000821092	0.00108625	0.00183716	0.00300098	0.00459358	0.00660479	0.00896586	0.0115452	0.0141592	0.016594	0.0186319	0.0200809	0.0208003	0.020719	0.019845	0.0182645	0.0161302	0.0136416	0.0110178	0.00846877	0.00616911	0.00423811	0.00273065	0.00164005	0.000912295	0.000466945	0.000218552	9.30271e-05	3.58471e-05	1.24623e-05	3.90001e-06	1.09742e-06	2.77651e-07	6.32115e-08	1.29699e-08	2.40339e-09	4.0321e-10	6.14087e-11	8.51442e-12	1.07785e-12	1.24938e-13	1.32977e-14	1.30316e-15	1.17895e-16	9.87093e-18	7.66694e-19	5.53696e-20	3.72596e-21	2.34101e-22	1.37594e-23	7.57989e-25	4.10966e-26	4.10966e-26	
2.15747	2.15747	2.0701	1.97346	1.88067	1.76143	1.60597	1.37797	1.09085	0.763302	0.401251	0.0542516	-0.276892	-0.558477	-0.796528	-0.977714	-1.1126	-1.20573	-1.2578	-1.28566	-1.29288	-1.27996	-1.24031	-1.1722	-1.06468	-0.909909	-0.707757	-0.451092	-0.148482	0.191224	0.546195	0.900407	1.20767	1.47172	1.64607	1.72838	1.71217	1.58183	1.37689	1.11477	0.798472	0.484144	0.244155	0.102577	0.036393	0.0113966	0.00397422	0.00293544	0.00429449	0.0069974	0.010871	0.015877	0.0218867	0.0286313	0.0357159	0.0426602	0.0489527	0.0541074	0.0577168	0.0594926	0.0592924	0.0571324	0.0531856	0.0477667	0.0413028	0.0342893	0.0272362	0.0206106	0.0147843	0.00999479	0.0063274	0.00372509	0.00202479	0.00100902	0.000458026	0.000188352	6.9868e-05	2.33089e-05	6.98201e-06	1.87695e-06	4.53099e-07	9.83591e-08	1.92402e-08	3.39986e-09	5.44226e-10	7.91483e-11	1.04895e-11	1.27063e-12	1.41096e-13	1.44037e-14	1.35547e-15	1.17895e-16	9.50102e-18	7.1111e-19	4.95408e-20	3.21932e-21	1.95525e-22	1.11211e-23	6.22939e-25	6.22939e-25	
2.45951	2.45951	2.33976	2.15941	1.9456	1.7165	1.46359	1.15063	0.793614	0.401251	0.0152213	-0.354193	-0.677007	-0.946575	-1.14729	-1.29336	-1.37779	-1.42695	-1.45085	-1.4594	-1.46195	-1.45617	-1.44241	-1.41263	-1.34997	-1.24125	-1.07663	-0.844178	-0.556905	-0.208289	0.165436	0.560208	0.9363	1.26714	1.52336	1.67836	1.73563	1.66942	1.50055	1.26501	0.96353	0.630729	0.345115	0.157271	0.0607309	0.0215356	0.0099575	0.00984312	0.0148257	0.0230037	0.0338685	0.0470754	0.0620861	0.0781329	0.0942882	0.109561	0.122991	0.133739	0.14114	0.144747	0.144342	0.139949	0.131834	0.120489	0.106618	0.0910895	0.0748771	0.0589671	0.0442611	0.0314777	0.0210685	0.0131735	0.00763467	0.00406871	0.001979	0.000872784	0.000347164	0.00012407	3.97455e-05	1.14024e-05	2.93036e-06	6.75482e-07	1.39944e-07	2.61248e-08	4.40718e-09	6.73929e-10	9.37095e-11	1.1886e-11	1.37947e-12	1.46929e-13	1.44037e-14	1.30316e-15	1.09096e-16	8.4717e-18	6.1164e-19	4.11467e-20	2.58456e-21	1.51899e-22	8.79737e-24	8.79737e-24	
2.70976	2.70976	2.5678	2.30907	1.98039	1.64351	1.28911	0.894825	0.481834	0.0542516	-0.354193	-0.721125	-1.01695	-1.24104	-1.38365	-1.46156	-1.49009	-1.48399	-1.46877	-1.45392	-1.44677	-1.45767	-1.47675	-1.49022	-1.48156	-1.43911	-1.33363	-1.16169	-0.906561	-0.582244	-0.194524	0.222856	0.642661	1.03105	1.36131	1.5894	1.71556	1.7181	1.59507	1.38879	1.10963	0.774396	0.455484	0.224055	0.0948052	0.0397179	0.0251298	0.0297478	0.0440555	0.0645767	0.0898218	0.118556	0.149347	0.180591	0.21065	0.237985	0.261272	0.279456	0.291768	0.297708	0.297044	0.2898	0.276265	0.256989	0.232799	0.204805	0.174383	0.143097	0.112589	0.0844245	0.0599129	0.0399267	0.0247742	0.0141867	0.00743283	0.00353521	0.00151646	0.00058382	0.000201089	6.18742e-05	1.70066e-05	4.18021e-06	9.20712e-07	1.82194e-07	3.24896e-08	5.23796e-09	7.66013e-10	1.01956e-10	1.23913e-11	1.37947e-12	1.41096e-13	1.32977e-14	1.15794e-15	9.34024e-17	6.99601e-18	4.87705e-19	3.17113e-20	1.92738e-21	1.15514e-22	1.15514e-22	
2.90991	2.90991	2.74889	2.42045	1.99038	1.54883	1.09766	0.638965	0.177094	-0.276892	-0.677007	-1.01695	-1.26557	-1.42545	-1.49493	-1.49543	-1.44809	-1.38259	-1.32553	-1.29327	-1.28556	-1.30164	-1.34632	-1.40847	-1.47173	-1.50275	-1.47669	-1.37295	-1.1774	-0.890702	-0.524874	-0.102497	0.351126	0.784793	1.17474	1.47184	1.66231	1.7317	1.66105	1.48731	1.23383	0.907768	0.569125	0.301681	0.142319	0.0738571	0.0614193	0.0785308	0.111289	0.1533	0.201038	0.251728	0.302803	0.35191	0.397011	0.436469	0.469067	0.493954	0.510548	0.518484	0.5176	0.507915	0.489628	0.463146	0.4291	0.388405	0.342359	0.292683	0.241482	0.191131	0.144096	0.102639	0.0684473	0.0423181	0.0240161	0.0123945	0.00577059	0.00240863	0.000897537	0.000297918	8.80425e-05	2.3187e-05	5.45279e-06	1.14816e-06	2.17165e-07	3.70237e-08	5.70982e-09	7.99399e-10	1.01956e-10	1.1886e-11	1.27063e-12	1.24938e-13	1.1332e-14	9.50687e-16	7.39601e-17	5.34845e-18	3.60336e-19	2.26689e-20	1.40719e-21	1.40719e-21	
3.06448	3.06448	2.88281	2.49482	1.98087	1.44486	0.907356	0.39072	-0.10468	-0.558477	-0.946575	-1.24104	-1.42545	-1.50166	-1.48418	-1.39753	-1.28604	-1.17378	-1.09125	-1.04796	-1.03574	-1.0598	-1.12091	-1.21712	-1.33102	-1.43888	-1.49897	-1.4845	-1.36312	-1.13736	-0.800395	-0.389067	0.0748923	0.541494	0.97912	1.3378	1.58728	1.71756	1.70096	1.56269	1.33651	1.02768	0.683056	0.392089	0.211878	0.138592	0.137827	0.177245	0.236859	0.305997	0.378582	0.450562	0.518968	0.581581	0.636825	0.68369	0.721575	0.750074	0.768884	0.777824	0.776833	0.765917	0.745157	0.714758	0.675043	0.626445	0.56963	0.50571	0.436376	0.363942	0.291332	0.221989	0.159481	0.106869	0.0660429	0.0372206	0.0189406	0.00863348	0.00350519	0.0012635	0.000403941	0.000114613	2.89193e-05	6.50773e-06	1.31055e-06	2.37071e-07	3.86704e-08	5.70982e-09	7.66013e-10	9.37095e-11	1.04895e-11	1.07785e-12	1.01983e-13	8.91058e-15	7.20884e-16	5.41381e-17	3.7831e-18	2.46571e-19	1.58684e-20	1.58684e-20	
3.17836	3.17836	2.97436	2.5391	1.95847	1.33805	0.728399	0.168845	-0.350396	-0.796528	-1.14729	-1.38365	-1.49493	-1.48418	-1.38107	-1.2198	-1.05181	-0.922182	-0.843855	-0.813344	-0.808685	-0.821603	-0.868674	-0.965393	-1.1181	-1.28763	-1.43148	-1.50232	-1.46555	-1.30528	-1.02113	-0.635718	-0.171877	0.316724	0.78906	1.19782	1.50049	1.68516	1.72002	1.61835	1.42094	1.1363	0.800571	0.503716	0.318306	0.252593	0.272272	0.338371	0.424386	0.515924	0.605749	0.69018	0.767185	0.835555	0.894689	0.944307	0.984202	1.01405	1.03366	1.04296	1.04194	1.03058	1.00892	0.977047	0.935182	0.883642	0.822626	0.752456	0.673825	0.588007	0.496944	0.403541	0.311843	0.226721	0.153099	0.094751	0.0530734	0.0266254	0.0118717	0.00468278	0.00163096	0.000501727	0.000136594	3.30116e-05	7.10876e-06	1.36958e-06	2.37071e-07	3.70237e-08	5.23796e-09	6.73929e-10	7.91483e-11	8.51442e-12	8.4173e-13	7.67048e-14	6.46168e-15	5.04548e-16	3.6608e-17	2.47439e-18	1.65255e-19	1.65255e-19	
3.25708	3.25708	3.0322	2.56115	1.92756	1.23857	0.572721	-0.0245554	-0.550998	-0.977714	-1.29336	-1.46156	-1.49543	-1.39753	-1.2198	-1.01036	-0.834673	-0.731392	-0.685691	-0.670935	-0.66756	-0.67414	-0.699221	-0.76434	-0.897842	-1.09463	-1.29623	-1.45098	-1.49654	-1.41383	-1.18346	-0.830463	-0.379247	0.116482	0.614077	1.06327	1.41058	1.64291	1.72548	1.66052	1.49445	1.24261	0.932885	0.65055	0.475974	0.425267	0.46406	0.548987	0.650155	0.752391	0.849397	0.938764	1.01932	1.09048	1.15202	1.20365	1.24491	1.27546	1.29541	1.30492	1.30387	1.29228	1.27023	1.23752	1.19415	1.14049	1.077	1.00392	0.921508	0.830335	0.731281	0.625525	0.515244	0.404162	0.297774	0.202859	0.12577	0.0699683	0.0345512	0.01504	0.00575224	0.0019324	0.000571266	0.000149101	3.44994e-05	7.10876e-06	1.31055e-06	2.17165e-07	3.24896e-08	4.40718e-09	5.44226e-10	6.14087e-11	6.35386e-12	6.04813e-13	5.31256e-14	4.31834e-15	3.25691e-16	2.28528e-17	1.58553e-18	1.58553e-18	
3.30754	3.30754	3.06629	2.56903	1.89327	1.15044	0.441979	-0.181206	-0.708538	-1.1126	-1.37779	-1.49009	-1.44809	-1.28604	-1.05181	-0.834673	-0.685517	-0.646625	-0.662428	-0.649127	-0.638124	-0.659774	-0.656518	-0.648247	-0.735258	-0.914167	-1.14857	-1.36318	-1.48081	-1.4663	-1.29072	-0.979048	-0.546234	-0.0477508	0.465124	0.944343	1.32595	1.59785	1.72514	1.69903	1.5702	1.36227	1.09473	0.841495	0.682994	0.641575	0.687295	0.778295	0.885041	0.992582	1.09464	1.18834	1.27208	1.34537	1.40777	1.45894	1.49862	1.52757	1.54645	1.55537	1.55439	1.54349	1.52261	1.49156	1.44961	1.39614	1.33153	1.25612	1.17028	1.07453	0.970114	0.858174	0.739672	0.615958	0.489489	0.365097	0.250684	0.155442	0.0856723	0.041517	0.0175889	0.00650467	0.00210305	0.000596499	0.000149101	3.30116e-05	6.50773e-06	1.14816e-06	1.82194e-07	2.61248e-08	3.39986e-09	4.0321e-10	4.37431e-11	4.35636e-12	3.99567e-13	3.38547e-14	2.65724e-15	1.93761e-16	1.39803e-17	1.39803e-17	
3.33822	3.33822	3.08441	2.56607	1.85961	1.08217	0.341218	-0.30007	-0.819511	-1.20573	-1.42695	-1.48399	-1.38259	-1.17378	-0.922182	-0.731392	-0.646625	-0.651615	-0.676578	-0.646148	-0.626302	-0.663303	-0.671605	-0.64029	-0.670086	-0.794372	-1.02149	-1.26706	-1.43855	-1.48344	-1.36053	-1.08363	-0.670498	-0.17457	0.343674	0.848039	1.25837	1.56025	1.72867	1.74708	1.66534	1.51079	1.29114	1.06542	0.914226	0.871287	0.916532	1.01103	1.1236	1.23666	1.34189	1.43541	1.51625	1.58464	1.64057	1.68469	1.71817	1.74273	1.7587	1.76577	1.76498	1.7562	1.73847	1.71219	1.67673	1.63034	1.57194	1.50107	1.41765	1.32139	1.21299	1.09452	0.968147	0.836096	0.70002	0.561089	0.422247	0.29126	0.179933	0.0978134	0.0463056	0.0190142	0.00677619	0.00210305	0.000571266	0.000136594	2.89193e-05	5.45279e-06	9.20712e-07	1.39944e-07	1.92402e-08	2.40339e-09	2.739e-10	2.85866e-11	2.74194e-12	2.42484e-13	1.98307e-14	1.50434e-15	1.13003e-16	1.13003e-16	
3.35522	3.35522	3.09175	2.55994	1.83547	1.03226	0.268584	-0.379133	-0.89595	-1.2578	-1.45085	-1.46877	-1.32553	-1.09125	-0.843855	-0.685691	-0.662428	-0.676578	-0.677474	-0.618528	-0.589209	-0.647783	-0.680693	-0.670339	-0.663835	-0.729316	-0.941595	-1.18849	-1.40156	-1.48162	-1.40142	-1.14544	-0.757218	-0.263346	0.260064	0.777018	1.21167	1.54232	1.75129	1.82037	1.79287	1.68984	1.50636	1.29475	1.14425	1.10131	1.15024	1.24915	1.3631	1.47291	1.57052	1.65366	1.72339	1.78006	1.82499	1.85943	1.88597	1.90469	1.91605	1.92092	1.92033	1.91423	1.9015	1.88126	1.85322	1.81692	1.76972	1.71054	1.63809	1.55181	1.45006	1.33328	1.20297	1.06209	0.915094	0.765849	0.615614	0.464976	0.320446	0.19602	0.104433	0.048013	0.0190142	0.00650467	0.0019324	0.000501727	0.000114613	2.3187e-05	4.18021e-06	6.75482e-07	9.83591e-08	1.29699e-08	1.55573e-09	1.70453e-10	1.71234e-11	1.58271e-12	1.35029e-13	1.06681e-14	8.35241e-16	8.35241e-16	
3.36307	3.36307	3.09416	2.55505	1.82044	1.00385	0.229289	-0.424181	-0.938077	-1.28566	-1.4594	-1.45392	-1.29327	-1.04796	-0.813344	-0.670935	-0.649127	-0.646148	-0.618528	-0.588496	-0.580324	-0.602064	-0.629795	-0.650281	-0.649891	-0.709602	-0.90248	-1.14725	-1.37468	-1.47546	-1.41736	-1.18038	-0.803392	-0.313142	0.213613	0.739642	1.19372	1.55463	1.80789	1.92994	1.95087	1.88175	1.71624	1.51404	1.37137	1.3341	1.38296	1.47553	1.57885	1.67577	1.75959	1.82909	1.88506	1.92761	1.95954	1.98206	1.99788	2.00699	2.01155	2.01469	2.0143	2.01071	2.00558	1.99527	1.97818	1.95399	1.92006	1.87498	1.81623	1.74355	1.65545	1.55078	1.42941	1.29118	1.13841	0.976652	0.813408	0.652033	0.491135	0.335635	0.20162	0.104433	0.0463056	0.0175889	0.00575224	0.00163096	0.000403941	8.80425e-05	1.70066e-05	2.93036e-06	4.53099e-07	6.32115e-08	7.9961e-09	9.21289e-10	9.70806e-11	9.3911e-12	8.36833e-13	6.89321e-14	5.63135e-15	5.63135e-15	
3.36465	3.36465	3.09476	2.55399	1.81596	0.996473	0.221666	-0.434081	-0.947137	-1.29288	-1.46195	-1.44677	-1.28556	-1.03574	-0.808685	-0.66756	-0.638124	-0.626302	-0.589209	-0.580324	-0.583254	-0.579374	-0.602424	-0.634982	-0.641608	-0.709539	-0.893438	-1.13896	-1.36622	-1.47431	-1.42143	-1.19202	-0.812658	-0.32424	0.206284	0.743082	1.21484	1.60804	1.90636	2.07207	2.12148	2.06681	1.91433	1.72736	1.59301	1.55217	1.59026	1.67031	1.7603	1.84252	1.90923	1.95983	1.99465	2.01683	2.02856	2.03364	2.03325	2.03172	2.02977	2.02919	2.02931	2.03011	2.03205	2.03351	2.03315	2.02679	2.01335	1.98871	1.95099	1.89669	1.82533	1.73484	1.62634	1.49991	1.35578	1.19414	1.01928	0.842409	0.67023	0.499915	0.335635	0.19602	0.0978134	0.041517	0.01504	0.00468278	0.0012635	0.000297918	6.18742e-05	1.14024e-05	1.87695e-06	2.77651e-07	3.71108e-08	4.50399e-09	4.98573e-10	5.05424e-11	4.70958e-12	4.04897e-13	3.45519e-14	3.45519e-14	
3.36076	3.36076	3.09329	2.55663	1.82584	1.01265	0.240942	-0.409021	-0.926747	-1.27996	-1.45617	-1.45767	-1.30164	-1.0598	-0.821603	-0.67414	-0.659774	-0.663303	-0.647783	-0.602064	-0.579374	-0.622854	-0.657908	-0.663443	-0.657786	-0.71264	-0.914613	-1.15737	-1.38268	-1.47532	-1.41407	-1.1714	-0.789233	-0.292257	0.242218	0.786674	1.28219	1.71048	2.04265	2.22959	2.28797	2.24301	2.10502	1.92511	1.78651	1.7382	1.76804	1.83514	1.90598	1.96411	2.00371	2.02695	2.03486	2.03264	2.02153	2.00767	1.99195	1.97808	1.96795	1.96131	1.96215	1.96979	1.98056	1.99505	2.01057	2.02412	2.03386	2.03424	2.02357	1.99684	1.95209	1.88528	1.79509	1.68208	1.5481	1.397	1.22754	1.04112	0.852192	0.67023	0.491135	0.320446	0.179933	0.0856723	0.0345512	0.0118717	0.00350519	0.000897537	0.000201089	3.97455e-05	6.98201e-06	1.09742e-06	1.55268e-07	1.98812e-08	2.31511e-09	2.46248e-10	2.40201e-11	2.15744e-12	1.92506e-13	1.92506e-13	
3.3497	3.3497	3.08949	2.56214	1.84416	1.05052	0.294807	-0.351994	-0.871452	-1.24031	-1.44241	-1.47675	-1.34632	-1.12091	-0.868674	-0.699221	-0.656518	-0.671605	-0.680693	-0.629795	-0.602424	-0.657908	-0.681283	-0.661251	-0.664275	-0.748642	-0.969046	-1.21693	-1.41606	-1.48404	-1.38629	-1.12442	-0.725348	-0.221551	0.322285	0.883681	1.40041	1.85454	2.20073	2.38759	2.44867	2.41248	2.27464	2.08743	1.94751	1.897	1.91307	1.95619	1.9991	2.02714	2.03734	2.03055	2.00971	1.97867	1.94261	1.90477	1.87011	1.83994	1.81963	1.81044	1.81147	1.82285	1.84536	1.87672	1.91216	1.95014	1.98541	2.015	2.03304	2.03654	2.02121	1.98487	1.92342	1.83591	1.71961	1.57694	1.41692	1.23858	1.04112	0.842409	0.652033	0.464976	0.29126	0.155442	0.0699683	0.0266254	0.00863348	0.00240863	0.00058382	0.00012407	2.33089e-05	3.90001e-06	5.85018e-07	7.91405e-08	9.70625e-09	1.0844e-09	1.10835e-10	1.04091e-11	9.72043e-13	9.72043e-13	
3.32772	3.32772	3.07868	2.5679	1.87239	1.10782	0.378204	-0.258081	-0.779187	-1.1722	-1.41263	-1.49022	-1.40847	-1.21712	-0.965393	-0.76434	-0.648247	-0.64029	-0.670339	-0.650281	-0.634982	-0.663443	-0.661251	-0.632078	-0.683146	-0.835419	-1.06569	-1.30632	-1.45564	-1.48209	-1.33679	-1.04345	-0.618532	-0.105361	0.452067	1.02984	1.56354	2.02837	2.36543	2.54145	2.60372	2.56151	2.40778	2.21779	2.07855	2.01485	2.01029	2.02856	2.04218	2.03642	2.01107	1.96725	1.91136	1.84776	1.7824	1.72009	1.66466	1.62157	1.59157	1.57596	1.57775	1.59656	1.62917	1.67483	1.73218	1.79537	1.86096	1.92329	1.97715	2.01731	2.03779	2.03478	2.00423	1.94503	1.85763	1.73837	1.5867	1.41692	1.22754	1.01928	0.813408	0.615614	0.422247	0.250684	0.12577	0.0530734	0.0189406	0.00577059	0.00151646	0.000347164	6.9868e-05	1.24623e-05	1.98447e-06	2.83934e-07	3.67121e-08	4.31173e-09	4.6211e-10	4.5409e-11	4.44117e-12	4.44117e-12	
3.28978	3.28978	3.05487	2.56771	1.90753	1.18357	0.490974	-0.122853	-0.651565	-1.06468	-1.34997	-1.48156	-1.47173	-1.33102	-1.1181	-0.897842	-0.735258	-0.670086	-0.663835	-0.649891	-0.641608	-0.657786	-0.664275	-0.683146	-0.791222	-0.981453	-1.20792	-1.40016	-1.49185	-1.44796	-1.25322	-0.92123	-0.468626	0.0583626	0.633962	1.22147	1.76035	2.21561	2.52772	2.68954	2.74202	2.67656	2.50783	2.31414	2.16344	2.08954	2.06685	2.0541	2.02924	1.98368	1.91789	1.83679	1.74437	1.64799	1.55269	1.4648	1.38848	1.3268	1.28572	1.26543	1.26769	1.29232	1.33766	1.40276	1.48158	1.57149	1.66733	1.76325	1.85389	1.93211	1.99323	2.03113	2.03997	2.0164	1.95537	1.86405	1.73837	1.57694	1.397	1.19414	0.976652	0.765849	0.561089	0.365097	0.202859	0.094751	0.0372206	0.0123945	0.00353521	0.000872784	0.000188352	3.58471e-05	6.06432e-06	9.18319e-07	1.25252e-07	1.54724e-08	1.73964e-09	1.78935e-10	1.83379e-11	1.83379e-11	
3.22902	3.22902	3.01226	2.55447	1.94107	1.27799	0.63202	0.0476879	-0.476407	-0.909909	-1.24125	-1.43911	-1.50275	-1.43888	-1.28763	-1.09463	-0.914167	-0.794372	-0.729316	-0.709602	-0.709539	-0.71264	-0.748642	-0.835419	-0.981453	-1.17447	-1.35497	-1.47917	-1.4917	-1.37822	-1.12063	-0.748041	-0.272027	0.2716	0.858595	1.44913	1.9775	2.40285	2.68216	2.82367	2.8506	2.75659	2.57214	2.36478	2.21023	2.12679	2.07327	2.02668	1.96259	1.8763	1.76866	1.64553	1.5147	1.38152	1.25545	1.14039	1.04307	0.967828	0.91673	0.892213	0.894901	0.924924	0.981106	1.06091	1.16234	1.27985	1.40753	1.54107	1.67097	1.79145	1.89458	1.97382	2.02367	2.03971	2.02091	1.95537	1.85763	1.71961	1.5481	1.35578	1.13841	0.915094	0.70002	0.489489	0.297774	0.153099	0.0660429	0.0240161	0.00743283	0.001979	0.000458026	9.30271e-05	1.67222e-05	2.68047e-06	3.85709e-07	5.01202e-08	5.9124e-09	6.36619e-10	6.83777e-11	6.83777e-11	
3.13704	3.13704	2.94217	2.52469	1.969	1.38027	0.797494	0.254431	-0.256243	-0.707757	-1.07663	-1.33363	-1.47669	-1.49897	-1.43148	-1.29623	-1.14857	-1.02149	-0.941595	-0.90248	-0.893438	-0.914613	-0.969046	-1.06569	-1.20792	-1.35497	-1.46761	-1.50372	-1.43342	-1.2441	-0.937136	-0.524519	-0.0248838	0.529003	1.12181	1.69932	2.19592	2.58019	2.82233	2.93219	2.92365	2.80033	2.59378	2.37702	2.22101	2.11608	2.03924	1.95443	1.84638	1.7136	1.56253	1.39755	1.22903	1.06295	0.905813	0.766615	0.648633	0.556363	0.495017	0.464447	0.467853	0.504899	0.572557	0.670497	0.792768	0.93562	1.09544	1.26299	1.4313	1.59377	1.74191	1.86702	1.9641	2.02099	2.03971	2.0164	1.94503	1.83591	1.68208	1.49991	1.29118	1.06209	0.836096	0.615958	0.404162	0.226721	0.106869	0.0423181	0.0141867	0.00406871	0.00100902	0.000218552	4.17201e-05	7.07549e-06	1.07368e-06	1.46704e-07	1.81506e-08	2.04528e-09	2.30187e-10	2.30187e-10	
3.00764	3.00764	2.83459	2.46906	1.98686	1.48758	0.982326	0.487137	0.00363799	-0.451092	-0.844178	-1.16169	-1.37295	-1.4845	-1.50232	-1.45098	-1.36318	-1.26706	-1.18849	-1.14725	-1.13896	-1.15737	-1.21693	-1.30633	-1.40017	-1.47919	-1.50375	-1.45267	-1.29914	-1.04477	-0.684383	-0.248988	0.264232	0.822289	1.40636	1.95224	2.40459	2.74057	2.93746	3.0061	2.95927	2.80363	2.57429	2.35527	2.19334	2.073	1.96425	1.83511	1.68613	1.50758	1.3129	1.10682	0.898723	0.699417	0.515189	0.350892	0.215544	0.112083	0.0426552	0.00984194	0.0134322	0.0537399	0.1303	0.240046	0.381309	0.550327	0.73874	0.940367	1.1479	1.35368	1.54392	1.71725	1.8553	1.9641	2.02367	2.03997	2.00423	1.92342	1.79509	1.62634	1.42941	1.20297	0.968147	0.739672	0.515244	0.311843	0.159481	0.0684473	0.0247742	0.00763467	0.00202479	0.000466945	9.45273e-05	1.69408e-05	2.70805e-06	3.88701e-07	5.03944e-08	5.93807e-09	6.99805e-10	6.99805e-10	
2.8354	2.8354	2.68233	2.38074	1.98902	1.58822	1.17468	0.74054	0.298293	-0.148482	-0.556905	-0.906561	-1.1774	-1.36312	-1.46555	-1.49654	-1.48081	-1.43855	-1.40156	-1.37468	-1.36622	-1.38269	-1.41607	-1.45565	-1.4919	-1.49182	-1.43366	-1.2995	-1.07831	-0.770308	-0.384224	0.0741622	0.589167	1.13606	1.69689	2.19408	2.59194	2.87239	3.01729	3.04102	2.95475	2.76487	2.52031	2.3042	2.13583	1.99667	1.85223	1.68573	1.48604	1.26519	1.02521	0.781998	0.539774	0.309462	0.100409	-0.0816382	-0.233746	-0.350355	-0.426558	-0.463843	-0.459683	-0.414359	-0.33018	-0.206207	-0.0478081	0.140689	0.354587	0.586678	0.83133	1.07362	1.31081	1.52722	1.71725	1.86702	1.97382	2.03113	2.03478	1.98487	1.88528	1.73484	1.55078	1.33328	1.09452	0.858174	0.625525	0.403541	0.221989	0.102639	0.0399267	0.0131735	0.00372509	0.000912295	0.000195414	3.69345e-05	6.20845e-06	9.34625e-07	1.26791e-07	1.56019e-08	1.92304e-09	1.92304e-09	
2.61564	2.61564	2.48208	2.25402	1.97016	1.6758	1.36126	0.998295	0.605667	0.191224	-0.208289	-0.582244	-0.890702	-1.13736	-1.30528	-1.41383	-1.4663	-1.48344	-1.48162	-1.47547	-1.47432	-1.47533	-1.48408	-1.48218	-1.44822	-1.37883	-1.24535	-1.04694	-0.772989	-0.430281	-0.0245036	0.428537	0.928789	1.45672	1.97245	2.40782	2.74643	2.96502	3.05508	3.03443	2.90853	2.68827	2.43923	2.22881	2.05487	1.89464	1.71267	1.50198	1.26092	0.995888	0.717378	0.435449	0.163666	-0.0927255	-0.322603	-0.520779	-0.681307	-0.802412	-0.883447	-0.922297	-0.918022	-0.870549	-0.781443	-0.652595	-0.483684	-0.278691	-0.043933	0.217303	0.49163	0.773447	1.0504	1.31081	1.54392	1.74191	1.89458	1.99323	2.03779	2.02121	1.95209	1.82533	1.65545	1.45006	1.21299	0.970114	0.731281	0.496944	0.291332	0.144096	0.0599129	0.0210685	0.0063274	0.00164005	0.000370582	7.36673e-05	1.2989e-05	2.04616e-06	2.89848e-07	3.71758e-08	4.78371e-09	4.78371e-09	
2.34462	2.34462	2.23653	2.08928	1.9236	1.73873	1.52505	1.24496	0.917392	0.546195	0.165436	-0.194524	-0.524874	-0.800395	-1.02113	-1.18346	-1.29072	-1.36053	-1.40142	-1.41737	-1.42145	-1.41412	-1.38646	-1.33726	-1.25438	-1.1232	-0.942238	-0.693293	-0.3973	-0.0380829	0.352891	0.799726	1.27049	1.7579	2.21315	2.58307	2.85626	3.00905	3.04792	2.98562	2.82149	2.58116	2.34086	2.13905	1.95777	1.77153	1.55341	1.30119	1.01547	0.711031	0.396427	0.0844948	-0.214305	-0.489159	-0.734358	-0.941121	-1.10879	-1.23502	-1.31484	-1.35177	-1.34777	-1.3025	-1.21353	-1.07839	-0.902764	-0.688181	-0.436253	-0.156283	0.146359	0.458948	0.773447	1.07362	1.35368	1.59377	1.79145	1.93211	2.01731	2.03654	1.99684	1.89669	1.74355	1.55181	1.32139	1.07453	0.830335	0.588007	0.363942	0.191131	0.0844245	0.0314777	0.00999479	0.00273065	0.000648473	0.000135121	2.49125e-05	4.09486e-06	6.04067e-07	8.0555e-08	1.07954e-08	1.07954e-08	
2.02254	2.02254	1.95303	1.8908	1.84489	1.76822	1.65044	1.46036	1.19796	0.900407	0.560208	0.222856	-0.102497	-0.389067	-0.635718	-0.830463	-0.979048	-1.08363	-1.14545	-1.18041	-1.19211	-1.17167	-1.12521	-1.04545	-0.92582	-0.757498	-0.542088	-0.278345	0.0307821	0.374779	0.752994	1.15812	1.58172	2.02299	2.40465	2.70621	2.90927	3.00101	2.99646	2.89452	2.6995	2.45714	2.23553	2.04145	1.85109	1.63531	1.37997	1.08702	0.765075	0.422312	0.077248	-0.261971	-0.578952	-0.867905	-1.1191	-1.32853	-1.49301	-1.61307	-1.69322	-1.73342	-1.72897	-1.68043	-1.59244	-1.46373	-1.28969	-1.07228	-0.813511	-0.517031	-0.195985	0.146359	0.49163	0.83133	1.1479	1.4313	1.67097	1.85389	1.97715	2.03304	2.02357	1.95099	1.81623	1.63809	1.41765	1.17028	0.921508	0.673825	0.436376	0.241482	0.112589	0.0442611	0.0147843	0.00423811	0.00105335	0.000229164	4.40206e-05	7.52405e-06	1.15219e-06	1.59272e-07	2.21622e-08	2.21622e-08	
1.6573	1.6573	1.6443	1.66618	1.727	1.75581	1.72068	1.62665	1.44589	1.20767	0.9363	0.642661	0.351126	0.0748922	-0.171877	-0.379248	-0.546235	-0.670505	-0.75725	-0.803512	-0.813059	-0.790424	-0.728494	-0.62594	-0.484253	-0.301722	-0.0760213	0.184152	0.475655	0.786325	1.12144	1.47364	1.85888	2.22366	2.53148	2.76725	2.89972	2.94341	2.90175	2.76425	2.55459	2.32943	2.13295	1.94487	1.73909	1.49332	1.20311	0.871277	0.514063	0.142145	-0.229916	-0.586934	-0.919393	-1.21198	-1.46407	-1.66724	-1.82184	-1.93241	-1.99913	-2.02663	-2.02383	-1.98935	-1.91373	-1.79432	-1.63078	-1.41764	-1.15633	-0.855765	-0.517031	-0.156283	0.217303	0.586678	0.940367	1.26299	1.54107	1.76325	1.92329	2.015	2.03424	1.98871	1.87498	1.71054	1.50107	1.25612	1.00392	0.752456	0.50571	0.292683	0.143097	0.0589671	0.0206106	0.00616911	0.00159743	0.00036132	7.20228e-05	1.27524e-05	2.01986e-06	2.88439e-07	4.15276e-08	4.15276e-08	
1.26724	1.26724	1.32478	1.42793	1.56574	1.68853	1.73498	1.71222	1.62836	1.47172	1.26714	1.03105	0.784793	0.541494	0.316724	0.11648	-0.0477598	-0.17461	-0.2635	-0.31368	-0.325898	-0.296782	-0.232501	-0.128939	0.0129106	0.19253	0.403754	0.64033	0.893244	1.16203	1.44222	1.74379	2.05406	2.34453	2.59448	2.75468	2.82944	2.84133	2.76475	2.60413	2.40499	2.2138	2.04084	1.85234	1.62813	1.35042	1.02789	0.663663	0.275377	-0.123085	-0.513826	-0.884794	-1.2207	-1.51292	-1.75437	-1.94222	-2.08086	-2.17183	-2.22628	-2.252	-2.24921	-2.21796	-2.15693	-2.05694	-1.9085	-1.71083	-1.45825	-1.15633	-0.813511	-0.436253	-0.043933	0.354587	0.73874	1.09544	1.40753	1.66733	1.86096	1.98541	2.03386	2.01335	1.92006	1.76972	1.57194	1.33153	1.077	0.822626	0.56963	0.342359	0.174383	0.0748771	0.0272362	0.00846877	0.00227374	0.000532292	0.000109634	2.00277e-05	3.26842e-06	4.80371e-07	7.12858e-08	7.12858e-08	
0.884536	0.884536	1.00569	1.18402	1.37192	1.55163	1.68217	1.73185	1.71688	1.64607	1.52336	1.36131	1.17474	0.97912	0.789058	0.614067	0.465079	0.343492	0.259402	0.211496	0.200305	0.227334	0.289553	0.388133	0.522124	0.681473	0.864785	1.06104	1.26508	1.47214	1.68589	1.9174	2.16124	2.39815	2.5728	2.6655	2.71201	2.69687	2.59119	2.43401	2.2701	2.11809	1.96277	1.76765	1.52127	1.21554	0.861455	0.469917	0.0569155	-0.361713	-0.767772	-1.14461	-1.48087	-1.76267	-1.98536	-2.15045	-2.2557	-2.31575	-2.34872	-2.36249	-2.3611	-2.34398	-2.3062	-2.23882	-2.1227	-1.94505	-1.71083	-1.41764	-1.07228	-0.688181	-0.278691	0.140689	0.550327	0.93562	1.27985	1.57149	1.79537	1.95014	2.02412	2.02679	1.95399	1.81692	1.63034	1.39614	1.14049	0.883642	0.626445	0.388405	0.204805	0.0910895	0.0342893	0.0110178	0.00305201	0.000736038	0.00015595	2.92684e-05	4.90155e-06	7.3858e-07	1.12517e-07	1.12517e-07	
0.551128	0.551128	0.70086	0.928682	1.1578	1.3629	1.54148	1.66908	1.72872	1.72838	1.67836	1.5894	1.47184	1.3378	1.19781	1.06323	0.944146	0.847293	0.774534	0.732371	0.724426	0.744686	0.800461	0.883457	0.990251	1.11625	1.25572	1.3978	1.5395	1.67959	1.83045	2.00165	2.18824	2.35354	2.46078	2.5253	2.55409	2.50985	2.39954	2.27933	2.16556	2.04811	1.8991	1.69205	1.42408	1.09202	0.713377	0.296166	-0.135061	-0.569566	-0.983215	-1.36229	-1.69134	-1.95687	-2.15689	-2.28779	-2.35628	-2.37652	-2.36527	-2.34955	-2.35163	-2.36888	-2.37569	-2.34646	-2.26716	-2.1227	-1.9085	-1.63078	-1.28969	-0.902764	-0.483684	-0.0478081	0.381309	0.792768	1.16234	1.48158	1.73218	1.91216	2.01057	2.03315	1.97818	1.85322	1.67673	1.44961	1.19415	0.935182	0.675043	0.4291	0.232799	0.106618	0.0413028	0.0136416	0.00387914	0.000959115	0.000208095	3.99501e-05	6.83724e-06	1.05208e-06	1.63861e-07	1.63861e-07	
0.301102	0.301102	0.435355	0.662027	0.914985	1.14493	1.34278	1.51081	1.63739	1.71217	1.73563	1.71556	1.66231	1.58727	1.50044	1.41038	1.32518	1.25569	1.20353	1.17212	1.1649	1.18144	1.22175	1.28168	1.35787	1.44682	1.5376	1.62555	1.70742	1.78651	1.87438	1.98159	2.10407	2.21513	2.29575	2.34491	2.3497	2.2977	2.22372	2.16296	2.09492	1.99964	1.84968	1.62753	1.33999	0.986566	0.586986	0.15179	-0.296296	-0.73961	-1.1596	-1.53441	-1.85281	-2.1	-2.26576	-2.36014	-2.38695	-2.35482	-2.30121	-2.26713	-2.27109	-2.31134	-2.36454	-2.38693	-2.34646	-2.23882	-2.05694	-1.79432	-1.46373	-1.07839	-0.652595	-0.206207	0.240046	0.670497	1.06091	1.40276	1.67483	1.87672	1.99505	2.03351	1.99527	1.88126	1.71219	1.49156	1.23752	0.977047	0.714758	0.463146	0.256989	0.120489	0.0477667	0.0161302	0.00468463	0.00118173	0.000261338	5.10953e-05	8.89896e-06	1.39269e-06	2.20832e-07	2.20832e-07	
0.142701	0.142701	0.235584	0.412784	0.64559	0.889155	1.10944	1.29804	1.45647	1.58183	1.66942	1.7181	1.73169	1.71752	1.68499	1.64218	1.59519	1.55184	1.51917	1.49944	1.49411	1.50585	1.53082	1.56836	1.61385	1.66054	1.70136	1.73305	1.75295	1.76788	1.79404	1.84986	1.93555	2.02433	2.08633	2.11496	2.11715	2.10166	2.0928	2.08992	2.05423	1.96903	1.81082	1.5771	1.27165	0.902685	0.4867	0.0386538	-0.42151	-0.869993	-1.29438	-1.66107	-1.96968	-2.19425	-2.3261	-2.37979	-2.35278	-2.26211	-2.15936	-2.09729	-2.1047	-2.17807	-2.28296	-2.36454	-2.37569	-2.3062	-2.15693	-1.91373	-1.59244	-1.21353	-0.781443	-0.33018	0.1303	0.572557	0.981106	1.33766	1.62917	1.84536	1.98056	2.03205	2.00558	1.9015	1.73847	1.52261	1.27023	1.00892	0.745157	0.489628	0.276265	0.131834	0.0531856	0.0182645	0.00538995	0.00138044	0.000309718	6.13944e-05	1.0835e-05	1.71756e-06	2.76085e-07	2.76085e-07	
0.0584335	0.0584335	0.109707	0.22001	0.39121	0.605986	0.832181	1.04219	1.22425	1.37689	1.50055	1.59506	1.66102	1.70081	1.71938	1.72305	1.71713	1.70569	1.6945	1.68722	1.68533	1.68973	1.69882	1.71055	1.72049	1.7235	1.71621	1.69549	1.66283	1.63006	1.61858	1.64778	1.71272	1.78048	1.82553	1.86069	1.90573	1.95787	2.01397	2.051	2.03282	1.95088	1.78417	1.54162	1.22386	0.844165	0.416835	-0.0394268	-0.507424	-0.959294	-1.38373	-1.74783	-2.04193	-2.25193	-2.35623	-2.36338	-2.29066	-2.14387	-1.96312	-1.84131	-1.85637	-1.99807	-2.17807	-2.31134	-2.36888	-2.34398	-2.21796	-1.98935	-1.68043	-1.3025	-0.870549	-0.414359	0.0537399	0.504899	0.924924	1.29232	1.59656	1.82285	1.96979	2.03011	2.01071	1.91423	1.7562	1.54349	1.29228	1.03058	0.765917	0.507915	0.2898	0.139949	0.0571324	0.019845	0.00592026	0.00153193	0.00034708	6.94445e-05	1.23658e-05	1.97733e-06	3.20804e-07	3.20804e-07	
0.0206938	0.0206938	0.0438293	0.0994733	0.199969	0.349818	0.538014	0.741778	0.938624	1.11477	1.26501	1.38877	1.4872	1.56218	1.61632	1.65349	1.67792	1.69267	1.70047	1.70404	1.70487	1.70296	1.69795	1.68769	1.66958	1.6409	1.59915	1.54289	1.4767	1.41416	1.37707	1.38357	1.42969	1.49029	1.5538	1.63965	1.7544	1.87201	1.97355	2.0344	2.02485	1.94044	1.77045	1.52244	1.19705	0.814011	0.377842	-0.0793516	-0.5545	-1.0053	-1.4302	-1.79441	-2.07473	-2.28287	-2.3672	-2.34052	-2.24601	-2.05913	-1.80603	-1.62733	-1.64959	-1.85637	-2.1047	-2.27109	-2.35163	-2.3611	-2.24921	-2.02383	-1.72897	-1.34777	-0.918022	-0.459683	0.0134322	0.467853	0.894901	1.26769	1.57775	1.81147	1.96215	2.02931	2.0143	1.92033	1.76498	1.55439	1.30387	1.04194	0.776833	0.5176	0.297044	0.144342	0.0592924	0.020719	0.00621626	0.00161722	0.000368281	7.40464e-05	1.32471e-05	2.12791e-06	3.46919e-07	3.46919e-07	
0.0063637	0.0063637	0.0150632	0.0382254	0.086035	0.168999	0.291516	0.447462	0.622061	0.79847	0.963516	1.10955	1.23345	1.33495	1.41524	1.47651	1.52168	1.55359	1.57423	1.58526	1.58776	1.58185	1.56714	1.54225	1.50545	1.45462	1.38772	1.30505	1.21264	1.1257	1.06889	1.06567	1.11983	1.21306	1.33314	1.48749	1.66498	1.82748	1.95462	2.02751	2.0227	1.93909	1.76915	1.52072	1.19447	0.811326	0.374121	-0.082902	-0.558951	-1.00934	-1.43441	-1.79847	-2.07724	-2.28571	-2.36788	-2.33783	-2.24172	-2.0506	-1.78931	-1.60427	-1.62733	-1.84131	-2.09729	-2.26713	-2.34955	-2.36249	-2.252	-2.02663	-1.73342	-1.35177	-0.922297	-0.463843	0.00984194	0.464447	0.892213	1.26543	1.57596	1.81044	1.96131	2.02919	2.01469	1.92092	1.76577	1.55537	1.30492	1.04296	0.777824	0.518484	0.297708	0.144747	0.0594926	0.0208003	0.00624391	0.00162521	0.000370273	7.44801e-05	1.33303e-05	2.14217e-06	3.49399e-07	3.49399e-07	
0.00170889	0.00170889	0.00447904	0.0125679	0.0313432	0.0684952	0.131672	0.224732	0.345064	0.484135	0.630679	0.774145	0.906666	1.02345	1.12221	1.20241	1.26476	1.31067	1.34159	1.35863	1.36251	1.35343	1.33096	1.29423	1.24201	1.17305	1.08703	0.9866	0.880503	0.787629	0.737231	0.757509	0.854524	1.00601	1.18879	1.39785	1.61526	1.80264	1.94348	2.0233	2.0229	1.9461	1.77981	1.53631	1.21666	0.835869	0.406419	-0.0504612	-0.520087	-0.971927	-1.39629	-1.76037	-2.05115	-2.26	-2.35946	-2.35807	-2.27927	-2.12268	-1.92473	-1.78931	-1.80603	-1.96312	-2.15936	-2.30121	-2.36527	-2.34872	-2.22628	-1.99913	-1.69322	-1.31484	-0.883447	-0.426558	0.0426552	0.495017	0.91673	1.28572	1.59157	1.81963	1.96795	2.02977	2.01155	1.91605	1.7587	1.54645	1.29541	1.03366	0.768884	0.510548	0.291768	0.14114	0.0577168	0.0200809	0.00599999	0.00155486	0.000352768	7.06768e-05	1.26014e-05	2.01751e-06	3.27758e-07	3.27758e-07	
